motif	start	end	score	pval	tile_chr	tile_start	tile_end	strand	padj	neg_log_pval	fdr_cutoff
Hes1	82	92	3.4582568872826163	0.0047995200479952005	chr9	21994622.0	21994736.0	antisense	0.7345920813324073	0.1339537575210481	0.15
SP2	70	85	3.305388630056462	0.020097990200979902	chr9	21994622.0	21994736.0	antisense	0.7345920813324073	0.1339537575210481	0.15
ZNF263	71	92	2.596676278586644	0.1964803519648035	chr9	21994622.0	21994736.0	sense	0.7345920813324073	0.1339537575210481	0.15
EGR1	67	81	2.5903441673658274	0.08339166083391661	chr9	21994622.0	21994736.0	antisense	0.7345920813324073	0.1339537575210481	0.15
MZF1(var.2)	71	81	2.5432951643077324	0.0143985601439856	chr9	21994622.0	21994736.0	sense	0.7345920813324073	0.1339537575210481	0.15
Tcfl5	82	92	2.43530936505273	0.034896510348965105	chr9	21994622.0	21994736.0	sense	0.7345920813324073	0.1339537575210481	0.15
PAX5	73	92	2.3373108849808797	0.043495650434956505	chr9	21994622.0	21994736.0	sense	0.7345920813324073	0.1339537575210481	0.15
Hes2	78	91	2.216085706374368	0.0420957904209579	chr9	21994622.0	21994736.0	sense	0.7345920813324073	0.1339537575210481	0.15
THAP1	67	76	2.062528072734092	0.06519348065193481	chr9	21994622.0	21994736.0	antisense	0.7345920813324073	0.1339537575210481	0.15
E2F6	70	81	2.0339169353059434	0.025697430256974303	chr9	21994622.0	21994736.0	sense	0.7345920813324073	0.1339537575210481	0.15
CENPB	75	90	2.0078581839058716	0.028097190280971903	chr9	21994622.0	21994736.0	antisense	0.7345920813324073	0.1339537575210481	0.15
Gmeb1	73	90	1.9682656925073863	0.3280671932806719	chr9	21994622.0	21994736.0	sense	0.7812399755499564	0.10721554224469297	0.15
HINFP	83	95	1.8966049320761722	0.013898610138986101	chr9	21994622.0	21994736.0	antisense	0.7345920813324073	0.1339537575210481	0.15
SPIB	77	84	1.838090045543555	0.0034996500349965005	chr9	21994622.0	21994736.0	sense	0.7345920813324073	0.1339537575210481	0.15
SP3	72	83	1.8035981908437202	0.1954804519548045	chr9	21994622.0	21994736.0	antisense	0.7345920813324073	0.1339537575210481	0.15
ZBTB33	80	95	1.7990763557155278	0.025197480251974803	chr9	21994622.0	21994736.0	sense	0.7345920813324073	0.1339537575210481	0.15
ESR2	79	94	1.7929904017745024	0.025697430256974303	chr9	21994622.0	21994736.0	antisense	0.7345920813324073	0.1339537575210481	0.15
PRDM1	69	84	1.7921804883002403	0.11068893110688931	chr9	21994622.0	21994736.0	sense	0.7345920813324073	0.1339537575210481	0.15
E2F4	70	81	1.7662822085377048	0.05849415058494151	chr9	21994622.0	21994736.0	sense	0.7345920813324073	0.1339537575210481	0.15
SP1	74	85	1.7651212116070607	0.1376862313768623	chr9	21994622.0	21994736.0	antisense	0.7345920813324073	0.1339537575210481	0.15
Mitf	83	93	1.7543775661971779	0.0504949505049495	chr9	21994622.0	21994736.0	antisense	0.7345920813324073	0.1339537575210481	0.15
Hoxd3	73	89	1.753971019932158	0.1705829417058294	chr9	21994622.0	21994736.0	antisense	0.7345920813324073	0.1339537575210481	0.15
Pparg::Rxra	70	85	1.7527060220748332	0.1750824917508249	chr9	21994622.0	21994736.0	sense	0.7345920813324073	0.1339537575210481	0.15
Zfx	81	95	1.6801473460942244	0.08389161083891611	chr9	21994622.0	21994736.0	sense	0.7345920813324073	0.1339537575210481	0.15
ZNF740	68	78	1.6432208378845023	0.1688831116888311	chr9	21994622.0	21994736.0	antisense	0.7345920813324073	0.1339537575210481	0.15
TBX2	73	84	1.6060296703084727	0.072992700729927	chr9	21994622.0	21994736.0	sense	0.7345920813324073	0.1339537575210481	0.15
EGR4	68	84	1.5981153049259933	0.1892810718928107	chr9	21994622.0	21994736.0	antisense	0.7345920813324073	0.1339537575210481	0.15
RREB1	69	89	1.595205452578725	0.19788021197880212	chr9	21994622.0	21994736.0	antisense	0.7345920813324073	0.1339537575210481	0.15
KLF5	73	83	1.5210199526191834	0.1593840615938406	chr9	21994622.0	21994736.0	antisense	0.7345920813324073	0.1339537575210481	0.15
SP8	67	79	1.519332006154837	0.20227977202279773	chr9	21994622.0	21994736.0	antisense	0.7345920813324073	0.1339537575210481	0.15
TEAD1	78	88	1.5162278770323743	0.05399460053994601	chr9	21994622.0	21994736.0	antisense	0.7345920813324073	0.1339537575210481	0.15
ZIC4	80	95	1.5113168683245615	0.1972802719728027	chr9	21994622.0	21994736.0	antisense	0.7345920813324073	0.1339537575210481	0.15
RARA::RXRA	68	85	1.497052614632313	0.1668833116688331	chr9	21994622.0	21994736.0	sense	0.7345920813324073	0.1339537575210481	0.15
TFAP2A	67	78	1.4758523416460072	0.0872912708729127	chr9	21994622.0	21994736.0	antisense	0.7345920813324073	0.1339537575210481	0.15
TFAP2A(var.2)	80	92	1.473860307809164	0.1855814418558144	chr9	21994622.0	21994736.0	antisense	0.7345920813324073	0.1339537575210481	0.15
TEAD4	78	88	1.473680390293823	0.0461953804619538	chr9	21994622.0	21994736.0	antisense	0.7345920813324073	0.1339537575210481	0.15
TFE3	82	92	1.4477419145204762	0.042695730426957304	chr9	21994622.0	21994736.0	sense	0.7345920813324073	0.1339537575210481	0.15
HEY1	82	92	1.4449390382893212	0.017998200179982	chr9	21994622.0	21994736.0	sense	0.7345920813324073	0.1339537575210481	0.15
ETV5	67	77	1.4306707473965408	0.061493850614938506	chr9	21994622.0	21994736.0	sense	0.7345920813324073	0.1339537575210481	0.15
ELK4	67	78	1.4137306790034492	0.043995600439956005	chr9	21994622.0	21994736.0	antisense	0.7345920813324073	0.1339537575210481	0.15
GSC2	72	82	1.4124557998590523	0.1643835616438356	chr9	21994622.0	21994736.0	antisense	0.7345920813324073	0.1339537575210481	0.15
KLF14	79	93	1.399615214382061	0.1533846615338466	chr9	21994622.0	21994736.0	antisense	0.7345920813324073	0.1339537575210481	0.15
ETV6	67	77	1.3858411844504632	0.0405959404059594	chr9	21994622.0	21994736.0	sense	0.7345920813324073	0.1339537575210481	0.15
HEY2	82	92	1.3831764238676718	0.027797220277972202	chr9	21994622.0	21994736.0	sense	0.7345920813324073	0.1339537575210481	0.15
KLF16	72	83	1.3784688704304988	0.2136786321367863	chr9	21994622.0	21994736.0	antisense	0.7393280671932806	0.1311628063200167	0.15
NFATC1	77	87	1.3707406253712129	0.21597840215978403	chr9	21994622.0	21994736.0	antisense	0.7408541354453513	0.1302672905456326	0.15
Klf12	69	84	1.3470153625627872	0.1100889911008899	chr9	21994622.0	21994736.0	antisense	0.7345920813324073	0.1339537575210481	0.15
EOMES	73	86	1.3450187797649258	0.15548445155484453	chr9	21994622.0	21994736.0	sense	0.7345920813324073	0.1339537575210481	0.15
GCM1	82	93	1.3372493205427258	0.033996600339966	chr9	21994622.0	21994736.0	sense	0.7345920813324073	0.1339537575210481	0.15
MNT	82	92	1.325902427613665	0.0314968503149685	chr9	21994622.0	21994736.0	sense	0.7345920813324073	0.1339537575210481	0.15
Pax2	79	87	1.3023837371610478	0.13658634136586342	chr9	21994622.0	21994736.0	sense	0.7345920813324073	0.1339537575210481	0.15
Klf4	73	83	1.3005512055279211	0.19388061193880612	chr9	21994622.0	21994736.0	sense	0.7345920813324073	0.1339537575210481	0.15
SP4	78	95	1.2837963139539734	0.1601839816018398	chr9	21994622.0	21994736.0	antisense	0.7345920813324073	0.1339537575210481	0.15
SPIC	73	87	1.273369745512409	0.31086891310868914	chr9	21994622.0	21994736.0	sense	0.7744870062756758	0.11098586408955356	0.15
TFAP2C	67	79	1.2697252751751416	0.2648735126487351	chr9	21994622.0	21994736.0	sense	0.7600897518943758	0.11913512291518379	0.15
Arntl	83	93	1.258590215446241	0.047495250474952504	chr9	21994622.0	21994736.0	antisense	0.7345920813324073	0.1339537575210481	0.15
Npas2	82	92	1.255025904365701	0.026097390260973904	chr9	21994622.0	21994736.0	antisense	0.7345920813324073	0.1339537575210481	0.15
Myod1	73	86	1.2535604406142458	0.09059094090590941	chr9	21994622.0	21994736.0	antisense	0.7345920813324073	0.1339537575210481	0.15
GCM2	82	92	1.2486619048971122	0.12038796120387961	chr9	21994622.0	21994736.0	sense	0.7345920813324073	0.1339537575210481	0.15
NRF1	82	93	1.2480010484950577	0.08839116088391161	chr9	21994622.0	21994736.0	antisense	0.7345920813324073	0.1339537575210481	0.15
EGR3	67	82	1.2316231514255302	0.17178282171782822	chr9	21994622.0	21994736.0	antisense	0.7345920813324073	0.1339537575210481	0.15
ZBTB7A	75	87	1.2304909771002137	0.200979902009799	chr9	21994622.0	21994736.0	sense	0.7345920813324073	0.1339537575210481	0.15
CLOCK	82	92	1.2285291906475038	0.0163983601639836	chr9	21994622.0	21994736.0	sense	0.7345920813324073	0.1339537575210481	0.15
Gabpa	68	79	1.2239845020323505	0.0770922907709229	chr9	21994622.0	21994736.0	sense	0.7345920813324073	0.1339537575210481	0.15
MAX::MYC	82	93	1.2194095939197636	0.029797020297970205	chr9	21994622.0	21994736.0	antisense	0.7345920813324073	0.1339537575210481	0.15
Nr1h3::Rxra	71	90	1.2189962683420466	0.5238476152384761	chr9	21994622.0	21994736.0	sense	0.9154104791541048	0.03838412029767095	0.15
TFAP2C(var.2)	67	78	1.2164040842860202	0.12518748125187482	chr9	21994622.0	21994736.0	sense	0.7345920813324073	0.1339537575210481	0.15
Nfe2l2	74	89	1.2145686922096517	0.08859114088591141	chr9	21994622.0	21994736.0	antisense	0.7345920813324073	0.1339537575210481	0.15
TFAP2B	67	79	1.2133231742668589	0.26947305269473054	chr9	21994622.0	21994736.0	sense	0.7600897518943758	0.11913512291518379	0.15
Hoxb5	73	89	1.2118802729700073	0.39046095390460955	chr9	21994622.0	21994736.0	sense	0.8151028270666909	0.08878760057201047	0.15
NFIX	86	95	1.2028180162093507	0.148985101489851	chr9	21994622.0	21994736.0	sense	0.7345920813324073	0.1339537575210481	0.15
ZBTB7C	68	80	1.2027736250255296	0.33236676332366766	chr9	21994622.0	21994736.0	antisense	0.7812399755499564	0.10721554224469297	0.15
NFATC3	77	87	1.2011454477399592	0.2742725727427257	chr9	21994622.0	21994736.0	antisense	0.7612163917298109	0.11849186836037437	0.15
ELF5	67	78	1.1997022065943668	0.1718828117188281	chr9	21994622.0	21994736.0	sense	0.7345920813324073	0.1339537575210481	0.15
YY1	78	90	1.1761918814241257	0.0725927407259274	chr9	21994622.0	21994736.0	sense	0.7345920813324073	0.1339537575210481	0.15
NR2C2	70	85	1.1662996366163976	0.2094790520947905	chr9	21994622.0	21994736.0	sense	0.7345920813324073	0.1339537575210481	0.15
IRF2	69	87	1.1652440473438774	0.17378262173782622	chr9	21994622.0	21994736.0	sense	0.7345920813324073	0.1339537575210481	0.15
Klf1	73	84	1.1621151842646675	0.19718028197180282	chr9	21994622.0	21994736.0	antisense	0.7345920813324073	0.1339537575210481	0.15
HNF4G	71	86	1.1615134906406779	0.22857714228577142	chr9	21994622.0	21994736.0	sense	0.7408541354453513	0.1302672905456326	0.15
Dmbx1	71	88	1.159907222576014	0.43245675432456754	chr9	21994622.0	21994736.0	sense	0.8485291093532157	0.07133325433083783	0.15
INSM1	69	81	1.155785385149418	0.18118188181181882	chr9	21994622.0	21994736.0	sense	0.7345920813324073	0.1339537575210481	0.15
HIC2	84	93	1.1531307579040198	0.2273772622737726	chr9	21994622.0	21994736.0	antisense	0.7408541354453513	0.1302672905456326	0.15
FEV	67	77	1.1502493134079863	0.07649235076492351	chr9	21994622.0	21994736.0	sense	0.7345920813324073	0.1339537575210481	0.15
TFAP2B(var.2)	67	78	1.1462420180418127	0.1257874212578742	chr9	21994622.0	21994736.0	antisense	0.7345920813324073	0.1339537575210481	0.15
TFEC	82	92	1.1406217847103675	0.06369363063693631	chr9	21994622.0	21994736.0	sense	0.7345920813324073	0.1339537575210481	0.15
GATA2	73	87	1.1349365667218019	0.25607439256074394	chr9	21994622.0	21994736.0	antisense	0.7600897518943758	0.11913512291518379	0.15
TBP	75	90	1.1334865341594649	0.4771522847715228	chr9	21994622.0	21994736.0	sense	0.8909539153611521	0.05014475928743913	0.15
MAX	82	92	1.1230815268601153	0.053094690530946904	chr9	21994622.0	21994736.0	sense	0.7345920813324073	0.1339537575210481	0.15
GLIS2	81	95	1.1228116014535081	0.20227977202279773	chr9	21994622.0	21994736.0	antisense	0.7345920813324073	0.1339537575210481	0.15
RFX4	70	86	1.121540277339779	0.13238676132386762	chr9	21994622.0	21994736.0	antisense	0.7345920813324073	0.1339537575210481	0.15
IRF1	69	90	1.1188823926730043	0.33226677332266774	chr9	21994622.0	21994736.0	antisense	0.7812399755499564	0.10721554224469297	0.15
ZIC3	78	93	1.1156641362182003	0.23267673232676733	chr9	21994622.0	21994736.0	antisense	0.7408541354453513	0.1302672905456326	0.15
ERG	67	77	1.1135402333818982	0.07629237076292371	chr9	21994622.0	21994736.0	sense	0.7345920813324073	0.1339537575210481	0.15
ETS1	67	77	1.0983011382855563	0.0826917308269173	chr9	21994622.0	21994736.0	sense	0.7345920813324073	0.1339537575210481	0.15
ESR1	78	95	1.098282988860412	0.036696330366963306	chr9	21994622.0	21994736.0	antisense	0.7345920813324073	0.1339537575210481	0.15
SMAD2::SMAD3::SMAD4	72	85	1.0953334999164381	0.18748125187481252	chr9	21994622.0	21994736.0	antisense	0.7345920813324073	0.1339537575210481	0.15
MAFF	71	89	1.0902669724491794	0.5346465353464653	chr9	21994622.0	21994736.0	sense	0.9218656207468955	0.035332380921907526	0.15
Bcl6	71	85	1.081631828940609	0.202979702029797	chr9	21994622.0	21994736.0	antisense	0.7345920813324073	0.1339537575210481	0.15
Spz1	77	88	1.0778240350597896	0.1842815718428157	chr9	21994622.0	21994736.0	sense	0.7345920813324073	0.1339537575210481	0.15
ERF	67	77	1.076587768723892	0.065993400659934	chr9	21994622.0	21994736.0	sense	0.7345920813324073	0.1339537575210481	0.15
YY2	80	91	1.0743925514517432	0.17998200179982002	chr9	21994622.0	21994736.0	antisense	0.7345920813324073	0.1339537575210481	0.15
PPARG	75	95	1.064686328142742	0.2646735326467353	chr9	21994622.0	21994736.0	antisense	0.7600897518943758	0.11913512291518379	0.15
STAT1::STAT2	74	89	1.063532066717137	0.26017398260173985	chr9	21994622.0	21994736.0	antisense	0.7600897518943758	0.11913512291518379	0.15
Ar	76	93	1.0564721186012378	0.11698830116988301	chr9	21994622.0	21994736.0	antisense	0.7345920813324073	0.1339537575210481	0.15
Alx4	71	88	1.0477177239474358	0.41385861413858616	chr9	21994622.0	21994736.0	antisense	0.8353455352139205	0.07813384428175678	0.15
ETV4	67	77	1.045525032938213	0.1623837616238376	chr9	21994622.0	21994736.0	sense	0.7345920813324073	0.1339537575210481	0.15
TFEB	82	92	1.044624190365264	0.07739226077392261	chr9	21994622.0	21994736.0	sense	0.7345920813324073	0.1339537575210481	0.15
ETV1	67	77	1.040647938917644	0.17128287171282872	chr9	21994622.0	21994736.0	sense	0.7345920813324073	0.1339537575210481	0.15
CREB3	71	85	1.0386692272883946	0.13258674132586742	chr9	21994622.0	21994736.0	antisense	0.7345920813324073	0.1339537575210481	0.15
Rhox11	72	89	1.037692934613911	0.6336366363363664	chr9	21994622.0	21994736.0	sense	0.9260780200006904	0.03335242343855513	0.15
ZIC1	81	95	1.0362520524250736	0.17178282171782822	chr9	21994622.0	21994736.0	sense	0.7345920813324073	0.1339537575210481	0.15
TCF4	67	77	1.0338292333690378	0.11528847115288471	chr9	21994622.0	21994736.0	antisense	0.7345920813324073	0.1339537575210481	0.15
PLAG1	78	92	1.0335813262196776	0.23217678232176783	chr9	21994622.0	21994736.0	sense	0.7408541354453513	0.1302672905456326	0.15
KLF13	74	92	1.0320285813547418	0.19518048195180482	chr9	21994622.0	21994736.0	antisense	0.7345920813324073	0.1339537575210481	0.15
Nr5a2	72	87	1.0298881523464352	0.24617538246175383	chr9	21994622.0	21994736.0	sense	0.7600897518943758	0.11913512291518379	0.15
REL	80	90	1.028539332209383	0.1625837416258374	chr9	21994622.0	21994736.0	antisense	0.7345920813324073	0.1339537575210481	0.15
ETV3	67	77	1.0259601194608063	0.12538746125387462	chr9	21994622.0	21994736.0	sense	0.7345920813324073	0.1339537575210481	0.15
FLI1	67	77	1.0255200822791855	0.07429257074292571	chr9	21994622.0	21994736.0	sense	0.7345920813324073	0.1339537575210481	0.15
BHLHE40	82	92	1.0207238723463041	0.03899610038996101	chr9	21994622.0	21994736.0	sense	0.7345920813324073	0.1339537575210481	0.15
Nkx2-5(var.2)	79	90	1.0188307570784867	0.15908409159084091	chr9	21994622.0	21994736.0	sense	0.7345920813324073	0.1339537575210481	0.15
MZF1	74	80	1.01836019201344	0.16298370162983702	chr9	21994622.0	21994736.0	sense	0.7345920813324073	0.1339537575210481	0.15
Six3	74	91	1.0056879271573964	0.4968503149685031	chr9	21994622.0	21994736.0	sense	0.8997511398685915	0.045877594479634895	0.15
Mafb	80	92	1.004119635142513	0.2676732326767323	chr9	21994622.0	21994736.0	sense	0.7600897518943758	0.11913512291518379	0.15
SREBF1	71	81	1.0007782374470569	0.14828517148285172	chr9	21994622.0	21994736.0	antisense	0.7345920813324073	0.1339537575210481	0.15
Nr2f6	72	86	0.9983296689076671	0.1321867813218678	chr9	21994622.0	21994736.0	sense	0.7345920813324073	0.1339537575210481	0.15
EGR2	69	80	0.9955528663537743	0.20067993200679932	chr9	21994622.0	21994736.0	antisense	0.7345920813324073	0.1339537575210481	0.15
JUND(var.2)	72	87	0.9948991283808704	0.2273772622737726	chr9	21994622.0	21994736.0	sense	0.7408541354453513	0.1302672905456326	0.15
ELK3	67	77	0.9915958798062391	0.1546845315468453	chr9	21994622.0	21994736.0	sense	0.7345920813324073	0.1339537575210481	0.15
TEAD3	79	87	0.9904753120227313	0.050294970502949704	chr9	21994622.0	21994736.0	antisense	0.7345920813324073	0.1339537575210481	0.15
Crx	70	81	0.9881581246046802	0.20127987201279873	chr9	21994622.0	21994736.0	sense	0.7345920813324073	0.1339537575210481	0.15
Foxj3	70	87	0.9832777275577804	0.3541645835416458	chr9	21994622.0	21994736.0	sense	0.7915067467612212	0.10154537888288727	0.15
Alx1	71	88	0.981466532219159	0.46825317468253175	chr9	21994622.0	21994736.0	antisense	0.8810836307673581	0.054982867232678555	0.15
Mlxip	83	91	0.9734384941960986	0.020397960203979604	chr9	21994622.0	21994736.0	antisense	0.7345920813324073	0.1339537575210481	0.15
PAX1	76	93	0.9659884895033145	0.1287871212878712	chr9	21994622.0	21994736.0	antisense	0.7345920813324073	0.1339537575210481	0.15
TBR1	74	84	0.9626454262676987	0.18568143185681432	chr9	21994622.0	21994736.0	sense	0.7345920813324073	0.1339537575210481	0.15
MEOX2	75	85	0.961965399147962	0.49755024497550243	chr9	21994622.0	21994736.0	sense	0.8997511398685915	0.045877594479634895	0.15
Gata4	72	83	0.9618753891226348	0.23067693230676933	chr9	21994622.0	21994736.0	antisense	0.7408541354453513	0.1302672905456326	0.15
Gata1	73	84	0.9589142853895884	0.2460753924607539	chr9	21994622.0	21994736.0	antisense	0.7600897518943758	0.11913512291518379	0.15
MAFK	80	95	0.9548309993167073	0.40475952404759524	chr9	21994622.0	21994736.0	antisense	0.8238046783556939	0.08417574603061724	0.15
Stat4	74	88	0.9519251531811234	0.2566743325667433	chr9	21994622.0	21994736.0	sense	0.7600897518943758	0.11913512291518379	0.15
TBX21	73	83	0.9504867339536349	0.15528447155284472	chr9	21994622.0	21994736.0	sense	0.7345920813324073	0.1339537575210481	0.15
FOSL1	75	86	0.9476260284520188	0.054594540545945404	chr9	21994622.0	21994736.0	sense	0.7345920813324073	0.1339537575210481	0.15
Rfx1	71	85	0.9464991499638719	0.2672732726727327	chr9	21994622.0	21994736.0	sense	0.7600897518943758	0.11913512291518379	0.15
RUNX1	80	91	0.946149489481441	0.42385761423857615	chr9	21994622.0	21994736.0	antisense	0.8428433018767089	0.07425316019846473	0.15
ZBTB7B	68	80	0.9450611375629285	0.29427057294270575	chr9	21994622.0	21994736.0	antisense	0.7744870062756758	0.11098586408955356	0.15
JUN(var.2)	71	85	0.9439377101062474	0.2913708629137086	chr9	21994622.0	21994736.0	sense	0.7744870062756758	0.11098586408955356	0.15
TFAP2A(var.3)	80	93	0.9425412394378607	0.34096590340965904	chr9	21994622.0	21994736.0	antisense	0.7915067467612212	0.10154537888288727	0.15
NR2F1	77	90	0.9401774585511028	0.3116688331166883	chr9	21994622.0	21994736.0	sense	0.7744870062756758	0.11098586408955356	0.15
ELK1	67	77	0.9389474244212219	0.0751924807519248	chr9	21994622.0	21994736.0	sense	0.7345920813324073	0.1339537575210481	0.15
EVX1	75	85	0.9372339394807107	0.47735226477352266	chr9	21994622.0	21994736.0	sense	0.8909539153611521	0.05014475928743913	0.15
TP73	70	88	0.9346580505648613	0.251974802519748	chr9	21994622.0	21994736.0	sense	0.7600897518943758	0.11913512291518379	0.15
NR3C2	76	93	0.9343616889065952	0.1426857314268573	chr9	21994622.0	21994736.0	antisense	0.7345920813324073	0.1339537575210481	0.15
USF1	81	92	0.930935886035965	0.14078592140785923	chr9	21994622.0	21994736.0	antisense	0.7345920813324073	0.1339537575210481	0.15
TFAP2C(var.3)	80	93	0.9257176359438177	0.3213678632136786	chr9	21994622.0	21994736.0	antisense	0.7812399755499564	0.10721554224469297	0.15
TBX5	70	78	0.9223552180890772	0.3314668533146685	chr9	21994622.0	21994736.0	sense	0.7812399755499564	0.10721554224469297	0.15
ZEB1	73	82	0.918411641477363	0.12888711128887112	chr9	21994622.0	21994736.0	antisense	0.7345920813324073	0.1339537575210481	0.15
CREB3L1	71	85	0.9158495021537842	0.20527947205279473	chr9	21994622.0	21994736.0	antisense	0.7345920813324073	0.1339537575210481	0.15
GATA1::TAL1	68	86	0.9125294351254337	0.5973402659734026	chr9	21994622.0	21994736.0	antisense	0.9260780200006904	0.03335242343855513	0.15
TFAP2B(var.3)	67	80	0.9102431693967016	0.30086991300869914	chr9	21994622.0	21994736.0	antisense	0.7744870062756758	0.11098586408955356	0.15
EVX2	75	85	0.909298606732972	0.5455454454554545	chr9	21994622.0	21994736.0	sense	0.9260780200006904	0.03335242343855513	0.15
Pax6	78	92	0.9058192166001042	0.3568643135686431	chr9	21994622.0	21994736.0	antisense	0.7915067467612212	0.10154537888288727	0.15
GSC	75	85	0.8966223059236412	0.3280671932806719	chr9	21994622.0	21994736.0	antisense	0.7812399755499564	0.10721554224469297	0.15
NFAT5	72	82	0.8928148395411782	0.34956504349565043	chr9	21994622.0	21994736.0	antisense	0.7915067467612212	0.10154537888288727	0.15
NFKB2	73	86	0.8926555877516115	0.13808619138086192	chr9	21994622.0	21994736.0	antisense	0.7345920813324073	0.1339537575210481	0.15
Myc	79	89	0.8925988389127647	0.08359164083591641	chr9	21994622.0	21994736.0	antisense	0.7345920813324073	0.1339537575210481	0.15
RFX3	70	86	0.8907027575020603	0.23247675232476753	chr9	21994622.0	21994736.0	sense	0.7408541354453513	0.1302672905456326	0.15
Ahr::Arnt	82	88	0.8896754603165539	0.0872912708729127	chr9	21994622.0	21994736.0	antisense	0.7345920813324073	0.1339537575210481	0.15
CTCF	68	87	0.8893227346080776	0.45615438456154384	chr9	21994622.0	21994736.0	sense	0.8703828146597105	0.06028969252197379	0.15
Bach1::Mafk	73	88	0.8848177514359593	0.1663833616638336	chr9	21994622.0	21994736.0	antisense	0.7345920813324073	0.1339537575210481	0.15
Creb3l2	83	92	0.8747730910192677	0.06209379062093791	chr9	21994622.0	21994736.0	antisense	0.7345920813324073	0.1339537575210481	0.15
EWSR1-FLI1	76	94	0.870244114458805	0.1302869713028697	chr9	21994622.0	21994736.0	sense	0.7345920813324073	0.1339537575210481	0.15
GLI2	68	80	0.8685612614958684	0.31286871312868714	chr9	21994622.0	21994736.0	antisense	0.7744870062756758	0.11098586408955356	0.15
HOXA2	75	85	0.8677636428871616	0.5556444355564444	chr9	21994622.0	21994736.0	antisense	0.9260780200006904	0.03335242343855513	0.15
TCF3	82	92	0.8578329418228432	0.19888011198880112	chr9	21994622.0	21994736.0	sense	0.7345920813324073	0.1339537575210481	0.15
LEF1	75	90	0.8522269858480698	0.3007699230076992	chr9	21994622.0	21994736.0	sense	0.7744870062756758	0.11098586408955356	0.15
ID4	67	77	0.8516149617924738	0.23057694230576942	chr9	21994622.0	21994736.0	antisense	0.7408541354453513	0.1302672905456326	0.15
EHF	82	94	0.8479597378384084	0.24047595240475952	chr9	21994622.0	21994736.0	sense	0.7600897518943758	0.11913512291518379	0.15
NRL	80	91	0.8471070743386755	0.7508249175082492	chr9	21994622.0	21994736.0	sense	0.9260780200006904	0.03335242343855513	0.15
FIGLA	67	77	0.8470700171234228	0.291970802919708	chr9	21994622.0	21994736.0	antisense	0.7744870062756758	0.11098586408955356	0.15
ATF4	74	87	0.8468425569627049	0.20387961203879612	chr9	21994622.0	21994736.0	sense	0.7345920813324073	0.1339537575210481	0.15
ARNT::HIF1A	81	89	0.8434509510784898	0.18588141185881413	chr9	21994622.0	21994736.0	sense	0.7345920813324073	0.1339537575210481	0.15
TBX20	71	82	0.8429779634785387	0.28587141285871415	chr9	21994622.0	21994736.0	sense	0.7744870062756758	0.11098586408955356	0.15
MEIS3	74	82	0.8424912580118247	0.2186781321867813	chr9	21994622.0	21994736.0	sense	0.7408541354453513	0.1302672905456326	0.15
Hand1::Tcf3	83	93	0.8387702346671763	0.39006099390060994	chr9	21994622.0	21994736.0	antisense	0.8151028270666909	0.08878760057201047	0.15
NR3C1	70	87	0.8370773728431864	0.18218178182181782	chr9	21994622.0	21994736.0	antisense	0.7345920813324073	0.1339537575210481	0.15
Vdr	71	87	0.834239842535239	0.1391860813918608	chr9	21994622.0	21994736.0	antisense	0.7345920813324073	0.1339537575210481	0.15
PAX9	76	93	0.8321339329953104	0.128987101289871	chr9	21994622.0	21994736.0	antisense	0.7345920813324073	0.1339537575210481	0.15
TCF7L2	75	89	0.8319842909477139	0.36636336366363365	chr9	21994622.0	21994736.0	sense	0.7988326690343518	0.0975441825454155	0.15
XBP1	72	86	0.826187424199037	0.2882711728827117	chr9	21994622.0	21994736.0	antisense	0.7744870062756758	0.11098586408955356	0.15
LBX2	75	85	0.8249110301311489	0.7464253574642535	chr9	21994622.0	21994736.0	sense	0.9260780200006904	0.03335242343855513	0.15
MLXIPL	82	92	0.8160715316336865	0.11598840115988401	chr9	21994622.0	21994736.0	antisense	0.7345920813324073	0.1339537575210481	0.15
MTF1	78	92	0.8146167131159129	0.1212878712128787	chr9	21994622.0	21994736.0	sense	0.7345920813324073	0.1339537575210481	0.15
Pitx1	76	84	0.8140340366966162	0.35176482351764826	chr9	21994622.0	21994736.0	antisense	0.7915067467612212	0.10154537888288727	0.15
SCRT1	78	93	0.8057326673871285	0.24927507249275072	chr9	21994622.0	21994736.0	sense	0.7600897518943758	0.11913512291518379	0.15
JUNB	74	85	0.8019881507425604	0.1504849515048495	chr9	21994622.0	21994736.0	sense	0.7345920813324073	0.1339537575210481	0.15
ELF1	82	94	0.7991324194318788	0.2081791820817918	chr9	21994622.0	21994736.0	sense	0.7345920813324073	0.1339537575210481	0.15
FOSL2	74	85	0.7983617122201325	0.1411858814118588	chr9	21994622.0	21994736.0	sense	0.7345920813324073	0.1339537575210481	0.15
MYBL2	74	89	0.7981991778263168	0.30496950304969506	chr9	21994622.0	21994736.0	antisense	0.7744870062756758	0.11098586408955356	0.15
Hmx1	72	89	0.7931246105102636	0.6225377462253775	chr9	21994622.0	21994736.0	sense	0.9260780200006904	0.03335242343855513	0.15
Hic1	70	79	0.7929232051690346	0.3848615138486151	chr9	21994622.0	21994736.0	antisense	0.8151028270666909	0.08878760057201047	0.15
Srebf1(var.2)	82	92	0.7853649627622403	0.07169283071692831	chr9	21994622.0	21994736.0	sense	0.7345920813324073	0.1339537575210481	0.15
ELF4	82	94	0.7835085080951101	0.20577942205779423	chr9	21994622.0	21994736.0	sense	0.7345920813324073	0.1339537575210481	0.15
TP53	70	88	0.7808663756555918	0.32626737326267374	chr9	21994622.0	21994736.0	antisense	0.7812399755499564	0.10721554224469297	0.15
SREBF2(var.2)	82	92	0.7789968450524032	0.05829417058294171	chr9	21994622.0	21994736.0	sense	0.7345920813324073	0.1339537575210481	0.15
FOS::JUN	77	84	0.7784107472836637	0.13878612138786123	chr9	21994622.0	21994736.0	antisense	0.7345920813324073	0.1339537575210481	0.15
NFATC2	79	86	0.7760521588696888	0.26347365263473654	chr9	21994622.0	21994736.0	antisense	0.7600897518943758	0.11913512291518379	0.15
ELF3	82	95	0.7752600253771502	0.25247475252474755	chr9	21994622.0	21994736.0	sense	0.7600897518943758	0.11913512291518379	0.15
Id2	83	91	0.771234468927103	0.074992500749925	chr9	21994622.0	21994736.0	antisense	0.7345920813324073	0.1339537575210481	0.15
FOXP1	71	86	0.769309436912004	0.3511648835116488	chr9	21994622.0	21994736.0	sense	0.7915067467612212	0.10154537888288727	0.15
JUN	73	86	0.7620531022582896	0.3077692230776922	chr9	21994622.0	21994736.0	sense	0.7744870062756758	0.11098586408955356	0.15
MEOX1	75	85	0.7607615002788058	0.45435456454354567	chr9	21994622.0	21994736.0	sense	0.8701476715797056	0.06040703759984803	0.15
TBX4	74	82	0.7540152691284259	0.33266673332666735	chr9	21994622.0	21994736.0	sense	0.7812399755499564	0.10721554224469297	0.15
NFE2	75	86	0.7505456629528454	0.09319068093190681	chr9	21994622.0	21994736.0	antisense	0.7345920813324073	0.1339537575210481	0.15
SNAI2	67	76	0.7488451009602307	0.39536046395360464	chr9	21994622.0	21994736.0	sense	0.8173432656734327	0.08759551130278545	0.15
POU3F1	71	83	0.7430620896316876	0.5145485451454854	chr9	21994622.0	21994736.0	sense	0.9154104791541048	0.03838412029767095	0.15
Hnf4a	72	88	0.7420290170415935	0.17538246175382463	chr9	21994622.0	21994736.0	sense	0.7345920813324073	0.1339537575210481	0.15
REST	67	88	0.7360733299874611	0.43325667433256676	chr9	21994622.0	21994736.0	sense	0.8485291093532157	0.07133325433083783	0.15
Ddit3::Cebpa	74	86	0.7316346561272006	0.5480451954804519	chr9	21994622.0	21994736.0	antisense	0.9260780200006904	0.03335242343855513	0.15
SREBF2	71	81	0.7307324483881983	0.2725727427257274	chr9	21994622.0	21994736.0	sense	0.7612163917298109	0.11849186836037437	0.15
Foxk1	71	88	0.7303836121945395	0.43665633436656337	chr9	21994622.0	21994736.0	sense	0.8497532269244985	0.07070717751531488	0.15
BARHL2	80	90	0.7298787489571815	0.595040495950405	chr9	21994622.0	21994736.0	sense	0.9260780200006904	0.03335242343855513	0.15
Neurog1	68	78	0.7278791445817979	0.9178082191780822	chr9	21994622.0	21994736.0	antisense	0.9459333045084489	0.024139483582422783	0.15
NR4A2	79	87	0.727625655827124	0.2693730626937306	chr9	21994622.0	21994736.0	sense	0.7600897518943758	0.11913512291518379	0.15
MGA	72	80	0.7272843184118708	0.25907409259074093	chr9	21994622.0	21994736.0	sense	0.7600897518943758	0.11913512291518379	0.15
IRF7	79	93	0.7246250136559194	0.31486851314868514	chr9	21994622.0	21994736.0	sense	0.7744870062756758	0.11098586408955356	0.15
RUNX2	80	89	0.720721540816455	0.3678632136786321	chr9	21994622.0	21994736.0	sense	0.7988326690343518	0.0975441825454155	0.15
NFYA	70	88	0.7199302623738305	0.6312368763123688	chr9	21994622.0	21994736.0	antisense	0.9260780200006904	0.03335242343855513	0.15
Mecom	74	88	0.7172538779117988	0.31466853314668536	chr9	21994622.0	21994736.0	sense	0.7744870062756758	0.11098586408955356	0.15
JUND	75	86	0.7170719194796591	0.16678332166783322	chr9	21994622.0	21994736.0	sense	0.7345920813324073	0.1339537575210481	0.15
NHLH1	67	77	0.7135028893211047	0.34396560343965604	chr9	21994622.0	21994736.0	antisense	0.7915067467612212	0.10154537888288727	0.15
MLX	82	92	0.7132488489555655	0.11178882111788821	chr9	21994622.0	21994736.0	antisense	0.7345920813324073	0.1339537575210481	0.15
NKX2-8	73	82	0.7120648181331788	0.47895210478952105	chr9	21994622.0	21994736.0	antisense	0.8909539153611521	0.05014475928743913	0.15
E2F1	68	80	0.7094116401883622	0.5209479052094791	chr9	21994622.0	21994736.0	antisense	0.9154104791541048	0.03838412029767095	0.15
Mycn	84	92	0.7053268641191873	0.12288771122887711	chr9	21994622.0	21994736.0	antisense	0.7345920813324073	0.1339537575210481	0.15
GATA5	75	83	0.7029217358398152	0.41905809419058093	chr9	21994622.0	21994736.0	sense	0.8397341733008167	0.07585817267581228	0.15
E2F8	68	80	0.7027759310765888	0.15158484151584842	chr9	21994622.0	21994736.0	antisense	0.7345920813324073	0.1339537575210481	0.15
USF2	81	92	0.6999765324291303	0.28847115288471153	chr9	21994622.0	21994736.0	antisense	0.7744870062756758	0.11098586408955356	0.15
Arnt	84	90	0.6947347190475696	0.052894710528947106	chr9	21994622.0	21994736.0	sense	0.7345920813324073	0.1339537575210481	0.15
GSX1	79	89	0.6941474209297426	0.7567243275672433	chr9	21994622.0	21994736.0	antisense	0.9260780200006904	0.03335242343855513	0.15
SPDEF	67	78	0.6919384965387763	0.22777722227777222	chr9	21994622.0	21994736.0	sense	0.7408541354453513	0.1302672905456326	0.15
HES5	81	93	0.6906245891987294	0.1703829617038296	chr9	21994622.0	21994736.0	antisense	0.7345920813324073	0.1339537575210481	0.15
SPI1	73	87	0.6902479107211432	0.2906709329067093	chr9	21994622.0	21994736.0	sense	0.7744870062756758	0.11098586408955356	0.15
Stat6	72	87	0.6824790992689079	0.5838416158384162	chr9	21994622.0	21994736.0	antisense	0.9260780200006904	0.03335242343855513	0.15
Atf1	76	84	0.6769298696460535	0.21897810218978103	chr9	21994622.0	21994736.0	sense	0.7408541354453513	0.1302672905456326	0.15
PITX3	76	85	0.67597025492539	0.5646435356464353	chr9	21994622.0	21994736.0	antisense	0.9260780200006904	0.03335242343855513	0.15
MIXL1	75	85	0.6747394617921945	0.6925307469253075	chr9	21994622.0	21994736.0	sense	0.9260780200006904	0.03335242343855513	0.15
RARA(var.2)	77	94	0.6740382056450849	0.2465753424657534	chr9	21994622.0	21994736.0	antisense	0.7600897518943758	0.11913512291518379	0.15
RXRG	72	86	0.6726519838057944	0.1725827417258274	chr9	21994622.0	21994736.0	sense	0.7345920813324073	0.1339537575210481	0.15
HOXA10	75	86	0.6662790630351629	0.5223477652234777	chr9	21994622.0	21994736.0	sense	0.9154104791541048	0.03838412029767095	0.15
Hmx2	72	89	0.6659151873587412	0.6241375862413758	chr9	21994622.0	21994736.0	sense	0.9260780200006904	0.03335242343855513	0.15
RFX2	70	86	0.6536563195593882	0.27347265273472654	chr9	21994622.0	21994736.0	sense	0.7612163917298109	0.11849186836037437	0.15
EBF1	79	93	0.6507766784680875	0.43715628437156284	chr9	21994622.0	21994736.0	sense	0.8497532269244985	0.07070717751531488	0.15
Hmx3	72	89	0.6482999539060507	0.6871312868713129	chr9	21994622.0	21994736.0	sense	0.9260780200006904	0.03335242343855513	0.15
TBX19	73	93	0.6479142932118148	0.8273172682731726	chr9	21994622.0	21994736.0	sense	0.9314049072316195	0.030861478258559602	0.15
RXRB	72	86	0.6476804521092628	0.17648235176482352	chr9	21994622.0	21994736.0	sense	0.7345920813324073	0.1339537575210481	0.15
BHLHE41	82	92	0.6396157225341337	0.1322867713228677	chr9	21994622.0	21994736.0	sense	0.7345920813324073	0.1339537575210481	0.15
Hoxa11	73	85	0.6379463681121867	0.6321367863213678	chr9	21994622.0	21994736.0	antisense	0.9260780200006904	0.03335242343855513	0.15
NFKB1	73	86	0.6361364068423085	0.1708829117088291	chr9	21994622.0	21994736.0	sense	0.7345920813324073	0.1339537575210481	0.15
HOXB2	75	85	0.6360463236952416	0.6908309169083092	chr9	21994622.0	21994736.0	sense	0.9260780200006904	0.03335242343855513	0.15
FOS	75	86	0.634738763616181	0.36446355364463556	chr9	21994622.0	21994736.0	antisense	0.7983480132999358	0.09780775111955121	0.15
Atf3	75	83	0.6286898729434515	0.2616738326167383	chr9	21994622.0	21994736.0	sense	0.7600897518943758	0.11913512291518379	0.15
DUXA	76	89	0.6281057870628798	0.5622437756224378	chr9	21994622.0	21994736.0	antisense	0.9260780200006904	0.03335242343855513	0.15
ZBTB18	72	85	0.6261729897890377	0.3838616138386161	chr9	21994622.0	21994736.0	sense	0.8151028270666909	0.08878760057201047	0.15
Tcf21	79	93	0.622840741015581	0.30326967303269675	chr9	21994622.0	21994736.0	antisense	0.7744870062756758	0.11098586408955356	0.15
Myog	76	87	0.6226167107521452	0.39546045395460455	chr9	21994622.0	21994736.0	sense	0.8173432656734327	0.08759551130278545	0.15
TBX1	72	80	0.6200817656845371	0.27997200279972	chr9	21994622.0	21994736.0	sense	0.7726560677265607	0.11201378050292204	0.15
RHOXF1	79	87	0.6160712063293549	0.49635036496350365	chr9	21994622.0	21994736.0	sense	0.8997511398685915	0.045877594479634895	0.15
POU4F3	72	88	0.6082343871753514	0.6506349365063494	chr9	21994622.0	21994736.0	sense	0.9260780200006904	0.03335242343855513	0.15
RXRA::VDR	80	95	0.6056344442234903	0.30896910308969106	chr9	21994622.0	21994736.0	antisense	0.7744870062756758	0.11098586408955356	0.15
HSF4	71	84	0.6043338586085371	0.6506349365063494	chr9	21994622.0	21994736.0	antisense	0.9260780200006904	0.03335242343855513	0.15
Znf423	80	95	0.6016986638814927	0.35606439356064395	chr9	21994622.0	21994736.0	antisense	0.7915067467612212	0.10154537888288727	0.15
HOXB3	75	85	0.6008344577655367	0.7692230776922308	chr9	21994622.0	21994736.0	antisense	0.9260780200006904	0.03335242343855513	0.15
NKX3-2	74	83	0.5968568706054401	0.5555444455554445	chr9	21994622.0	21994736.0	antisense	0.9260780200006904	0.03335242343855513	0.15
GLIS3	81	95	0.5956309661713485	0.30686931306869314	chr9	21994622.0	21994736.0	sense	0.7744870062756758	0.11098586408955356	0.15
Ascl2	67	77	0.5869344271131608	0.38236176382361764	chr9	21994622.0	21994736.0	antisense	0.8151028270666909	0.08878760057201047	0.15
RFX5	70	86	0.5865625517238381	0.35336466353364665	chr9	21994622.0	21994736.0	antisense	0.7915067467612212	0.10154537888288727	0.15
Hoxd9	76	86	0.5854971107439902	0.5094490550944906	chr9	21994622.0	21994736.0	sense	0.9148929397717669	0.038629723842507416	0.15
MNX1	75	85	0.5847480477288742	0.5927407259274072	chr9	21994622.0	21994736.0	sense	0.9260780200006904	0.03335242343855513	0.15
Pou2f3	69	85	0.5831885966696452	0.6347365263473652	chr9	21994622.0	21994736.0	sense	0.9260780200006904	0.03335242343855513	0.15
HES7	79	91	0.5828754749995932	0.20707929207079293	chr9	21994622.0	21994736.0	antisense	0.7345920813324073	0.1339537575210481	0.15
Sox3	72	82	0.5825435252278698	0.36006399360063995	chr9	21994622.0	21994736.0	antisense	0.7952051603350303	0.09952081032885578	0.15
Rxra	72	86	0.5817825684649985	0.22807719228077192	chr9	21994622.0	21994736.0	sense	0.7408541354453513	0.1302672905456326	0.15
TBX15	72	80	0.5805187058334783	0.2813718628137186	chr9	21994622.0	21994736.0	sense	0.7726560677265607	0.11201378050292204	0.15
ZNF354C	78	84	0.5796530449768951	0.3374662533746625	chr9	21994622.0	21994736.0	antisense	0.7889413761326569	0.10295526671199977	0.15
POU2F1	70	82	0.578147895985962	0.595940405959404	chr9	21994622.0	21994736.0	sense	0.9260780200006904	0.03335242343855513	0.15
STAT1	74	85	0.577838018803212	0.40035996400359963	chr9	21994622.0	21994736.0	sense	0.8212917838650917	0.08550252179694172	0.15
DMRT3	77	88	0.5760342787951538	0.6187381261873812	chr9	21994622.0	21994736.0	sense	0.9260780200006904	0.03335242343855513	0.15
NEUROD2	68	78	0.5745217918597921	0.6461353864613538	chr9	21994622.0	21994736.0	sense	0.9260780200006904	0.03335242343855513	0.15
Nr2f6(var.2)	80	95	0.5737572989269807	0.21207879212078792	chr9	21994622.0	21994736.0	antisense	0.7387174034274425	0.131521669324117	0.15
ETV2	76	87	0.5732426230183771	0.39686031396860316	chr9	21994622.0	21994736.0	sense	0.8173432656734327	0.08759551130278545	0.15
FOXA1	72	87	0.5682076517966319	0.5751424857514249	chr9	21994622.0	21994736.0	antisense	0.9260780200006904	0.03335242343855513	0.15
NFIC	86	92	0.5679790890751668	0.42375762423757624	chr9	21994622.0	21994736.0	sense	0.8428433018767089	0.07425316019846473	0.15
POU1F1	70	84	0.564778096999978	0.5986401359864013	chr9	21994622.0	21994736.0	sense	0.9260780200006904	0.03335242343855513	0.15
SOX9	81	90	0.5608183948631351	0.6122387761223878	chr9	21994622.0	21994736.0	antisense	0.9260780200006904	0.03335242343855513	0.15
Gfi1	79	89	0.5595127901670605	0.6801319868013199	chr9	21994622.0	21994736.0	sense	0.9260780200006904	0.03335242343855513	0.15
TAL1::TCF3	74	86	0.5529277803718211	0.5265473452654734	chr9	21994622.0	21994736.0	antisense	0.9170405107140291	0.03761147873461076	0.15
SCRT2	78	91	0.5523928145971005	0.3812618738126187	chr9	21994622.0	21994736.0	sense	0.8151028270666909	0.08878760057201047	0.15
Crem	75	85	0.5523359232554913	0.49355064493550643	chr9	21994622.0	21994736.0	sense	0.8997511398685915	0.045877594479634895	0.15
ATF7	74	88	0.5516452389787319	0.44375562443755623	chr9	21994622.0	21994736.0	antisense	0.8529969225299693	0.06905253569140259	0.15
MEF2C	68	83	0.5511503889132795	0.571942805719428	chr9	21994622.0	21994736.0	sense	0.9260780200006904	0.03335242343855513	0.15
HLTF	75	85	0.5493551454564664	0.7467253274672533	chr9	21994622.0	21994736.0	antisense	0.9260780200006904	0.03335242343855513	0.15
MAF::NFE2	70	85	0.5451622770809117	0.6444355564443556	chr9	21994622.0	21994736.0	antisense	0.9260780200006904	0.03335242343855513	0.15
MEIS1	74	81	0.544494136703784	0.6119388061193881	chr9	21994622.0	21994736.0	sense	0.9260780200006904	0.03335242343855513	0.15
ALX3	70	80	0.5403935765843929	0.7335266473352665	chr9	21994622.0	21994736.0	antisense	0.9260780200006904	0.03335242343855513	0.15
POU5F1B	72	81	0.5402531056424889	0.5305469453054694	chr9	21994622.0	21994736.0	sense	0.917846215378462	0.037230078501756955	0.15
Esrrg	71	81	0.5361385623862521	0.48335166483351666	chr9	21994622.0	21994736.0	sense	0.8945852745686285	0.04837825486247011	0.15
FOXH1	77	88	0.5343869466050072	0.49005099490050996	chr9	21994622.0	21994736.0	antisense	0.898715428810476	0.046377802440065376	0.15
NFIC::TLX1	79	93	0.5316489295857835	0.4276572342765723	chr9	21994622.0	21994736.0	sense	0.8439319566142245	0.07369256766135163	0.15
Hoxc9	76	89	0.5305755143687014	0.6201379862013798	chr9	21994622.0	21994736.0	antisense	0.9260780200006904	0.03335242343855513	0.15
Rarg	79	95	0.5253147856763897	0.30856914308569144	chr9	21994622.0	21994736.0	antisense	0.7744870062756758	0.11098586408955356	0.15
RUNX3	80	90	0.5251368704368033	0.5297470252974702	chr9	21994622.0	21994736.0	sense	0.917846215378462	0.037230078501756955	0.15
JDP2(var.2)	75	87	0.5205017207701931	0.35326467353264673	chr9	21994622.0	21994736.0	antisense	0.7915067467612212	0.10154537888288727	0.15
Foxo1	80	91	0.520332031266951	0.46115388461153883	chr9	21994622.0	21994736.0	antisense	0.8766991432724859	0.057149417846499476	0.15
OTX2	73	81	0.5179215787257115	0.5762423757624238	chr9	21994622.0	21994736.0	antisense	0.9260780200006904	0.03335242343855513	0.15
MEIS2	74	82	0.5144795646103045	0.46825317468253175	chr9	21994622.0	21994736.0	sense	0.8810836307673581	0.054982867232678555	0.15
NKX2-3	67	77	0.5129818515086668	0.646035396460354	chr9	21994622.0	21994736.0	antisense	0.9260780200006904	0.03335242343855513	0.15
FOXF2	71	85	0.5126362095194757	0.5138486151384861	chr9	21994622.0	21994736.0	sense	0.9154104791541048	0.03838412029767095	0.15
POU4F1	72	86	0.5103151424320445	0.6435356464353564	chr9	21994622.0	21994736.0	sense	0.9260780200006904	0.03335242343855513	0.15
GMEB2	81	89	0.5076029235623133	0.5213478652134786	chr9	21994622.0	21994736.0	sense	0.9154104791541048	0.03838412029767095	0.15
HMBOX1	79	89	0.5026778224916656	0.768023197680232	chr9	21994622.0	21994736.0	antisense	0.9260780200006904	0.03335242343855513	0.15
TFCP2	82	92	0.5020863513140659	0.666033396660334	chr9	21994622.0	21994736.0	sense	0.9260780200006904	0.03335242343855513	0.15
Tcf7	75	87	0.5001620915584638	0.37896210378962103	chr9	21994622.0	21994736.0	sense	0.8151028270666909	0.08878760057201047	0.15
Barhl1	78	88	0.4990086055611383	0.9268073192680731	chr9	21994622.0	21994736.0	sense	0.9459333045084489	0.024139483582422783	0.15
Creb5	75	87	0.4983006262947855	0.44125587441255876	chr9	21994622.0	21994736.0	antisense	0.8513449770264611	0.06989442198362018	0.15
EN2	80	90	0.49827488906523537	0.8121187881211879	chr9	21994622.0	21994736.0	antisense	0.9299233475345277	0.03155284834365412	0.15
Rarg(var.2)	73	90	0.4886355840826948	0.40285971402859716	chr9	21994622.0	21994736.0	sense	0.8231661085859918	0.08451251865996508	0.15
Tcf12	81	92	0.4846829975800032	0.5824417558244176	chr9	21994622.0	21994736.0	sense	0.9260780200006904	0.03335242343855513	0.15
HLF	75	87	0.4823436902833384	0.7274272572742726	chr9	21994622.0	21994736.0	antisense	0.9260780200006904	0.03335242343855513	0.15
GRHL1	82	94	0.48036844415864266	0.6913308669133087	chr9	21994622.0	21994736.0	sense	0.9260780200006904	0.03335242343855513	0.15
GSX2	79	89	0.4797545374932545	0.8468153184681532	chr9	21994622.0	21994736.0	antisense	0.9318502932315464	0.030653853789596657	0.15
E2F7	67	81	0.47894944505056897	0.26177382261773824	chr9	21994622.0	21994736.0	antisense	0.7600897518943758	0.11913512291518379	0.15
Dlx1	78	88	0.4776145460389862	0.7928207179282072	chr9	21994622.0	21994736.0	antisense	0.9260780200006904	0.03335242343855513	0.15
EMX1	75	85	0.4775962755866103	0.8213178682131786	chr9	21994622.0	21994736.0	sense	0.9299233475345277	0.03155284834365412	0.15
PBX1	69	81	0.4768542907554351	0.5945405459454055	chr9	21994622.0	21994736.0	antisense	0.9260780200006904	0.03335242343855513	0.15
BATF3	74	88	0.47454013590566396	0.26747325267473254	chr9	21994622.0	21994736.0	sense	0.7600897518943758	0.11913512291518379	0.15
ESX1	75	85	0.4742935194147906	0.8002199780021998	chr9	21994622.0	21994736.0	sense	0.9291144711032253	0.03193077566638278	0.15
RORA	70	80	0.46473178767460765	0.5649435056494351	chr9	21994622.0	21994736.0	sense	0.9260780200006904	0.03335242343855513	0.15
MAFG	71	92	0.463527634355116	0.9884011598840116	chr9	21994622.0	21994736.0	sense	0.9884011598840116	0.005066753627171583	0.15
NR1H2::RXRA	78	95	0.46343528170801784	0.32836716328367166	chr9	21994622.0	21994736.0	antisense	0.7812399755499564	0.10721554224469297	0.15
RELA	75	85	0.4619371482478554	0.386961303869613	chr9	21994622.0	21994736.0	antisense	0.8151028270666909	0.08878760057201047	0.15
STAT3	69	80	0.4605437103792053	0.679032096790321	chr9	21994622.0	21994736.0	sense	0.9260780200006904	0.03335242343855513	0.15
RARA	71	89	0.4546806566397278	0.3645635436456354	chr9	21994622.0	21994736.0	sense	0.7983480132999358	0.09780775111955121	0.15
ZNF143	77	93	0.45421076813064115	0.5157484251574842	chr9	21994622.0	21994736.0	antisense	0.9154104791541048	0.03838412029767095	0.15
Hoxd8	73	90	0.4532155231161905	0.7864213578642136	chr9	21994622.0	21994736.0	sense	0.9260780200006904	0.03335242343855513	0.15
Sox6	80	90	0.4485044117698006	0.41525847415258477	chr9	21994622.0	21994736.0	antisense	0.8353455352139205	0.07813384428175678	0.15
GLIS1	70	86	0.4474644932172405	0.34536546345365465	chr9	21994622.0	21994736.0	antisense	0.7915067467612212	0.10154537888288727	0.15
CREB1	81	89	0.4442109185038713	0.6846315368463154	chr9	21994622.0	21994736.0	sense	0.9260780200006904	0.03335242343855513	0.15
MAFG::NFE2L1	78	84	0.44375848767989734	0.5682431756824318	chr9	21994622.0	21994736.0	sense	0.9260780200006904	0.03335242343855513	0.15
IRF9	78	93	0.4425812071832703	0.3437656234376562	chr9	21994622.0	21994736.0	sense	0.7915067467612212	0.10154537888288727	0.15
JDP2	76	85	0.43989945189758634	0.31926807319268075	chr9	21994622.0	21994736.0	antisense	0.7812399755499564	0.10721554224469297	0.15
E2F3	76	94	0.4398315241224827	0.5558444155584441	chr9	21994622.0	21994736.0	sense	0.9260780200006904	0.03335242343855513	0.15
Twist2	82	92	0.43803801943066806	0.7076292370762923	chr9	21994622.0	21994736.0	antisense	0.9260780200006904	0.03335242343855513	0.15
CEBPA	74	85	0.43656901463182224	0.6653334666533347	chr9	21994622.0	21994736.0	antisense	0.9260780200006904	0.03335242343855513	0.15
OTX1	76	84	0.4350066607249807	0.6676332366763323	chr9	21994622.0	21994736.0	antisense	0.9260780200006904	0.03335242343855513	0.15
ZBED1	80	93	0.43226042536338855	0.46855314468553144	chr9	21994622.0	21994736.0	sense	0.8810836307673581	0.054982867232678555	0.15
Nr2e1	76	85	0.42960206000622825	0.5569443055694431	chr9	21994622.0	21994736.0	sense	0.9260780200006904	0.03335242343855513	0.15
LMX1B	76	84	0.4284052634956616	0.6801319868013199	chr9	21994622.0	21994736.0	sense	0.9260780200006904	0.03335242343855513	0.15
IRF8	79	93	0.42781111671036776	0.3798620137986201	chr9	21994622.0	21994736.0	sense	0.8151028270666909	0.08878760057201047	0.15
Arid5a	70	84	0.4265427441696758	0.857014298570143	chr9	21994622.0	21994736.0	antisense	0.9318502932315464	0.030653853789596657	0.15
TP63	70	88	0.4245146715744799	0.559044095590441	chr9	21994622.0	21994736.0	sense	0.9260780200006904	0.03335242343855513	0.15
SOX10	83	89	0.42098897824925613	0.519048095190481	chr9	21994622.0	21994736.0	antisense	0.9154104791541048	0.03838412029767095	0.15
Rarb(var.2)	77	94	0.42080988664907926	0.48755124487551244	chr9	21994622.0	21994736.0	antisense	0.8973017591857836	0.04706148080142158	0.15
Dlx2	76	84	0.4195164683141823	0.6419358064193581	chr9	21994622.0	21994736.0	sense	0.9260780200006904	0.03335242343855513	0.15
Arx	71	88	0.4190155093039132	0.7956204379562044	chr9	21994622.0	21994736.0	sense	0.9260780200006904	0.03335242343855513	0.15
NOTO	75	85	0.4180321357951634	0.7468253174682532	chr9	21994622.0	21994736.0	antisense	0.9260780200006904	0.03335242343855513	0.15
HSF1	71	84	0.4123857375120159	0.5049495050494951	chr9	21994622.0	21994736.0	antisense	0.909961087224611	0.04097717906897423	0.15
VAX1	76	84	0.4109950610276884	0.7871212878712128	chr9	21994622.0	21994736.0	antisense	0.9260780200006904	0.03335242343855513	0.15
EMX2	75	85	0.4086623061285517	0.7412258774122588	chr9	21994622.0	21994736.0	sense	0.9260780200006904	0.03335242343855513	0.15
HSF2	71	84	0.40504904699170086	0.6082391760823918	chr9	21994622.0	21994736.0	antisense	0.9260780200006904	0.03335242343855513	0.15
VAX2	76	84	0.404952326957346	0.7795220477952205	chr9	21994622.0	21994736.0	antisense	0.9260780200006904	0.03335242343855513	0.15
NFYB	74	89	0.4024953763753745	0.8136186381361864	chr9	21994622.0	21994736.0	antisense	0.9299233475345277	0.03155284834365412	0.15
FOXP2	79	90	0.39906106150277054	0.43955604439556045	chr9	21994622.0	21994736.0	sense	0.851229802392895	0.06995317970574068	0.15
POU6F2	76	86	0.39869486992597253	0.6834316568343166	chr9	21994622.0	21994736.0	antisense	0.9260780200006904	0.03335242343855513	0.15
Stat5a::Stat5b	73	84	0.39628363669978484	0.7067293270672933	chr9	21994622.0	21994736.0	sense	0.9260780200006904	0.03335242343855513	0.15
HNF1A	71	86	0.3948186174118593	0.6693330666933307	chr9	21994622.0	21994736.0	sense	0.9260780200006904	0.03335242343855513	0.15
Nkx3-1	74	83	0.3947989400556549	0.7146285371462854	chr9	21994622.0	21994736.0	antisense	0.9260780200006904	0.03335242343855513	0.15
Rarb	72	88	0.393748330305364	0.39106089391060894	chr9	21994622.0	21994736.0	sense	0.8151028270666909	0.08878760057201047	0.15
FOXP3	76	83	0.3934837137186323	0.6060393960603939	chr9	21994622.0	21994736.0	sense	0.9260780200006904	0.03335242343855513	0.15
Pou5f1::Sox2	72	87	0.3921684255243043	0.7692230776922308	chr9	21994622.0	21994736.0	sense	0.9260780200006904	0.03335242343855513	0.15
MYBL1	78	90	0.3862379188589397	0.7727227277272273	chr9	21994622.0	21994736.0	antisense	0.9260780200006904	0.03335242343855513	0.15
T	75	91	0.38600304167643984	0.8562143785621438	chr9	21994622.0	21994736.0	antisense	0.9318502932315464	0.030653853789596657	0.15
TGIF1	80	92	0.38516585846876755	0.29457054294570545	chr9	21994622.0	21994736.0	antisense	0.7744870062756758	0.11098586408955356	0.15
MSC	81	91	0.3835545381896949	0.7213278672132787	chr9	21994622.0	21994736.0	antisense	0.9260780200006904	0.03335242343855513	0.15
BCL6B	71	88	0.3816240523812683	0.30746925307469253	chr9	21994622.0	21994736.0	antisense	0.7744870062756758	0.11098586408955356	0.15
TGIF2	80	92	0.3764774252998726	0.6014398560143985	chr9	21994622.0	21994736.0	antisense	0.9260780200006904	0.03335242343855513	0.15
POU3F3	70	83	0.3762874871393503	0.6970302969703029	chr9	21994622.0	21994736.0	sense	0.9260780200006904	0.03335242343855513	0.15
LHX9	76	84	0.37397799174133195	0.773922607739226	chr9	21994622.0	21994736.0	sense	0.9260780200006904	0.03335242343855513	0.15
Prrx2	76	84	0.37193839267132495	0.8567143285671432	chr9	21994622.0	21994736.0	sense	0.9318502932315464	0.030653853789596657	0.15
Gfi1b	72	83	0.37150198240841287	0.6488351164883511	chr9	21994622.0	21994736.0	sense	0.9260780200006904	0.03335242343855513	0.15
POU2F2	71	84	0.3689341567542199	0.625037496250375	chr9	21994622.0	21994736.0	antisense	0.9260780200006904	0.03335242343855513	0.15
UNCX	76	84	0.36865118980751166	0.8063193680631937	chr9	21994622.0	21994736.0	sense	0.9299233475345277	0.03155284834365412	0.15
Sox2	82	90	0.3676702588634451	0.42655734426557346	chr9	21994622.0	21994736.0	antisense	0.8439319566142245	0.07369256766135163	0.15
GATA3	79	87	0.36666979592803683	0.40775922407759224	chr9	21994622.0	21994736.0	sense	0.8266681144385561	0.08266881329813318	0.15
Sox17	72	81	0.36658621172374706	0.708929107089291	chr9	21994622.0	21994736.0	antisense	0.9260780200006904	0.03335242343855513	0.15
RAX2	76	84	0.3648337883620108	0.8515148485151485	chr9	21994622.0	21994736.0	sense	0.9318502932315464	0.030653853789596657	0.15
MYF6	82	92	0.36419815336874306	0.6299370062993701	chr9	21994622.0	21994736.0	sense	0.9260780200006904	0.03335242343855513	0.15
ONECUT2	79	93	0.3640085261758896	0.6260373962603739	chr9	21994622.0	21994736.0	sense	0.9260780200006904	0.03335242343855513	0.15
BATF::JUN	73	84	0.3629176439709173	0.7088291170882912	chr9	21994622.0	21994736.0	sense	0.9260780200006904	0.03335242343855513	0.15
LMX1A	76	84	0.3611194768153618	0.689031096890311	chr9	21994622.0	21994736.0	sense	0.9260780200006904	0.03335242343855513	0.15
TFAP4	81	91	0.36049142032791615	0.6993300669933007	chr9	21994622.0	21994736.0	sense	0.9260780200006904	0.03335242343855513	0.15
ESRRB	78	89	0.35829579581747173	0.6314368563143685	chr9	21994622.0	21994736.0	antisense	0.9260780200006904	0.03335242343855513	0.15
LHX2	75	85	0.35656787563165004	0.7615238476152385	chr9	21994622.0	21994736.0	sense	0.9260780200006904	0.03335242343855513	0.15
SHOX	76	84	0.3519214410111607	0.8224177582241776	chr9	21994622.0	21994736.0	antisense	0.9299233475345277	0.03155284834365412	0.15
PROX1	81	93	0.3505353912910921	0.673032696730327	chr9	21994622.0	21994736.0	antisense	0.9260780200006904	0.03335242343855513	0.15
E2F2	79	95	0.3485487576175672	0.545045495450455	chr9	21994622.0	21994736.0	sense	0.9260780200006904	0.03335242343855513	0.15
Esrra	79	90	0.3484951322339693	0.5755424457554245	chr9	21994622.0	21994736.0	antisense	0.9260780200006904	0.03335242343855513	0.15
Hoxa9	71	82	0.348371436662658	0.6888311168883112	chr9	21994622.0	21994736.0	antisense	0.9260780200006904	0.03335242343855513	0.15
RORA(var.2)	79	93	0.34782531630724567	0.7028297170282972	chr9	21994622.0	21994736.0	sense	0.9260780200006904	0.03335242343855513	0.15
RAX	75	85	0.34484240253625703	0.7535246475352465	chr9	21994622.0	21994736.0	sense	0.9260780200006904	0.03335242343855513	0.15
HOXA5	82	90	0.34247365008872843	0.7684231576842315	chr9	21994622.0	21994736.0	antisense	0.9260780200006904	0.03335242343855513	0.15
DBP	75	87	0.33993876642235704	0.7751224877512248	chr9	21994622.0	21994736.0	antisense	0.9260780200006904	0.03335242343855513	0.15
Lhx4	76	84	0.33771576043584606	0.6839316068393161	chr9	21994622.0	21994736.0	antisense	0.9260780200006904	0.03335242343855513	0.15
Nr2e3	83	90	0.33718967292457197	0.5391460853914608	chr9	21994622.0	21994736.0	antisense	0.9260780200006904	0.03335242343855513	0.15
POU6F1	75	85	0.3368002122126797	0.6876312368763123	chr9	21994622.0	21994736.0	sense	0.9260780200006904	0.03335242343855513	0.15
NFIA	76	86	0.3361463711374542	0.8672132786721328	chr9	21994622.0	21994736.0	antisense	0.9318502932315464	0.030653853789596657	0.15
ONECUT1	79	93	0.33427199733425683	0.6225377462253775	chr9	21994622.0	21994736.0	sense	0.9260780200006904	0.03335242343855513	0.15
PRRX1	76	84	0.3325222946183313	0.752024797520248	chr9	21994622.0	21994736.0	sense	0.9260780200006904	0.03335242343855513	0.15
FOXC2	73	85	0.33065378673676415	0.6554344565543445	chr9	21994622.0	21994736.0	sense	0.9260780200006904	0.03335242343855513	0.15
POU3F2	71	83	0.32617249633175727	0.6603339666033397	chr9	21994622.0	21994736.0	sense	0.9260780200006904	0.03335242343855513	0.15
CDX2	74	85	0.3243964205587943	0.5534446555344466	chr9	21994622.0	21994736.0	sense	0.9260780200006904	0.03335242343855513	0.15
ISL2	74	82	0.32018995050739985	0.8520147985201479	chr9	21994622.0	21994736.0	antisense	0.9318502932315464	0.030653853789596657	0.15
HOXC11	74	85	0.316954320166129	0.7811218878112188	chr9	21994622.0	21994736.0	antisense	0.9260780200006904	0.03335242343855513	0.15
Dlx3	76	84	0.3169308741800377	0.8649135086491351	chr9	21994622.0	21994736.0	antisense	0.9318502932315464	0.030653853789596657	0.15
Foxd3	81	93	0.3151420668330182	0.5949405059494051	chr9	21994622.0	21994736.0	sense	0.9260780200006904	0.03335242343855513	0.15
HNF1B	72	85	0.31417699814525446	0.6739326067393261	chr9	21994622.0	21994736.0	sense	0.9260780200006904	0.03335242343855513	0.15
Foxa2	76	88	0.3026429367344247	0.7389261073892611	chr9	21994622.0	21994736.0	antisense	0.9260780200006904	0.03335242343855513	0.15
Myb	69	79	0.30068761034992136	0.732026797320268	chr9	21994622.0	21994736.0	antisense	0.9260780200006904	0.03335242343855513	0.15
Dlx4	76	84	0.2976513863427872	0.8668133186681332	chr9	21994622.0	21994736.0	antisense	0.9318502932315464	0.030653853789596657	0.15
PKNOX1	80	92	0.29705826392297585	0.48435156484351566	chr9	21994622.0	21994736.0	antisense	0.8945852745686285	0.04837825486247011	0.15
SRY	75	84	0.29130883681601016	0.7877212278772123	chr9	21994622.0	21994736.0	sense	0.9260780200006904	0.03335242343855513	0.15
CEBPB	75	85	0.29075103375898836	0.8803119688031197	chr9	21994622.0	21994736.0	antisense	0.9364461094874119	0.02851721030760849	0.15
CEBPE	75	85	0.2906769789287518	0.9347065293470653	chr9	21994622.0	21994736.0	antisense	0.9508305028872113	0.021896894441639905	0.15
GBX2	75	85	0.2901111893346051	0.8321167883211679	chr9	21994622.0	21994736.0	sense	0.9318502932315464	0.030653853789596657	0.15
FOXD1	73	81	0.28975387929310814	0.6696330366963303	chr9	21994622.0	21994736.0	antisense	0.9260780200006904	0.03335242343855513	0.15
HOXC12	74	85	0.28904262298707806	0.7744225577442255	chr9	21994622.0	21994736.0	antisense	0.9260780200006904	0.03335242343855513	0.15
Arid3b	76	87	0.2865319984834807	0.6978302169783022	chr9	21994622.0	21994736.0	antisense	0.9260780200006904	0.03335242343855513	0.15
ZNF410	78	95	0.2842503304644972	0.6445355464453555	chr9	21994622.0	21994736.0	antisense	0.9260780200006904	0.03335242343855513	0.15
TEF	75	87	0.283680015156437	0.7495250474952505	chr9	21994622.0	21994736.0	antisense	0.9260780200006904	0.03335242343855513	0.15
OLIG3	67	77	0.28226193387521203	0.9604039596040396	chr9	21994622.0	21994736.0	antisense	0.9670939882755911	0.014531316396951835	0.15
DUX4	77	88	0.28202026812865616	0.642935706429357	chr9	21994622.0	21994736.0	antisense	0.9260780200006904	0.03335242343855513	0.15
CEBPD	75	85	0.275308812113477	0.8605139486051395	chr9	21994622.0	21994736.0	antisense	0.9318502932315464	0.030653853789596657	0.15
CEBPG	75	85	0.2749821030844748	0.7858214178582141	chr9	21994622.0	21994736.0	antisense	0.9260780200006904	0.03335242343855513	0.15
CDX1	76	85	0.273561874342616	0.7252274772522748	chr9	21994622.0	21994736.0	sense	0.9260780200006904	0.03335242343855513	0.15
DLX6	76	84	0.27151859754803526	0.834016598340166	chr9	21994622.0	21994736.0	antisense	0.9318502932315464	0.030653853789596657	0.15
PKNOX2	80	92	0.27124205801290396	0.5548445155484452	chr9	21994622.0	21994736.0	antisense	0.9260780200006904	0.03335242343855513	0.15
HOXC13	74	85	0.26863954560173103	0.819018098190181	chr9	21994622.0	21994736.0	antisense	0.9299233475345277	0.03155284834365412	0.15
NKX6-2	76	84	0.2678280365067159	0.8537146285371463	chr9	21994622.0	21994736.0	sense	0.9318502932315464	0.030653853789596657	0.15
LHX6	75	85	0.26500589559865373	0.8726127387261274	chr9	21994622.0	21994736.0	sense	0.9337855905131137	0.02975283206394681	0.15
HESX1	75	85	0.2616420957443084	0.839016098390161	chr9	21994622.0	21994736.0	antisense	0.9318502932315464	0.030653853789596657	0.15
OLIG2	68	78	0.2595574199455959	0.9259074092590741	chr9	21994622.0	21994736.0	antisense	0.9459333045084489	0.024139483582422783	0.15
Atoh1	74	84	0.24971126954870043	0.9615038496150385	chr9	21994622.0	21994736.0	sense	0.9670939882755911	0.014531316396951835	0.15
BHLHE22	78	88	0.24247395739653896	0.9036096390360964	chr9	21994622.0	21994736.0	antisense	0.9379468053194681	0.02782179148374648	0.15
MSX1	70	78	0.24199168921191322	0.9476052394760524	chr9	21994622.0	21994736.0	antisense	0.9568231892764031	0.019168307798869164	0.15
VENTX	75	84	0.2414888991130608	0.8886111388861114	chr9	21994622.0	21994736.0	sense	0.9373763843127884	0.028085992027495253	0.15
FOXD2	79	86	0.2355635303807435	0.7271272872712728	chr9	21994622.0	21994736.0	sense	0.9260780200006904	0.03335242343855513	0.15
BARX1	76	84	0.2339762498046193	0.8882111788821118	chr9	21994622.0	21994736.0	sense	0.9373763843127884	0.028085992027495253	0.15
Sox5	81	88	0.23359845943262142	0.6551344865513449	chr9	21994622.0	21994736.0	antisense	0.9260780200006904	0.03335242343855513	0.15
SMAD3	74	84	0.2309070988068521	0.83001699830017	chr9	21994622.0	21994736.0	antisense	0.9318502932315464	0.030653853789596657	0.15
Dux	79	87	0.226657996848078	0.7033296670332967	chr9	21994622.0	21994736.0	antisense	0.9260780200006904	0.03335242343855513	0.15
BSX	76	84	0.22616205910081286	0.8716128387161284	chr9	21994622.0	21994736.0	sense	0.9337855905131137	0.02975283206394681	0.15
NFIL3	77	88	0.22435459261067195	0.7803219678032197	chr9	21994622.0	21994736.0	sense	0.9260780200006904	0.03335242343855513	0.15
SOX21	79	94	0.22312756043449739	0.6297370262973703	chr9	21994622.0	21994736.0	sense	0.9260780200006904	0.03335242343855513	0.15
CUX2	71	81	0.22250888744023087	0.898010198980102	chr9	21994622.0	21994736.0	sense	0.9379468053194681	0.02782179148374648	0.15
CUX1	73	83	0.22050410140598203	0.8805119488051195	chr9	21994622.0	21994736.0	antisense	0.9364461094874119	0.02851721030760849	0.15
HOXD11	67	77	0.21898989337479005	0.8206179382061793	chr9	21994622.0	21994736.0	sense	0.9299233475345277	0.03155284834365412	0.15
HOXD12	74	85	0.2186925489785289	0.8474152584741526	chr9	21994622.0	21994736.0	antisense	0.9318502932315464	0.030653853789596657	0.15
ONECUT3	79	93	0.21835978611216444	0.6375362463753624	chr9	21994622.0	21994736.0	sense	0.9260780200006904	0.03335242343855513	0.15
NKX6-1	76	84	0.21498884657654843	0.7924207579242076	chr9	21994622.0	21994736.0	antisense	0.9260780200006904	0.03335242343855513	0.15
FOXO3	76	84	0.21451885827345074	0.5818418158184182	chr9	21994622.0	21994736.0	sense	0.9260780200006904	0.03335242343855513	0.15
BHLHE23	73	85	0.21368738647701846	0.8666133386661334	chr9	21994622.0	21994736.0	sense	0.9318502932315464	0.030653853789596657	0.15
HOXC10	67	77	0.21342700701064352	0.8844115588441156	chr9	21994622.0	21994736.0	sense	0.9373763843127884	0.028085992027495253	0.15
VSX1	76	84	0.21318307137326303	0.8966103389661034	chr9	21994622.0	21994736.0	antisense	0.9379468053194681	0.02782179148374648	0.15
FOXC1	73	84	0.20855415201159333	0.7716228377162284	chr9	21994622.0	21994736.0	sense	0.9260780200006904	0.03335242343855513	0.15
Bhlha15	68	76	0.2011839164841982	0.9277072292770723	chr9	21994622.0	21994736.0	antisense	0.9459333045084489	0.024139483582422783	0.15
PAX4	80	88	0.19999540467683896	0.8547145285471452	chr9	21994622.0	21994736.0	antisense	0.9318502932315464	0.030653853789596657	0.15
Shox2	76	84	0.19323067619296547	0.8055194480551945	chr9	21994622.0	21994736.0	sense	0.9299233475345277	0.03155284834365412	0.15
NEUROG2	82	92	0.19109873760581197	0.902009799020098	chr9	21994622.0	21994736.0	sense	0.9379468053194681	0.02782179148374648	0.15
FOXB1	73	84	0.19103018380371115	0.7814218578142186	chr9	21994622.0	21994736.0	sense	0.9260780200006904	0.03335242343855513	0.15
Foxj2	79	87	0.1835341225583851	0.6854314568543146	chr9	21994622.0	21994736.0	sense	0.9260780200006904	0.03335242343855513	0.15
GBX1	75	85	0.18111795244717557	0.8859114088591141	chr9	21994622.0	21994736.0	sense	0.9373763843127884	0.028085992027495253	0.15
mix-a	75	86	0.17143988691577056	0.7661233876612339	chr9	21994622.0	21994736.0	antisense	0.9260780200006904	0.03335242343855513	0.15
EN1	76	84	0.1709898630411779	0.8999100089991001	chr9	21994622.0	21994736.0	antisense	0.9379468053194681	0.02782179148374648	0.15
FOXG1	79	87	0.16250661742733385	0.6383361663833617	chr9	21994622.0	21994736.0	sense	0.9260780200006904	0.03335242343855513	0.15
POU4F2	72	88	0.15983030337974888	0.7352264773522648	chr9	21994622.0	21994736.0	sense	0.9260780200006904	0.03335242343855513	0.15
POU3F4	72	81	0.14997227319470108	0.7489251074892511	chr9	21994622.0	21994736.0	sense	0.9260780200006904	0.03335242343855513	0.15
PHOX2A	77	88	0.14922623962407988	0.8473152684731526	chr9	21994622.0	21994736.0	antisense	0.9318502932315464	0.030653853789596657	0.15
FOXO4	81	88	0.1437253908396411	0.7465253474652535	chr9	21994622.0	21994736.0	sense	0.9260780200006904	0.03335242343855513	0.15
Sox1	79	94	0.14280760743309706	0.8429157084291571	chr9	21994622.0	21994736.0	antisense	0.9318502932315464	0.030653853789596657	0.15
HOXD13	76	86	0.14279782076048192	0.7958204179582041	chr9	21994622.0	21994736.0	sense	0.9260780200006904	0.03335242343855513	0.15
FOXL1	79	86	0.13998939747415867	0.7336266373362663	chr9	21994622.0	21994736.0	sense	0.9260780200006904	0.03335242343855513	0.15
LBX1	80	88	0.1396000056218478	0.901009899010099	chr9	21994622.0	21994736.0	sense	0.9379468053194681	0.02782179148374648	0.15
HOXA13	76	86	0.13941257629372122	0.817018298170183	chr9	21994622.0	21994736.0	sense	0.9299233475345277	0.03155284834365412	0.15
Lhx8	76	84	0.1386367522219188	0.9645035496450355	chr9	21994622.0	21994736.0	antisense	0.9682347045759641	0.014019354936483486	0.15
Lhx3	74	87	0.1355137751410372	0.7036296370362963	chr9	21994622.0	21994736.0	antisense	0.9260780200006904	0.03335242343855513	0.15
FOXI1	76	83	0.13087224030764577	0.7679232076792321	chr9	21994622.0	21994736.0	sense	0.9260780200006904	0.03335242343855513	0.15
HOXB13	76	86	0.1306355354881452	0.8095190480951905	chr9	21994622.0	21994736.0	sense	0.9299233475345277	0.03155284834365412	0.15
FOXO6	81	88	0.12984283518469536	0.7678232176782321	chr9	21994622.0	21994736.0	sense	0.9260780200006904	0.03335242343855513	0.15
Foxq1	71	82	0.12393253413801106	0.7907209279072093	chr9	21994622.0	21994736.0	sense	0.9260780200006904	0.03335242343855513	0.15
OLIG1	82	92	0.11719624709888905	0.9371062893710629	chr9	21994622.0	21994736.0	sense	0.9508305028872113	0.021896894441639905	0.15
PDX1	76	84	0.11622261786710672	0.9006099390060994	chr9	21994622.0	21994736.0	antisense	0.9379468053194681	0.02782179148374648	0.15
Nkx2-5	81	88	0.11313031996230248	0.9263073692630737	chr9	21994622.0	21994736.0	sense	0.9459333045084489	0.024139483582422783	0.15
MEF2D	68	80	0.11131293438948359	0.7048295170482952	chr9	21994622.0	21994736.0	sense	0.9260780200006904	0.03335242343855513	0.15
VSX2	76	84	0.10925049078872916	0.927007299270073	chr9	21994622.0	21994736.0	antisense	0.9459333045084489	0.024139483582422783	0.15
MEF2A	68	80	0.10541260571464896	0.7675232476752325	chr9	21994622.0	21994736.0	sense	0.9260780200006904	0.03335242343855513	0.15
SRF	70	86	0.1017434702594867	0.9882011798820118	chr9	21994622.0	21994736.0	sense	0.9884011598840116	0.005066753627171583	0.15
Arid3a	79	85	0.09982228869840601	0.7497250274972502	chr9	21994622.0	21994736.0	sense	0.9260780200006904	0.03335242343855513	0.15
MSX2	70	78	0.09733341042625322	0.914008599140086	chr9	21994622.0	21994736.0	antisense	0.9459333045084489	0.024139483582422783	0.15
Msx3	76	84	0.09048035694691188	0.8959104089591041	chr9	21994622.0	21994736.0	sense	0.9379468053194681	0.02782179148374648	0.15
Nobox	77	85	0.08824824346254942	0.938006199380062	chr9	21994622.0	21994736.0	sense	0.9508305028872113	0.021896894441639905	0.15
MEF2B	68	80	0.08339605598161116	0.7904209579042096	chr9	21994622.0	21994736.0	sense	0.9260780200006904	0.03335242343855513	0.15
ISX	76	84	0.07410627692072867	0.8775122487751225	chr9	21994622.0	21994736.0	sense	0.9364461094874119	0.02851721030760849	0.15
SOX4	77	93	0.07239778476043202	0.8189181081891811	chr9	21994622.0	21994736.0	sense	0.9299233475345277	0.03155284834365412	0.15
Phox2b	81	92	0.06186052390418142	0.9217078292170783	chr9	21994622.0	21994736.0	sense	0.9459333045084489	0.024139483582422783	0.15
LIN54	73	82	0.05235944907211066	0.9423057694230577	chr9	21994622.0	21994736.0	antisense	0.9533268895332688	0.0207581570971947	0.15
Sox11	78	93	0.04398373498706202	0.8265173482651735	chr9	21994622.0	21994736.0	sense	0.9314049072316195	0.030861478258559602	0.15
PROP1	81	92	0.038023202818149276	0.8086191380861913	chr9	21994622.0	21994736.0	antisense	0.9299233475345277	0.03155284834365412	0.15
PAX7	82	92	0.011904430923015198	0.8468153184681532	chr9	21994622.0	21994736.0	sense	0.9318502932315464	0.030653853789596657	0.15
PAX3	82	92	0.008211650375744894	0.8647135286471352	chr9	21994622.0	21994736.0	antisense	0.9318502932315464	0.030653853789596657	0.15
SOX8	71	87	-0.0	0.9168083191680831	chr9	21994622.0	21994736.0	sense	0.9459333045084489	0.024139483582422783	0.15
