motif	start	end	score	pval	tile_chr	tile_start	tile_end	strand	padj	neg_log_pval	fdr_cutoff
TBP	7	22	1.1402665793505355	0.0015998400159984002	chr9	21994352.0	21994466.0	antisense	0.16606339366063397	0.7797260911084988	0.15
YY1	8	20	0.9073716937709645	0.0006999300069993001	chr9	21994352.0	21994466.0	antisense	0.16606339366063397	0.7797260911084988	0.15
SP2	6	21	0.8767686926228117	0.0005999400059994001	chr9	21994352.0	21994466.0	sense	0.16606339366063397	0.7797260911084988	0.15
YY2	7	18	0.8514460050172671	0.0012998700129987	chr9	21994352.0	21994466.0	sense	0.16606339366063397	0.7797260911084988	0.15
Hes1	8	18	0.7910749271293814	0.0648935106489351	chr9	21994352.0	21994466.0	sense	0.5385026714719833	0.26881213785780456	0.15
BARHL2	11	21	0.7661281444740708	0.0093990600939906	chr9	21994352.0	21994466.0	antisense	0.38921107889211076	0.4098148060367048	0.15
PAX5	8	27	0.7513876971942507	0.016998300169983	chr9	21994352.0	21994466.0	antisense	0.41083391660833923	0.3863337101871818	0.15
Gfi1	9	19	0.7105257655261984	0.007899210078992101	chr9	21994352.0	21994466.0	antisense	0.38921107889211076	0.4098148060367048	0.15
SP1	6	17	0.6424697525375741	0.0011998800119988001	chr9	21994352.0	21994466.0	sense	0.16606339366063397	0.7797260911084988	0.15
HIC2	6	15	0.6412557024350216	0.0165983401659834	chr9	21994352.0	21994466.0	sense	0.41083391660833923	0.3863337101871818	0.15
MEF2C	8	23	0.6279363414137863	0.018998100189981004	chr9	21994352.0	21994466.0	antisense	0.41083391660833923	0.3863337101871818	0.15
Pparg::Rxra	10	25	0.625177762785974	0.051994800519948	chr9	21994352.0	21994466.0	antisense	0.5385026714719833	0.26881213785780456	0.15
THAP1	6	15	0.6232219785658165	0.05959404059594041	chr9	21994352.0	21994466.0	sense	0.5385026714719833	0.26881213785780456	0.15
Rhox11	6	23	0.6165920468979295	0.0771922807719228	chr9	21994352.0	21994466.0	sense	0.5402382838639213	0.26741464287770994	0.15
HNF4G	10	25	0.6140306983511158	0.031796820317968204	chr9	21994352.0	21994466.0	antisense	0.5095126850951269	0.2928449990996801	0.15
Gfi1b	7	18	0.6039274438201553	0.005499450054994501	chr9	21994352.0	21994466.0	antisense	0.36975052494750527	0.432091200747857	0.15
Barhl1	10	20	0.601631415169361	0.0988901109889011	chr9	21994352.0	21994466.0	antisense	0.555218671681219	0.2555359372366145	0.15
Alx4	7	24	0.5956545799605278	0.052894710528947106	chr9	21994352.0	21994466.0	sense	0.5385026714719833	0.26881213785780456	0.15
Hic1	6	15	0.5954005029918942	0.0198980101989801	chr9	21994352.0	21994466.0	sense	0.4130826917308269	0.38396300169073583	0.15
HOXA10	13	24	0.5864887655868668	0.0466953304669533	chr9	21994352.0	21994466.0	antisense	0.5385026714719833	0.26881213785780456	0.15
NFIX	15	24	0.5818475263560715	0.04279572042795721	chr9	21994352.0	21994466.0	antisense	0.5385026714719833	0.26881213785780456	0.15
Hes2	6	19	0.5806680750332689	0.16578342165783422	chr9	21994352.0	21994466.0	antisense	0.5640090311956459	0.24871394181979292	0.15
KLF5	6	16	0.5801044646295307	0.0020997900209979003	chr9	21994352.0	21994466.0	sense	0.1816318368163184	0.7408080250781292	0.15
Alx1	7	24	0.560143540842037	0.06529347065293471	chr9	21994352.0	21994466.0	sense	0.5385026714719833	0.26881213785780456	0.15
FIGLA	8	18	0.5501092994330508	0.032296770322967704	chr9	21994352.0	21994466.0	sense	0.5095126850951269	0.2928449990996801	0.15
ZBTB7C	6	18	0.5491298596308573	0.07139286071392861	chr9	21994352.0	21994466.0	sense	0.5385026714719833	0.26881213785780456	0.15
E2F1	15	27	0.5419663559675182	0.0336966303369663	chr9	21994352.0	21994466.0	sense	0.511740492617405	0.290950217140598	0.15
PLAG1	10	24	0.5411182619420225	0.005699430056994301	chr9	21994352.0	21994466.0	antisense	0.36975052494750527	0.432091200747857	0.15
STAT3	15	26	0.5299766140574439	0.0212978702129787	chr9	21994352.0	21994466.0	antisense	0.4251382554052287	0.37146981396048506	0.15
NFIA	14	24	0.5231723501793935	0.017798220177982202	chr9	21994352.0	21994466.0	antisense	0.41083391660833923	0.3863337101871818	0.15
Hnf4a	8	24	0.5214837629615513	0.011998800119988001	chr9	21994352.0	21994466.0	antisense	0.38921107889211076	0.4098148060367048	0.15
Sox3	9	19	0.516636583593765	0.011998800119988001	chr9	21994352.0	21994466.0	sense	0.38921107889211076	0.4098148060367048	0.15
SP3	6	17	0.5137197628390111	0.050794920507949204	chr9	21994352.0	21994466.0	sense	0.5385026714719833	0.26881213785780456	0.15
ZIC4	7	22	0.5132351637288288	0.0690930906909309	chr9	21994352.0	21994466.0	sense	0.5385026714719833	0.26881213785780456	0.15
EMX1	10	20	0.5105054700522449	0.12908709129087093	chr9	21994352.0	21994466.0	antisense	0.5640090311956459	0.24871394181979292	0.15
Nr2f6	10	24	0.5084665581233685	0.022397760223977603	chr9	21994352.0	21994466.0	antisense	0.4305347243053472	0.3659918152532293	0.15
CTCF	6	25	0.505714676454872	0.057394260573942604	chr9	21994352.0	21994466.0	sense	0.5385026714719833	0.26881213785780456	0.15
NR2C2	10	25	0.5031749845990989	0.035396460353964605	chr9	21994352.0	21994466.0	antisense	0.511740492617405	0.290950217140598	0.15
GCM1	6	17	0.5027847094841722	0.031596840315968405	chr9	21994352.0	21994466.0	antisense	0.5095126850951269	0.2928449990996801	0.15
RARA::RXRA	6	23	0.5025577114741397	0.06939306069393061	chr9	21994352.0	21994466.0	antisense	0.5385026714719833	0.26881213785780456	0.15
SOX10	14	20	0.5019940983873273	0.0182981701829817	chr9	21994352.0	21994466.0	sense	0.41083391660833923	0.3863337101871818	0.15
SOX9	9	18	0.5009468024521953	0.06109389061093891	chr9	21994352.0	21994466.0	sense	0.5385026714719833	0.26881213785780456	0.15
Sox6	9	19	0.49860118377197693	0.011898810118988102	chr9	21994352.0	21994466.0	sense	0.38921107889211076	0.4098148060367048	0.15
Nr5a2	8	23	0.49701925961358856	0.06819318068193181	chr9	21994352.0	21994466.0	antisense	0.5385026714719833	0.26881213785780456	0.15
TBX2	15	26	0.4939964892973107	0.09399060093990601	chr9	21994352.0	21994466.0	antisense	0.5543309305433093	0.2562308879788748	0.15
Mafb	7	19	0.4937708942941805	0.0841915808419158	chr9	21994352.0	21994466.0	antisense	0.5461928807119288	0.26265396492069887	0.15
GLI2	6	18	0.4936835940052389	0.0451954804519548	chr9	21994352.0	21994466.0	sense	0.5385026714719833	0.26881213785780456	0.15
LBX2	11	21	0.49301573816797534	0.18518148185181482	chr9	21994352.0	21994466.0	sense	0.5640090311956459	0.24871394181979292	0.15
Nr1h3::Rxra	7	26	0.488541530011957	0.1611838816118388	chr9	21994352.0	21994466.0	sense	0.5640090311956459	0.24871394181979292	0.15
TCF7L2	11	25	0.48700385403893626	0.06879312068793121	chr9	21994352.0	21994466.0	antisense	0.5385026714719833	0.26881213785780456	0.15
RXRG	10	24	0.48554202355362996	0.009499050094990502	chr9	21994352.0	21994466.0	antisense	0.38921107889211076	0.4098148060367048	0.15
HINFP	6	18	0.48449769201280707	0.0522947705229477	chr9	21994352.0	21994466.0	antisense	0.5385026714719833	0.26881213785780456	0.15
Klf4	6	16	0.48257688597649384	0.017298270172982702	chr9	21994352.0	21994466.0	antisense	0.41083391660833923	0.3863337101871818	0.15
Rxra	10	24	0.4823291806508213	0.009799020097990201	chr9	21994352.0	21994466.0	antisense	0.38921107889211076	0.4098148060367048	0.15
NFIC	16	22	0.4806390266640325	0.03949605039496051	chr9	21994352.0	21994466.0	sense	0.5176507349265074	0.285963165069619	0.15
SCRT1	7	22	0.4756391211803526	0.0390960903909609	chr9	21994352.0	21994466.0	antisense	0.5176507349265074	0.285963165069619	0.15
Hoxa11	12	24	0.4735649873045147	0.0994900509949005	chr9	21994352.0	21994466.0	antisense	0.555218671681219	0.2555359372366145	0.15
RXRB	10	24	0.4719296622616814	0.009999000099990002	chr9	21994352.0	21994466.0	antisense	0.38921107889211076	0.4098148060367048	0.15
ISL2	11	19	0.4715990267292682	0.0897910208979102	chr9	21994352.0	21994466.0	sense	0.5497229346832758	0.2598561436989743	0.15
Stat4	12	26	0.46569100852005646	0.0807919208079192	chr9	21994352.0	21994466.0	antisense	0.5402382838639213	0.26741464287770994	0.15
Hoxd8	6	23	0.46459776977303524	0.19888011198880112	chr9	21994352.0	21994466.0	antisense	0.5640090311956459	0.24871394181979292	0.15
IRF7	13	27	0.4612785386690038	0.032396760323967606	chr9	21994352.0	21994466.0	antisense	0.5095126850951269	0.2928449990996801	0.15
NFAT5	14	24	0.4602293115498458	0.07799220077992201	chr9	21994352.0	21994466.0	sense	0.5402382838639213	0.26741464287770994	0.15
GCM2	7	17	0.4521410762048021	0.0715928407159284	chr9	21994352.0	21994466.0	antisense	0.5385026714719833	0.26881213785780456	0.15
TBR1	15	25	0.44726576542827334	0.055394460553944605	chr9	21994352.0	21994466.0	antisense	0.5385026714719833	0.26881213785780456	0.15
HOXC11	13	24	0.4465618791665816	0.064993500649935	chr9	21994352.0	21994466.0	antisense	0.5385026714719833	0.26881213785780456	0.15
NFATC2	15	22	0.4452297647820363	0.0354964503549645	chr9	21994352.0	21994466.0	sense	0.511740492617405	0.290950217140598	0.15
Hoxb5	9	25	0.44378438781427326	0.21677832216778323	chr9	21994352.0	21994466.0	sense	0.5640090311956459	0.24871394181979292	0.15
RAX	11	21	0.4437744362309211	0.10878912108789121	chr9	21994352.0	21994466.0	antisense	0.5640090311956459	0.24871394181979292	0.15
LEF1	10	25	0.4419377102641455	0.05829417058294171	chr9	21994352.0	21994466.0	antisense	0.5385026714719833	0.26881213785780456	0.15
NFATC3	14	24	0.44030314143341115	0.14588541145885411	chr9	21994352.0	21994466.0	sense	0.5640090311956459	0.24871394181979292	0.15
Hoxc9	11	24	0.4374472655874847	0.0988901109889011	chr9	21994352.0	21994466.0	antisense	0.555218671681219	0.2555359372366145	0.15
SP8	6	18	0.43740222277096463	0.09019098090190981	chr9	21994352.0	21994466.0	sense	0.5497229346832758	0.2598561436989743	0.15
NFATC1	14	24	0.43651797852224766	0.18318168183181682	chr9	21994352.0	21994466.0	sense	0.5640090311956459	0.24871394181979292	0.15
Dlx1	10	20	0.4351973948516423	0.25917408259174085	chr9	21994352.0	21994466.0	antisense	0.5640090311956459	0.24871394181979292	0.15
Gmeb1	6	23	0.4342502209210196	0.6488351164883511	chr9	21994352.0	21994466.0	antisense	0.7631934323497672	0.11736537560287091	0.15
ZNF740	7	17	0.4331023398250573	0.026497350264973504	chr9	21994352.0	21994466.0	sense	0.4911473138400446	0.3087882268338161	0.15
SCRT2	9	22	0.4279138647812549	0.03849615038496151	chr9	21994352.0	21994466.0	antisense	0.5176507349265074	0.285963165069619	0.15
E2F8	15	27	0.4261772371767543	0.015998400159984	chr9	21994352.0	21994466.0	antisense	0.41083391660833923	0.3863337101871818	0.15
Pou2f3	10	26	0.4261126971327684	0.14108589141085892	chr9	21994352.0	21994466.0	antisense	0.5640090311956459	0.24871394181979292	0.15
HLTF	10	20	0.4239517736568366	0.2044795520447955	chr9	21994352.0	21994466.0	sense	0.5640090311956459	0.24871394181979292	0.15
EOMES	13	26	0.4227965576458094	0.16028397160283972	chr9	21994352.0	21994466.0	antisense	0.5640090311956459	0.24871394181979292	0.15
CENPB	9	24	0.4227472036744745	0.15908409159084091	chr9	21994352.0	21994466.0	sense	0.5640090311956459	0.24871394181979292	0.15
ELK4	8	19	0.42119685668880175	0.0704929507049295	chr9	21994352.0	21994466.0	antisense	0.5385026714719833	0.26881213785780456	0.15
MZF1(var.2)	8	18	0.4210191037668841	0.11868813118688132	chr9	21994352.0	21994466.0	antisense	0.5640090311956459	0.24871394181979292	0.15
ZIC3	6	21	0.4205170989334302	0.0741925807419258	chr9	21994352.0	21994466.0	sense	0.5402382838639213	0.26741464287770994	0.15
HOXC12	13	24	0.42048680692601637	0.055194480551944806	chr9	21994352.0	21994466.0	antisense	0.5385026714719833	0.26881213785780456	0.15
ZIC1	7	21	0.4194869484180485	0.044195580441955803	chr9	21994352.0	21994466.0	sense	0.5385026714719833	0.26881213785780456	0.15
ZBTB7B	6	18	0.4192588985728456	0.0826917308269173	chr9	21994352.0	21994466.0	sense	0.5432532696097478	0.2649976511662996	0.15
PRDM1	11	26	0.4192378359149994	0.1254874512548745	chr9	21994352.0	21994466.0	antisense	0.5640090311956459	0.24871394181979292	0.15
Sox2	13	21	0.41507552878819337	0.0187981201879812	chr9	21994352.0	21994466.0	sense	0.41083391660833923	0.3863337101871818	0.15
Sox17	12	21	0.4147431308058981	0.0781921807819218	chr9	21994352.0	21994466.0	sense	0.5402382838639213	0.26741464287770994	0.15
SPIC	7	21	0.41235475080248446	0.16748325167483252	chr9	21994352.0	21994466.0	antisense	0.5640090311956459	0.24871394181979292	0.15
SRF	7	23	0.4116133748978085	0.0527947205279472	chr9	21994352.0	21994466.0	antisense	0.5385026714719833	0.26881213785780456	0.15
HOXA2	10	20	0.4110077811302227	0.2506749325067493	chr9	21994352.0	21994466.0	antisense	0.5640090311956459	0.24871394181979292	0.15
Tcf21	6	20	0.4101710922368878	0.0575942405759424	chr9	21994352.0	21994466.0	sense	0.5385026714719833	0.26881213785780456	0.15
HOXC10	13	23	0.40579995032643396	0.1075892410758924	chr9	21994352.0	21994466.0	antisense	0.5640090311956459	0.24871394181979292	0.15
Hoxd3	9	25	0.4047394143369941	0.32696730326967305	chr9	21994352.0	21994466.0	antisense	0.5975212337921137	0.22364665681515644	0.15
TFAP2A	7	18	0.40312363350846914	0.14438556144385561	chr9	21994352.0	21994466.0	sense	0.5640090311956459	0.24871394181979292	0.15
Foxj3	8	25	0.40277420305135936	0.22317768223177684	chr9	21994352.0	21994466.0	antisense	0.5640090311956459	0.24871394181979292	0.15
Pax2	7	15	0.3999825238458895	0.2927707229277072	chr9	21994352.0	21994466.0	sense	0.5859217851799726	0.23216035417278888	0.15
Arid5a	10	24	0.3978307784146678	0.34926507349265073	chr9	21994352.0	21994466.0	sense	0.6181483892427083	0.20890725809313482	0.15
NR2F1	6	19	0.3977724222902433	0.14228577142285773	chr9	21994352.0	21994466.0	antisense	0.5640090311956459	0.24871394181979292	0.15
CDX1	14	23	0.39598104385563304	0.1277872212778722	chr9	21994352.0	21994466.0	antisense	0.5640090311956459	0.24871394181979292	0.15
EGR2	6	17	0.39511947494381916	0.0585941405859414	chr9	21994352.0	21994466.0	sense	0.5385026714719833	0.26881213785780456	0.15
NFYA	6	24	0.395039441061723	0.1805819418058194	chr9	21994352.0	21994466.0	sense	0.5640090311956459	0.24871394181979292	0.15
Neurog1	8	18	0.393665078481874	0.41535846415358463	chr9	21994352.0	21994466.0	sense	0.6530219499296529	0.18507222060377224	0.15
NEUROD2	8	18	0.38997298933937935	0.13108689131086892	chr9	21994352.0	21994466.0	sense	0.5640090311956459	0.24871394181979292	0.15
Hand1::Tcf3	13	23	0.3899301249907367	0.16148385161483853	chr9	21994352.0	21994466.0	sense	0.5640090311956459	0.24871394181979292	0.15
Stat6	13	28	0.3893765614377806	0.18198180181981802	chr9	21994352.0	21994466.0	sense	0.5640090311956459	0.24871394181979292	0.15
EGR1	6	20	0.38892747625521945	0.11258874112588742	chr9	21994352.0	21994466.0	sense	0.5640090311956459	0.24871394181979292	0.15
TEAD1	7	17	0.38549735663937235	0.18098190180981902	chr9	21994352.0	21994466.0	sense	0.5640090311956459	0.24871394181979292	0.15
HOXD11	13	23	0.38460877760396656	0.0953904609539046	chr9	21994352.0	21994466.0	antisense	0.555218671681219	0.2555359372366145	0.15
HESX1	11	21	0.3841122570691674	0.13208679132086792	chr9	21994352.0	21994466.0	antisense	0.5640090311956459	0.24871394181979292	0.15
Tcf7	13	25	0.38398963250743684	0.06269373062693731	chr9	21994352.0	21994466.0	antisense	0.5385026714719833	0.26881213785780456	0.15
Hoxd9	14	24	0.38319244611846015	0.19008099190080993	chr9	21994352.0	21994466.0	antisense	0.5640090311956459	0.24871394181979292	0.15
Tcf12	6	17	0.3815056167055842	0.09819018098190181	chr9	21994352.0	21994466.0	antisense	0.555218671681219	0.2555359372366145	0.15
VAX1	11	19	0.37912582451541227	0.2455754424557544	chr9	21994352.0	21994466.0	antisense	0.5640090311956459	0.24871394181979292	0.15
FOXC2	15	27	0.3784085326697218	0.16568343165683433	chr9	21994352.0	21994466.0	antisense	0.5640090311956459	0.24871394181979292	0.15
Dlx3	12	20	0.3782406535455332	0.23947605239476052	chr9	21994352.0	21994466.0	sense	0.5640090311956459	0.24871394181979292	0.15
SNAI2	9	18	0.377773789733578	0.1628837116288371	chr9	21994352.0	21994466.0	antisense	0.5640090311956459	0.24871394181979292	0.15
RUNX1	7	18	0.37757078712902115	0.2101789821017898	chr9	21994352.0	21994466.0	sense	0.5640090311956459	0.24871394181979292	0.15
RUNX2	9	18	0.3773611599664904	0.09109089091090891	chr9	21994352.0	21994466.0	antisense	0.5497229346832758	0.2598561436989743	0.15
IRF2	8	26	0.3750969174049666	0.07629237076292371	chr9	21994352.0	21994466.0	antisense	0.5402382838639213	0.26741464287770994	0.15
EN2	10	20	0.37176102739530287	0.2726727327267273	chr9	21994352.0	21994466.0	sense	0.5729439201828804	0.24188788474644068	0.15
REL	10	20	0.37101541106033764	0.15098490150984903	chr9	21994352.0	21994466.0	sense	0.5640090311956459	0.24871394181979292	0.15
GSX1	10	20	0.37046010425532305	0.47215278472152783	chr9	21994352.0	21994466.0	sense	0.6605048390039703	0.18012399630074247	0.15
E2F7	14	28	0.3698141353715923	0.03189681031896811	chr9	21994352.0	21994466.0	sense	0.5095126850951269	0.2928449990996801	0.15
NOTO	11	21	0.36746707212729224	0.21087891210878912	chr9	21994352.0	21994466.0	sense	0.5640090311956459	0.24871394181979292	0.15
HOXB3	11	21	0.3671484086146964	0.36676332366763326	chr9	21994352.0	21994466.0	sense	0.6311577451526371	0.19986208404026162	0.15
NRL	7	18	0.3668909594324301	0.4527547245275472	chr9	21994352.0	21994466.0	antisense	0.6539028162401151	0.18448679220611802	0.15
TAL1::TCF3	6	18	0.36191431757542747	0.13508649135086492	chr9	21994352.0	21994466.0	sense	0.5640090311956459	0.24871394181979292	0.15
RORA(var.2)	6	20	0.36157572419788253	0.1060893910608939	chr9	21994352.0	21994466.0	antisense	0.5640090311956459	0.24871394181979292	0.15
HOXA5	10	18	0.3614810932538754	0.135986401359864	chr9	21994352.0	21994466.0	sense	0.5640090311956459	0.24871394181979292	0.15
NR1H2::RXRA	8	25	0.3610241084478249	0.039896010398960104	chr9	21994352.0	21994466.0	antisense	0.5176507349265074	0.285963165069619	0.15
Dlx4	12	20	0.3604625642114593	0.23417658234176583	chr9	21994352.0	21994466.0	sense	0.5640090311956459	0.24871394181979292	0.15
VAX2	11	19	0.3567722995466298	0.2532746725327467	chr9	21994352.0	21994466.0	antisense	0.5640090311956459	0.24871394181979292	0.15
HOXC13	13	24	0.356376985030989	0.12058794120587941	chr9	21994352.0	21994466.0	antisense	0.5640090311956459	0.24871394181979292	0.15
TFAP2A(var.2)	7	19	0.35629819477996555	0.24867513248675133	chr9	21994352.0	21994466.0	sense	0.5640090311956459	0.24871394181979292	0.15
OLIG3	8	18	0.35491858013872074	0.16718328167183283	chr9	21994352.0	21994466.0	sense	0.5640090311956459	0.24871394181979292	0.15
EVX2	11	21	0.3548587527277057	0.39586041395860416	chr9	21994352.0	21994466.0	sense	0.6487664713152509	0.18791160284596786	0.15
POU3F1	13	25	0.35369819763620935	0.2536746325367463	chr9	21994352.0	21994466.0	antisense	0.5640090311956459	0.24871394181979292	0.15
Tcfl5	8	18	0.35347520103236857	0.5745425457454254	chr9	21994352.0	21994466.0	sense	0.7247682011459871	0.13980086937343325	0.15
EVX1	11	21	0.35266959930943975	0.39546045395460455	chr9	21994352.0	21994466.0	sense	0.6487664713152509	0.18791160284596786	0.15
ZNF263	6	27	0.3522623077045081	0.24647535246475352	chr9	21994352.0	21994466.0	antisense	0.5640090311956459	0.24871394181979292	0.15
POU4F3	7	23	0.35212336947389367	0.32156784321567844	chr9	21994352.0	21994466.0	antisense	0.5955983906909662	0.22504648438355734	0.15
FOXA1	9	24	0.3514997354284045	0.2528747125287471	chr9	21994352.0	21994466.0	sense	0.5640090311956459	0.24871394181979292	0.15
MEF2A	9	21	0.3498221091435675	0.08029197080291971	chr9	21994352.0	21994466.0	antisense	0.5402382838639213	0.26741464287770994	0.15
HOXD12	13	24	0.34946831095325015	0.12428757124287572	chr9	21994352.0	21994466.0	antisense	0.5640090311956459	0.24871394181979292	0.15
GLIS2	6	20	0.3492832956206947	0.12788721127887212	chr9	21994352.0	21994466.0	sense	0.5640090311956459	0.24871394181979292	0.15
FOXP1	10	25	0.34840158102645713	0.21747825217478253	chr9	21994352.0	21994466.0	antisense	0.5640090311956459	0.24871394181979292	0.15
Hmx1	7	24	0.34780354381264955	0.37616238376162386	chr9	21994352.0	21994466.0	sense	0.6342885066332076	0.19771315798768435	0.15
Znf423	8	23	0.3476598551520639	0.0923907609239076	chr9	21994352.0	21994466.0	antisense	0.5511586772357246	0.25872335082691666	0.15
ESX1	11	21	0.34746238417767705	0.41955804419558046	chr9	21994352.0	21994466.0	sense	0.6530219499296529	0.18507222060377224	0.15
LIN54	14	23	0.3472486459047128	0.1090890910908909	chr9	21994352.0	21994466.0	sense	0.5640090311956459	0.24871394181979292	0.15
GSC2	10	20	0.34632698327634076	0.42755724427557246	chr9	21994352.0	21994466.0	antisense	0.6530219499296529	0.18507222060377224	0.15
GBX2	11	21	0.34583020734646824	0.22097790220977903	chr9	21994352.0	21994466.0	sense	0.5640090311956459	0.24871394181979292	0.15
Creb3l2	8	17	0.34412831521030385	0.0872912708729127	chr9	21994352.0	21994466.0	sense	0.5497229346832758	0.2598561436989743	0.15
MNX1	14	24	0.3423079204619016	0.3043695630436956	chr9	21994352.0	21994466.0	antisense	0.5896257389186454	0.22942356648829948	0.15
Stat5a::Stat5b	14	25	0.3419583991010812	0.14808519148085192	chr9	21994352.0	21994466.0	sense	0.5640090311956459	0.24871394181979292	0.15
ETV5	8	18	0.3415641154865309	0.2903709629037096	chr9	21994352.0	21994466.0	sense	0.5859217851799726	0.23216035417278888	0.15
TFCP2	6	16	0.3413872826865442	0.17128287171282872	chr9	21994352.0	21994466.0	antisense	0.5640090311956459	0.24871394181979292	0.15
Nkx2-5(var.2)	7	18	0.3406677488648719	0.18338166183381663	chr9	21994352.0	21994466.0	sense	0.5640090311956459	0.24871394181979292	0.15
TEAD4	9	19	0.33980796346447717	0.26987301269873015	chr9	21994352.0	21994466.0	antisense	0.5716901779209834	0.24283926923642063	0.15
Bcl6	12	26	0.3387733324969963	0.2863713628637136	chr9	21994352.0	21994466.0	antisense	0.5859217851799726	0.23216035417278888	0.15
POU2F2	11	24	0.3385403319653985	0.1733826617338266	chr9	21994352.0	21994466.0	sense	0.5640090311956459	0.24871394181979292	0.15
SRY	15	24	0.33832012239307324	0.23417658234176583	chr9	21994352.0	21994466.0	antisense	0.5640090311956459	0.24871394181979292	0.15
CREB3L1	6	20	0.3375596802216526	0.1800819918008199	chr9	21994352.0	21994466.0	sense	0.5640090311956459	0.24871394181979292	0.15
Twist2	8	18	0.33699801456537604	0.1693830616938306	chr9	21994352.0	21994466.0	sense	0.5640090311956459	0.24871394181979292	0.15
BARX1	11	19	0.3366863171230578	0.19198080191980801	chr9	21994352.0	21994466.0	sense	0.5640090311956459	0.24871394181979292	0.15
FOXD2	13	20	0.33638166612953657	0.14278572142785723	chr9	21994352.0	21994466.0	antisense	0.5640090311956459	0.24871394181979292	0.15
Klf1	7	18	0.3360575847876833	0.13808619138086192	chr9	21994352.0	21994466.0	sense	0.5640090311956459	0.24871394181979292	0.15
Foxk1	9	26	0.33391640912593673	0.2765723427657234	chr9	21994352.0	21994466.0	antisense	0.5775121283052418	0.2384388907419094	0.15
ETV1	8	18	0.3331602262604071	0.24377562243775622	chr9	21994352.0	21994466.0	sense	0.5640090311956459	0.24871394181979292	0.15
ELK3	8	18	0.3329504511796548	0.20137986201379862	chr9	21994352.0	21994466.0	sense	0.5640090311956459	0.24871394181979292	0.15
Hmx3	7	24	0.3328406417224078	0.392960703929607	chr9	21994352.0	21994466.0	sense	0.6487664713152509	0.18791160284596786	0.15
GATA1::TAL1	6	24	0.33221048023814703	0.39786021397860216	chr9	21994352.0	21994466.0	antisense	0.6487664713152509	0.18791160284596786	0.15
E2F4	14	25	0.33144730180180343	0.14438556144385561	chr9	21994352.0	21994466.0	antisense	0.5640090311956459	0.24871394181979292	0.15
ETV4	8	18	0.32978633699412346	0.24437556244375563	chr9	21994352.0	21994466.0	sense	0.5640090311956459	0.24871394181979292	0.15
CREB3	6	20	0.3281510062402829	0.23277672232776722	chr9	21994352.0	21994466.0	sense	0.5640090311956459	0.24871394181979292	0.15
NKX3-2	10	19	0.3278696288340089	0.22717728227177283	chr9	21994352.0	21994466.0	sense	0.5640090311956459	0.24871394181979292	0.15
POU5F1B	14	23	0.32650809738320796	0.20367963203679632	chr9	21994352.0	21994466.0	antisense	0.5640090311956459	0.24871394181979292	0.15
EMX2	11	21	0.32610033192020216	0.2673732626737326	chr9	21994352.0	21994466.0	sense	0.5687160792117509	0.24510449284116867	0.15
ETV3	8	18	0.3242505913367603	0.23777622237776222	chr9	21994352.0	21994466.0	sense	0.5640090311956459	0.24871394181979292	0.15
MAX::MYC	8	19	0.3238335779842517	0.17998200179982002	chr9	21994352.0	21994466.0	antisense	0.5640090311956459	0.24871394181979292	0.15
ESR2	6	21	0.3233201103681285	0.44375562443755623	chr9	21994352.0	21994466.0	sense	0.6530219499296529	0.18507222060377224	0.15
Rarb(var.2)	6	23	0.3233144772642555	0.0907909209079092	chr9	21994352.0	21994466.0	antisense	0.5497229346832758	0.2598561436989743	0.15
Foxo1	10	21	0.32320511089840714	0.1857814218578142	chr9	21994352.0	21994466.0	sense	0.5640090311956459	0.24871394181979292	0.15
MEF2B	11	23	0.32218525767040646	0.08689131086891311	chr9	21994352.0	21994466.0	antisense	0.5497229346832758	0.2598561436989743	0.15
TFAP2C(var.2)	7	18	0.3220814416652304	0.2770722927707229	chr9	21994352.0	21994466.0	sense	0.5775121283052418	0.2384388907419094	0.15
Pou5f1::Sox2	13	28	0.32205052991927774	0.3097690230976902	chr9	21994352.0	21994466.0	sense	0.5916389978649194	0.22794320722527714	0.15
STAT1::STAT2	6	21	0.32084471916953644	0.2106789321067893	chr9	21994352.0	21994466.0	sense	0.5640090311956459	0.24871394181979292	0.15
E2F6	14	25	0.3202300559210243	0.1476852314768523	chr9	21994352.0	21994466.0	antisense	0.5640090311956459	0.24871394181979292	0.15
Myod1	7	20	0.31994288434908186	0.27997200279972	chr9	21994352.0	21994466.0	sense	0.5812218778122188	0.23565804675822316	0.15
POU3F2	13	25	0.3198520047941291	0.22777722227777222	chr9	21994352.0	21994466.0	antisense	0.5640090311956459	0.24871394181979292	0.15
FEV	8	18	0.31946766632205287	0.22237776222377761	chr9	21994352.0	21994466.0	sense	0.5640090311956459	0.24871394181979292	0.15
INSM1	7	19	0.31833723935046687	0.15408459154084592	chr9	21994352.0	21994466.0	antisense	0.5640090311956459	0.24871394181979292	0.15
POU3F3	13	26	0.3180883930426595	0.293970602939706	chr9	21994352.0	21994466.0	antisense	0.5859217851799726	0.23216035417278888	0.15
MSX1	12	20	0.31730094657249197	0.2508749125087491	chr9	21994352.0	21994466.0	sense	0.5640090311956459	0.24871394181979292	0.15
JUN	6	19	0.31714537578540114	0.21357864213578642	chr9	21994352.0	21994466.0	antisense	0.5640090311956459	0.24871394181979292	0.15
HOXB2	10	20	0.3167594261872466	0.4991500849915009	chr9	21994352.0	21994466.0	sense	0.6889864205068855	0.16178933768169826	0.15
ZBTB18	6	19	0.3167409538222281	0.22087791220877911	chr9	21994352.0	21994466.0	sense	0.5640090311956459	0.24871394181979292	0.15
HNF1A	7	22	0.3167388280628522	0.26047395260473954	chr9	21994352.0	21994466.0	antisense	0.5640090311956459	0.24871394181979292	0.15
FOXP3	13	20	0.3157631730270048	0.18798120187981202	chr9	21994352.0	21994466.0	antisense	0.5640090311956459	0.24871394181979292	0.15
PAX1	7	24	0.3151953626445768	0.20307969203079693	chr9	21994352.0	21994466.0	sense	0.5640090311956459	0.24871394181979292	0.15
PITX3	11	20	0.31494362803238235	0.31956804319568044	chr9	21994352.0	21994466.0	antisense	0.5944652846543302	0.2258735020600486	0.15
GSX2	11	21	0.3147937930225093	0.6045395460453955	chr9	21994352.0	21994466.0	sense	0.7347916262237945	0.1338358016116304	0.15
IRF8	13	27	0.31472328668422433	0.08099190080991901	chr9	21994352.0	21994466.0	antisense	0.5402382838639213	0.26741464287770994	0.15
Gabpa	9	20	0.31402167528099045	0.2233776622337766	chr9	21994352.0	21994466.0	sense	0.5640090311956459	0.24871394181979292	0.15
Ascl2	7	17	0.31349029133689954	0.1735826417358264	chr9	21994352.0	21994466.0	antisense	0.5640090311956459	0.24871394181979292	0.15
Nr2e3	10	17	0.31230865815719716	0.0811918808119188	chr9	21994352.0	21994466.0	sense	0.5402382838639213	0.26741464287770994	0.15
Nr2e1	10	19	0.31225134446049746	0.20677932206779323	chr9	21994352.0	21994466.0	antisense	0.5640090311956459	0.24871394181979292	0.15
CEBPE	14	24	0.31208468699357517	0.23527647235276472	chr9	21994352.0	21994466.0	antisense	0.5640090311956459	0.24871394181979292	0.15
RUNX3	6	16	0.3110229838607075	0.23407659234076592	chr9	21994352.0	21994466.0	sense	0.5640090311956459	0.24871394181979292	0.15
TFAP2B(var.2)	7	18	0.31033747936434103	0.2521747825217478	chr9	21994352.0	21994466.0	antisense	0.5640090311956459	0.24871394181979292	0.15
Hmx2	7	24	0.30985311503429713	0.41355864413558646	chr9	21994352.0	21994466.0	sense	0.6530219499296529	0.18507222060377224	0.15
Dlx2	11	19	0.30955961859226644	0.23527647235276472	chr9	21994352.0	21994466.0	sense	0.5640090311956459	0.24871394181979292	0.15
Esrrg	9	19	0.30924348942834146	0.19468053194680532	chr9	21994352.0	21994466.0	antisense	0.5640090311956459	0.24871394181979292	0.15
SMAD2::SMAD3::SMAD4	12	25	0.30905659082024767	0.31496850314968505	chr9	21994352.0	21994466.0	sense	0.5943635852242114	0.22594780628084968	0.15
CDX2	14	25	0.308911281648079	0.16978302169783022	chr9	21994352.0	21994466.0	antisense	0.5640090311956459	0.24871394181979292	0.15
POU2F1	14	26	0.3086353417424149	0.34526547345265474	chr9	21994352.0	21994466.0	antisense	0.6181483892427083	0.20890725809313482	0.15
ERG	8	18	0.3069435391664908	0.2333766623337666	chr9	21994352.0	21994466.0	sense	0.5640090311956459	0.24871394181979292	0.15
Dmbx1	6	23	0.306555433826788	0.5101489851014899	chr9	21994352.0	21994466.0	sense	0.696756113862298	0.15691921177144375	0.15
MIXL1	10	20	0.30628070992575246	0.5468453154684532	chr9	21994352.0	21994466.0	antisense	0.7166987846669879	0.14466333197927836	0.15
ALX3	15	25	0.3046682267037442	0.5197480251974802	chr9	21994352.0	21994466.0	antisense	0.7080032154264888	0.14996476993903035	0.15
ELK1	8	18	0.30414266852532706	0.16148385161483853	chr9	21994352.0	21994466.0	sense	0.5640090311956459	0.24871394181979292	0.15
CEBPA	14	25	0.3036963285809605	0.22797720227977203	chr9	21994352.0	21994466.0	sense	0.5640090311956459	0.24871394181979292	0.15
NFIL3	15	26	0.30337946001355864	0.19268073192680732	chr9	21994352.0	21994466.0	sense	0.5640090311956459	0.24871394181979292	0.15
DLX6	11	19	0.30281018456057934	0.2953704629537046	chr9	21994352.0	21994466.0	antisense	0.5859217851799726	0.23216035417278888	0.15
POU1F1	12	26	0.302421302266596	0.34066593340665935	chr9	21994352.0	21994466.0	antisense	0.6181483892427083	0.20890725809313482	0.15
NRF1	6	17	0.30236176327285935	0.18648135186481352	chr9	21994352.0	21994466.0	sense	0.5640090311956459	0.24871394181979292	0.15
MNT	8	18	0.302133362840832	0.28647135286471354	chr9	21994352.0	21994466.0	antisense	0.5859217851799726	0.23216035417278888	0.15
MSC	8	18	0.3019069037266245	0.15578442155784422	chr9	21994352.0	21994466.0	sense	0.5640090311956459	0.24871394181979292	0.15
ETS1	8	18	0.3018313093158193	0.23257674232576742	chr9	21994352.0	21994466.0	sense	0.5640090311956459	0.24871394181979292	0.15
Myog	6	17	0.3007607211197335	0.22447755224477553	chr9	21994352.0	21994466.0	antisense	0.5640090311956459	0.24871394181979292	0.15
Prrx2	12	20	0.30044297363365435	0.4413558644135586	chr9	21994352.0	21994466.0	sense	0.6530219499296529	0.18507222060377224	0.15
NKX2-3	10	20	0.3003536992829094	0.3016698330166983	chr9	21994352.0	21994466.0	sense	0.5885964035175429	0.2301823958844834	0.15
MYF6	7	17	0.2990565056002965	0.1531846815318468	chr9	21994352.0	21994466.0	antisense	0.5640090311956459	0.24871394181979292	0.15
POU6F2	8	18	0.298442751224518	0.263973602639736	chr9	21994352.0	21994466.0	sense	0.5640090311956459	0.24871394181979292	0.15
SPDEF	8	19	0.2979937364004318	0.21437856214378562	chr9	21994352.0	21994466.0	sense	0.5640090311956459	0.24871394181979292	0.15
Foxd3	10	22	0.2970005377608362	0.23847615238476152	chr9	21994352.0	21994466.0	sense	0.5640090311956459	0.24871394181979292	0.15
GSC	11	21	0.2954833959475668	0.4066593340665933	chr9	21994352.0	21994466.0	antisense	0.6530219499296529	0.18507222060377224	0.15
Nkx3-1	10	19	0.2954344548153681	0.24527547245275472	chr9	21994352.0	21994466.0	sense	0.5640090311956459	0.24871394181979292	0.15
MAFK	13	28	0.2948529437693103	0.46265373462653736	chr9	21994352.0	21994466.0	antisense	0.6539028162401151	0.18448679220611802	0.15
TFE3	8	18	0.2946730874746459	0.45735426457354267	chr9	21994352.0	21994466.0	antisense	0.6539028162401151	0.18448679220611802	0.15
GRHL1	6	18	0.2945590197425953	0.2638736126387361	chr9	21994352.0	21994466.0	antisense	0.5640090311956459	0.24871394181979292	0.15
CLOCK	8	18	0.29410142888375784	0.2713728627137286	chr9	21994352.0	21994466.0	antisense	0.5725305518228665	0.24220133320806567	0.15
RAX2	12	20	0.29394796809515367	0.42915708429157085	chr9	21994352.0	21994466.0	sense	0.6530219499296529	0.18507222060377224	0.15
TFAP2C	7	19	0.2937596256618031	0.43225677432256776	chr9	21994352.0	21994466.0	sense	0.6530219499296529	0.18507222060377224	0.15
MEIS2	16	24	0.29344970697399086	0.20757924207579243	chr9	21994352.0	21994466.0	sense	0.5640090311956459	0.24871394181979292	0.15
ETV6	12	22	0.2925640061860298	0.2532746725327467	chr9	21994352.0	21994466.0	antisense	0.5640090311956459	0.24871394181979292	0.15
TBX21	8	18	0.29256289686778153	0.21987801219878012	chr9	21994352.0	21994466.0	antisense	0.5640090311956459	0.24871394181979292	0.15
PAX9	7	24	0.2920366041111557	0.18888111188881113	chr9	21994352.0	21994466.0	sense	0.5640090311956459	0.24871394181979292	0.15
Arid3a	15	21	0.291741663734076	0.10518948105189481	chr9	21994352.0	21994466.0	antisense	0.5640090311956459	0.24871394181979292	0.15
Rarg	9	25	0.29164331912204444	0.11968803119688032	chr9	21994352.0	21994466.0	antisense	0.5640090311956459	0.24871394181979292	0.15
SHOX	12	20	0.29072803441674766	0.39876012398760124	chr9	21994352.0	21994466.0	antisense	0.6487664713152509	0.18791160284596786	0.15
RELA	10	20	0.2899762580994861	0.1347865213478652	chr9	21994352.0	21994466.0	sense	0.5640090311956459	0.24871394181979292	0.15
HLF	13	25	0.2898629745616996	0.36946305369463056	chr9	21994352.0	21994466.0	sense	0.6321265899725816	0.199195940987716	0.15
TBX19	7	27	0.2894199324498131	0.3434656534346565	chr9	21994352.0	21994466.0	antisense	0.6181483892427083	0.20890725809313482	0.15
KLF16	6	17	0.28936003008815553	0.20017998200179982	chr9	21994352.0	21994466.0	sense	0.5640090311956459	0.24871394181979292	0.15
NKX2-8	11	20	0.28882699380413857	0.3755624437556244	chr9	21994352.0	21994466.0	sense	0.6342885066332076	0.19771315798768435	0.15
Gata1	7	18	0.2886105149346063	0.23397660233976603	chr9	21994352.0	21994466.0	sense	0.5640090311956459	0.24871394181979292	0.15
FLI1	8	18	0.2882837537402732	0.21757824217578242	chr9	21994352.0	21994466.0	sense	0.5640090311956459	0.24871394181979292	0.15
TBX20	15	26	0.28815334744900145	0.26407359264073593	chr9	21994352.0	21994466.0	antisense	0.5640090311956459	0.24871394181979292	0.15
Pax6	8	22	0.28778086431947986	0.44055594440555945	chr9	21994352.0	21994466.0	sense	0.6530219499296529	0.18507222060377224	0.15
Arx	7	24	0.2875888131101179	0.4273572642735726	chr9	21994352.0	21994466.0	sense	0.6530219499296529	0.18507222060377224	0.15
ERF	8	18	0.2861406201609573	0.24627537246275372	chr9	21994352.0	21994466.0	sense	0.5640090311956459	0.24871394181979292	0.15
HNF1B	8	21	0.2842547298343629	0.25547445255474455	chr9	21994352.0	21994466.0	antisense	0.5640090311956459	0.24871394181979292	0.15
EWSR1-FLI1	9	27	0.28420751711072695	0.05579442055794421	chr9	21994352.0	21994466.0	antisense	0.5385026714719833	0.26881213785780456	0.15
CEBPB	14	24	0.2841306072496953	0.24827517248275172	chr9	21994352.0	21994466.0	antisense	0.5640090311956459	0.24871394181979292	0.15
TBX5	9	17	0.28408541384253183	0.3788621137886211	chr9	21994352.0	21994466.0	antisense	0.6342885066332076	0.19771315798768435	0.15
BSX	12	20	0.2831348108701294	0.31186881311868814	chr9	21994352.0	21994466.0	sense	0.5916765987634812	0.22791560704353012	0.15
Npas2	8	18	0.28281185271142034	0.3173682631736826	chr9	21994352.0	21994466.0	sense	0.5943635852242114	0.22594780628084968	0.15
TFAP2B	7	19	0.28242767901704174	0.42905709429057093	chr9	21994352.0	21994466.0	sense	0.6530219499296529	0.18507222060377224	0.15
TCF3	7	17	0.2823923802349808	0.3183681631836816	chr9	21994352.0	21994466.0	antisense	0.5943635852242114	0.22594780628084968	0.15
FOXL1	13	20	0.28098707318926636	0.15278472152784722	chr9	21994352.0	21994466.0	antisense	0.5640090311956459	0.24871394181979292	0.15
ZBED1	14	27	0.2800473412421845	0.1785821417858214	chr9	21994352.0	21994466.0	sense	0.5640090311956459	0.24871394181979292	0.15
Gata4	14	25	0.27973557844714575	0.2625737426257374	chr9	21994352.0	21994466.0	sense	0.5640090311956459	0.24871394181979292	0.15
TP73	8	26	0.27843578247407114	0.38886111388861117	chr9	21994352.0	21994466.0	sense	0.6468555067570166	0.18919272029938783	0.15
MEOX1	11	21	0.2779056816833748	0.4410558944105589	chr9	21994352.0	21994466.0	sense	0.6530219499296529	0.18507222060377224	0.15
NEUROG2	8	18	0.27719667265072406	0.18688131186881313	chr9	21994352.0	21994466.0	antisense	0.5640090311956459	0.24871394181979292	0.15
CEBPD	14	24	0.2757775527730754	0.24747525247475252	chr9	21994352.0	21994466.0	antisense	0.5640090311956459	0.24871394181979292	0.15
GLIS3	6	20	0.27560535464059727	0.15678432156784322	chr9	21994352.0	21994466.0	sense	0.5640090311956459	0.24871394181979292	0.15
VENTX	11	20	0.2754079572839716	0.2876712328767123	chr9	21994352.0	21994466.0	sense	0.5859217851799726	0.23216035417278888	0.15
Atoh1	8	18	0.2754073949961411	0.3501649835016498	chr9	21994352.0	21994466.0	antisense	0.6181483892427083	0.20890725809313482	0.15
MEOX2	10	20	0.27261441268743897	0.6427357264273572	chr9	21994352.0	21994466.0	sense	0.7582539473325395	0.12018532015310114	0.15
BHLHE22	8	18	0.27204356688709175	0.26107389261073893	chr9	21994352.0	21994466.0	sense	0.5640090311956459	0.24871394181979292	0.15
Nfe2l2	7	22	0.27190964830287573	0.4383561643835616	chr9	21994352.0	21994466.0	sense	0.6530219499296529	0.18507222060377224	0.15
UNCX	11	19	0.27178832151298127	0.48635136486351366	chr9	21994352.0	21994466.0	antisense	0.6749100491020417	0.17075410536420646	0.15
FOXO4	13	20	0.2717469710448762	0.17378262173782622	chr9	21994352.0	21994466.0	antisense	0.5640090311956459	0.24871394181979292	0.15
STAT1	15	26	0.27167185766917035	0.23447655234476553	chr9	21994352.0	21994466.0	antisense	0.5640090311956459	0.24871394181979292	0.15
NFYB	12	27	0.2715655377551491	0.45195480451954806	chr9	21994352.0	21994466.0	antisense	0.6539028162401151	0.18448679220611802	0.15
GBX1	11	21	0.27009502863682955	0.35366463353664634	chr9	21994352.0	21994466.0	sense	0.6218640762186407	0.2063045307417713	0.15
OLIG2	11	21	0.26937808088637993	0.29247075292470753	chr9	21994352.0	21994466.0	antisense	0.5859217851799726	0.23216035417278888	0.15
TFEC	8	18	0.2691696550468926	0.41385861413858616	chr9	21994352.0	21994466.0	antisense	0.6530219499296529	0.18507222060377224	0.15
Hoxa9	8	19	0.2679019613589868	0.29757024297570245	chr9	21994352.0	21994466.0	sense	0.5859217851799726	0.23216035417278888	0.15
Mitf	7	17	0.2669957183334481	0.7000299970003	chr9	21994352.0	21994466.0	sense	0.8002545560421932	0.09677184463356288	0.15
ZNF354C	7	13	0.26643395481361315	0.18468153184681532	chr9	21994352.0	21994466.0	sense	0.5640090311956459	0.24871394181979292	0.15
PBX1	15	27	0.2654309368903	0.3123687631236876	chr9	21994352.0	21994466.0	antisense	0.5916765987634812	0.22791560704353012	0.15
BHLHE23	6	18	0.26516566075110665	0.29917008299170084	chr9	21994352.0	21994466.0	antisense	0.5859217851799726	0.23216035417278888	0.15
Rarb	10	26	0.265079876623757	0.134986501349865	chr9	21994352.0	21994466.0	antisense	0.5640090311956459	0.24871394181979292	0.15
MZF1	8	14	0.2632373739660433	0.19038096190380963	chr9	21994352.0	21994466.0	antisense	0.5640090311956459	0.24871394181979292	0.15
Klf12	7	22	0.2629560314750195	0.3241675832416758	chr9	21994352.0	21994466.0	sense	0.5955983906909662	0.22504648438355734	0.15
HOXA13	13	23	0.262943178726496	0.29857014298570145	chr9	21994352.0	21994466.0	antisense	0.5859217851799726	0.23216035417278888	0.15
RARA(var.2)	6	23	0.2625744363039277	0.22037796220377961	chr9	21994352.0	21994466.0	antisense	0.5640090311956459	0.24871394181979292	0.15
EHF	6	18	0.2624684993764481	0.3488651134886511	chr9	21994352.0	21994466.0	sense	0.6181483892427083	0.20890725809313482	0.15
MEIS3	16	24	0.26245356112298385	0.4183581641835816	chr9	21994352.0	21994466.0	sense	0.6530219499296529	0.18507222060377224	0.15
ELF5	7	18	0.26201818788472436	0.505949405059494	chr9	21994352.0	21994466.0	sense	0.6946765640896228	0.15821735242583104	0.15
MYBL2	10	25	0.26118629970101725	0.40585941405859416	chr9	21994352.0	21994466.0	antisense	0.6530219499296529	0.18507222060377224	0.15
LHX9	12	20	0.2611650571143717	0.44415558444155584	chr9	21994352.0	21994466.0	sense	0.6530219499296529	0.18507222060377224	0.15
TCF4	7	17	0.26104371937389753	0.3424657534246575	chr9	21994352.0	21994466.0	sense	0.6181483892427083	0.20890725809313482	0.15
FOXI1	13	20	0.2602823610892676	0.17328267173282672	chr9	21994352.0	21994466.0	antisense	0.5640090311956459	0.24871394181979292	0.15
ELF1	6	18	0.2593812877548297	0.2980701929807019	chr9	21994352.0	21994466.0	sense	0.5859217851799726	0.23216035417278888	0.15
DBP	13	25	0.2564651833259918	0.3702629737026297	chr9	21994352.0	21994466.0	sense	0.6321265899725816	0.199195940987716	0.15
VSX1	11	19	0.25637714520269833	0.4567543245675432	chr9	21994352.0	21994466.0	antisense	0.6539028162401151	0.18448679220611802	0.15
TBX4	9	17	0.25591315656610575	0.3571642835716428	chr9	21994352.0	21994466.0	antisense	0.622041151589539	0.20618088328815126	0.15
MAX	8	18	0.2557364625218521	0.41715828417158285	chr9	21994352.0	21994466.0	sense	0.6530219499296529	0.18507222060377224	0.15
POU3F4	14	23	0.2548846380183954	0.22647735226477353	chr9	21994352.0	21994466.0	antisense	0.5640090311956459	0.24871394181979292	0.15
ELF4	6	18	0.2544319187434047	0.30896910308969106	chr9	21994352.0	21994466.0	sense	0.5916389978649194	0.22794320722527714	0.15
FOXD1	12	20	0.2523009179563713	0.261973802619738	chr9	21994352.0	21994466.0	antisense	0.5640090311956459	0.24871394181979292	0.15
MEIS1	16	23	0.25183748168255643	0.45285471452854714	chr9	21994352.0	21994466.0	sense	0.6539028162401151	0.18448679220611802	0.15
TFEB	8	18	0.2514574376461796	0.43715628437156284	chr9	21994352.0	21994466.0	antisense	0.6530219499296529	0.18507222060377224	0.15
T	6	22	0.25144217123806556	0.37806219378062195	chr9	21994352.0	21994466.0	antisense	0.6342885066332076	0.19771315798768435	0.15
NHLH1	7	17	0.251069526407827	0.3498650134986501	chr9	21994352.0	21994466.0	sense	0.6181483892427083	0.20890725809313482	0.15
LMX1B	15	23	0.250686146062609	0.5244475552444755	chr9	21994352.0	21994466.0	antisense	0.7090939343565643	0.14929622959759667	0.15
LHX6	11	21	0.2504494970723363	0.43295670432956707	chr9	21994352.0	21994466.0	antisense	0.6530219499296529	0.18507222060377224	0.15
FOXP2	15	26	0.24983638438843836	0.29847015298470153	chr9	21994352.0	21994466.0	antisense	0.5859217851799726	0.23216035417278888	0.15
ZEB1	9	18	0.2488528911503721	0.26037396260373963	chr9	21994352.0	21994466.0	sense	0.5640090311956459	0.24871394181979292	0.15
Foxj2	12	20	0.24837908561625974	0.22917708229177083	chr9	21994352.0	21994466.0	antisense	0.5640090311956459	0.24871394181979292	0.15
FOXO6	13	20	0.24824417578736463	0.18318168183181682	chr9	21994352.0	21994466.0	antisense	0.5640090311956459	0.24871394181979292	0.15
HEY2	8	18	0.2469239061112373	0.4256574342565743	chr9	21994352.0	21994466.0	antisense	0.6530219499296529	0.18507222060377224	0.15
PAX4	12	20	0.2467934794065116	0.39146085391460855	chr9	21994352.0	21994466.0	antisense	0.6487664713152509	0.18791160284596786	0.15
HOXD13	13	23	0.2467164960253893	0.2977702229777022	chr9	21994352.0	21994466.0	antisense	0.5859217851799726	0.23216035417278888	0.15
HOXB13	13	23	0.24541700292885624	0.32896710328967105	chr9	21994352.0	21994466.0	antisense	0.5990664091485588	0.22252503148694072	0.15
PRRX1	11	19	0.2453730375810275	0.45715428457154283	chr9	21994352.0	21994466.0	antisense	0.6539028162401151	0.18448679220611802	0.15
Foxq1	10	21	0.2444830970433729	0.3100689931006899	chr9	21994352.0	21994466.0	sense	0.5916389978649194	0.22794320722527714	0.15
TEF	13	25	0.2444591500530298	0.36726327367263273	chr9	21994352.0	21994466.0	sense	0.6311577451526371	0.19986208404026162	0.15
Nobox	11	19	0.24432171828231106	0.36246375362463756	chr9	21994352.0	21994466.0	antisense	0.6287921207879212	0.20149290895301059	0.15
RARA	7	25	0.2430031551133128	0.16598340165983402	chr9	21994352.0	21994466.0	antisense	0.5640090311956459	0.24871394181979292	0.15
EN1	12	20	0.241922295789951	0.400959904009599	chr9	21994352.0	21994466.0	antisense	0.6503068443155685	0.18688167512812842	0.15
HSF4	6	19	0.2412934475800315	0.5732426757324267	chr9	21994352.0	21994466.0	sense	0.7247682011459871	0.13980086937343325	0.15
VSX2	12	20	0.24102356264634564	0.41655834416558346	chr9	21994352.0	21994466.0	antisense	0.6530219499296529	0.18507222060377224	0.15
Atf3	9	17	0.23994179891824577	0.30886911308869114	chr9	21994352.0	21994466.0	antisense	0.5916389978649194	0.22794320722527714	0.15
IRF9	13	28	0.2396801010106975	0.16798320167983202	chr9	21994352.0	21994466.0	antisense	0.5640090311956459	0.24871394181979292	0.15
SPIB	7	14	0.2395162116164342	0.3247675232476752	chr9	21994352.0	21994466.0	antisense	0.5955983906909662	0.22504648438355734	0.15
PDX1	11	19	0.23891908887026628	0.3457654234576542	chr9	21994352.0	21994466.0	sense	0.6181483892427083	0.20890725809313482	0.15
FOXC1	12	23	0.23793867196565904	0.42445755424457554	chr9	21994352.0	21994466.0	antisense	0.6530219499296529	0.18507222060377224	0.15
Pitx1	11	19	0.23740959271345102	0.5094490550944906	chr9	21994352.0	21994466.0	antisense	0.696756113862298	0.15691921177144375	0.15
TFAP4	8	18	0.23723639698552687	0.32266773322667736	chr9	21994352.0	21994466.0	antisense	0.5955983906909662	0.22504648438355734	0.15
Foxa2	13	25	0.23702513683474444	0.4510548945105489	chr9	21994352.0	21994466.0	antisense	0.6539028162401151	0.18448679220611802	0.15
Msx3	12	20	0.23641977620455618	0.3558644135586441	chr9	21994352.0	21994466.0	sense	0.6218640762186407	0.2063045307417713	0.15
FOXG1	12	20	0.23587871012549325	0.20107989201079893	chr9	21994352.0	21994466.0	antisense	0.5640090311956459	0.24871394181979292	0.15
ELF3	6	19	0.23518993227836857	0.36346365363463656	chr9	21994352.0	21994466.0	sense	0.6287921207879212	0.20149290895301059	0.15
DMRT3	15	26	0.23494692876723872	0.5822417758224178	chr9	21994352.0	21994466.0	antisense	0.7299117914295526	0.13672962044127854	0.15
TFAP2A(var.3)	7	20	0.23491080809753648	0.47405259474052597	chr9	21994352.0	21994466.0	antisense	0.6613798297589596	0.17954905399134566	0.15
HEY1	8	18	0.23432117812295009	0.43825617438256176	chr9	21994352.0	21994466.0	antisense	0.6530219499296529	0.18507222060377224	0.15
Nr2f6(var.2)	10	25	0.23381599521684027	0.20477952204779523	chr9	21994352.0	21994466.0	antisense	0.5640090311956459	0.24871394181979292	0.15
GATA2	10	24	0.2331654418293435	0.5677432256774323	chr9	21994352.0	21994466.0	sense	0.7247682011459871	0.13980086937343325	0.15
REST	6	27	0.23251383891865152	0.24277572242775722	chr9	21994352.0	21994466.0	antisense	0.5640090311956459	0.24871394181979292	0.15
POU4F1	9	23	0.23229250246933555	0.5762423757624238	chr9	21994352.0	21994466.0	antisense	0.7247682011459871	0.13980086937343325	0.15
Mycn	8	16	0.23216386783056628	0.25877412258774124	chr9	21994352.0	21994466.0	sense	0.5640090311956459	0.24871394181979292	0.15
MSX2	12	20	0.23203102428266997	0.37706229377062295	chr9	21994352.0	21994466.0	sense	0.6342885066332076	0.19771315798768435	0.15
NR4A2	9	17	0.2314830962905328	0.42295770422957707	chr9	21994352.0	21994466.0	antisense	0.6530219499296529	0.18507222060377224	0.15
FOXO3	12	20	0.2307542455007748	0.22277772222777723	chr9	21994352.0	21994466.0	antisense	0.5640090311956459	0.24871394181979292	0.15
ZBTB7A	8	20	0.22929682919009958	0.5227477252274773	chr9	21994352.0	21994466.0	sense	0.7090939343565643	0.14929622959759667	0.15
ETV2	7	18	0.22902980899994657	0.37266273372662734	chr9	21994352.0	21994466.0	sense	0.6341375698495724	0.19781651602135103	0.15
Bhlha15	12	20	0.22890310410886586	0.30446955304469553	chr9	21994352.0	21994466.0	sense	0.5896257389186454	0.22942356648829948	0.15
ATF4	15	28	0.22845628735187667	0.45135486451354867	chr9	21994352.0	21994466.0	antisense	0.6539028162401151	0.18448679220611802	0.15
NKX6-2	15	23	0.2281847863335983	0.5868413158684131	chr9	21994352.0	21994466.0	antisense	0.7310990329538475	0.1360237905492934	0.15
RFX4	9	25	0.22770941836176178	0.6192380761923808	chr9	21994352.0	21994466.0	sense	0.7456718365286441	0.12745225957956516	0.15
FOXB1	15	26	0.22709884911170206	0.45365463453654636	chr9	21994352.0	21994466.0	sense	0.6539028162401151	0.18448679220611802	0.15
ZNF410	8	25	0.22679286032563353	0.24967503249675033	chr9	21994352.0	21994466.0	sense	0.5640090311956459	0.24871394181979292	0.15
Lhx8	12	20	0.2263827314466543	0.46125387461253875	chr9	21994352.0	21994466.0	antisense	0.6539028162401151	0.18448679220611802	0.15
MEF2D	9	21	0.22592318546523757	0.24867513248675133	chr9	21994352.0	21994466.0	antisense	0.5640090311956459	0.24871394181979292	0.15
LHX2	11	21	0.22243155417954705	0.5497450254974503	chr9	21994352.0	21994466.0	sense	0.7186843028543494	0.1434618406840702	0.15
ID4	8	18	0.2222082020298521	0.5424457554244576	chr9	21994352.0	21994466.0	sense	0.7166987846669879	0.14466333197927836	0.15
Shox2	11	19	0.22184821263556528	0.4433556644335566	chr9	21994352.0	21994466.0	antisense	0.6530219499296529	0.18507222060377224	0.15
Crem	15	25	0.22085506059625434	0.49075092490750927	chr9	21994352.0	21994466.0	sense	0.6791992800719928	0.16800278310115702	0.15
FOXF2	11	25	0.2186967109998422	0.535946405359464	chr9	21994352.0	21994466.0	antisense	0.7158548926598342	0.14517500241819242	0.15
Nkx2-5	12	19	0.21791685185828613	0.42695730426957307	chr9	21994352.0	21994466.0	antisense	0.6530219499296529	0.18507222060377224	0.15
NR3C2	7	24	0.2176306405952755	0.46045395460453953	chr9	21994352.0	21994466.0	antisense	0.6539028162401151	0.18448679220611802	0.15
Spz1	13	24	0.2169620557885712	0.5767423257674232	chr9	21994352.0	21994466.0	antisense	0.7247682011459871	0.13980086937343325	0.15
ONECUT2	7	21	0.21618812796556253	0.5035496450354965	chr9	21994352.0	21994466.0	antisense	0.6932155590806968	0.15913169819837264	0.15
RHOXF1	11	19	0.21468722114172734	0.5745425457454254	chr9	21994352.0	21994466.0	antisense	0.7247682011459871	0.13980086937343325	0.15
RORA	6	16	0.21468641588344992	0.46765323467653236	chr9	21994352.0	21994466.0	antisense	0.657756175601952	0.1819350656789611	0.15
RFX3	9	25	0.21440655195671873	0.6003399660033997	chr9	21994352.0	21994466.0	antisense	0.731400099426677	0.13584498495989095	0.15
HMBOX1	11	21	0.21313844645209076	0.7157284271572842	chr9	21994352.0	21994466.0	sense	0.8059219719053736	0.09370700386653212	0.15
GATA5	14	22	0.21052436434690458	0.6077392260773923	chr9	21994352.0	21994466.0	antisense	0.7369548091919781	0.13255914269765273	0.15
Sox5	15	22	0.2081961780894992	0.35506449355064496	chr9	21994352.0	21994466.0	sense	0.6218640762186407	0.2063045307417713	0.15
Arid3b	12	23	0.20721102148582712	0.5733426657334266	chr9	21994352.0	21994466.0	antisense	0.7247682011459871	0.13980086937343325	0.15
USF1	8	19	0.20686867209892343	0.5696430356964304	chr9	21994352.0	21994466.0	sense	0.7247682011459871	0.13980086937343325	0.15
ZBTB33	13	28	0.2052361819026313	0.6943305669433056	chr9	21994352.0	21994466.0	antisense	0.7990189894536045	0.09744289913792988	0.15
Rarg(var.2)	6	23	0.20420135298648823	0.31686831316868314	chr9	21994352.0	21994466.0	antisense	0.5943635852242114	0.22594780628084968	0.15
POU4F2	7	23	0.20249132619361204	0.4196580341965803	chr9	21994352.0	21994466.0	antisense	0.6530219499296529	0.18507222060377224	0.15
OLIG1	8	18	0.20158167165465474	0.4163583641635836	chr9	21994352.0	21994466.0	antisense	0.6530219499296529	0.18507222060377224	0.15
Rfx1	10	24	0.201147716609188	0.6976302369763023	chr9	21994352.0	21994466.0	sense	0.7992717284562935	0.09730554846209291	0.15
TFAP2B(var.3)	7	20	0.19929653221003354	0.5654434556544345	chr9	21994352.0	21994466.0	antisense	0.7247682011459871	0.13980086937343325	0.15
Arntl	7	17	0.19899726153637995	0.6961303869613039	chr9	21994352.0	21994466.0	sense	0.7992717284562935	0.09730554846209291	0.15
LMX1A	15	23	0.19821252625375088	0.597940205979402	chr9	21994352.0	21994466.0	antisense	0.731400099426677	0.13584498495989095	0.15
USF2	11	22	0.19820654745119645	0.5967403259674032	chr9	21994352.0	21994466.0	sense	0.731400099426677	0.13584498495989095	0.15
BATF::JUN	7	18	0.19800412562283476	0.5705429457054294	chr9	21994352.0	21994466.0	antisense	0.7247682011459871	0.13980086937343325	0.15
Dux	12	20	0.19763021792659258	0.397960203979602	chr9	21994352.0	21994466.0	antisense	0.6487664713152509	0.18791160284596786	0.15
MYBL1	12	24	0.19754329387391012	0.5698430156984302	chr9	21994352.0	21994466.0	sense	0.7247682011459871	0.13980086937343325	0.15
CEBPG	14	24	0.19658610054870748	0.44765523447655237	chr9	21994352.0	21994466.0	antisense	0.6539028162401151	0.18448679220611802	0.15
EGR4	7	23	0.19623375930760045	0.7157284271572842	chr9	21994352.0	21994466.0	sense	0.8059219719053736	0.09370700386653212	0.15
OTX1	10	18	0.19560768546609367	0.5875412458754125	chr9	21994352.0	21994466.0	antisense	0.7310990329538475	0.1360237905492934	0.15
TFAP2C(var.3)	7	20	0.1953920299035295	0.5862413758624138	chr9	21994352.0	21994466.0	antisense	0.7310990329538475	0.1360237905492934	0.15
FOS	15	26	0.1933580475158309	0.5916408359164084	chr9	21994352.0	21994466.0	sense	0.7310990329538475	0.1360237905492934	0.15
Six3	8	25	0.1924980680788571	0.7955204479552045	chr9	21994352.0	21994466.0	sense	0.8477928387859366	0.0717102561906412	0.15
Myc	9	19	0.19043871681031302	0.5464453554644536	chr9	21994352.0	21994466.0	sense	0.7166987846669879	0.14466333197927836	0.15
Ddit3::Cebpa	12	24	0.1900873849422643	0.8092190780921907	chr9	21994352.0	21994466.0	antisense	0.860624388380834	0.06518635103856328	0.15
Ar	7	24	0.18908022244914247	0.5957404259574043	chr9	21994352.0	21994466.0	sense	0.731400099426677	0.13584498495989095	0.15
NKX6-1	11	19	0.18865989065711924	0.5577442255774423	chr9	21994352.0	21994466.0	sense	0.7247682011459871	0.13980086937343325	0.15
FOS::JUN	7	14	0.18659056334161433	0.6000399960003999	chr9	21994352.0	21994466.0	sense	0.731400099426677	0.13584498495989095	0.15
RREB1	7	27	0.18615304756389653	0.29287071292870714	chr9	21994352.0	21994466.0	antisense	0.5859217851799726	0.23216035417278888	0.15
RFX5	9	25	0.18586830706477495	0.5388461153884612	chr9	21994352.0	21994466.0	sense	0.7166987846669879	0.14466333197927836	0.15
ZNF143	9	25	0.18469636708541728	0.46915308469153083	chr9	21994352.0	21994466.0	antisense	0.6580822998781203	0.1817197900519082	0.15
Myb	10	20	0.18125793894103454	0.5715428457154285	chr9	21994352.0	21994466.0	antisense	0.7247682011459871	0.13980086937343325	0.15
TP53	8	26	0.18036024285775615	0.636936306369363	chr9	21994352.0	21994466.0	antisense	0.7554367850886143	0.12180187154444846	0.15
KLF14	7	21	0.1801259714673918	0.5468453154684532	chr9	21994352.0	21994466.0	sense	0.7166987846669879	0.14466333197927836	0.15
LBX1	12	20	0.17848091870247848	0.5623437656234377	chr9	21994352.0	21994466.0	antisense	0.7247682011459871	0.13980086937343325	0.15
TBX1	9	17	0.17831698892332715	0.47535246475352466	chr9	21994352.0	21994466.0	antisense	0.6614153598045022	0.17952572384493093	0.15
DUXA	6	19	0.17828263112523587	0.7522247775222478	chr9	21994352.0	21994466.0	antisense	0.825116653261605	0.08348464746655009	0.15
mix-a	9	20	0.1760560759923138	0.5903409659034097	chr9	21994352.0	21994466.0	sense	0.7310990329538475	0.1360237905492934	0.15
FOXH1	15	26	0.17561429685964056	0.5914408559144085	chr9	21994352.0	21994466.0	antisense	0.7310990329538475	0.1360237905492934	0.15
GATA3	14	22	0.1750984530414182	0.3815618438156184	chr9	21994352.0	21994466.0	antisense	0.6367543309977683	0.19602809242318484	0.15
CREB1	7	15	0.1747241806996201	0.6893310668933107	chr9	21994352.0	21994466.0	sense	0.795028497150285	0.09961730413181967	0.15
SREBF2	16	26	0.1746467557666638	0.5616438356164384	chr9	21994352.0	21994466.0	antisense	0.7247682011459871	0.13980086937343325	0.15
TEAD3	10	18	0.1736438876061745	0.5351464853514648	chr9	21994352.0	21994466.0	antisense	0.7158548926598342	0.14517500241819242	0.15
Atf1	8	16	0.1732959715726654	0.6514348565143485	chr9	21994352.0	21994466.0	antisense	0.7631934323497672	0.11736537560287091	0.15
MGA	9	17	0.17249107049792362	0.5987401259874012	chr9	21994352.0	21994466.0	antisense	0.731400099426677	0.13584498495989095	0.15
SPI1	7	21	0.1724239487157708	0.42685731426857315	chr9	21994352.0	21994466.0	antisense	0.6530219499296529	0.18507222060377224	0.15
ONECUT1	7	21	0.1723821125575968	0.6243375662433757	chr9	21994352.0	21994466.0	antisense	0.7483399466058013	0.1259010713913904	0.15
TBX15	9	17	0.17236537371253374	0.46055394460553944	chr9	21994352.0	21994466.0	antisense	0.6539028162401151	0.18448679220611802	0.15
HSF2	6	19	0.1719007245551759	0.6428357164283571	chr9	21994352.0	21994466.0	sense	0.7582539473325395	0.12018532015310114	0.15
HSF1	6	19	0.16986583829137678	0.5724427557244276	chr9	21994352.0	21994466.0	sense	0.7247682011459871	0.13980086937343325	0.15
ISX	12	20	0.16808587828775723	0.5277472252774722	chr9	21994352.0	21994466.0	sense	0.7095875904637515	0.14899398821612891	0.15
MTF1	6	20	0.1674380377700835	0.5413458654134586	chr9	21994352.0	21994466.0	antisense	0.7166987846669879	0.14466333197927836	0.15
ARNT::HIF1A	6	14	0.16434011095285908	0.7039296070392961	chr9	21994352.0	21994466.0	antisense	0.8026624969082039	0.09546702824823801	0.15
Lhx4	12	20	0.16357486550744307	0.680931906809319	chr9	21994352.0	21994466.0	sense	0.7870905559778097	0.10397529851894285	0.15
OTX2	15	23	0.16291286839961683	0.7243275672432756	chr9	21994352.0	21994466.0	sense	0.8059219719053736	0.09370700386653212	0.15
SOX21	6	21	0.1627074344557249	0.43955604439556045	chr9	21994352.0	21994466.0	antisense	0.6530219499296529	0.18507222060377224	0.15
ATF7	14	28	0.16216671374081318	0.7265273472652735	chr9	21994352.0	21994466.0	antisense	0.8059219719053736	0.09370700386653212	0.15
RXRA::VDR	6	21	0.1607690268055302	0.6176382361763824	chr9	21994352.0	21994466.0	sense	0.7454749873849824	0.12756692367029754	0.15
Mecom	8	22	0.15945130923460452	0.6113388661133886	chr9	21994352.0	21994466.0	antisense	0.7395917750882254	0.13100792722305907	0.15
ESRRB	8	19	0.15684805094619558	0.651034896510349	chr9	21994352.0	21994466.0	antisense	0.7631934323497672	0.11736537560287091	0.15
MAF::NFE2	8	23	0.1567860070757755	0.8147185281471853	chr9	21994352.0	21994466.0	antisense	0.8629365634865084	0.06402112912879201	0.15
Ahr::Arnt	10	16	0.15626657394186083	0.5365463453654634	chr9	21994352.0	21994466.0	antisense	0.7158548926598342	0.14517500241819242	0.15
MAFG	6	27	0.15492677214745904	0.7255274472552745	chr9	21994352.0	21994466.0	sense	0.8059219719053736	0.09370700386653212	0.15
MLXIPL	8	18	0.1540800931822129	0.7856214378562144	chr9	21994352.0	21994466.0	antisense	0.8459284776916499	0.0726663545223598	0.15
EBF1	9	23	0.15085034876745318	0.7578242175782421	chr9	21994352.0	21994466.0	antisense	0.825116653261605	0.08348464746655009	0.15
GMEB2	15	23	0.1507453832568829	0.7936206379362064	chr9	21994352.0	21994466.0	antisense	0.8475084590306402	0.07185595838506256	0.15
PKNOX2	7	19	0.15038260083443844	0.5246475352464753	chr9	21994352.0	21994466.0	antisense	0.7090939343565643	0.14929622959759667	0.15
Zfx	10	24	0.14966755960557604	0.8346165383461653	chr9	21994352.0	21994466.0	antisense	0.8786328263725351	0.056192575204392435	0.15
GLIS1	9	25	0.14843292568934993	0.41875812418758124	chr9	21994352.0	21994466.0	antisense	0.6530219499296529	0.18507222060377224	0.15
PKNOX1	7	19	0.1482614917286527	0.5267473252674733	chr9	21994352.0	21994466.0	antisense	0.7095875904637515	0.14899398821612891	0.15
MAFG::NFE2L1	11	17	0.14762614440050537	0.7547245275472453	chr9	21994352.0	21994466.0	antisense	0.825116653261605	0.08348464746655009	0.15
JUN(var.2)	6	20	0.14706611759566376	0.9082091790820918	chr9	21994352.0	21994466.0	antisense	0.9333872553338726	0.029938133358684053	0.15
POU6F1	10	20	0.14648221808664794	0.7593240675932407	chr9	21994352.0	21994466.0	sense	0.825116653261605	0.08348464746655009	0.15
Bach1::Mafk	6	21	0.14450998129972523	0.8145185481451854	chr9	21994352.0	21994466.0	antisense	0.8629365634865084	0.06402112912879201	0.15
SMAD3	13	23	0.14345522044116535	0.6748325167483251	chr9	21994352.0	21994466.0	sense	0.7842269464328736	0.10555823920229183	0.15
Crx	9	20	0.14337717231657116	0.7581241875812419	chr9	21994352.0	21994466.0	sense	0.825116653261605	0.08348464746655009	0.15
PPARG	6	26	0.14271932483058805	0.7351264873512648	chr9	21994352.0	21994466.0	sense	0.8134981810987344	0.08964341376543328	0.15
Mlxip	9	17	0.14209416940044348	0.6666333366663334	chr9	21994352.0	21994466.0	sense	0.7792403192113221	0.10832858441746075	0.15
CUX1	8	18	0.1420368654691948	0.8251174882511749	chr9	21994352.0	21994466.0	antisense	0.8703983260210565	0.060281952894651145	0.15
SREBF2(var.2)	8	18	0.1419283895730202	0.6806319368063194	chr9	21994352.0	21994466.0	antisense	0.7870905559778097	0.10397529851894285	0.15
Srebf1(var.2)	8	18	0.14152832099854168	0.7237276272372762	chr9	21994352.0	21994466.0	antisense	0.8059219719053736	0.09370700386653212	0.15
TP63	10	28	0.1397980720653277	0.6265373462653735	chr9	21994352.0	21994466.0	sense	0.7492462735293292	0.12537540839522915	0.15
MAFF	9	27	0.1379248087889228	0.9667033296670333	chr9	21994352.0	21994466.0	sense	0.9761070585548449	0.010502546688067785	0.15
DUX4	7	18	0.13775270482075727	0.6754324567543246	chr9	21994352.0	21994466.0	antisense	0.7842269464328736	0.10555823920229183	0.15
PHOX2A	12	23	0.13767154730492925	0.7609239076092391	chr9	21994352.0	21994466.0	sense	0.825116653261605	0.08348464746655009	0.15
BHLHE40	8	18	0.13640415146579998	0.839016098390161	chr9	21994352.0	21994466.0	antisense	0.8814764272560598	0.054789297260862076	0.15
NFKB2	10	23	0.13466663036853047	0.7052294770522948	chr9	21994352.0	21994466.0	sense	0.8026624969082039	0.09546702824823801	0.15
MLX	8	18	0.13422464960332636	0.7908209179082092	chr9	21994352.0	21994466.0	sense	0.8466879085287348	0.07227664230315921	0.15
Vdr	7	23	0.13422095182947116	0.7546245375462454	chr9	21994352.0	21994466.0	antisense	0.825116653261605	0.08348464746655009	0.15
Lhx3	12	25	0.13373260509948154	0.6294370562943705	chr9	21994352.0	21994466.0	sense	0.7509835223374214	0.12436959193916078	0.15
TGIF2	7	19	0.13344936726704645	0.7615238476152385	chr9	21994352.0	21994466.0	antisense	0.825116653261605	0.08348464746655009	0.15
Esrra	9	20	0.13314453353365405	0.7259274072592741	chr9	21994352.0	21994466.0	antisense	0.8059219719053736	0.09370700386653212	0.15
XBP1	8	22	0.13243644617854444	0.915008499150085	chr9	21994352.0	21994466.0	antisense	0.9385166226460357	0.027558030917417608	0.15
CUX2	8	18	0.13210677499264878	0.8607139286071392	chr9	21994352.0	21994466.0	antisense	0.8934210578942106	0.04894381544210968	0.15
RFX2	9	25	0.13154811913829248	0.7912208779122087	chr9	21994352.0	21994466.0	sense	0.8466879085287348	0.07227664230315921	0.15
PROP1	12	23	0.13143329995854403	0.6319368063193681	chr9	21994352.0	21994466.0	sense	0.7522367029352112	0.12364548041460577	0.15
BCL6B	10	27	0.13110044883027466	0.46365363463653636	chr9	21994352.0	21994466.0	sense	0.6539028162401151	0.18448679220611802	0.15
Sox1	7	22	0.13105950593805413	0.6701329867013298	chr9	21994352.0	21994466.0	antisense	0.7815708316808767	0.1070316569100838	0.15
NR3C1	7	24	0.12743166446351276	0.7896210378962104	chr9	21994352.0	21994466.0	antisense	0.8466879085287348	0.07227664230315921	0.15
SOX4	6	22	0.12738192889222175	0.5456454354564544	chr9	21994352.0	21994466.0	antisense	0.7166987846669879	0.14466333197927836	0.15
EGR3	7	22	0.12468986550471008	0.7267273272672733	chr9	21994352.0	21994466.0	sense	0.8059219719053736	0.09370700386653212	0.15
IRF1	7	28	0.12462307184308773	0.6375362463753624	chr9	21994352.0	21994466.0	sense	0.7554367850886143	0.12180187154444846	0.15
FOSL1	13	24	0.12450087732067726	0.8666133386661334	chr9	21994352.0	21994466.0	antisense	0.8977491472409646	0.04684499873179113	0.15
HES5	10	22	0.1243749032611446	0.7194280571942806	chr9	21994352.0	21994466.0	sense	0.8059219719053736	0.09370700386653212	0.15
Phox2b	12	23	0.12399900047381879	0.7598240175982401	chr9	21994352.0	21994466.0	sense	0.825116653261605	0.08348464746655009	0.15
PROX1	8	20	0.12283004562788573	0.8194180581941806	chr9	21994352.0	21994466.0	antisense	0.8661465828977184	0.06240860364485539	0.15
KLF13	6	24	0.1218102848382595	0.7074292570742926	chr9	21994352.0	21994466.0	sense	0.80340434227912	0.09506582530192717	0.15
SREBF1	16	26	0.12019788044806676	0.7532246775322468	chr9	21994352.0	21994466.0	sense	0.825116653261605	0.08348464746655009	0.15
ONECUT3	7	21	0.12005192045625417	0.7213278672132787	chr9	21994352.0	21994466.0	antisense	0.8059219719053736	0.09370700386653212	0.15
Creb5	15	27	0.11969300379638499	0.8576142385761424	chr9	21994352.0	21994466.0	antisense	0.8934210578942106	0.04894381544210968	0.15
TGIF1	7	19	0.11443142036442769	0.7105289471052895	chr9	21994352.0	21994466.0	antisense	0.8051627151695311	0.09411634427896488	0.15
NFIC::TLX1	7	21	0.11252516812191081	0.845015498450155	chr9	21994352.0	21994466.0	sense	0.8859859468598594	0.05257316665653776	0.15
JDP2(var.2)	15	27	0.10906544951178068	0.8861113888611138	chr9	21994352.0	21994466.0	antisense	0.9161191450576057	0.038048040877831056	0.15
Sox11	10	25	0.10702436557063505	0.6241375862413758	chr9	21994352.0	21994466.0	sense	0.7483399466058013	0.1259010713913904	0.15
JUND	15	26	0.10216989454332875	0.9358064193580642	chr9	21994352.0	21994466.0	sense	0.9579556837215687	0.01865458148549958	0.15
JUNB	14	25	0.10074678097962887	0.955004499550045	chr9	21994352.0	21994466.0	antisense	0.9680612016923308	0.014097185339278812	0.15
FOSL2	14	25	0.09635829458854557	0.9605039496050395	chr9	21994352.0	21994466.0	antisense	0.9717379139279054	0.012450852237277737	0.15
JUND(var.2)	12	27	0.09428142668667312	0.9753024697530247	chr9	21994352.0	21994466.0	sense	0.97907540000352	0.009183861266799778	0.15
Arnt	10	16	0.09183850450308848	0.8593140685931406	chr9	21994352.0	21994466.0	antisense	0.8934210578942106	0.04894381544210968	0.15
NFKB1	10	23	0.09173511632191324	0.77992200779922	chr9	21994352.0	21994466.0	antisense	0.8415374678748341	0.07492654311175621	0.15
HES7	10	22	0.09046531517768838	0.8543145685431457	chr9	21994352.0	21994466.0	sense	0.8928622228320429	0.049215551727535556	0.15
JDP2	6	15	0.08529881888341524	0.9074092590740926	chr9	21994352.0	21994466.0	sense	0.9333872553338726	0.029938133358684053	0.15
Id2	9	17	0.0821471570509938	0.9472052794720528	chr9	21994352.0	21994466.0	antisense	0.9652434756524348	0.015363125210488465	0.15
PAX3	8	18	0.08053537334372195	0.855014498550145	chr9	21994352.0	21994466.0	sense	0.8928622228320429	0.049215551727535556	0.15
SOX8	10	26	0.0761931897978073	0.7664233576642335	chr9	21994352.0	21994466.0	sense	0.8286952554744526	0.08160514761359806	0.15
BHLHE41	6	16	0.06996255923163316	0.9744025597440256	chr9	21994352.0	21994466.0	antisense	0.97907540000352	0.009183861266799778	0.15
NFE2	15	26	0.06486136810156548	0.9805019498050195	chr9	21994352.0	21994466.0	sense	0.982394810711979	0.007713940263478396	0.15
BATF3	14	28	0.06467083391227857	0.9548045195480452	chr9	21994352.0	21994466.0	antisense	0.9680612016923308	0.014097185339278812	0.15
ESR1	7	24	0.06371803877011638	0.9736026397360263	chr9	21994352.0	21994466.0	antisense	0.97907540000352	0.009183861266799778	0.15
PAX7	8	18	0.06337517416185148	0.9059094090590941	chr9	21994352.0	21994466.0	antisense	0.9333872553338726	0.029938133358684053	0.15
E2F2	12	28	0.03191070172948403	0.9464053594640536	chr9	21994352.0	21994466.0	antisense	0.9652434756524348	0.015363125210488465	0.15
E2F3	10	28	0.020673577336196763	0.9485051494850515	chr9	21994352.0	21994466.0	antisense	0.9652434756524348	0.015363125210488465	0.15
SP4	6	23	0.00015632108563555158	0.992000799920008	chr9	21994352.0	21994466.0	sense	0.992000799920008	0.0034879776434973797	0.15
