motif	start	end	score	pval	tile_chr	tile_start	tile_end	strand	padj	neg_log_pval	fdr_cutoff
TBP	7	22	1.1402665793505355	0.0018998100189981002	chr9	21994352.0	21994466.0	antisense	0.14085734283714485	0.8512205084898328	0.1
KLF13	1	19	1.0760216770225686	9.999000099990002e-05	chr9	21994352.0	21994466.0	sense	0.051894810518948106	1.2848760694284047	0.1
CTCF	4	23	0.975279510734933	0.000999900009999	chr9	21994352.0	21994466.0	antisense	0.12973702629737027	0.8869360607563672	0.1
YY1	8	20	0.9073716937709645	0.00029997000299970003	chr9	21994352.0	21994466.0	antisense	0.07784221577842217	1.1087848103727236	0.1
SP3	3	14	0.8934760963044176	0.0030996900309969004	chr9	21994352.0	21994466.0	sense	0.20109239076092392	0.6966043625860757	0.1
SP2	6	21	0.8767686926228117	0.0051994800519948	chr9	21994352.0	21994466.0	sense	0.24532092245320922	0.6102654109518307	0.1
KLF14	2	16	0.8558360236965551	0.0012998700129987	chr9	21994352.0	21994466.0	sense	0.13492650734926506	0.8699027214575868	0.1
YY2	7	18	0.8514460050172671	0.0005999400059994001	chr9	21994352.0	21994466.0	sense	0.10378962103789621	0.9838460737644236	0.1
Hes1	8	18	0.7910749271293814	0.07329267073292671	chr9	21994352.0	21994466.0	sense	0.4760350887988124	0.3223610340230901	0.1
BARHL2	11	21	0.7661281444740708	0.0057994200579942	chr9	21994352.0	21994466.0	antisense	0.25082491750824915	0.6006293219130924	0.1
SP1	3	14	0.7373237180132368	0.0015998400159984002	chr9	21994352.0	21994466.0	sense	0.13838616138386162	0.8589073371561237	0.1
MAFF	3	21	0.7185983192518749	0.0230976902309769	chr9	21994352.0	21994466.0	sense	0.3499573119611116	0.45598492796514617	0.1
KLF16	3	14	0.7176359607423275	0.003999600039996	chr9	21994352.0	21994466.0	sense	0.20757924207579243	0.6828160781004424	0.1
Gfi1	9	19	0.7105257655261984	0.011398860113988602	chr9	21994352.0	21994466.0	antisense	0.2823077692230777	0.5492771697302249	0.1
SP8	3	15	0.6799157966805626	0.013598640135986401	chr9	21994352.0	21994466.0	sense	0.2823077692230777	0.5492771697302249	0.1
EGR4	4	20	0.6795833657200119	0.026197380261973803	chr9	21994352.0	21994466.0	sense	0.3499573119611116	0.45598492796514617	0.1
KLF5	3	13	0.6443071422531985	0.003999600039996	chr9	21994352.0	21994466.0	sense	0.20757924207579243	0.6828160781004424	0.1
Klf12	2	17	0.6439446725094103	0.008799120087991202	chr9	21994352.0	21994466.0	sense	0.2823077692230777	0.5492771697302249	0.1
HIC2	6	15	0.6412557024350216	0.0197980201979802	chr9	21994352.0	21994466.0	sense	0.34250574942505746	0.46533213388653616	0.1
EGR1	3	17	0.634703095903247	0.031296870312968704	chr9	21994352.0	21994466.0	sense	0.3825733705699197	0.4172852627902399	0.1
SPIC	5	19	0.6294868434492751	0.0471952804719528	chr9	21994352.0	21994466.0	antisense	0.44481266159098376	0.351822859059018	0.1
MEF2C	8	23	0.6279363414137863	0.0362963703629637	chr9	21994352.0	21994466.0	antisense	0.40685531446855316	0.39056000674396635	0.1
ZNF263	2	23	0.62443249184357	0.09829017098290171	chr9	21994352.0	21994466.0	antisense	0.4763202251203451	0.3221009774393295	0.1
THAP1	6	15	0.6232219785658165	0.073992600739926	chr9	21994352.0	21994466.0	sense	0.4760350887988124	0.3223610340230901	0.1
ZIC4	5	20	0.6212711353862997	0.0418958104189581	chr9	21994352.0	21994466.0	sense	0.41809592625643094	0.37872406400417	0.1
Rhox11	6	23	0.6165920468979295	0.07779222077792221	chr9	21994352.0	21994466.0	sense	0.4760350887988124	0.3223610340230901	0.1
GSC2	3	13	0.6060718031718275	0.059494050594940506	chr9	21994352.0	21994466.0	sense	0.4760350887988124	0.3223610340230901	0.1
Gfi1b	7	18	0.6039274438201553	0.009599040095990401	chr9	21994352.0	21994466.0	antisense	0.2823077692230777	0.5492771697302249	0.1
Barhl1	10	20	0.601631415169361	0.08849115088491151	chr9	21994352.0	21994466.0	antisense	0.4760350887988124	0.3223610340230901	0.1
Alx4	7	24	0.5956545799605278	0.06929307069293071	chr9	21994352.0	21994466.0	sense	0.4760350887988124	0.3223610340230901	0.1
Hic1	6	15	0.5954005029918942	0.0182981701829817	chr9	21994352.0	21994466.0	sense	0.33916965446312514	0.4695830110401945	0.1
Nfe2l2	2	17	0.5901427492701221	0.017698230176982303	chr9	21994352.0	21994466.0	antisense	0.33916965446312514	0.4695830110401945	0.1
MAFK	4	19	0.5891633114226529	0.0316968303169683	chr9	21994352.0	21994466.0	sense	0.3825733705699197	0.4172852627902399	0.1
HOXA10	13	24	0.5864887655868668	0.06979302069793021	chr9	21994352.0	21994466.0	antisense	0.4760350887988124	0.3223610340230901	0.1
NFIX	5	14	0.5824029941161746	0.042695730426957304	chr9	21994352.0	21994466.0	sense	0.41809592625643094	0.37872406400417	0.1
Hes2	6	19	0.5806680750332689	0.1601839816018398	chr9	21994352.0	21994466.0	antisense	0.51321738991745	0.28969863636329074	0.1
Dmbx1	5	22	0.5719006752456415	0.08959104089591041	chr9	21994352.0	21994466.0	sense	0.4760350887988124	0.3223610340230901	0.1
Gmeb1	3	20	0.5614023251544544	0.3788621137886211	chr9	21994352.0	21994466.0	sense	0.5711312202113122	0.24326409899316379	0.1
Alx1	7	24	0.560143540842037	0.08739126087391261	chr9	21994352.0	21994466.0	sense	0.4760350887988124	0.3223610340230901	0.1
FIGLA	8	18	0.5501092994330508	0.026297370262973702	chr9	21994352.0	21994466.0	sense	0.3499573119611116	0.45598492796514617	0.1
ZBTB7C	6	18	0.5491298596308573	0.09269073092690731	chr9	21994352.0	21994466.0	sense	0.4760350887988124	0.3223610340230901	0.1
Bach1::Mafk	1	16	0.5466548157840935	0.0124987501249875	chr9	21994352.0	21994466.0	antisense	0.2823077692230777	0.5492771697302249	0.1
PLAG1	10	24	0.5411182619420225	0.012698730126987301	chr9	21994352.0	21994466.0	antisense	0.2823077692230777	0.5492771697302249	0.1
SPI1	4	18	0.5393184768917495	0.012798720127987202	chr9	21994352.0	21994466.0	antisense	0.2823077692230777	0.5492771697302249	0.1
Arid5a	5	19	0.5335630865066407	0.16848315168483152	chr9	21994352.0	21994466.0	antisense	0.517079892010799	0.28644235056393585	0.1
E2F3	2	20	0.5288035559327238	0.013598640135986401	chr9	21994352.0	21994466.0	antisense	0.2823077692230777	0.5492771697302249	0.1
GATA1::TAL1	1	19	0.528721216731788	0.09409059094090591	chr9	21994352.0	21994466.0	antisense	0.4760350887988124	0.3223610340230901	0.1
NFIA	14	24	0.5231723501793935	0.015498450154984501	chr9	21994352.0	21994466.0	antisense	0.3093729088629599	0.5095177192289313	0.1
Hnf4a	8	24	0.5214837629615513	0.010998900109989001	chr9	21994352.0	21994466.0	antisense	0.2823077692230777	0.5492771697302249	0.1
Sox3	9	19	0.516636583593765	0.022797720227977204	chr9	21994352.0	21994466.0	sense	0.3499573119611116	0.45598492796514617	0.1
NRF1	5	16	0.5157111575547687	0.025697430256974303	chr9	21994352.0	21994466.0	antisense	0.3499573119611116	0.45598492796514617	0.1
EMX1	10	20	0.5105054700522449	0.12938706129387062	chr9	21994352.0	21994466.0	antisense	0.501777028179535	0.2994892249728457	0.1
ZIC1	5	19	0.5101204524689292	0.0221977802219778	chr9	21994352.0	21994466.0	sense	0.3499573119611116	0.45598492796514617	0.1
Nr2f6	10	24	0.5084665581233685	0.020897910208979104	chr9	21994352.0	21994466.0	antisense	0.3498714644664566	0.45609147715162346	0.1
GCM1	6	17	0.5027847094841722	0.030296970302969704	chr9	21994352.0	21994466.0	antisense	0.3825733705699197	0.4172852627902399	0.1
RARA::RXRA	6	23	0.5025577114741397	0.08389161083891611	chr9	21994352.0	21994466.0	antisense	0.4760350887988124	0.3223610340230901	0.1
SOX10	14	20	0.5019940983873273	0.0240975902409759	chr9	21994352.0	21994466.0	sense	0.3499573119611116	0.45598492796514617	0.1
SOX9	9	18	0.5009468024521953	0.056694330566943306	chr9	21994352.0	21994466.0	sense	0.4760350887988124	0.3223610340230901	0.1
Zfx	5	19	0.5004054168033814	0.09859014098590141	chr9	21994352.0	21994466.0	sense	0.4763202251203451	0.3221009774393295	0.1
Sox6	9	19	0.49860118377197693	0.0193980601939806	chr9	21994352.0	21994466.0	sense	0.34250574942505746	0.46533213388653616	0.1
RORA(var.2)	5	19	0.4975659280218033	0.024997500249975	chr9	21994352.0	21994466.0	antisense	0.3499573119611116	0.45598492796514617	0.1
Nr5a2	8	23	0.49701925961358856	0.06189381061893811	chr9	21994352.0	21994466.0	antisense	0.4760350887988124	0.3223610340230901	0.1
ZBTB7A	5	17	0.49407219107462574	0.071992800719928	chr9	21994352.0	21994466.0	sense	0.4760350887988124	0.3223610340230901	0.1
Mafb	7	19	0.4937708942941805	0.07889211078892111	chr9	21994352.0	21994466.0	antisense	0.4760350887988124	0.3223610340230901	0.1
GLI2	6	18	0.4936835940052389	0.047995200479952004	chr9	21994352.0	21994466.0	sense	0.44481266159098376	0.351822859059018	0.1
LBX2	11	21	0.49301573816797534	0.16878312168783122	chr9	21994352.0	21994466.0	sense	0.517079892010799	0.28644235056393585	0.1
EGR3	4	19	0.4883496225101532	0.0385961403859614	chr9	21994352.0	21994466.0	sense	0.40685531446855316	0.39056000674396635	0.1
MZF1(var.2)	4	14	0.4870072602188791	0.0953904609539046	chr9	21994352.0	21994466.0	antisense	0.4760350887988124	0.3223610340230901	0.1
RXRG	10	24	0.48554202355362996	0.009799020097990201	chr9	21994352.0	21994466.0	antisense	0.2823077692230777	0.5492771697302249	0.1
HINFP	6	18	0.48449769201280707	0.06619338066193381	chr9	21994352.0	21994466.0	antisense	0.4760350887988124	0.3223610340230901	0.1
Klf4	6	16	0.48257688597649384	0.03849615038496151	chr9	21994352.0	21994466.0	antisense	0.40685531446855316	0.39056000674396635	0.1
Rxra	10	24	0.4823291806508213	0.009599040095990401	chr9	21994352.0	21994466.0	antisense	0.2823077692230777	0.5492771697302249	0.1
E2F2	3	19	0.4821163399218804	0.011398860113988602	chr9	21994352.0	21994466.0	antisense	0.2823077692230777	0.5492771697302249	0.1
GSC	3	13	0.48114672135661707	0.0837916208379162	chr9	21994352.0	21994466.0	sense	0.4760350887988124	0.3223610340230901	0.1
NFIC	16	22	0.4806390266640325	0.0347965203479652	chr9	21994352.0	21994466.0	sense	0.40685531446855316	0.39056000674396635	0.1
SCRT1	7	22	0.4756391211803526	0.0374962503749625	chr9	21994352.0	21994466.0	antisense	0.40685531446855316	0.39056000674396635	0.1
JUN(var.2)	4	18	0.47523036986189976	0.07079292070792921	chr9	21994352.0	21994466.0	antisense	0.4760350887988124	0.3223610340230901	0.1
NRL	3	14	0.4750124911733188	0.1860813918608139	chr9	21994352.0	21994466.0	sense	0.517079892010799	0.28644235056393585	0.1
Hoxa11	12	24	0.4735649873045147	0.08999100089991001	chr9	21994352.0	21994466.0	antisense	0.4760350887988124	0.3223610340230901	0.1
RXRB	10	24	0.4719296622616814	0.010298970102989701	chr9	21994352.0	21994466.0	antisense	0.2823077692230777	0.5492771697302249	0.1
E2F1	2	14	0.47172144723505954	0.05979402059794021	chr9	21994352.0	21994466.0	sense	0.4760350887988124	0.3223610340230901	0.1
ISL2	11	19	0.4715990267292682	0.08589141085891411	chr9	21994352.0	21994466.0	sense	0.4760350887988124	0.3223610340230901	0.1
Hoxd8	6	23	0.46459776977303524	0.2465753424657534	chr9	21994352.0	21994466.0	antisense	0.517079892010799	0.28644235056393585	0.1
E2F4	1	12	0.46300943780785225	0.0613938606139386	chr9	21994352.0	21994466.0	antisense	0.4760350887988124	0.3223610340230901	0.1
NFAT5	14	24	0.4602293115498458	0.10228977102289771	chr9	21994352.0	21994466.0	sense	0.4763202251203451	0.3221009774393295	0.1
PAX5	3	22	0.45651284592597285	0.23267673232676733	chr9	21994352.0	21994466.0	antisense	0.517079892010799	0.28644235056393585	0.1
E2F6	4	15	0.45498262029250125	0.06179382061793821	chr9	21994352.0	21994466.0	antisense	0.4760350887988124	0.3223610340230901	0.1
GCM2	7	17	0.4521410762048021	0.0750924907509249	chr9	21994352.0	21994466.0	antisense	0.4760350887988124	0.3223610340230901	0.1
HOXC11	13	24	0.4465618791665816	0.05579442055794421	chr9	21994352.0	21994466.0	antisense	0.4760350887988124	0.3223610340230901	0.1
NFATC2	15	22	0.4452297647820363	0.0413958604139586	chr9	21994352.0	21994466.0	sense	0.41809592625643094	0.37872406400417	0.1
Tcfl5	1	11	0.44448944639953547	0.3605639436056394	chr9	21994352.0	21994466.0	sense	0.5611415119615635	0.2509276019987828	0.1
RAX	11	21	0.4437744362309211	0.11178882111788821	chr9	21994352.0	21994466.0	antisense	0.49168134034054223	0.3083162731841257	0.1
Pax6	3	17	0.4428525685962291	0.11398860113988601	chr9	21994352.0	21994466.0	sense	0.493000699930007	0.30715246413955705	0.1
NFATC3	14	24	0.44030314143341115	0.17568243175682433	chr9	21994352.0	21994466.0	sense	0.517079892010799	0.28644235056393585	0.1
Hoxc9	11	24	0.4374472655874847	0.10218978102189781	chr9	21994352.0	21994466.0	antisense	0.4763202251203451	0.3221009774393295	0.1
NFATC1	14	24	0.43651797852224766	0.2156784321567843	chr9	21994352.0	21994466.0	sense	0.517079892010799	0.28644235056393585	0.1
Dlx1	10	20	0.4351973948516423	0.26447355264473554	chr9	21994352.0	21994466.0	antisense	0.5219693784046252	0.2823549743540229	0.1
ZNF740	7	17	0.4331023398250573	0.06729327067293271	chr9	21994352.0	21994466.0	sense	0.4760350887988124	0.3223610340230901	0.1
TBX19	2	22	0.4291984218378554	0.14608539146085392	chr9	21994352.0	21994466.0	antisense	0.51321738991745	0.28969863636329074	0.1
ZIC3	5	20	0.4288958332065139	0.10038996100389962	chr9	21994352.0	21994466.0	sense	0.4763202251203451	0.3221009774393295	0.1
SCRT2	9	22	0.4279138647812549	0.038196180381961806	chr9	21994352.0	21994466.0	antisense	0.40685531446855316	0.39056000674396635	0.1
HLTF	10	20	0.4239517736568366	0.22037796220377961	chr9	21994352.0	21994466.0	sense	0.517079892010799	0.28644235056393585	0.1
CENPB	9	24	0.4227472036744745	0.1775822417758224	chr9	21994352.0	21994466.0	sense	0.517079892010799	0.28644235056393585	0.1
Myod1	5	18	0.42193253091457567	0.11288871112888711	chr9	21994352.0	21994466.0	sense	0.4923465636629614	0.30772908889596773	0.1
ELK4	8	19	0.42119685668880175	0.08409159084091591	chr9	21994352.0	21994466.0	antisense	0.4760350887988124	0.3223610340230901	0.1
HOXC12	13	24	0.42048680692601637	0.054594540545945404	chr9	21994352.0	21994466.0	antisense	0.4760350887988124	0.3223610340230901	0.1
ZBTB7B	6	18	0.4192588985728456	0.1055894410558944	chr9	21994352.0	21994466.0	sense	0.48070982375446664	0.318117002567084	0.1
Creb5	5	17	0.4182887408531403	0.039196080391960805	chr9	21994352.0	21994466.0	antisense	0.40685531446855316	0.39056000674396635	0.1
Sox2	13	21	0.41507552878819337	0.028997100289971003	chr9	21994352.0	21994466.0	sense	0.3762373762623738	0.4245380628574111	0.1
Sox17	12	21	0.4147431308058981	0.07729227077292271	chr9	21994352.0	21994466.0	sense	0.4760350887988124	0.3223610340230901	0.1
SRF	7	23	0.4116133748978085	0.0527947205279472	chr9	21994352.0	21994466.0	antisense	0.47242172334490684	0.3256701404575299	0.1
HOXA2	10	20	0.4110077811302227	0.24907509249075094	chr9	21994352.0	21994466.0	antisense	0.517079892010799	0.28644235056393585	0.1
Tcf21	6	20	0.4101710922368878	0.047995200479952004	chr9	21994352.0	21994466.0	sense	0.44481266159098376	0.351822859059018	0.1
GRHL1	5	17	0.4089457309907829	0.07189281071892811	chr9	21994352.0	21994466.0	antisense	0.4760350887988124	0.3223610340230901	0.1
IRF2	3	21	0.4087584699566264	0.09209079092090791	chr9	21994352.0	21994466.0	antisense	0.4760350887988124	0.3223610340230901	0.1
Klf1	2	13	0.4068026323886828	0.0953904609539046	chr9	21994352.0	21994466.0	sense	0.4760350887988124	0.3223610340230901	0.1
HOXC10	13	23	0.40579995032643396	0.09979002099790021	chr9	21994352.0	21994466.0	antisense	0.4763202251203451	0.3221009774393295	0.1
PPARG	4	24	0.405034168673196	0.11528847115288471	chr9	21994352.0	21994466.0	sense	0.4945017894904724	0.3058321324501559	0.1
FOSL2	4	15	0.4045463525150823	0.0504949505049495	chr9	21994352.0	21994466.0	antisense	0.4597698124924349	0.3374595469822349	0.1
TFAP2A	7	18	0.40312363350846914	0.15548445155484453	chr9	21994352.0	21994466.0	sense	0.51321738991745	0.28969863636329074	0.1
TP53	1	19	0.40199349297148124	0.08759124087591241	chr9	21994352.0	21994466.0	antisense	0.4760350887988124	0.3223610340230901	0.1
Pax2	7	15	0.3999825238458895	0.26687331266873315	chr9	21994352.0	21994466.0	sense	0.5219693784046252	0.2823549743540229	0.1
NR2F1	6	19	0.3977724222902433	0.15658434156584342	chr9	21994352.0	21994466.0	antisense	0.51321738991745	0.28969863636329074	0.1
CDX1	14	23	0.39598104385563304	0.1608839116088391	chr9	21994352.0	21994466.0	antisense	0.51321738991745	0.28969863636329074	0.1
EGR2	6	17	0.39511947494381916	0.0806919308069193	chr9	21994352.0	21994466.0	sense	0.4760350887988124	0.3223610340230901	0.1
NFYA	6	24	0.395039441061723	0.19658034196580343	chr9	21994352.0	21994466.0	sense	0.517079892010799	0.28644235056393585	0.1
NFYB	1	16	0.39462501481164647	0.18298170182981702	chr9	21994352.0	21994466.0	antisense	0.517079892010799	0.28644235056393585	0.1
Neurog1	8	18	0.393665078481874	0.39466053394660533	chr9	21994352.0	21994466.0	sense	0.5711312202113122	0.24326409899316379	0.1
NEUROD2	8	18	0.38997298933937935	0.1110888911108889	chr9	21994352.0	21994466.0	sense	0.49168134034054223	0.3083162731841257	0.1
Hand1::Tcf3	13	23	0.3899301249907367	0.1611838816118388	chr9	21994352.0	21994466.0	sense	0.51321738991745	0.28969863636329074	0.1
Crx	4	15	0.3885048170378001	0.12318768123187682	chr9	21994352.0	21994466.0	antisense	0.501777028179535	0.2994892249728457	0.1
TEAD1	7	17	0.38549735663937235	0.20167983201679832	chr9	21994352.0	21994466.0	sense	0.517079892010799	0.28644235056393585	0.1
HOXD11	13	23	0.38460877760396656	0.09369063093690631	chr9	21994352.0	21994466.0	antisense	0.4760350887988124	0.3223610340230901	0.1
HESX1	11	21	0.3841122570691674	0.12368763123687632	chr9	21994352.0	21994466.0	antisense	0.501777028179535	0.2994892249728457	0.1
Spz1	3	14	0.38381365535878137	0.13688631136886312	chr9	21994352.0	21994466.0	antisense	0.5042261731273682	0.2973746149273779	0.1
Hoxd9	14	24	0.38319244611846015	0.23357664233576642	chr9	21994352.0	21994466.0	antisense	0.517079892010799	0.28644235056393585	0.1
ID4	5	15	0.3827480953990597	0.11048895110488952	chr9	21994352.0	21994466.0	sense	0.49168134034054223	0.3083162731841257	0.1
RHOXF1	4	12	0.38167386704952694	0.1314868513148685	chr9	21994352.0	21994466.0	sense	0.501777028179535	0.2994892249728457	0.1
Tcf12	6	17	0.3815056167055842	0.0893910608939106	chr9	21994352.0	21994466.0	antisense	0.4760350887988124	0.3223610340230901	0.1
GLIS2	5	19	0.3810502633867869	0.12638736126387362	chr9	21994352.0	21994466.0	sense	0.501777028179535	0.2994892249728457	0.1
ZBTB33	4	19	0.3804020528642166	0.21057894210578942	chr9	21994352.0	21994466.0	sense	0.517079892010799	0.28644235056393585	0.1
VAX1	11	19	0.37912582451541227	0.255974402559744	chr9	21994352.0	21994466.0	antisense	0.5203452731649911	0.2837083862308939	0.1
Dlx3	12	20	0.3782406535455332	0.2450754924507549	chr9	21994352.0	21994466.0	sense	0.517079892010799	0.28644235056393585	0.1
SNAI2	9	18	0.377773789733578	0.1491850814918508	chr9	21994352.0	21994466.0	antisense	0.51321738991745	0.28969863636329074	0.1
RUNX1	7	18	0.37757078712902115	0.25837416258374163	chr9	21994352.0	21994466.0	sense	0.5203452731649911	0.2837083862308939	0.1
ESR2	2	17	0.3775330989468383	0.2930706929307069	chr9	21994352.0	21994466.0	sense	0.5219693784046252	0.2823549743540229	0.1
RUNX2	9	18	0.3773611599664904	0.12068793120687932	chr9	21994352.0	21994466.0	antisense	0.501777028179535	0.2994892249728457	0.1
CREB3	4	18	0.374178729423156	0.14708529147085292	chr9	21994352.0	21994466.0	sense	0.51321738991745	0.28969863636329074	0.1
Six3	2	19	0.37299868723223173	0.29217078292170784	chr9	21994352.0	21994466.0	antisense	0.5219693784046252	0.2823549743540229	0.1
EN2	10	20	0.37176102739530287	0.2596740325967403	chr9	21994352.0	21994466.0	sense	0.5203452731649911	0.2837083862308939	0.1
IRF1	3	24	0.37167110370708867	0.22847715228477153	chr9	21994352.0	21994466.0	sense	0.517079892010799	0.28644235056393585	0.1
REL	10	20	0.37101541106033764	0.1504849515048495	chr9	21994352.0	21994466.0	sense	0.51321738991745	0.28969863636329074	0.1
GSX1	10	20	0.37046010425532305	0.4727527247275273	chr9	21994352.0	21994466.0	sense	0.5930298274520374	0.2269234625007385	0.1
ATF7	4	18	0.3701845156316598	0.09319068093190681	chr9	21994352.0	21994466.0	antisense	0.4760350887988124	0.3223610340230901	0.1
NOTO	11	21	0.36746707212729224	0.20677932206779323	chr9	21994352.0	21994466.0	sense	0.517079892010799	0.28644235056393585	0.1
HOXB3	11	21	0.3671484086146964	0.35976402359764026	chr9	21994352.0	21994466.0	sense	0.5611415119615635	0.2509276019987828	0.1
TBX2	7	18	0.3661099836276353	0.2766723327667233	chr9	21994352.0	21994466.0	antisense	0.5219693784046252	0.2823549743540229	0.1
FOXP1	4	19	0.3636666719312836	0.2582741725827417	chr9	21994352.0	21994466.0	antisense	0.5203452731649911	0.2837083862308939	0.1
Pparg::Rxra	5	20	0.36312490501648814	0.39366063393660633	chr9	21994352.0	21994466.0	antisense	0.5711312202113122	0.24326409899316379	0.1
TAL1::TCF3	6	18	0.36191431757542747	0.1202879712028797	chr9	21994352.0	21994466.0	sense	0.501777028179535	0.2994892249728457	0.1
HOXA5	10	18	0.3614810932538754	0.1287871212878712	chr9	21994352.0	21994466.0	sense	0.501777028179535	0.2994892249728457	0.1
TCF4	5	15	0.3611491836739663	0.1307869213078692	chr9	21994352.0	21994466.0	sense	0.501777028179535	0.2994892249728457	0.1
Dlx4	12	20	0.3604625642114593	0.23987601239876014	chr9	21994352.0	21994466.0	sense	0.517079892010799	0.28644235056393585	0.1
VAX2	11	19	0.3567722995466298	0.2606739326067393	chr9	21994352.0	21994466.0	antisense	0.5203452731649911	0.2837083862308939	0.1
HOXC13	13	24	0.356376985030989	0.10988901109889011	chr9	21994352.0	21994466.0	antisense	0.49168134034054223	0.3083162731841257	0.1
TFAP2A(var.2)	7	19	0.35629819477996555	0.28757124287571245	chr9	21994352.0	21994466.0	sense	0.5219693784046252	0.2823549743540229	0.1
Znf423	5	20	0.3559357126910123	0.10208979102089791	chr9	21994352.0	21994466.0	sense	0.4763202251203451	0.3221009774393295	0.1
OLIG3	8	18	0.35491858013872074	0.1578842115788421	chr9	21994352.0	21994466.0	sense	0.51321738991745	0.28969863636329074	0.1
EVX2	11	21	0.3548587527277057	0.39036096390360964	chr9	21994352.0	21994466.0	sense	0.5711312202113122	0.24326409899316379	0.1
OTX1	4	12	0.3539471017922914	0.126987301269873	chr9	21994352.0	21994466.0	sense	0.501777028179535	0.2994892249728457	0.1
CEBPE	3	13	0.3535762668462786	0.136986301369863	chr9	21994352.0	21994466.0	sense	0.5042261731273682	0.2973746149273779	0.1
EVX1	11	21	0.35266959930943975	0.38736126387361264	chr9	21994352.0	21994466.0	sense	0.5711312202113122	0.24326409899316379	0.1
POU4F3	7	23	0.35212336947389367	0.36346365363463656	chr9	21994352.0	21994466.0	antisense	0.5611415119615635	0.2509276019987828	0.1
FOXA1	9	24	0.3514997354284045	0.29287071292870714	chr9	21994352.0	21994466.0	sense	0.5219693784046252	0.2823549743540229	0.1
JUND	3	14	0.35117926660524024	0.08199180081991801	chr9	21994352.0	21994466.0	antisense	0.4760350887988124	0.3223610340230901	0.1
MEF2A	9	21	0.3498221091435675	0.1040895910408959	chr9	21994352.0	21994466.0	antisense	0.47807520132942455	0.32050378340128843	0.1
HOXD12	13	24	0.34946831095325015	0.12378762123787622	chr9	21994352.0	21994466.0	antisense	0.501777028179535	0.2994892249728457	0.1
TP73	1	19	0.34849780855478846	0.22327767223277672	chr9	21994352.0	21994466.0	antisense	0.517079892010799	0.28644235056393585	0.1
Hmx1	7	24	0.34780354381264955	0.41525847415258477	chr9	21994352.0	21994466.0	sense	0.5744218681580119	0.24076903492248874	0.1
ESX1	11	21	0.34746238417767705	0.41645835416458354	chr9	21994352.0	21994466.0	sense	0.5744218681580119	0.24076903492248874	0.1
LIN54	14	23	0.3472486459047128	0.133986601339866	chr9	21994352.0	21994466.0	sense	0.5028943148850583	0.2985232739595142	0.1
GBX2	11	21	0.34583020734646824	0.21787821217878212	chr9	21994352.0	21994466.0	sense	0.517079892010799	0.28644235056393585	0.1
T	4	20	0.34535426587620505	0.15548445155484453	chr9	21994352.0	21994466.0	sense	0.51321738991745	0.28969863636329074	0.1
SP4	1	18	0.34489878817575736	0.1488851114888511	chr9	21994352.0	21994466.0	antisense	0.51321738991745	0.28969863636329074	0.1
ETV5	4	14	0.34426626024380264	0.2852714728527147	chr9	21994352.0	21994466.0	antisense	0.5219693784046252	0.2823549743540229	0.1
Creb3l2	8	17	0.34412831521030385	0.0780921907809219	chr9	21994352.0	21994466.0	sense	0.4760350887988124	0.3223610340230901	0.1
EOMES	4	17	0.3427421063310261	0.3130686931306869	chr9	21994352.0	21994466.0	antisense	0.5363601797714965	0.270543472333204	0.1
MNX1	14	24	0.3423079204619016	0.3257674232576742	chr9	21994352.0	21994466.0	antisense	0.5507273376896838	0.2590633649331007	0.1
Ar	5	22	0.3422267275209003	0.1807819218078192	chr9	21994352.0	21994466.0	antisense	0.517079892010799	0.28644235056393585	0.1
TP63	1	19	0.34218451346724627	0.08349165083491651	chr9	21994352.0	21994466.0	antisense	0.4760350887988124	0.3223610340230901	0.1
TFCP2	6	16	0.3413872826865442	0.1483851614838516	chr9	21994352.0	21994466.0	antisense	0.51321738991745	0.28969863636329074	0.1
Nkx2-5(var.2)	7	18	0.3406677488648719	0.1812818718128187	chr9	21994352.0	21994466.0	sense	0.517079892010799	0.28644235056393585	0.1
STAT1::STAT2	5	20	0.3405367788325851	0.21677832216778323	chr9	21994352.0	21994466.0	sense	0.517079892010799	0.28644235056393585	0.1
TEAD4	9	19	0.33980796346447717	0.2683731626837316	chr9	21994352.0	21994466.0	antisense	0.5219693784046252	0.2823549743540229	0.1
POU2F2	11	24	0.3385403319653985	0.19958004199580043	chr9	21994352.0	21994466.0	sense	0.517079892010799	0.28644235056393585	0.1
SRY	15	24	0.33832012239307324	0.26047395260473954	chr9	21994352.0	21994466.0	antisense	0.5203452731649911	0.2837083862308939	0.1
CREB3L1	6	20	0.3375596802216526	0.17318268173182683	chr9	21994352.0	21994466.0	sense	0.517079892010799	0.28644235056393585	0.1
PROX1	5	17	0.3371511662056825	0.0943905609439056	chr9	21994352.0	21994466.0	antisense	0.4760350887988124	0.3223610340230901	0.1
Twist2	8	18	0.33699801456537604	0.15298470152984703	chr9	21994352.0	21994466.0	sense	0.51321738991745	0.28969863636329074	0.1
BARX1	11	19	0.3366863171230578	0.17798220177982202	chr9	21994352.0	21994466.0	sense	0.517079892010799	0.28644235056393585	0.1
FOXD2	13	20	0.33638166612953657	0.1553844615538446	chr9	21994352.0	21994466.0	antisense	0.51321738991745	0.28969863636329074	0.1
EWSR1-FLI1	1	19	0.334135500133379	0.06209379062093791	chr9	21994352.0	21994466.0	antisense	0.4760350887988124	0.3223610340230901	0.1
ETV1	8	18	0.3331602262604071	0.23977602239776022	chr9	21994352.0	21994466.0	sense	0.517079892010799	0.28644235056393585	0.1
ELK3	8	18	0.3329504511796548	0.19928007199280073	chr9	21994352.0	21994466.0	sense	0.517079892010799	0.28644235056393585	0.1
Hmx3	7	24	0.3328406417224078	0.43665633436656337	chr9	21994352.0	21994466.0	sense	0.5829913191886918	0.2343379118902441	0.1
ETV4	8	18	0.32978633699412346	0.24427557244275572	chr9	21994352.0	21994466.0	sense	0.517079892010799	0.28644235056393585	0.1
NKX3-2	10	19	0.3278696288340089	0.22497750224977503	chr9	21994352.0	21994466.0	sense	0.517079892010799	0.28644235056393585	0.1
PRDM1	5	20	0.3266599617304219	0.31416858314168583	chr9	21994352.0	21994466.0	antisense	0.5363601797714965	0.270543472333204	0.1
SMAD2::SMAD3::SMAD4	2	15	0.326552735222194	0.27857214278572145	chr9	21994352.0	21994466.0	sense	0.5219693784046252	0.2823549743540229	0.1
POU5F1B	14	23	0.32650809738320796	0.2104789521047895	chr9	21994352.0	21994466.0	antisense	0.517079892010799	0.28644235056393585	0.1
EMX2	11	21	0.32610033192020216	0.25617438256174385	chr9	21994352.0	21994466.0	sense	0.5203452731649911	0.2837083862308939	0.1
FOSL1	3	14	0.3254500690436564	0.1260873912608739	chr9	21994352.0	21994466.0	antisense	0.501777028179535	0.2994892249728457	0.1
ETV3	8	18	0.3242505913367603	0.22667733226677333	chr9	21994352.0	21994466.0	sense	0.517079892010799	0.28644235056393585	0.1
MAX::MYC	8	19	0.3238335779842517	0.1683831616838316	chr9	21994352.0	21994466.0	antisense	0.517079892010799	0.28644235056393585	0.1
Rarb(var.2)	6	23	0.3233144772642555	0.10278972102789721	chr9	21994352.0	21994466.0	antisense	0.4763202251203451	0.3221009774393295	0.1
Foxo1	10	21	0.32320511089840714	0.20087991200879912	chr9	21994352.0	21994466.0	sense	0.517079892010799	0.28644235056393585	0.1
MEF2B	11	23	0.32218525767040646	0.0903909609039096	chr9	21994352.0	21994466.0	antisense	0.4760350887988124	0.3223610340230901	0.1
TFAP2C(var.2)	7	18	0.3220814416652304	0.27877212278772123	chr9	21994352.0	21994466.0	sense	0.5219693784046252	0.2823549743540229	0.1
JUND(var.2)	5	20	0.3210419772973506	0.2936706329367063	chr9	21994352.0	21994466.0	antisense	0.5219693784046252	0.2823549743540229	0.1
CEBPB	3	13	0.32086906686891586	0.1526847315268473	chr9	21994352.0	21994466.0	antisense	0.51321738991745	0.28969863636329074	0.1
JUNB	4	15	0.32057736735210335	0.14878512148785122	chr9	21994352.0	21994466.0	antisense	0.51321738991745	0.28969863636329074	0.1
Mitf	2	12	0.31971594956604854	0.5062493750624938	chr9	21994352.0	21994466.0	antisense	0.6179867928700087	0.20902080621371963	0.1
FEV	8	18	0.31946766632205287	0.22037796220377961	chr9	21994352.0	21994466.0	sense	0.517079892010799	0.28644235056393585	0.1
INSM1	7	19	0.31833723935046687	0.19558044195580443	chr9	21994352.0	21994466.0	antisense	0.517079892010799	0.28644235056393585	0.1
ETV6	4	14	0.3175483107536828	0.21577842215778423	chr9	21994352.0	21994466.0	antisense	0.517079892010799	0.28644235056393585	0.1
MSX1	12	20	0.31730094657249197	0.24817518248175183	chr9	21994352.0	21994466.0	sense	0.517079892010799	0.28644235056393585	0.1
JUN	6	19	0.31714537578540114	0.2121787821217878	chr9	21994352.0	21994466.0	antisense	0.517079892010799	0.28644235056393585	0.1
PITX3	3	12	0.31699935292331327	0.3114688531146885	chr9	21994352.0	21994466.0	sense	0.5363601797714965	0.270543472333204	0.1
HOXB2	10	20	0.3167594261872466	0.4951504849515049	chr9	21994352.0	21994466.0	sense	0.6104111679093374	0.21437752925201153	0.1
ZBTB18	6	19	0.3167409538222281	0.20277972202779723	chr9	21994352.0	21994466.0	sense	0.517079892010799	0.28644235056393585	0.1
HNF1A	7	22	0.3167388280628522	0.29817018298170184	chr9	21994352.0	21994466.0	antisense	0.5240323940578916	0.28064186544806263	0.1
FOXP3	13	20	0.3157631730270048	0.1954804519548045	chr9	21994352.0	21994466.0	antisense	0.517079892010799	0.28644235056393585	0.1
MAF::NFE2	4	19	0.31557912006878425	0.23987601239876014	chr9	21994352.0	21994466.0	sense	0.517079892010799	0.28644235056393585	0.1
PAX1	7	24	0.3151953626445768	0.20887911208879112	chr9	21994352.0	21994466.0	sense	0.517079892010799	0.28644235056393585	0.1
GSX2	11	21	0.3147937930225093	0.5788421157884212	chr9	21994352.0	21994466.0	sense	0.6508193336510505	0.1865395541167873	0.1
Gabpa	9	20	0.31402167528099045	0.2318768123187681	chr9	21994352.0	21994466.0	sense	0.517079892010799	0.28644235056393585	0.1
Ascl2	7	17	0.31349029133689954	0.1533846615338466	chr9	21994352.0	21994466.0	antisense	0.51321738991745	0.28969863636329074	0.1
Nr2e3	10	17	0.31230865815719716	0.06579342065793421	chr9	21994352.0	21994466.0	sense	0.4760350887988124	0.3223610340230901	0.1
NR3C2	5	22	0.3122614486066085	0.22037796220377961	chr9	21994352.0	21994466.0	sense	0.517079892010799	0.28644235056393585	0.1
CEBPD	3	13	0.312251694066066	0.15148485151484853	chr9	21994352.0	21994466.0	antisense	0.51321738991745	0.28969863636329074	0.1
Nr2e1	10	19	0.31225134446049746	0.23177682231776822	chr9	21994352.0	21994466.0	antisense	0.517079892010799	0.28644235056393585	0.1
RUNX3	6	16	0.3110229838607075	0.2536746325367463	chr9	21994352.0	21994466.0	sense	0.5203452731649911	0.2837083862308939	0.1
TFAP2B(var.2)	7	18	0.31033747936434103	0.2542745725427457	chr9	21994352.0	21994466.0	antisense	0.5203452731649911	0.2837083862308939	0.1
Hmx2	7	24	0.30985311503429713	0.45715428457154283	chr9	21994352.0	21994466.0	sense	0.5868203820012088	0.2314948102395781	0.1
Dlx2	11	19	0.30955961859226644	0.2445755424457554	chr9	21994352.0	21994466.0	sense	0.517079892010799	0.28644235056393585	0.1
Nr1h3::Rxra	3	22	0.3094356458417164	0.5841415858414158	chr9	21994352.0	21994466.0	antisense	0.6533825065769284	0.1848324973457548	0.1
Esrrg	9	19	0.30924348942834146	0.17318268173182683	chr9	21994352.0	21994466.0	antisense	0.517079892010799	0.28644235056393585	0.1
Foxk1	2	19	0.3089194872452288	0.38906109389061094	chr9	21994352.0	21994466.0	antisense	0.5711312202113122	0.24326409899316379	0.1
Pitx1	4	12	0.3087439680720478	0.2846715328467153	chr9	21994352.0	21994466.0	sense	0.5219693784046252	0.2823549743540229	0.1
ERG	8	18	0.3069435391664908	0.22947705229477053	chr9	21994352.0	21994466.0	sense	0.517079892010799	0.28644235056393585	0.1
MIXL1	10	20	0.30628070992575246	0.533046695330467	chr9	21994352.0	21994466.0	antisense	0.6329271182470794	0.19864629624715033	0.1
TFAP2C	5	17	0.3052515960093284	0.4163583641635836	chr9	21994352.0	21994466.0	antisense	0.5744218681580119	0.24076903492248874	0.1
ELK1	8	18	0.30414266852532706	0.1543845615438456	chr9	21994352.0	21994466.0	sense	0.51321738991745	0.28969863636329074	0.1
DLX6	11	19	0.30281018456057934	0.296970302969703	chr9	21994352.0	21994466.0	antisense	0.5240323940578916	0.28064186544806263	0.1
MNT	8	18	0.302133362840832	0.2773722627737226	chr9	21994352.0	21994466.0	antisense	0.5219693784046252	0.2823549743540229	0.1
MSC	8	18	0.3019069037266245	0.1331866813318668	chr9	21994352.0	21994466.0	sense	0.5028943148850583	0.2985232739595142	0.1
ETS1	8	18	0.3018313093158193	0.23147685231476853	chr9	21994352.0	21994466.0	sense	0.517079892010799	0.28644235056393585	0.1
CEBPG	3	13	0.3015549309324748	0.12298770122987701	chr9	21994352.0	21994466.0	antisense	0.501777028179535	0.2994892249728457	0.1
Hoxb5	8	24	0.3009410175522266	0.573942605739426	chr9	21994352.0	21994466.0	sense	0.6508193336510505	0.1865395541167873	0.1
TCF7L2	10	24	0.30092309246499116	0.38916108389161086	chr9	21994352.0	21994466.0	antisense	0.5711312202113122	0.24326409899316379	0.1
Myog	6	17	0.3007607211197335	0.21387861213878612	chr9	21994352.0	21994466.0	antisense	0.517079892010799	0.28644235056393585	0.1
Prrx2	12	20	0.30044297363365435	0.43795620437956206	chr9	21994352.0	21994466.0	sense	0.5829913191886918	0.2343379118902441	0.1
NKX2-3	10	20	0.3003536992829094	0.2930706929307069	chr9	21994352.0	21994466.0	sense	0.5219693784046252	0.2823549743540229	0.1
MYF6	7	17	0.2990565056002965	0.1304869513048695	chr9	21994352.0	21994466.0	antisense	0.501777028179535	0.2994892249728457	0.1
TBX5	4	12	0.29876106459148516	0.3324667533246675	chr9	21994352.0	21994466.0	antisense	0.5571863866244954	0.2539995029553351	0.1
POU6F2	8	18	0.298442751224518	0.26907309269073093	chr9	21994352.0	21994466.0	sense	0.5219693784046252	0.2823549743540229	0.1
ELF1	4	16	0.29843793622268056	0.20287971202879712	chr9	21994352.0	21994466.0	antisense	0.517079892010799	0.28644235056393585	0.1
SPDEF	8	19	0.2979937364004318	0.18518148185181482	chr9	21994352.0	21994466.0	sense	0.517079892010799	0.28644235056393585	0.1
ELF4	4	16	0.297245370746265	0.20487951204879512	chr9	21994352.0	21994466.0	antisense	0.517079892010799	0.28644235056393585	0.1
RREB1	3	23	0.29706986770535926	0.19858014198580143	chr9	21994352.0	21994466.0	antisense	0.517079892010799	0.28644235056393585	0.1
Foxd3	10	22	0.2970005377608362	0.2860713928607139	chr9	21994352.0	21994466.0	sense	0.5219693784046252	0.2823549743540229	0.1
TFAP2B	5	17	0.2956522246861836	0.41215878412158785	chr9	21994352.0	21994466.0	sense	0.5744218681580119	0.24076903492248874	0.1
Nkx3-1	10	19	0.2954344548153681	0.24297570242975702	chr9	21994352.0	21994466.0	sense	0.517079892010799	0.28644235056393585	0.1
TFE3	8	18	0.2946730874746459	0.44065593440655937	chr9	21994352.0	21994466.0	antisense	0.5829913191886918	0.2343379118902441	0.1
CLOCK	8	18	0.29410142888375784	0.24797520247975202	chr9	21994352.0	21994466.0	antisense	0.517079892010799	0.28644235056393585	0.1
RAX2	12	20	0.29394796809515367	0.42515748425157485	chr9	21994352.0	21994466.0	sense	0.57763543017426	0.23834617648885442	0.1
MEIS2	16	24	0.29344970697399086	0.17578242175782421	chr9	21994352.0	21994466.0	sense	0.517079892010799	0.28644235056393585	0.1
RFX4	4	20	0.29326161685718444	0.40215978402159785	chr9	21994352.0	21994466.0	antisense	0.5734091426022233	0.24153538681673767	0.1
TBX21	8	18	0.29256289686778153	0.23177682231776822	chr9	21994352.0	21994466.0	antisense	0.517079892010799	0.28644235056393585	0.1
PAX9	7	24	0.2920366041111557	0.18998100189981001	chr9	21994352.0	21994466.0	sense	0.517079892010799	0.28644235056393585	0.1
Arid3a	15	21	0.291741663734076	0.1386861313868613	chr9	21994352.0	21994466.0	antisense	0.5068880435900072	0.29508795273817645	0.1
SHOX	12	20	0.29072803441674766	0.40185981401859816	chr9	21994352.0	21994466.0	antisense	0.5734091426022233	0.24153538681673767	0.1
RELA	10	20	0.2899762580994861	0.1260873912608739	chr9	21994352.0	21994466.0	sense	0.501777028179535	0.2994892249728457	0.1
NKX2-8	11	20	0.28882699380413857	0.3608639136086391	chr9	21994352.0	21994466.0	sense	0.5611415119615635	0.2509276019987828	0.1
Gata1	7	18	0.2886105149346063	0.2726727327267273	chr9	21994352.0	21994466.0	sense	0.5219693784046252	0.2823549743540229	0.1
FLI1	8	18	0.2882837537402732	0.21747825217478253	chr9	21994352.0	21994466.0	sense	0.517079892010799	0.28644235056393585	0.1
XBP1	3	17	0.28807533534891794	0.33766623337666235	chr9	21994352.0	21994466.0	sense	0.5571863866244954	0.2539995029553351	0.1
Bcl6	10	24	0.2879149008051016	0.41985801419858015	chr9	21994352.0	21994466.0	antisense	0.5764717179075743	0.23922199462769048	0.1
Arx	7	24	0.2875888131101179	0.4644535546445355	chr9	21994352.0	21994466.0	sense	0.5904616855387632	0.22880827806562157	0.1
TCF3	5	15	0.28652831136767815	0.29247075292470753	chr9	21994352.0	21994466.0	sense	0.5219693784046252	0.2823549743540229	0.1
ALX3	10	20	0.28614351871830046	0.5456454354564544	chr9	21994352.0	21994466.0	antisense	0.63925503612167	0.19432584186832838	0.1
ERF	8	18	0.2861406201609573	0.23917608239176083	chr9	21994352.0	21994466.0	sense	0.517079892010799	0.28644235056393585	0.1
HNF1B	8	21	0.2842547298343629	0.28017198280171984	chr9	21994352.0	21994466.0	antisense	0.5219693784046252	0.2823549743540229	0.1
ZBED1	5	18	0.28379023609697657	0.1606839316068393	chr9	21994352.0	21994466.0	antisense	0.51321738991745	0.28969863636329074	0.1
BSX	12	20	0.2831348108701294	0.3133686631336866	chr9	21994352.0	21994466.0	sense	0.5363601797714965	0.270543472333204	0.1
Npas2	8	18	0.28281185271142034	0.3050694930506949	chr9	21994352.0	21994466.0	sense	0.5313123050111096	0.274650125862253	0.1
FOXL1	13	20	0.28098707318926636	0.16548345165483452	chr9	21994352.0	21994466.0	antisense	0.517079892010799	0.28644235056393585	0.1
SOX21	2	17	0.2806863302120184	0.1346865313468653	chr9	21994352.0	21994466.0	antisense	0.5028943148850583	0.2985232739595142	0.1
POU3F1	12	24	0.27973667888619147	0.44145585441455854	chr9	21994352.0	21994466.0	antisense	0.5829913191886918	0.2343379118902441	0.1
HEY1	1	11	0.2787098846263385	0.28477152284771523	chr9	21994352.0	21994466.0	sense	0.5219693784046252	0.2823549743540229	0.1
GLIS3	5	19	0.27817450807148236	0.1797820217978202	chr9	21994352.0	21994466.0	sense	0.517079892010799	0.28644235056393585	0.1
Myc	2	12	0.2780318156558933	0.2273772622737726	chr9	21994352.0	21994466.0	sense	0.517079892010799	0.28644235056393585	0.1
MEOX1	11	21	0.2779056816833748	0.4320567943205679	chr9	21994352.0	21994466.0	sense	0.5824350032529214	0.23475253262567541	0.1
JDP2(var.2)	5	17	0.27742528417783197	0.17688231176882313	chr9	21994352.0	21994466.0	antisense	0.517079892010799	0.28644235056393585	0.1
NEUROG2	8	18	0.27719667265072406	0.1698830116988301	chr9	21994352.0	21994466.0	antisense	0.517079892010799	0.28644235056393585	0.1
Mecom	3	17	0.27686253426911367	0.28927107289271076	chr9	21994352.0	21994466.0	antisense	0.5219693784046252	0.2823549743540229	0.1
VENTX	11	20	0.2754079572839716	0.26777322267773224	chr9	21994352.0	21994466.0	sense	0.5219693784046252	0.2823549743540229	0.1
Atoh1	8	18	0.2754073949961411	0.33486651334866513	chr9	21994352.0	21994466.0	antisense	0.5571863866244954	0.2539995029553351	0.1
IRF7	7	21	0.2745823833844533	0.28877112288771123	chr9	21994352.0	21994466.0	antisense	0.5219693784046252	0.2823549743540229	0.1
Foxj3	2	19	0.2742590518344405	0.5177482251774822	chr9	21994352.0	21994466.0	antisense	0.6249100671328216	0.20418247890913813	0.1
ZEB1	4	13	0.27342762523767383	0.20987901209879012	chr9	21994352.0	21994466.0	sense	0.517079892010799	0.28644235056393585	0.1
MEOX2	10	20	0.27261441268743897	0.6161383861613838	chr9	21994352.0	21994466.0	sense	0.6832816718328167	0.16540022852160702	0.1
REST	2	23	0.27261320928999644	0.24667533246675333	chr9	21994352.0	21994466.0	sense	0.517079892010799	0.28644235056393585	0.1
Hoxd3	6	22	0.27245484881785903	0.657034296570343	chr9	21994352.0	21994466.0	sense	0.7119014612108727	0.14758011565245263	0.1
MAFG	3	24	0.27214233483795075	0.5421457854214579	chr9	21994352.0	21994466.0	antisense	0.6372964513503401	0.19565849978979727	0.1
BHLHE22	8	18	0.27204356688709175	0.24647535246475352	chr9	21994352.0	21994466.0	sense	0.517079892010799	0.28644235056393585	0.1
UNCX	11	19	0.27178832151298127	0.48235176482351766	chr9	21994352.0	21994466.0	antisense	0.6017802065947252	0.22056210092305262	0.1
FOXO4	13	20	0.2717469710448762	0.18538146185381463	chr9	21994352.0	21994466.0	antisense	0.517079892010799	0.28644235056393585	0.1
ATF4	2	15	0.270203136957957	0.32216778322167783	chr9	21994352.0	21994466.0	antisense	0.5464218284053947	0.2624719598267856	0.1
GBX1	11	21	0.27009502863682955	0.34906509349065096	chr9	21994352.0	21994466.0	sense	0.5574301031435318	0.2538095815931004	0.1
OLIG2	11	21	0.26937808088637993	0.2723727627237276	chr9	21994352.0	21994466.0	antisense	0.5219693784046252	0.2823549743540229	0.1
Pou5f1::Sox2	9	24	0.26928525010077775	0.47135286471352866	chr9	21994352.0	21994466.0	sense	0.5930298274520374	0.2269234625007385	0.1
TFEC	8	18	0.2691696550468926	0.3945605439456054	chr9	21994352.0	21994466.0	antisense	0.5711312202113122	0.24326409899316379	0.1
Hoxa9	8	19	0.2679019613589868	0.3023697630236976	chr9	21994352.0	21994466.0	sense	0.5283835252838353	0.2770507319164482	0.1
ZNF354C	7	13	0.26643395481361315	0.2024797520247975	chr9	21994352.0	21994466.0	sense	0.517079892010799	0.28644235056393585	0.1
GATA2	4	18	0.266342646974295	0.47265273472652736	chr9	21994352.0	21994466.0	sense	0.5930298274520374	0.2269234625007385	0.1
OTX2	4	12	0.26572656561506713	0.32986701329867013	chr9	21994352.0	21994466.0	sense	0.5558473373441877	0.2550444703835052	0.1
BHLHE23	6	18	0.26516566075110665	0.29887011298870114	chr9	21994352.0	21994466.0	antisense	0.5240323940578916	0.28064186544806263	0.1
HNF4G	5	20	0.2648014599621355	0.5616438356164384	chr9	21994352.0	21994466.0	antisense	0.6495995774871852	0.18735426624077836	0.1
MZF1	8	14	0.2632373739660433	0.2283771622837716	chr9	21994352.0	21994466.0	antisense	0.517079892010799	0.28644235056393585	0.1
HOXA13	13	23	0.262943178726496	0.3431656834316568	chr9	21994352.0	21994466.0	antisense	0.5571863866244954	0.2539995029553351	0.1
HLF	2	14	0.26268070671706134	0.4634536546345365	chr9	21994352.0	21994466.0	sense	0.5904616855387632	0.22880827806562157	0.1
RARA(var.2)	6	23	0.2625744363039277	0.24087591240875914	chr9	21994352.0	21994466.0	antisense	0.517079892010799	0.28644235056393585	0.1
HEY2	1	11	0.2625534514084338	0.3581641835816418	chr9	21994352.0	21994466.0	sense	0.5611415119615635	0.2509276019987828	0.1
EHF	6	18	0.2624684993764481	0.3427657234276572	chr9	21994352.0	21994466.0	sense	0.5571863866244954	0.2539995029553351	0.1
MEIS3	16	24	0.26245356112298385	0.388961103889611	chr9	21994352.0	21994466.0	sense	0.5711312202113122	0.24326409899316379	0.1
ELF5	7	18	0.26201818788472436	0.49955004499550043	chr9	21994352.0	21994466.0	sense	0.6143755292717173	0.2115660906879808	0.1
FOS::JUN	5	12	0.2616435273770131	0.26407359264073593	chr9	21994352.0	21994466.0	antisense	0.5219693784046252	0.2823549743540229	0.1
LHX9	12	20	0.2611650571143717	0.4410558944105589	chr9	21994352.0	21994466.0	sense	0.5829913191886918	0.2343379118902441	0.1
CEBPA	13	24	0.2609459600434077	0.34636536346365365	chr9	21994352.0	21994466.0	antisense	0.5571863866244954	0.2539995029553351	0.1
RFX3	4	20	0.2606718967702326	0.45195480451954806	chr9	21994352.0	21994466.0	sense	0.5840102556908489	0.2335795262594572	0.1
FOXI1	13	20	0.2602823610892676	0.1805819418058194	chr9	21994352.0	21994466.0	antisense	0.517079892010799	0.28644235056393585	0.1
VSX1	11	19	0.25637714520269833	0.45095490450954906	chr9	21994352.0	21994466.0	antisense	0.5840102556908489	0.2335795262594572	0.1
IRF8	7	21	0.25601849087476425	0.18738126187381263	chr9	21994352.0	21994466.0	antisense	0.517079892010799	0.28644235056393585	0.1
TBX4	9	17	0.25591315656610575	0.3467653234676532	chr9	21994352.0	21994466.0	antisense	0.5571863866244954	0.2539995029553351	0.1
MAX	8	18	0.2557364625218521	0.39566043395660433	chr9	21994352.0	21994466.0	sense	0.5711312202113122	0.24326409899316379	0.1
POU3F4	14	23	0.2548846380183954	0.23447655234476553	chr9	21994352.0	21994466.0	antisense	0.517079892010799	0.28644235056393585	0.1
NR3C1	5	22	0.2533391130796071	0.36436356364363565	chr9	21994352.0	21994466.0	antisense	0.5611415119615635	0.2509276019987828	0.1
FOXD1	12	20	0.2523009179563713	0.271972802719728	chr9	21994352.0	21994466.0	antisense	0.5219693784046252	0.2823549743540229	0.1
POU3F2	12	24	0.25199045190842834	0.41355864413558646	chr9	21994352.0	21994466.0	antisense	0.5744218681580119	0.24076903492248874	0.1
MEIS1	16	23	0.25183748168255643	0.41725827417258277	chr9	21994352.0	21994466.0	sense	0.5744218681580119	0.24076903492248874	0.1
IRF9	2	17	0.2516492277451929	0.1947805219478052	chr9	21994352.0	21994466.0	antisense	0.517079892010799	0.28644235056393585	0.1
TFEB	8	18	0.2514574376461796	0.4236576342365763	chr9	21994352.0	21994466.0	antisense	0.5771084308891945	0.23874258110303453	0.1
NHLH1	7	17	0.251069526407827	0.34666533346665335	chr9	21994352.0	21994466.0	sense	0.5571863866244954	0.2539995029553351	0.1
LMX1B	15	23	0.250686146062609	0.5175482451754825	chr9	21994352.0	21994466.0	antisense	0.6249100671328216	0.20418247890913813	0.1
LHX6	11	21	0.2504494970723363	0.42105789421057893	chr9	21994352.0	21994466.0	antisense	0.5765937918081543	0.23913003797621207	0.1
ARNT::HIF1A	2	10	0.2493789417654027	0.34236576342365765	chr9	21994352.0	21994466.0	sense	0.5571863866244954	0.2539995029553351	0.1
Foxj2	12	20	0.24837908561625974	0.26477352264773524	chr9	21994352.0	21994466.0	antisense	0.5219693784046252	0.2823549743540229	0.1
FOXO6	13	20	0.24824417578736463	0.19208079192080793	chr9	21994352.0	21994466.0	antisense	0.517079892010799	0.28644235056393585	0.1
PAX4	12	20	0.2467934794065116	0.3782621737826217	chr9	21994352.0	21994466.0	antisense	0.5711312202113122	0.24326409899316379	0.1
HOXD13	13	23	0.2467164960253893	0.3411658834116588	chr9	21994352.0	21994466.0	antisense	0.5571863866244954	0.2539995029553351	0.1
ONECUT2	5	19	0.2456726745166013	0.42955704429557046	chr9	21994352.0	21994466.0	antisense	0.5820890495806816	0.23501057070552833	0.1
HOXB13	13	23	0.24541700292885624	0.3631636836316368	chr9	21994352.0	21994466.0	antisense	0.5611415119615635	0.2509276019987828	0.1
PRRX1	11	19	0.2453730375810275	0.45835416458354167	chr9	21994352.0	21994466.0	antisense	0.5868203820012088	0.2314948102395781	0.1
Foxq1	10	21	0.2444830970433729	0.3434656534346565	chr9	21994352.0	21994466.0	sense	0.5571863866244954	0.2539995029553351	0.1
FOS	3	14	0.2444705759358926	0.37106289371062895	chr9	21994352.0	21994466.0	antisense	0.5680874390437063	0.24558481328270387	0.1
FOXC2	11	23	0.24438019520550866	0.47565243475652436	chr9	21994352.0	21994466.0	antisense	0.5948520810569546	0.22559101472059576	0.1
Nobox	11	19	0.24432171828231106	0.35976402359764026	chr9	21994352.0	21994466.0	antisense	0.5611415119615635	0.2509276019987828	0.1
HSF4	5	18	0.2434075694945002	0.5729427057294271	chr9	21994352.0	21994466.0	sense	0.6508193336510505	0.1865395541167873	0.1
EN1	12	20	0.241922295789951	0.39386061393860616	chr9	21994352.0	21994466.0	antisense	0.5711312202113122	0.24326409899316379	0.1
VSX2	12	20	0.24102356264634564	0.40385961403859616	chr9	21994352.0	21994466.0	antisense	0.5742551772220039	0.2408950807148912	0.1
Atf3	9	17	0.23994179891824577	0.29517048295170484	chr9	21994352.0	21994466.0	antisense	0.5228446438632587	0.28162733663151035	0.1
SPIB	7	14	0.2395162116164342	0.3534646535346465	chr9	21994352.0	21994466.0	antisense	0.5611415119615635	0.2509276019987828	0.1
PDX1	11	19	0.23891908887026628	0.34436556344365565	chr9	21994352.0	21994466.0	sense	0.5571863866244954	0.2539995029553351	0.1
FOXC1	12	23	0.23793867196565904	0.43575642435756423	chr9	21994352.0	21994466.0	antisense	0.5829913191886918	0.2343379118902441	0.1
Atf1	5	13	0.23787286595954066	0.3447655234476552	chr9	21994352.0	21994466.0	antisense	0.5571863866244954	0.2539995029553351	0.1
GLIS1	4	20	0.2376020074130462	0.21307869213078692	chr9	21994352.0	21994466.0	sense	0.517079892010799	0.28644235056393585	0.1
TFAP4	8	18	0.23723639698552687	0.30916908309169083	chr9	21994352.0	21994466.0	antisense	0.5363601797714965	0.270543472333204	0.1
Msx3	12	20	0.23641977620455618	0.36296370362963704	chr9	21994352.0	21994466.0	sense	0.5611415119615635	0.2509276019987828	0.1
ESR1	1	18	0.23599051561394713	0.3397660233976602	chr9	21994352.0	21994466.0	antisense	0.5571863866244954	0.2539995029553351	0.1
ELF3	4	17	0.23595185344510677	0.37446255374462556	chr9	21994352.0	21994466.0	antisense	0.570081994733078	0.24406267538168402	0.1
FOXG1	12	20	0.23587871012549325	0.23267673232676733	chr9	21994352.0	21994466.0	antisense	0.517079892010799	0.28644235056393585	0.1
TFAP2A(var.3)	7	20	0.23491080809753648	0.49025097490250974	chr9	21994352.0	21994466.0	antisense	0.605810133272387	0.21766346658012709	0.1
Myb	2	12	0.23348689017839994	0.34806519348065196	chr9	21994352.0	21994466.0	sense	0.5574301031435318	0.2538095815931004	0.1
POU4F1	9	23	0.23229250246933555	0.5645435456454354	chr9	21994352.0	21994466.0	antisense	0.6495995774871852	0.18735426624077836	0.1
Mycn	8	16	0.23216386783056628	0.2420757924207579	chr9	21994352.0	21994466.0	sense	0.517079892010799	0.28644235056393585	0.1
MSX2	12	20	0.23203102428266997	0.38376162383761625	chr9	21994352.0	21994466.0	sense	0.5711312202113122	0.24326409899316379	0.1
NR4A2	9	17	0.2314830962905328	0.405959404059594	chr9	21994352.0	21994466.0	antisense	0.5744218681580119	0.24076903492248874	0.1
FOXO3	12	20	0.2307542455007748	0.2506749325067493	chr9	21994352.0	21994466.0	antisense	0.5183278484900514	0.2853954569512264	0.1
FOXP2	11	22	0.2305227755579367	0.3798620137986201	chr9	21994352.0	21994466.0	antisense	0.5711312202113122	0.24326409899316379	0.1
NR2C2	3	18	0.230303282922902	0.48805119488051196	chr9	21994352.0	21994466.0	antisense	0.6045311936586771	0.2185812847381789	0.1
SREBF1	4	14	0.2297288687320331	0.3437656234376562	chr9	21994352.0	21994466.0	sense	0.5571863866244954	0.2539995029553351	0.1
ONECUT1	5	19	0.2296700230206182	0.44685531446855314	chr9	21994352.0	21994466.0	antisense	0.5840102556908489	0.2335795262594572	0.1
USF2	1	12	0.22945671093665598	0.45435456454354567	chr9	21994352.0	21994466.0	sense	0.5851365235684869	0.23274279286655175	0.1
ETV2	7	18	0.22902980899994657	0.3782621737826217	chr9	21994352.0	21994466.0	sense	0.5711312202113122	0.24326409899316379	0.1
Bhlha15	12	20	0.22890310410886586	0.27777222277772223	chr9	21994352.0	21994466.0	sense	0.5219693784046252	0.2823549743540229	0.1
NKX6-2	15	23	0.2281847863335983	0.5674432556744325	chr9	21994352.0	21994466.0	antisense	0.6495995774871852	0.18735426624077836	0.1
Stat4	6	20	0.22797839819567467	0.5773422657734226	chr9	21994352.0	21994466.0	sense	0.6508193336510505	0.1865395541167873	0.1
Ahr::Arnt	5	11	0.2272387916234114	0.27317268273172685	chr9	21994352.0	21994466.0	antisense	0.5219693784046252	0.2823549743540229	0.1
NFE2	3	14	0.22720338066794576	0.28447155284471554	chr9	21994352.0	21994466.0	antisense	0.5219693784046252	0.2823549743540229	0.1
Gata4	12	23	0.2267673284060103	0.41705829417058293	chr9	21994352.0	21994466.0	sense	0.5744218681580119	0.24076903492248874	0.1
Lhx8	12	20	0.2263827314466543	0.44855514448555145	chr9	21994352.0	21994466.0	antisense	0.5840102556908489	0.2335795262594572	0.1
HSF2	5	18	0.2260745787520484	0.42245775422457754	chr9	21994352.0	21994466.0	sense	0.5769883537961993	0.23883295275950384	0.1
MEF2D	9	21	0.22592318546523757	0.2816718328167183	chr9	21994352.0	21994466.0	antisense	0.5219693784046252	0.2823549743540229	0.1
E2F7	4	18	0.22579739828066933	0.18768123187681232	chr9	21994352.0	21994466.0	sense	0.517079892010799	0.28644235056393585	0.1
LHX2	11	21	0.22243155417954705	0.5275472452754725	chr9	21994352.0	21994466.0	sense	0.6294184374665982	0.20106053950871444	0.1
RFX2	4	20	0.22199779019581226	0.43145685431456854	chr9	21994352.0	21994466.0	sense	0.5824350032529214	0.23475253262567541	0.1
FOXB1	12	23	0.22193199774884137	0.47305269473052697	chr9	21994352.0	21994466.0	antisense	0.5930298274520374	0.2269234625007385	0.1
Shox2	11	19	0.22184821263556528	0.44325567443255676	chr9	21994352.0	21994466.0	antisense	0.5838824746966927	0.23367455995464445	0.1
STAT3	13	24	0.22171579021484292	0.46615338466153383	chr9	21994352.0	21994466.0	sense	0.5904616855387632	0.22880827806562157	0.1
E2F8	5	17	0.2211043670893292	0.23427657234276572	chr9	21994352.0	21994466.0	sense	0.517079892010799	0.28644235056393585	0.1
SOX8	5	21	0.22108941493525228	0.19198080191980801	chr9	21994352.0	21994466.0	antisense	0.517079892010799	0.28644235056393585	0.1
Stat6	3	18	0.2207924810062112	0.6360363963603639	chr9	21994352.0	21994466.0	antisense	0.7004709192946251	0.15460989014556584	0.1
SOX4	2	18	0.22017081240864247	0.21037896210378962	chr9	21994352.0	21994466.0	antisense	0.517079892010799	0.28644235056393585	0.1
TBX20	7	18	0.21904496629230835	0.45215478452154784	chr9	21994352.0	21994466.0	antisense	0.5840102556908489	0.2335795262594572	0.1
MGA	4	12	0.2179990301133956	0.39216078392160786	chr9	21994352.0	21994466.0	antisense	0.5711312202113122	0.24326409899316379	0.1
Nkx2-5	12	19	0.21791685185828613	0.41715828417158285	chr9	21994352.0	21994466.0	antisense	0.5744218681580119	0.24076903492248874	0.1
Ddit3::Cebpa	4	16	0.21743448970852064	0.7085291470852915	chr9	21994352.0	21994466.0	sense	0.7428820754288207	0.12908012036481514	0.1
Sox1	2	17	0.21697737503291814	0.35726427357264273	chr9	21994352.0	21994466.0	sense	0.5611415119615635	0.2509276019987828	0.1
RORA	6	16	0.21468641588344992	0.45235476452354767	chr9	21994352.0	21994466.0	antisense	0.5840102556908489	0.2335795262594572	0.1
Rarg	8	24	0.21379933277953822	0.31756824317568244	chr9	21994352.0	21994466.0	antisense	0.5403866170759973	0.267295415020132	0.1
NFKB2	1	14	0.21336258052528279	0.406959304069593	chr9	21994352.0	21994466.0	sense	0.5744218681580119	0.24076903492248874	0.1
HMBOX1	11	21	0.21313844645209076	0.6974302569743026	chr9	21994352.0	21994466.0	sense	0.7411293283627103	0.1301060002616851	0.1
BATF::JUN	5	16	0.21283668988579774	0.5026497350264973	chr9	21994352.0	21994466.0	antisense	0.6157613012283677	0.2105876086953893	0.1
CDX2	12	23	0.21075314210152118	0.4363563643635636	chr9	21994352.0	21994466.0	antisense	0.5829913191886918	0.2343379118902441	0.1
GATA5	14	22	0.21052436434690458	0.5634436556344365	chr9	21994352.0	21994466.0	antisense	0.6495995774871852	0.18735426624077836	0.1
Sox5	15	22	0.2081961780894992	0.36576342365763426	chr9	21994352.0	21994466.0	sense	0.5616308191666041	0.25054906856566145	0.1
Crem	7	17	0.2077909467187803	0.5272472752724727	chr9	21994352.0	21994466.0	antisense	0.6294184374665982	0.20106053950871444	0.1
Arid3b	12	23	0.20721102148582712	0.5548445155484452	chr9	21994352.0	21994466.0	antisense	0.6471107945385236	0.1890213555951706	0.1
POU1F1	10	24	0.20720676792477086	0.6238376162383762	chr9	21994352.0	21994466.0	antisense	0.6903448247925741	0.1609339265131248	0.1
USF1	8	19	0.20686867209892343	0.5626437356264373	chr9	21994352.0	21994466.0	sense	0.6495995774871852	0.18735426624077836	0.1
Rarg(var.2)	6	23	0.20420135298648823	0.3591640835916408	chr9	21994352.0	21994466.0	antisense	0.5611415119615635	0.2509276019987828	0.1
FOXF2	5	19	0.2036601269151339	0.5793420657934206	chr9	21994352.0	21994466.0	antisense	0.6508193336510505	0.1865395541167873	0.1
POU4F2	7	23	0.20249132619361204	0.45055494450554945	chr9	21994352.0	21994466.0	antisense	0.5840102556908489	0.2335795262594572	0.1
LEF1	5	20	0.20159840649406285	0.5292470752924707	chr9	21994352.0	21994466.0	antisense	0.6299982387082392	0.20066066470572302	0.1
OLIG1	8	18	0.20158167165465474	0.39806019398060194	chr9	21994352.0	21994466.0	antisense	0.5722764740100575	0.24239410734623704	0.1
Rfx1	10	24	0.201147716609188	0.7172282771722828	chr9	21994352.0	21994466.0	sense	0.7489768125803115	0.1255316273262997	0.1
TFAP2B(var.3)	7	20	0.19929653221003354	0.5662433756624338	chr9	21994352.0	21994466.0	antisense	0.6495995774871852	0.18735426624077836	0.1
RARA	6	24	0.19912276203347576	0.31366863313668636	chr9	21994352.0	21994466.0	antisense	0.5363601797714965	0.270543472333204	0.1
Arntl	7	17	0.19899726153637995	0.6822317768223177	chr9	21994352.0	21994466.0	sense	0.733081350250068	0.13484782890001085	0.1
LMX1A	15	23	0.19821252625375088	0.5734426557344265	chr9	21994352.0	21994466.0	antisense	0.6508193336510505	0.1865395541167873	0.1
Dux	12	20	0.19763021792659258	0.39616038396160386	chr9	21994352.0	21994466.0	antisense	0.5711312202113122	0.24326409899316379	0.1
MYBL1	12	24	0.19754329387391012	0.5682431756824318	chr9	21994352.0	21994466.0	sense	0.6495995774871852	0.18735426624077836	0.1
TFAP2C(var.3)	7	20	0.1953920299035295	0.5814418558144185	chr9	21994352.0	21994466.0	antisense	0.651767436647264	0.18590734138189074	0.1
CREB1	4	12	0.19424916223761024	0.5778422157784222	chr9	21994352.0	21994466.0	sense	0.6508193336510505	0.1865395541167873	0.1
RXRA::VDR	5	20	0.19306083535891624	0.4861513848615138	chr9	21994352.0	21994466.0	sense	0.6045311936586771	0.2185812847381789	0.1
SMAD3	2	12	0.19066373469444114	0.41615838416158385	chr9	21994352.0	21994466.0	sense	0.5744218681580119	0.24076903492248874	0.1
DMRT3	13	24	0.19008793098105717	0.728027197280272	chr9	21994352.0	21994466.0	sense	0.7541838630508206	0.12252276424405337	0.1
NKX6-1	11	19	0.18865989065711924	0.5405459454054594	chr9	21994352.0	21994466.0	sense	0.6372964513503401	0.19565849978979727	0.1
HSF1	5	18	0.18697929898381188	0.5030496950304969	chr9	21994352.0	21994466.0	sense	0.6157613012283677	0.2105876086953893	0.1
ZNF410	3	20	0.18616962580844829	0.39916008399160086	chr9	21994352.0	21994466.0	sense	0.5722764740100575	0.24239410734623704	0.1
RFX5	4	20	0.18521099666346444	0.5675432456754325	chr9	21994352.0	21994466.0	sense	0.6495995774871852	0.18735426624077836	0.1
TBR1	2	12	0.18392097292307666	0.5991400859914009	chr9	21994352.0	21994466.0	antisense	0.6687176443645958	0.17475721762694868	0.1
POU3F3	3	16	0.18369053830439241	0.6731326867313269	chr9	21994352.0	21994466.0	sense	0.7263115684273569	0.13887703849845032	0.1
JDP2	4	13	0.1823852368704967	0.393960603939606	chr9	21994352.0	21994466.0	antisense	0.5711312202113122	0.24326409899316379	0.1
Foxa2	3	15	0.18222486717355216	0.6385361463853615	chr9	21994352.0	21994466.0	antisense	0.7004709192946251	0.15460989014556584	0.1
FOXH1	3	14	0.18154878743246733	0.5481451854814519	chr9	21994352.0	21994466.0	sense	0.640737277623589	0.19332000833954505	0.1
MTF1	3	17	0.18045709193466705	0.5072492750724927	chr9	21994352.0	21994466.0	sense	0.6179867928700087	0.20902080621371963	0.1
SREBF2	3	13	0.17859784440348794	0.5374462553744626	chr9	21994352.0	21994466.0	antisense	0.6353863474700365	0.1969621210828833	0.1
LBX1	12	20	0.17848091870247848	0.5427457254274572	chr9	21994352.0	21994466.0	antisense	0.6372964513503401	0.19565849978979727	0.1
Tcf7	6	18	0.17847029611558812	0.519048095190481	chr9	21994352.0	21994466.0	antisense	0.6250254324915537	0.2041023107102871	0.1
TBX1	9	17	0.17831698892332715	0.44855514448555145	chr9	21994352.0	21994466.0	antisense	0.5840102556908489	0.2335795262594572	0.1
DUXA	6	19	0.17828263112523587	0.714028597140286	chr9	21994352.0	21994466.0	antisense	0.7471387941850977	0.1265987128438335	0.1
BHLHE40	1	11	0.1777146545512937	0.6375362463753624	chr9	21994352.0	21994466.0	sense	0.7004709192946251	0.15460989014556584	0.1
mix-a	9	20	0.1760560759923138	0.5652434756524347	chr9	21994352.0	21994466.0	sense	0.6495995774871852	0.18735426624077836	0.1
GATA3	14	22	0.1750984530414182	0.39216078392160786	chr9	21994352.0	21994466.0	antisense	0.5711312202113122	0.24326409899316379	0.1
Nr2f6(var.2)	9	24	0.17473456404301346	0.41285871412858716	chr9	21994352.0	21994466.0	antisense	0.5744218681580119	0.24076903492248874	0.1
TEAD3	10	18	0.1736438876061745	0.5176482351764824	chr9	21994352.0	21994466.0	antisense	0.6249100671328216	0.20418247890913813	0.1
TBX15	9	17	0.17236537371253374	0.43985601439856015	chr9	21994352.0	21994466.0	antisense	0.5829913191886918	0.2343379118902441	0.1
ONECUT3	5	19	0.17232849075050025	0.5341465853414659	chr9	21994352.0	21994466.0	antisense	0.6329271182470794	0.19864629624715033	0.1
EBF1	4	18	0.17051765700473903	0.7048295170482952	chr9	21994352.0	21994466.0	antisense	0.7411293283627103	0.1301060002616851	0.1
BATF3	4	18	0.16994999360802399	0.459054094590541	chr9	21994352.0	21994466.0	antisense	0.5868203820012088	0.2314948102395781	0.1
DBP	5	17	0.16918000593210555	0.696930306969303	chr9	21994352.0	21994466.0	antisense	0.7411293283627103	0.1301060002616851	0.1
ISX	12	20	0.16808587828775723	0.5177482251774822	chr9	21994352.0	21994466.0	sense	0.6249100671328216	0.20418247890913813	0.1
GMEB2	4	12	0.16795511564213236	0.6957304269573042	chr9	21994352.0	21994466.0	sense	0.7411293283627103	0.1301060002616851	0.1
Sox11	2	17	0.16424862843545252	0.3745625437456254	chr9	21994352.0	21994466.0	sense	0.570081994733078	0.24406267538168402	0.1
Lhx4	12	20	0.16357486550744307	0.6416358364163584	chr9	21994352.0	21994466.0	sense	0.7004709192946251	0.15460989014556584	0.1
NFIL3	12	23	0.16309134375215392	0.6366363363663634	chr9	21994352.0	21994466.0	antisense	0.7004709192946251	0.15460989014556584	0.1
PBX1	9	21	0.16262243250379133	0.6413358664133587	chr9	21994352.0	21994466.0	sense	0.7004709192946251	0.15460989014556584	0.1
NFKB1	1	14	0.16207865693595064	0.4664533546645335	chr9	21994352.0	21994466.0	antisense	0.5904616855387632	0.22880827806562157	0.1
ZNF143	7	23	0.15897259823609622	0.6094390560943905	chr9	21994352.0	21994466.0	sense	0.6772995077365925	0.16921924004011624	0.1
ESRRB	8	19	0.15684805094619558	0.6515348465153484	chr9	21994352.0	21994466.0	antisense	0.7089026946361967	0.14941337283204698	0.1
MYBL2	7	22	0.15677932277045037	0.8394160583941606	chr9	21994352.0	21994466.0	sense	0.8492337900712852	0.07097273406615355	0.1
Pou2f3	2	18	0.15481272109090874	0.8465153484651535	chr9	21994352.0	21994466.0	sense	0.8547499335669546	0.06816092428568908	0.1
MLXIPL	8	18	0.1540800931822129	0.7832216778322167	chr9	21994352.0	21994466.0	antisense	0.8033439739030049	0.09509845972559706	0.1
HES5	4	16	0.15380545866018952	0.5783421657834217	chr9	21994352.0	21994466.0	sense	0.6508193336510505	0.1865395541167873	0.1
Vdr	4	20	0.15181413386032183	0.7037296270372962	chr9	21994352.0	21994466.0	sense	0.7411293283627103	0.1301060002616851	0.1
PKNOX2	7	19	0.15038260083443844	0.5218478152184781	chr9	21994352.0	21994466.0	antisense	0.6269421668944216	0.2027725193878565	0.1
PKNOX1	7	19	0.1482614917286527	0.5247475252474753	chr9	21994352.0	21994466.0	antisense	0.6289698974675281	0.2013701394141664	0.1
MAFG::NFE2L1	11	17	0.14762614440050537	0.7386261373862614	chr9	21994352.0	21994466.0	antisense	0.7621212033866196	0.11797595546334552	0.1
POU6F1	10	20	0.14648221808664794	0.6993300669933007	chr9	21994352.0	21994466.0	sense	0.7411293283627103	0.1301060002616851	0.1
Mlxip	9	17	0.14209416940044348	0.655034496550345	chr9	21994352.0	21994466.0	sense	0.7112194638276759	0.14799636660858384	0.1
CUX1	8	18	0.1420368654691948	0.7948205179482052	chr9	21994352.0	21994466.0	antisense	0.8120311984549576	0.09042728472859748	0.1
SREBF2(var.2)	8	18	0.1419283895730202	0.6816318368163183	chr9	21994352.0	21994466.0	antisense	0.733081350250068	0.13484782890001085	0.1
Srebf1(var.2)	8	18	0.14152832099854168	0.7274272572742726	chr9	21994352.0	21994466.0	antisense	0.7541838630508206	0.12252276424405337	0.1
DUX4	7	18	0.13775270482075727	0.6424357564243576	chr9	21994352.0	21994466.0	antisense	0.7004709192946251	0.15460989014556584	0.1
PHOX2A	12	23	0.13767154730492925	0.6979302069793021	chr9	21994352.0	21994466.0	sense	0.7411293283627103	0.1301060002616851	0.1
BCL6B	2	19	0.13620301394807266	0.48765123487651235	chr9	21994352.0	21994466.0	sense	0.6045311936586771	0.2185812847381789	0.1
BHLHE41	1	11	0.1359629543719427	0.7054294570542946	chr9	21994352.0	21994466.0	sense	0.7411293283627103	0.1301060002616851	0.1
Id2	2	10	0.13431783805474298	0.6991300869913009	chr9	21994352.0	21994466.0	antisense	0.7411293283627103	0.1301060002616851	0.1
MLX	8	18	0.13422464960332636	0.7906209379062094	chr9	21994352.0	21994466.0	sense	0.8093338595134569	0.09187228996423914	0.1
TGIF2	7	19	0.13344936726704645	0.7821217878212179	chr9	21994352.0	21994466.0	antisense	0.8033439739030049	0.09509845972559706	0.1
Esrra	9	20	0.13314453353365405	0.7262273772622738	chr9	21994352.0	21994466.0	antisense	0.7541838630508206	0.12252276424405337	0.1
CUX2	8	18	0.13210677499264878	0.829017098290171	chr9	21994352.0	21994466.0	antisense	0.8403513164308569	0.07553911525925364	0.1
PROP1	12	23	0.13143329995854403	0.6012398760123988	chr9	21994352.0	21994466.0	sense	0.6696212353013626	0.1741707822729058	0.1
POU2F1	3	15	0.129973115540725	0.8664133586641336	chr9	21994352.0	21994466.0	antisense	0.8697650544423314	0.0605980454724115	0.1
TEF	5	17	0.125072193329212	0.8154184581541846	chr9	21994352.0	21994466.0	antisense	0.831438467155249	0.08016988638886899	0.1
Phox2b	12	23	0.12399900047381879	0.7027297270272973	chr9	21994352.0	21994466.0	sense	0.7411293283627103	0.1301060002616851	0.1
STAT1	5	16	0.12117670515371015	0.8263173682631737	chr9	21994352.0	21994466.0	antisense	0.8392538436958653	0.07610666105155335	0.1
HES7	4	16	0.1187102795850818	0.7223277672232776	chr9	21994352.0	21994466.0	antisense	0.752787371865223	0.12332767488267302	0.1
Rarb	2	18	0.11494740956385012	0.666033396660334	chr9	21994352.0	21994466.0	antisense	0.7201486101389861	0.14257787314713305	0.1
TGIF1	7	19	0.11443142036442769	0.7305269473052695	chr9	21994352.0	21994466.0	antisense	0.7552659076721809	0.12190011869752632	0.1
NFIC::TLX1	7	21	0.11252516812191081	0.857014298570143	chr9	21994352.0	21994466.0	sense	0.8619969398408996	0.06449427595321072	0.1
Stat5a::Stat5b	12	23	0.1105029812681079	0.8923107689231077	chr9	21994352.0	21994466.0	antisense	0.8923107689231077	0.049483865665062556	0.1
Lhx3	8	21	0.10602277585655327	0.7012298770122988	chr9	21994352.0	21994466.0	sense	0.7411293283627103	0.1301060002616851	0.1
NR1H2::RXRA	3	20	0.09789381492104099	0.7831216878312168	chr9	21994352.0	21994466.0	antisense	0.8033439739030049	0.09509845972559706	0.1
Arnt	10	16	0.09183850450308848	0.8503149685031497	chr9	21994352.0	21994466.0	antisense	0.8569193566080285	0.06706004695435547	0.1
PAX3	8	18	0.08053537334372195	0.8254174582541746	chr9	21994352.0	21994466.0	sense	0.8392538436958653	0.07610666105155335	0.1
PAX7	8	18	0.06337517416185148	0.8798120187981202	chr9	21994352.0	21994466.0	antisense	0.8815104975988888	0.05477251147342325	0.1
