motif	start	end	score	pval	tile_chr	tile_start	tile_end	strand	padj	neg_log_pval	fdr_cutoff
Gmeb1	11	28	5.6470942386611735	0.0020997900209979003	chr13	50656285.0	50656399.0	antisense	0.08649135086491351	1.0630273198120483	0.1
NRF1	12	23	5.32621085272842	9.999000099990002e-05	chr13	50656285.0	50656399.0	sense	0.051894810518948106	1.2848760694284047	0.1
Tcfl5	11	21	4.975888242911458	0.0011998800119988001	chr13	50656285.0	50656399.0	sense	0.07784221577842217	1.1087848103727236	0.1
Hes1	11	21	4.6931244242786025	0.0057994200579942	chr13	50656285.0	50656399.0	antisense	0.11776130079299763	0.9289974057570786	0.1
Hes2	12	25	4.289453630530541	0.004199580041995801	chr13	50656285.0	50656399.0	antisense	0.10626080249117946	0.9736269085827375	0.1
HINFP	12	24	3.6854328157776832	0.0005999400059994001	chr13	50656285.0	50656399.0	sense	0.06672189923864756	1.1757316000033367	0.1
Mitf	12	22	3.4602776068022303	0.0058994100589941	chr13	50656285.0	50656399.0	antisense	0.11776130079299763	0.9289974057570786	0.1
NRL	15	26	3.4387757533333487	0.010798920107989201	chr13	50656285.0	50656399.0	sense	0.16983756169837563	0.7699662538193426	0.1
CEBPE	15	25	3.2829743080365024	0.0007999200079992001	chr13	50656285.0	50656399.0	sense	0.06672189923864756	1.1757316000033367	0.1
NHLH1	11	21	3.2766024256706126	0.0008999100089991	chr13	50656285.0	50656399.0	antisense	0.06672189923864756	1.1757316000033367	0.1
CEBPB	15	25	3.1321712842771237	0.0007999200079992001	chr13	50656285.0	50656399.0	sense	0.06672189923864756	1.1757316000033367	0.1
GSC2	12	22	3.0899271632296124	0.017198280171982803	chr13	50656285.0	50656399.0	sense	0.20286153202861534	0.6928002990070433	0.1
Npas2	11	21	3.0845338206463686	0.0023997600239976003	chr13	50656285.0	50656399.0	antisense	0.08649135086491351	1.0630273198120483	0.1
CEBPD	15	25	3.0571001870451697	0.0006999300069993001	chr13	50656285.0	50656399.0	sense	0.06672189923864756	1.1757316000033367	0.1
Arntl	12	22	3.0431789953829047	0.0029997000299970002	chr13	50656285.0	50656399.0	antisense	0.08649135086491351	1.0630273198120483	0.1
MNT	11	21	3.0271983570445995	0.0029997000299970002	chr13	50656285.0	50656399.0	antisense	0.08649135086491351	1.0630273198120483	0.1
HEY2	11	21	3.007113729581461	0.0020997900209979003	chr13	50656285.0	50656399.0	sense	0.08649135086491351	1.0630273198120483	0.1
CEBPG	15	25	2.974180122768501	0.0004999500049995	chr13	50656285.0	50656399.0	sense	0.06672189923864756	1.1757316000033367	0.1
TCF4	11	21	2.9677621729114043	0.001999800019998	chr13	50656285.0	50656399.0	sense	0.08649135086491351	1.0630273198120483	0.1
Myc	10	20	2.9639642341719563	0.0017998200179982	chr13	50656285.0	50656399.0	antisense	0.08649135086491351	1.0630273198120483	0.1
TFE3	11	21	2.9074583950702912	0.010198980101989802	chr13	50656285.0	50656399.0	antisense	0.16703642135786423	0.7771888230431385	0.1
Neurog1	11	21	2.8784062476891235	0.04229577042295771	chr13	50656285.0	50656399.0	sense	0.3784742215433629	0.42196369561629976	0.1
HEY1	11	21	2.827015301853921	0.0029997000299970002	chr13	50656285.0	50656399.0	sense	0.08649135086491351	1.0630273198120483	0.1
ARNT::HIF1A	12	20	2.817289866920605	0.0024997500249975004	chr13	50656285.0	50656399.0	sense	0.08649135086491351	1.0630273198120483	0.1
MAX::MYC	11	22	2.8138402479885944	0.0026997300269973002	chr13	50656285.0	50656399.0	antisense	0.08649135086491351	1.0630273198120483	0.1
MAX	11	21	2.698697402749221	0.007399260073992601	chr13	50656285.0	50656399.0	sense	0.1422302214223022	0.847008113856416	0.1
TCF3	11	21	2.679877291788192	0.0047995200479952005	chr13	50656285.0	50656399.0	sense	0.11055850936645466	0.956407825417484	0.1
USF2	10	21	2.662965217531651	0.004899510048995101	chr13	50656285.0	50656399.0	antisense	0.11055850936645466	0.956407825417484	0.1
TFEC	11	21	2.6263018239690603	0.009099090090990901	chr13	50656285.0	50656399.0	antisense	0.1574142585741426	0.8029559318269737	0.1
LBX2	12	22	2.570545670385872	0.061993800619938005	chr13	50656285.0	50656399.0	antisense	0.4303809619038096	0.36614694812928616	0.1
SNAI2	12	21	2.5233618012387176	0.012598740125987402	chr13	50656285.0	50656399.0	antisense	0.17812543070017323	0.7492740725394429	0.1
TFEB	11	21	2.453416667347214	0.011898810118988102	chr13	50656285.0	50656399.0	antisense	0.17644235576442355	0.7533971523861498	0.1
BHLHE40	11	21	2.4409384644808414	0.0057994200579942	chr13	50656285.0	50656399.0	antisense	0.11776130079299763	0.9289974057570786	0.1
NEUROD2	11	21	2.3951669970564593	0.015898410158984102	chr13	50656285.0	50656399.0	sense	0.19645892553601782	0.7067282355058538	0.1
CEBPA	15	26	2.344391342510403	0.010298970102989701	chr13	50656285.0	50656399.0	sense	0.16703642135786423	0.7771888230431385	0.1
Id2	12	20	2.3398551085605774	0.0035996400359964	chr13	50656285.0	50656399.0	antisense	0.09832700940432272	1.0073271696139465	0.1
Myod1	11	24	2.328330285375693	0.018198180181981802	chr13	50656285.0	50656399.0	sense	0.20532294596627293	0.6875625131249041	0.1
Mlxip	12	20	2.3066621643984737	0.004299570042995701	chr13	50656285.0	50656399.0	antisense	0.10626080249117946	0.9736269085827375	0.1
USF1	10	21	2.301286210024812	0.011698830116988301	chr13	50656285.0	50656399.0	antisense	0.17644235576442355	0.7533971523861498	0.1
Barhl1	11	21	2.2867311404816273	0.1274872512748725	chr13	50656285.0	50656399.0	sense	0.5776118040369876	0.2383639401341481	0.1
ETV5	13	23	2.237072437646522	0.041495850414958506	chr13	50656285.0	50656399.0	antisense	0.3784742215433629	0.42196369561629976	0.1
CLOCK	13	23	2.2312834266500117	0.0178982101789821	chr13	50656285.0	50656399.0	antisense	0.20532294596627293	0.6875625131249041	0.1
ETV6	13	23	2.1839063727549206	0.0170982901709829	chr13	50656285.0	50656399.0	antisense	0.20286153202861534	0.6928002990070433	0.1
Ascl2	11	21	2.1682370503242647	0.013898610138986101	chr13	50656285.0	50656399.0	sense	0.1855239476052395	0.7316000232913054	0.1
Myog	11	22	2.1665772031374892	0.014298570142985701	chr13	50656285.0	50656399.0	sense	0.1855239476052395	0.7316000232913054	0.1
E2F1	14	26	2.163183819273302	0.031796820317968204	chr13	50656285.0	50656399.0	antisense	0.30560277305602773	0.5148427092669406	0.1
Mafb	15	27	2.1630996487009995	0.050594940505949405	chr13	50656285.0	50656399.0	sense	0.41029334566543346	0.3869055265724929	0.1
CENPB	8	23	2.131453985185275	0.04789521047895211	chr13	50656285.0	50656399.0	sense	0.40092926191251843	0.3969322455120955	0.1
EGR4	10	26	2.1301713769522497	0.049095090490950906	chr13	50656285.0	50656399.0	antisense	0.4044500311873575	0.39313512675901796	0.1
FIGLA	11	21	2.0871674330405647	0.043995600439956005	chr13	50656285.0	50656399.0	sense	0.3857514248575143	0.41369246109990654	0.1
ID4	11	21	2.0647630665980103	0.029597040295970403	chr13	50656285.0	50656399.0	sense	0.29540122910785843	0.5295877020042654	0.1
Mycn	11	19	2.060035539357561	0.007899210078992101	chr13	50656285.0	50656399.0	sense	0.14494757420809645	0.838789048448711	0.1
CREB3L1	9	23	2.051464601198743	0.020897910208979104	chr13	50656285.0	50656399.0	sense	0.2307662850736203	0.6368276412530682	0.1
POU6F2	17	27	2.051194762519566	0.028897110288971104	chr13	50656285.0	50656399.0	sense	0.29540122910785843	0.5295877020042654	0.1
HIC2	15	24	2.049144845576881	0.061193880611938804	chr13	50656285.0	50656399.0	antisense	0.4303809619038096	0.36614694812928616	0.1
Twist2	11	21	2.045071413457825	0.025597440255974404	chr13	50656285.0	50656399.0	sense	0.2711239080173615	0.566832184145069	0.1
TBX2	15	26	2.035665755888201	0.07329267073292671	chr13	50656285.0	50656399.0	sense	0.4334396105843961	0.3630714024943785	0.1
Pax2	14	22	2.002914673028059	0.1434856514348565	chr13	50656285.0	50656399.0	sense	0.6054394560543945	0.21792927979779161	0.1
NKX2-8	12	21	1.9911843888290655	0.05399460053994601	chr13	50656285.0	50656399.0	sense	0.41210584823870555	0.3849912223116726	0.1
TBX5	14	22	1.9419450805148772	0.062193780621937804	chr13	50656285.0	50656399.0	sense	0.4303809619038096	0.36614694812928616	0.1
REL	12	22	1.9314143054928024	0.05499450054994501	chr13	50656285.0	50656399.0	antisense	0.4136542867452386	0.3833624706714162	0.1
THAP1	15	24	1.9309133811827413	0.1688831116888311	chr13	50656285.0	50656399.0	antisense	0.6640176891401769	0.177820351063246	0.1
ZEB1	13	22	1.92411761981861	0.012698730126987301	chr13	50656285.0	50656399.0	antisense	0.17812543070017323	0.7492740725394429	0.1
MTF1	11	25	1.879271433959609	0.015398460153984602	chr13	50656285.0	50656399.0	antisense	0.1949219712175124	0.7101392053116773	0.1
Atoh1	11	21	1.86733744762379	0.0453954604539546	chr13	50656285.0	50656399.0	sense	0.3862335077967613	0.41315005158206797	0.1
Arnt	13	19	1.8631764470847845	0.008099190080991902	chr13	50656285.0	50656399.0	sense	0.14494757420809645	0.838789048448711	0.1
HOXB3	12	22	1.8616395283208975	0.1857814218578142	chr13	50656285.0	50656399.0	antisense	0.7037996930233983	0.1525509269271887	0.1
MZF1(var.2)	14	24	1.8510893731784488	0.06989301069893011	chr13	50656285.0	50656399.0	sense	0.4334396105843961	0.3630714024943785	0.1
ISL2	12	20	1.842051072908295	0.097990200979902	chr13	50656285.0	50656399.0	antisense	0.5588671902040565	0.25269138605700353	0.1
ZIC3	7	22	1.8321653751406677	0.030496950304969503	chr13	50656285.0	50656399.0	sense	0.2986399473260221	0.524852099682408	0.1
BHLHE41	11	21	1.831719011071939	0.014098590140985901	chr13	50656285.0	50656399.0	antisense	0.1855239476052395	0.7316000232913054	0.1
NFIX	17	26	1.8221068140150396	0.14008599140085992	chr13	50656285.0	50656399.0	sense	0.6054394560543945	0.21792927979779161	0.1
TBP	9	24	1.8003649773522858	0.19838016198380162	chr13	50656285.0	50656399.0	sense	0.7406804774068048	0.13036910217739614	0.1
GSC	12	22	1.7909382054147571	0.10538946105389461	chr13	50656285.0	50656399.0	sense	0.5621081456210815	0.2501801212136354	0.1
Bhlha15	12	20	1.7903374353826722	0.023797620237976203	chr13	50656285.0	50656399.0	antisense	0.25731176882311774	0.58954034974748	0.1
FEV	13	23	1.772471504101975	0.056194380561943806	chr13	50656285.0	50656399.0	antisense	0.4136966585031638	0.38331798695920866	0.1
SPIC	12	26	1.7701999929838796	0.11628837116288371	chr13	50656285.0	50656399.0	sense	0.5750130344108446	0.2403223105998566	0.1
MLXIPL	11	21	1.7680241407468138	0.0420957904209579	chr13	50656285.0	50656399.0	sense	0.3784742215433629	0.42196369561629976	0.1
NKX2-3	11	21	1.7585422145419498	0.07039296070392961	chr13	50656285.0	50656399.0	sense	0.4334396105843961	0.3630714024943785	0.1
ETV3	13	23	1.7574855875316755	0.0734926507349265	chr13	50656285.0	50656399.0	antisense	0.4334396105843961	0.3630714024943785	0.1
Tcf12	11	22	1.7557237812182482	0.04459554044595541	chr13	50656285.0	50656399.0	sense	0.3857514248575143	0.41369246109990654	0.1
Gabpa	11	22	1.745590928398662	0.052594740525947405	chr13	50656285.0	50656399.0	antisense	0.41210584823870555	0.3849912223116726	0.1
OLIG3	11	21	1.7148488364673489	0.0725927407259274	chr13	50656285.0	50656399.0	sense	0.4334396105843961	0.3630714024943785	0.1
POU3F1	14	26	1.7117445426446531	0.10478952104789521	chr13	50656285.0	50656399.0	antisense	0.5621081456210815	0.2501801212136354	0.1
Arid5a	7	21	1.708612394596034	0.23847615238476152	chr13	50656285.0	50656399.0	antisense	0.7916437655597498	0.10147020408705651	0.1
RUNX1	9	20	1.7035493368088828	0.127987201279872	chr13	50656285.0	50656399.0	antisense	0.5776118040369876	0.2383639401341481	0.1
MIXL1	12	22	1.697555014126982	0.27317268273172685	chr13	50656285.0	50656399.0	sense	0.8149514657472801	0.08886825480085726	0.1
POU2F2	8	21	1.6893897024355262	0.053394660533946606	chr13	50656285.0	50656399.0	antisense	0.41210584823870555	0.3849912223116726	0.1
ERG	13	23	1.6681516843628874	0.06569343065693431	chr13	50656285.0	50656399.0	antisense	0.4334396105843961	0.3630714024943785	0.1
EN2	11	21	1.6504429349034846	0.1822817718228177	chr13	50656285.0	50656399.0	antisense	0.7037996930233983	0.1525509269271887	0.1
HSF4	12	25	1.6333587534298926	0.10878912108789121	chr13	50656285.0	50656399.0	antisense	0.5621081456210815	0.2501801212136354	0.1
ETV4	13	23	1.6236247421294583	0.10518948105189481	chr13	50656285.0	50656399.0	antisense	0.5621081456210815	0.2501801212136354	0.1
DBP	14	26	1.617194751878123	0.0683931606839316	chr13	50656285.0	50656399.0	sense	0.4334396105843961	0.3630714024943785	0.1
POU1F1	7	21	1.6162330921572978	0.10058994100589941	chr13	50656285.0	50656399.0	sense	0.5613567675490515	0.2507610372624314	0.1
ETS1	13	23	1.6142814241043852	0.0683931606839316	chr13	50656285.0	50656399.0	antisense	0.4334396105843961	0.3630714024943785	0.1
ETV1	13	23	1.5948494209949577	0.12018798120187982	chr13	50656285.0	50656399.0	antisense	0.5750130344108446	0.2403223105998566	0.1
ZIC4	7	22	1.5859149389752807	0.12998700129987	chr13	50656285.0	50656399.0	sense	0.581579773057177	0.23539070634848655	0.1
YY2	16	27	1.5768375655379794	0.12408759124087591	chr13	50656285.0	50656399.0	sense	0.5750130344108446	0.2403223105998566	0.1
BHLHE22	11	21	1.55478591565703	0.059394060593940604	chr13	50656285.0	50656399.0	antisense	0.42813218678132187	0.3684221208784797	0.1
ELK1	13	23	1.5309214964765452	0.05369463053694631	chr13	50656285.0	50656399.0	antisense	0.41210584823870555	0.3849912223116726	0.1
Pax6	13	27	1.521547263558828	0.1518848115188481	chr13	50656285.0	50656399.0	antisense	0.6256207712562077	0.20368884068318135	0.1
Foxd3	8	20	1.5091455113728736	0.07799220077992201	chr13	50656285.0	50656399.0	antisense	0.4548084517390958	0.34217147338283715	0.1
HLF	14	26	1.5037964368844134	0.1411858814118588	chr13	50656285.0	50656399.0	sense	0.6054394560543945	0.21792927979779161	0.1
Dlx1	11	21	1.499894090584953	0.33256674332566744	chr13	50656285.0	50656399.0	antisense	0.828841286487465	0.08152862385475884	0.1
OLIG2	11	21	1.4923928342176285	0.0812918708129187	chr13	50656285.0	50656399.0	antisense	0.4687831216878312	0.32902803327366154	0.1
HOXA2	12	22	1.4917854098491474	0.3123687631236876	chr13	50656285.0	50656399.0	antisense	0.828841286487465	0.08152862385475884	0.1
ELK3	13	23	1.488299789648442	0.11788821117888211	chr13	50656285.0	50656399.0	antisense	0.5750130344108446	0.2403223105998566	0.1
FLI1	13	23	1.4828719122514349	0.072992700729927	chr13	50656285.0	50656399.0	antisense	0.4334396105843961	0.3630714024943785	0.1
HOXA5	13	21	1.4603068561243768	0.1232876712328767	chr13	50656285.0	50656399.0	antisense	0.5750130344108446	0.2403223105998566	0.1
ELF5	13	24	1.4595319174859978	0.18518148185181482	chr13	50656285.0	50656399.0	antisense	0.7037996930233983	0.1525509269271887	0.1
NR2F1	8	21	1.4474666329624746	0.1576842315768423	chr13	50656285.0	50656399.0	sense	0.6344040014603191	0.19763408639875094	0.1
GCM1	15	26	1.4405836026691667	0.11258874112588742	chr13	50656285.0	50656399.0	sense	0.5728780063170154	0.24193785067499493	0.1
EOMES	15	28	1.4372819891681876	0.20407959204079593	chr13	50656285.0	50656399.0	sense	0.7406804774068048	0.13036910217739614	0.1
Dlx3	12	20	1.4167583315670347	0.28047195280471954	chr13	50656285.0	50656399.0	antisense	0.8149514657472801	0.08886825480085726	0.1
ELK4	12	23	1.4133484554619267	0.1070892910708929	chr13	50656285.0	50656399.0	sense	0.5621081456210815	0.2501801212136354	0.1
EGR3	8	23	1.4068241105453156	0.0565943405659434	chr13	50656285.0	50656399.0	sense	0.4136966585031638	0.38331798695920866	0.1
TBR1	16	26	1.4042527465928267	0.12198780121987801	chr13	50656285.0	50656399.0	sense	0.5750130344108446	0.2403223105998566	0.1
EGR2	12	23	1.401190170046517	0.065993400659934	chr13	50656285.0	50656399.0	sense	0.4334396105843961	0.3630714024943785	0.1
SPI1	13	27	1.4008770858687765	0.0292970702929707	chr13	50656285.0	50656399.0	antisense	0.29540122910785843	0.5295877020042654	0.1
GCM2	15	25	1.3996219649553583	0.16108389161083891	chr13	50656285.0	50656399.0	sense	0.6430964595848108	0.19172388131602353	0.1
ZBTB18	9	22	1.3873666417834665	0.1080891910808919	chr13	50656285.0	50656399.0	sense	0.5621081456210815	0.2501801212136354	0.1
Dlx4	12	20	1.375590365167005	0.26447355264473554	chr13	50656285.0	50656399.0	antisense	0.8149514657472801	0.08886825480085726	0.1
ESR2	9	24	1.3670233450557838	0.27507249275072493	chr13	50656285.0	50656399.0	sense	0.8149514657472801	0.08886825480085726	0.1
EVX2	12	22	1.3548349397485115	0.417958204179582	chr13	50656285.0	50656399.0	antisense	0.8560621859891933	0.06749468619783108	0.1
HNF4G	10	25	1.3506620830779332	0.22677732226777322	chr13	50656285.0	50656399.0	antisense	0.7899156393085524	0.1024192876198099	0.1
SP2	7	22	1.3495776308129757	0.14338566143385661	chr13	50656285.0	50656399.0	sense	0.6054394560543945	0.21792927979779161	0.1
Ahr::Arnt	15	21	1.3480423151127454	0.0684931506849315	chr13	50656285.0	50656399.0	antisense	0.4334396105843961	0.3630714024943785	0.1
BARHL2	11	21	1.334068457743895	0.3280671932806719	chr13	50656285.0	50656399.0	sense	0.828841286487465	0.08152862385475884	0.1
GSX2	12	22	1.3338872294072524	0.5573442655734426	chr13	50656285.0	50656399.0	antisense	0.8560621859891933	0.06749468619783108	0.1
TAL1::TCF3	9	21	1.310900742201116	0.1312868713128687	chr13	50656285.0	50656399.0	sense	0.5823750958237509	0.23479720508508714	0.1
Hmx1	7	24	1.307996759442425	0.30816918308169183	chr13	50656285.0	50656399.0	antisense	0.828841286487465	0.08152862385475884	0.1
T	8	24	1.3069861366531002	0.10178982101789821	chr13	50656285.0	50656399.0	antisense	0.5620097564711614	0.25025614502736354	0.1
ELF4	13	25	1.3048647251471392	0.0993900609939006	chr13	50656285.0	50656399.0	antisense	0.5606895832155915	0.25127751237664675	0.1
TBX19	8	28	1.2982687904701822	0.1252874712528747	chr13	50656285.0	50656399.0	sense	0.5754353768163006	0.24000344191767456	0.1
ESX1	11	21	1.2948394107044672	0.42985701429857015	chr13	50656285.0	50656399.0	antisense	0.8560621859891933	0.06749468619783108	0.1
TFAP2A(var.3)	10	23	1.2920374678223205	0.16748325167483252	chr13	50656285.0	50656399.0	antisense	0.6635405161773898	0.17813255371130507	0.1
DMRT3	8	19	1.2891752125593483	0.23797620237976203	chr13	50656285.0	50656399.0	antisense	0.7916437655597498	0.10147020408705651	0.1
GSX1	12	22	1.2889800834065777	0.5883411658834117	chr13	50656285.0	50656399.0	antisense	0.8560621859891933	0.06749468619783108	0.1
ZBTB33	9	24	1.28867034980746	0.20987901209879012	chr13	50656285.0	50656399.0	sense	0.7467876500021231	0.12680287280688932	0.1
ELF1	13	25	1.2804532487190798	0.10938906109389061	chr13	50656285.0	50656399.0	antisense	0.5621081456210815	0.2501801212136354	0.1
PAX5	9	28	1.2772855242327292	0.23027697230276972	chr13	50656285.0	50656399.0	antisense	0.7916437655597498	0.10147020408705651	0.1
E2F2	12	28	1.267312506847699	0.03799620037996201	chr13	50656285.0	50656399.0	sense	0.3585459635854597	0.4454551623058384	0.1
TBX4	16	24	1.2600356358969886	0.1815818418158184	chr13	50656285.0	50656399.0	sense	0.7037996930233983	0.1525509269271887	0.1
POU2F1	15	27	1.256132111855381	0.2672732726727327	chr13	50656285.0	50656399.0	sense	0.8149514657472801	0.08886825480085726	0.1
EVX1	11	21	1.2524078051150724	0.46125387461253875	chr13	50656285.0	50656399.0	antisense	0.8560621859891933	0.06749468619783108	0.1
EMX1	11	21	1.2443066946898105	0.4550544945505449	chr13	50656285.0	50656399.0	antisense	0.8560621859891933	0.06749468619783108	0.1
TFAP2A	12	23	1.2405242488655743	0.23157684231576842	chr13	50656285.0	50656399.0	sense	0.7916437655597498	0.10147020408705651	0.1
Hoxd3	7	23	1.2294347851565395	0.41705829417058293	chr13	50656285.0	50656399.0	sense	0.8560621859891933	0.06749468619783108	0.1
Klf12	13	28	1.2237053460526586	0.11458854114588542	chr13	50656285.0	50656399.0	antisense	0.5750130344108446	0.2403223105998566	0.1
ERF	13	23	1.2147954393344451	0.15528447155284472	chr13	50656285.0	50656399.0	antisense	0.6344040014603191	0.19763408639875094	0.1
JUN(var.2)	7	21	1.2010650115774955	0.25377462253774624	chr13	50656285.0	50656399.0	antisense	0.8149514657472801	0.08886825480085726	0.1
POU4F1	8	22	1.1878566158101547	0.2966703329667033	chr13	50656285.0	50656399.0	antisense	0.8267093076788578	0.08264717274986019	0.1
GBX2	11	21	1.1857944400995426	0.26117388261173885	chr13	50656285.0	50656399.0	antisense	0.8149514657472801	0.08886825480085726	0.1
Nfe2l2	7	22	1.1824713978803247	0.22557744225577442	chr13	50656285.0	50656399.0	antisense	0.7899156393085524	0.1024192876198099	0.1
SCRT1	7	22	1.1822745667226615	0.1344865513448655	chr13	50656285.0	50656399.0	antisense	0.5915128826100441	0.22803579239610342	0.1
Hmx3	7	24	1.1799959532685251	0.3524647535246475	chr13	50656285.0	50656399.0	antisense	0.8331347860689045	0.07928473195382672	0.1
TEAD1	11	21	1.1791804106362467	0.31516848315168483	chr13	50656285.0	50656399.0	antisense	0.828841286487465	0.08152862385475884	0.1
MEIS3	11	19	1.177201339151866	0.27677232276772323	chr13	50656285.0	50656399.0	sense	0.8149514657472801	0.08886825480085726	0.1
TP53	9	27	1.1758050254311125	0.12168783121687832	chr13	50656285.0	50656399.0	sense	0.5750130344108446	0.2403223105998566	0.1
Myb	10	20	1.1652351730833768	0.1463853614638536	chr13	50656285.0	50656399.0	antisense	0.6126935693527421	0.21275667786826685	0.1
Prrx2	13	21	1.1605764257844937	0.4707529247075293	chr13	50656285.0	50656399.0	antisense	0.8560621859891933	0.06749468619783108	0.1
EHF	13	25	1.1493079461906917	0.1832816718328167	chr13	50656285.0	50656399.0	antisense	0.7037996930233983	0.1525509269271887	0.1
PLAG1	11	25	1.1475847945435842	0.06869313068693131	chr13	50656285.0	50656399.0	antisense	0.4334396105843961	0.3630714024943785	0.1
HOXB2	12	22	1.1470806364383341	0.5329467053294671	chr13	50656285.0	50656399.0	antisense	0.8560621859891933	0.06749468619783108	0.1
RARA::RXRA	11	28	1.142722875205866	0.30696930306969306	chr13	50656285.0	50656399.0	sense	0.828841286487465	0.08152862385475884	0.1
Hmx2	7	24	1.1359816543112509	0.32396760323967605	chr13	50656285.0	50656399.0	antisense	0.828841286487465	0.08152862385475884	0.1
Hic1	15	24	1.1334286124065394	0.33326667333266674	chr13	50656285.0	50656399.0	antisense	0.828841286487465	0.08152862385475884	0.1
MEOX2	11	21	1.131815283544687	0.5837416258374163	chr13	50656285.0	50656399.0	antisense	0.8560621859891933	0.06749468619783108	0.1
TFAP2C(var.2)	10	21	1.130470685663801	0.2806719328067193	chr13	50656285.0	50656399.0	sense	0.8149514657472801	0.08886825480085726	0.1
Dlx2	12	20	1.1289770576412872	0.2693730626937306	chr13	50656285.0	50656399.0	antisense	0.8149514657472801	0.08886825480085726	0.1
NFIC	19	25	1.122549395388109	0.2810718928107189	chr13	50656285.0	50656399.0	antisense	0.8149514657472801	0.08886825480085726	0.1
TEAD4	11	21	1.1194922553259525	0.3367663233676632	chr13	50656285.0	50656399.0	antisense	0.828841286487465	0.08152862385475884	0.1
SP3	10	21	1.1182060052875595	0.28977102289771023	chr13	50656285.0	50656399.0	antisense	0.8237946697133566	0.08418102243248472	0.1
TFAP2B(var.2)	10	21	1.1176660951254582	0.2435756424357564	chr13	50656285.0	50656399.0	sense	0.8000997368617568	0.0968558724219897	0.1
Sox17	19	28	1.1166900163318887	0.2598740125987401	chr13	50656285.0	50656399.0	sense	0.8149514657472801	0.08886825480085726	0.1
RAX2	13	21	1.1127347526884088	0.47435256474352566	chr13	50656285.0	50656399.0	antisense	0.8560621859891933	0.06749468619783108	0.1
DLX6	12	20	1.1102188113088196	0.33526647335266474	chr13	50656285.0	50656399.0	antisense	0.828841286487465	0.08152862385475884	0.1
RAX	11	21	1.102909201217258	0.32866713328667135	chr13	50656285.0	50656399.0	antisense	0.828841286487465	0.08152862385475884	0.1
Rfx1	10	24	1.0873743728032932	0.30996900309969005	chr13	50656285.0	50656399.0	antisense	0.828841286487465	0.08152862385475884	0.1
UNCX	13	21	1.0871882368915307	0.48685131486851313	chr13	50656285.0	50656399.0	antisense	0.8560621859891933	0.06749468619783108	0.1
TFAP2C	11	23	1.0850525148309627	0.38276172382761725	chr13	50656285.0	50656399.0	sense	0.8534803172043312	0.06880649004791695	0.1
KLF14	14	28	1.084832748426227	0.15758424157584242	chr13	50656285.0	50656399.0	sense	0.6344040014603191	0.19763408639875094	0.1
TFAP2B	11	23	1.084434094406687	0.35006499350064996	chr13	50656285.0	50656399.0	sense	0.8331347860689045	0.07928473195382672	0.1
Ddit3::Cebpa	16	28	1.082323827007416	0.39776022397760225	chr13	50656285.0	50656399.0	sense	0.8560621859891933	0.06749468619783108	0.1
EGR1	9	23	1.0800491582833225	0.23567643235676433	chr13	50656285.0	50656399.0	sense	0.7916437655597498	0.10147020408705651	0.1
TBX21	13	23	1.0666767400990158	0.20577942205779423	chr13	50656285.0	50656399.0	sense	0.7416633336666334	0.1297931910972403	0.1
SHOX	13	21	1.0646011355071061	0.45995400459954006	chr13	50656285.0	50656399.0	sense	0.8560621859891933	0.06749468619783108	0.1
BARX1	12	20	1.0628208820469554	0.3180681931806819	chr13	50656285.0	50656399.0	antisense	0.828841286487465	0.08152862385475884	0.1
Pparg::Rxra	7	22	1.0623088301021901	0.49505049495050496	chr13	50656285.0	50656399.0	sense	0.8560621859891933	0.06749468619783108	0.1
FOXC1	17	28	1.0566788802381426	0.26017398260173985	chr13	50656285.0	50656399.0	sense	0.8149514657472801	0.08886825480085726	0.1
ZIC1	7	21	1.0518192850869326	0.12318768123187682	chr13	50656285.0	50656399.0	sense	0.5750130344108446	0.2403223105998566	0.1
POU3F2	8	20	1.040896698626935	0.25317468253174685	chr13	50656285.0	50656399.0	sense	0.8149514657472801	0.08886825480085726	0.1
Hoxb5	8	24	1.0406635081542808	0.4991500849915009	chr13	50656285.0	50656399.0	sense	0.8560621859891933	0.06749468619783108	0.1
MSC	11	21	1.0287812171474155	0.20117988201179882	chr13	50656285.0	50656399.0	sense	0.7406804774068048	0.13036910217739614	0.1
FOXB1	8	19	1.0269285037393074	0.2633736626337366	chr13	50656285.0	50656399.0	antisense	0.8149514657472801	0.08886825480085726	0.1
NKX6-2	13	21	1.0233368819012971	0.48655134486551344	chr13	50656285.0	50656399.0	antisense	0.8560621859891933	0.06749468619783108	0.1
HLTF	10	20	1.0219078119493656	0.5453454654534546	chr13	50656285.0	50656399.0	sense	0.8560621859891933	0.06749468619783108	0.1
SCRT2	9	22	1.018104267936151	0.15058494150584942	chr13	50656285.0	50656399.0	antisense	0.6252286771322868	0.20396111057177943	0.1
SRF	7	23	1.018095285434427	0.14008599140085992	chr13	50656285.0	50656399.0	antisense	0.6054394560543945	0.21792927979779161	0.1
NKX3-2	12	21	1.015416874510184	0.35076492350764926	chr13	50656285.0	50656399.0	antisense	0.8331347860689045	0.07928473195382672	0.1
HESX1	11	21	1.0077969870717496	0.32466753324667535	chr13	50656285.0	50656399.0	sense	0.828841286487465	0.08152862385475884	0.1
GMEB2	16	24	0.9986231626667236	0.31156884311568844	chr13	50656285.0	50656399.0	sense	0.828841286487465	0.08152862385475884	0.1
ALX3	12	22	0.9968605672444316	0.6385361463853615	chr13	50656285.0	50656399.0	antisense	0.8563314211214538	0.06735812024389012	0.1
HES5	10	22	0.9947384220849304	0.11758824117588242	chr13	50656285.0	50656399.0	sense	0.5750130344108446	0.2403223105998566	0.1
ZNF263	7	28	0.9924182696544002	0.202979702029797	chr13	50656285.0	50656399.0	sense	0.7406804774068048	0.13036910217739614	0.1
TFAP2A(var.2)	11	23	0.988674046603053	0.41405859414058593	chr13	50656285.0	50656399.0	sense	0.8560621859891933	0.06749468619783108	0.1
E2F4	13	24	0.9745366201329809	0.2116788321167883	chr13	50656285.0	50656399.0	antisense	0.7473558766572321	0.126472546157169	0.1
POU5F1B	9	18	0.9617185173505174	0.35766423357664234	chr13	50656285.0	50656399.0	sense	0.8337766223377663	0.07895028590921764	0.1
RUNX2	18	27	0.9515551637139308	0.29317068293170684	chr13	50656285.0	50656399.0	antisense	0.8267093076788578	0.08264717274986019	0.1
SRY	18	27	0.9515401320192303	0.44185581441855815	chr13	50656285.0	50656399.0	sense	0.8560621859891933	0.06749468619783108	0.1
NFATC1	8	18	0.9478654126867491	0.5532446755324467	chr13	50656285.0	50656399.0	antisense	0.8560621859891933	0.06749468619783108	0.1
MGA	16	24	0.9401418924184882	0.28047195280471954	chr13	50656285.0	50656399.0	sense	0.8149514657472801	0.08886825480085726	0.1
Hoxc9	9	22	0.9388388401244161	0.36126387361263873	chr13	50656285.0	50656399.0	antisense	0.8337766223377663	0.07895028590921764	0.1
PRRX1	13	21	0.933765640828892	0.46265373462653736	chr13	50656285.0	50656399.0	antisense	0.8560621859891933	0.06749468619783108	0.1
Foxo1	9	20	0.9308309009162336	0.29047095290470953	chr13	50656285.0	50656399.0	antisense	0.8237946697133566	0.08418102243248472	0.1
NR4A2	11	19	0.9256814475241312	0.34696530346965304	chr13	50656285.0	50656399.0	antisense	0.8331347860689045	0.07928473195382672	0.1
Nkx3-1	12	21	0.9256431483176802	0.3531646835316468	chr13	50656285.0	50656399.0	antisense	0.8331347860689045	0.07928473195382672	0.1
TFAP2C(var.3)	10	23	0.9214603753891916	0.29587041295870414	chr13	50656285.0	50656399.0	antisense	0.8267093076788578	0.08264717274986019	0.1
MAFG::NFE2L1	13	19	0.9138162751625799	0.35256474352564743	chr13	50656285.0	50656399.0	antisense	0.8331347860689045	0.07928473195382672	0.1
NFATC3	8	18	0.9076542936027412	0.5471452854714528	chr13	50656285.0	50656399.0	antisense	0.8560621859891933	0.06749468619783108	0.1
Gfi1	9	19	0.8986793915466041	0.5543445655434457	chr13	50656285.0	50656399.0	antisense	0.8560621859891933	0.06749468619783108	0.1
PITX3	18	27	0.8985893282147798	0.5454454554544546	chr13	50656285.0	50656399.0	antisense	0.8560621859891933	0.06749468619783108	0.1
MSX1	12	20	0.8978713211210266	0.5029497050294971	chr13	50656285.0	50656399.0	antisense	0.8560621859891933	0.06749468619783108	0.1
Nobox	13	21	0.89663769091064	0.36536346365363465	chr13	50656285.0	50656399.0	sense	0.8390426444081255	0.0762159655592868	0.1
Zfx	14	28	0.8916012260504395	0.41415858414158585	chr13	50656285.0	50656399.0	sense	0.8560621859891933	0.06749468619783108	0.1
Hoxd9	10	20	0.8875120361065886	0.5131486851314868	chr13	50656285.0	50656399.0	antisense	0.8560621859891933	0.06749468619783108	0.1
Rhox11	8	25	0.8838738039325151	0.6191380861913809	chr13	50656285.0	50656399.0	antisense	0.8560621859891933	0.06749468619783108	0.1
TFAP2B(var.3)	10	23	0.8770522666857667	0.29787021297870214	chr13	50656285.0	50656399.0	sense	0.8267093076788578	0.08264717274986019	0.1
VAX1	12	20	0.8699813276626652	0.6668333166683331	chr13	50656285.0	50656399.0	sense	0.8591617265072501	0.06592507793983193	0.1
Pitx1	18	26	0.8686063213686296	0.5435456454354565	chr13	50656285.0	50656399.0	antisense	0.8560621859891933	0.06749468619783108	0.1
ZBTB7C	8	20	0.8639716554108103	0.5508449155084492	chr13	50656285.0	50656399.0	sense	0.8560621859891933	0.06749468619783108	0.1
ZBTB7A	7	19	0.8552715231446076	0.44655534446555345	chr13	50656285.0	50656399.0	sense	0.8560621859891933	0.06749468619783108	0.1
Nkx2-5	13	20	0.8533660070505755	0.39416058394160586	chr13	50656285.0	50656399.0	antisense	0.8560621859891933	0.06749468619783108	0.1
Msx3	12	20	0.8526385824030729	0.3408659134086591	chr13	50656285.0	50656399.0	antisense	0.8325097067758013	0.07961069406837976	0.1
TGIF2	12	24	0.8499003175952102	0.21007899210078992	chr13	50656285.0	50656399.0	sense	0.7467876500021231	0.12680287280688932	0.1
TBX1	10	18	0.8473457653950952	0.2646735326467353	chr13	50656285.0	50656399.0	antisense	0.8149514657472801	0.08886825480085726	0.1
Pou5f1::Sox2	9	24	0.8466737747679738	0.44565543445655437	chr13	50656285.0	50656399.0	sense	0.8560621859891933	0.06749468619783108	0.1
SPDEF	10	21	0.8444502851529672	0.31316868313168683	chr13	50656285.0	50656399.0	sense	0.828841286487465	0.08152862385475884	0.1
IRF7	14	28	0.8397513292345363	0.23297670232976703	chr13	50656285.0	50656399.0	antisense	0.7916437655597498	0.10147020408705651	0.1
VAX2	12	20	0.8372317076978849	0.6516348365163483	chr13	50656285.0	50656399.0	sense	0.8591617265072501	0.06592507793983193	0.1
Dmbx1	9	26	0.8349574421561858	0.5317468253174683	chr13	50656285.0	50656399.0	antisense	0.8560621859891933	0.06749468619783108	0.1
MSX2	12	20	0.8327146172734636	0.37276272372762725	chr13	50656285.0	50656399.0	antisense	0.8485256737484147	0.07133501274691481	0.1
Stat6	13	28	0.8312481824441186	0.41275872412758724	chr13	50656285.0	50656399.0	sense	0.8560621859891933	0.06749468619783108	0.1
GBX1	11	21	0.8120293956237893	0.4273572642735726	chr13	50656285.0	50656399.0	antisense	0.8560621859891933	0.06749468619783108	0.1
POU3F4	9	18	0.8108276728684413	0.2578742125787421	chr13	50656285.0	50656399.0	sense	0.8149514657472801	0.08886825480085726	0.1
RUNX3	15	25	0.8106507820156722	0.411958804119588	chr13	50656285.0	50656399.0	sense	0.8560621859891933	0.06749468619783108	0.1
ELF3	12	25	0.8030620968874673	0.28077192280771923	chr13	50656285.0	50656399.0	antisense	0.8149514657472801	0.08886825480085726	0.1
PAX1	9	26	0.8009669297696943	0.23947605239476052	chr13	50656285.0	50656399.0	antisense	0.7916437655597498	0.10147020408705651	0.1
Hand1::Tcf3	18	28	0.7989937342861162	0.6344365563443656	chr13	50656285.0	50656399.0	antisense	0.8560621859891933	0.06749468619783108	0.1
SOX8	12	28	0.7945918169850992	0.06479352064793521	chr13	50656285.0	50656399.0	sense	0.4334396105843961	0.3630714024943785	0.1
GLI2	8	20	0.7911891781621392	0.42445755424457554	chr13	50656285.0	50656399.0	sense	0.8560621859891933	0.06749468619783108	0.1
GATA1::TAL1	8	26	0.7904249921262066	0.46515348465153483	chr13	50656285.0	50656399.0	sense	0.8560621859891933	0.06749468619783108	0.1
POU3F3	8	21	0.7869075577448044	0.49175082491750827	chr13	50656285.0	50656399.0	antisense	0.8560621859891933	0.06749468619783108	0.1
SOX9	11	20	0.7848441844690195	0.654034596540346	chr13	50656285.0	50656399.0	antisense	0.8591617265072501	0.06592507793983193	0.1
MEIS1	11	18	0.7829555283534154	0.6175382461753824	chr13	50656285.0	50656399.0	sense	0.8560621859891933	0.06749468619783108	0.1
Arx	7	24	0.780170922649883	0.4216578342165783	chr13	50656285.0	50656399.0	antisense	0.8560621859891933	0.06749468619783108	0.1
TP73	9	27	0.7784540590711028	0.30356964303569645	chr13	50656285.0	50656399.0	sense	0.828841286487465	0.08152862385475884	0.1
GATA2	7	21	0.7741556887197997	0.48135186481351866	chr13	50656285.0	50656399.0	antisense	0.8560621859891933	0.06749468619783108	0.1
FOXD1	10	18	0.7663248895739285	0.39956004399560047	chr13	50656285.0	50656399.0	sense	0.8560621859891933	0.06749468619783108	0.1
FOXF2	7	21	0.7607873179416812	0.412958704129587	chr13	50656285.0	50656399.0	antisense	0.8560621859891933	0.06749468619783108	0.1
LHX9	12	20	0.7603539685506984	0.6555344465553444	chr13	50656285.0	50656399.0	antisense	0.8591617265072501	0.06592507793983193	0.1
Hoxa11	7	19	0.7556433064364032	0.6297370262973703	chr13	50656285.0	50656399.0	sense	0.8560621859891933	0.06749468619783108	0.1
FOXP3	20	27	0.7542227823949821	0.51994800519948	chr13	50656285.0	50656399.0	sense	0.8560621859891933	0.06749468619783108	0.1
PAX9	9	26	0.7540373004234664	0.19458054194580543	chr13	50656285.0	50656399.0	antisense	0.7317920381874857	0.13561231989730815	0.1
TBX15	10	18	0.7534159333610434	0.278972102789721	chr13	50656285.0	50656399.0	antisense	0.8149514657472801	0.08886825480085726	0.1
NFYA	7	25	0.7475596776741331	0.3805619438056194	chr13	50656285.0	50656399.0	antisense	0.8534803172043312	0.06880649004791695	0.1
Hoxd8	7	24	0.7420459244120287	0.6334366563343665	chr13	50656285.0	50656399.0	sense	0.8560621859891933	0.06749468619783108	0.1
Gfi1b	12	23	0.7410350638879609	0.43325667433256676	chr13	50656285.0	50656399.0	sense	0.8560621859891933	0.06749468619783108	0.1
TEAD3	12	20	0.7377918774175309	0.38016198380161986	chr13	50656285.0	50656399.0	antisense	0.8534803172043312	0.06880649004791695	0.1
Creb3l2	11	20	0.7322451411481485	0.33696630336966304	chr13	50656285.0	50656399.0	sense	0.828841286487465	0.08152862385475884	0.1
ZNF354C	10	16	0.7296653194434626	0.386961303869613	chr13	50656285.0	50656399.0	sense	0.854608156205656	0.0682329666812297	0.1
CREB1	12	20	0.7285622732349217	0.5317468253174683	chr13	50656285.0	50656399.0	antisense	0.8560621859891933	0.06749468619783108	0.1
Srebf1(var.2)	11	21	0.7284440163818092	0.3294670532946705	chr13	50656285.0	50656399.0	antisense	0.828841286487465	0.08152862385475884	0.1
BSX	12	20	0.7278486174121415	0.5724427557244276	chr13	50656285.0	50656399.0	antisense	0.8560621859891933	0.06749468619783108	0.1
Foxq1	9	20	0.7244062320748557	0.36146385361463856	chr13	50656285.0	50656399.0	antisense	0.8337766223377663	0.07895028590921764	0.1
NOTO	12	22	0.7230322739518587	0.6191380861913809	chr13	50656285.0	50656399.0	antisense	0.8560621859891933	0.06749468619783108	0.1
FOXD2	20	27	0.7098239545363837	0.49955004499550043	chr13	50656285.0	50656399.0	sense	0.8560621859891933	0.06749468619783108	0.1
MEOX1	11	21	0.7088445801410416	0.6983301669833016	chr13	50656285.0	50656399.0	antisense	0.875586909394167	0.05770074004651849	0.1
SPIB	16	23	0.7057696469780356	0.47585241475852413	chr13	50656285.0	50656399.0	antisense	0.8560621859891933	0.06749468619783108	0.1
SREBF2(var.2)	11	21	0.7056769548825749	0.28977102289771023	chr13	50656285.0	50656399.0	antisense	0.8237946697133566	0.08418102243248472	0.1
Esrrg	10	20	0.7035499352357969	0.47685231476852313	chr13	50656285.0	50656399.0	antisense	0.8560621859891933	0.06749468619783108	0.1
MEIS2	11	19	0.7028008392529901	0.5193480651934806	chr13	50656285.0	50656399.0	sense	0.8560621859891933	0.06749468619783108	0.1
MNX1	11	21	0.6946306197709519	0.72002799720028	chr13	50656285.0	50656399.0	antisense	0.8792812483457537	0.055872188557815027	0.1
NFIA	7	17	0.6922928049750204	0.5041495850414959	chr13	50656285.0	50656399.0	antisense	0.8560621859891933	0.06749468619783108	0.1
TEF	14	26	0.6886237224904629	0.410958904109589	chr13	50656285.0	50656399.0	sense	0.8560621859891933	0.06749468619783108	0.1
FOXC2	11	23	0.6882817262152146	0.5265473452654734	chr13	50656285.0	50656399.0	antisense	0.8560621859891933	0.06749468619783108	0.1
LMX1B	13	21	0.6851384688913528	0.7418258174182581	chr13	50656285.0	50656399.0	antisense	0.8953665098606418	0.047999153927031635	0.1
HMBOX1	10	20	0.6812718061151897	0.7651234876512348	chr13	50656285.0	50656399.0	antisense	0.9058748752664236	0.04293178547342541	0.1
NFE2	8	19	0.67881181152445	0.3106689331066893	chr13	50656285.0	50656399.0	sense	0.828841286487465	0.08152862385475884	0.1
GATA5	12	20	0.6785871308532414	0.6988301169883012	chr13	50656285.0	50656399.0	sense	0.875586909394167	0.05770074004651849	0.1
EMX2	11	21	0.6776312527139755	0.6265373462653735	chr13	50656285.0	50656399.0	antisense	0.8560621859891933	0.06749468619783108	0.1
HOXA10	17	28	0.6761749004980134	0.7108289171082892	chr13	50656285.0	50656399.0	sense	0.875586909394167	0.05770074004651849	0.1
Crem	10	20	0.6718605936259944	0.5365463453654634	chr13	50656285.0	50656399.0	sense	0.8560621859891933	0.06749468619783108	0.1
ETV2	13	24	0.6692986648950786	0.41375862413758624	chr13	50656285.0	50656399.0	antisense	0.8560621859891933	0.06749468619783108	0.1
Atf1	11	19	0.6677737624229287	0.5421457854214579	chr13	50656285.0	50656399.0	sense	0.8560621859891933	0.06749468619783108	0.1
ESRRB	9	20	0.6570174593173809	0.36146385361463856	chr13	50656285.0	50656399.0	antisense	0.8337766223377663	0.07895028590921764	0.1
FOSL1	8	19	0.6551459414164353	0.42715728427157285	chr13	50656285.0	50656399.0	sense	0.8560621859891933	0.06749468619783108	0.1
Nr2e1	11	20	0.6506278315407317	0.5757424257574243	chr13	50656285.0	50656399.0	antisense	0.8560621859891933	0.06749468619783108	0.1
OTX1	18	26	0.6484837407749878	0.6077392260773923	chr13	50656285.0	50656399.0	antisense	0.8560621859891933	0.06749468619783108	0.1
SREBF2	16	26	0.6459669297480329	0.4637536246375362	chr13	50656285.0	50656399.0	sense	0.8560621859891933	0.06749468619783108	0.1
ATF4	7	20	0.6451451557145965	0.44925507449255075	chr13	50656285.0	50656399.0	antisense	0.8560621859891933	0.06749468619783108	0.1
Klf1	11	22	0.6448090079560749	0.44125587441255876	chr13	50656285.0	50656399.0	antisense	0.8560621859891933	0.06749468619783108	0.1
NFYB	11	26	0.6434917322743773	0.5568443155684432	chr13	50656285.0	50656399.0	antisense	0.8560621859891933	0.06749468619783108	0.1
FOSL2	9	20	0.6403999111378932	0.49185081491850813	chr13	50656285.0	50656399.0	antisense	0.8560621859891933	0.06749468619783108	0.1
RORA	12	22	0.6401044787100825	0.5138486151384861	chr13	50656285.0	50656399.0	antisense	0.8560621859891933	0.06749468619783108	0.1
LHX2	11	21	0.6362965223273647	0.6614338566143385	chr13	50656285.0	50656399.0	antisense	0.8591617265072501	0.06592507793983193	0.1
JUND	8	19	0.6309268898220463	0.4537546245375462	chr13	50656285.0	50656399.0	sense	0.8560621859891933	0.06749468619783108	0.1
NFIL3	7	18	0.6292771919541374	0.49245075492450757	chr13	50656285.0	50656399.0	sense	0.8560621859891933	0.06749468619783108	0.1
Arid3b	7	18	0.628150081380304	0.6292370762923708	chr13	50656285.0	50656399.0	antisense	0.8560621859891933	0.06749468619783108	0.1
FOS	8	19	0.6244494780578678	0.5232476752324767	chr13	50656285.0	50656399.0	sense	0.8560621859891933	0.06749468619783108	0.1
PDX1	12	20	0.6227512199716158	0.5458454154584541	chr13	50656285.0	50656399.0	antisense	0.8560621859891933	0.06749468619783108	0.1
Nr5a2	10	25	0.6174638216304525	0.6438356164383562	chr13	50656285.0	50656399.0	sense	0.8591617265072501	0.06592507793983193	0.1
SMAD2::SMAD3::SMAD4	9	22	0.6170088084768316	0.6584341565843416	chr13	50656285.0	50656399.0	antisense	0.8591617265072501	0.06592507793983193	0.1
NFIC::TLX1	11	25	0.615777576269998	0.34166583341665835	chr13	50656285.0	50656399.0	sense	0.8325097067758013	0.07961069406837976	0.1
GLIS2	10	24	0.614712073719005	0.37776222377762225	chr13	50656285.0	50656399.0	sense	0.8534803172043312	0.06880649004791695	0.1
LIN54	9	18	0.6139364313987893	0.48505149485051496	chr13	50656285.0	50656399.0	antisense	0.8560621859891933	0.06749468619783108	0.1
PPARG	8	28	0.6139270606778771	0.30556944305569445	chr13	50656285.0	50656399.0	antisense	0.828841286487465	0.08152862385475884	0.1
JUND(var.2)	7	22	0.6135643912925833	0.5542445755424458	chr13	50656285.0	50656399.0	antisense	0.8560621859891933	0.06749468619783108	0.1
Gata4	10	21	0.6132431859793174	0.47865213478652135	chr13	50656285.0	50656399.0	sense	0.8560621859891933	0.06749468619783108	0.1
Atf3	10	18	0.6099135460159026	0.5745425457454254	chr13	50656285.0	50656399.0	sense	0.8560621859891933	0.06749468619783108	0.1
NFAT5	8	18	0.6059820186523746	0.6805319468053195	chr13	50656285.0	50656399.0	antisense	0.872521347373862	0.059223938657313915	0.1
NR3C2	7	24	0.6041403753106596	0.33556644335566443	chr13	50656285.0	50656399.0	sense	0.828841286487465	0.08152862385475884	0.1
Pou2f3	12	28	0.6030594173350005	0.5651434856514349	chr13	50656285.0	50656399.0	antisense	0.8560621859891933	0.06749468619783108	0.1
NKX6-1	12	20	0.6021809447592508	0.6272372762723728	chr13	50656285.0	50656399.0	antisense	0.8560621859891933	0.06749468619783108	0.1
Spz1	8	19	0.58286868886992	0.6648335166483351	chr13	50656285.0	50656399.0	sense	0.8591617265072501	0.06592507793983193	0.1
MAF::NFE2	10	25	0.5816178025244396	0.5247475252474753	chr13	50656285.0	50656399.0	sense	0.8560621859891933	0.06749468619783108	0.1
E2F6	11	22	0.5808637690373182	0.42125787421257876	chr13	50656285.0	50656399.0	antisense	0.8560621859891933	0.06749468619783108	0.1
YY1	7	19	0.5790819296831667	0.5911408859114089	chr13	50656285.0	50656399.0	antisense	0.8560621859891933	0.06749468619783108	0.1
JUNB	9	20	0.5782078561899535	0.5748425157484252	chr13	50656285.0	50656399.0	antisense	0.8560621859891933	0.06749468619783108	0.1
HNF1B	7	20	0.5762773482227262	0.5132486751324867	chr13	50656285.0	50656399.0	antisense	0.8560621859891933	0.06749468619783108	0.1
SP8	15	27	0.5762038881083595	0.5835416458354165	chr13	50656285.0	50656399.0	sense	0.8560621859891933	0.06749468619783108	0.1
HOXC13	9	20	0.559352127151338	0.5573442655734426	chr13	50656285.0	50656399.0	antisense	0.8560621859891933	0.06749468619783108	0.1
CDX1	11	20	0.5556841508209609	0.6842315768423157	chr13	50656285.0	50656399.0	antisense	0.872521347373862	0.059223938657313915	0.1
Foxa2	15	27	0.5430258182709665	0.6065393460653935	chr13	50656285.0	50656399.0	antisense	0.8560621859891933	0.06749468619783108	0.1
Foxj2	10	18	0.5384339740583157	0.5043495650434956	chr13	50656285.0	50656399.0	sense	0.8560621859891933	0.06749468619783108	0.1
Crx	13	24	0.5356196690562793	0.5902409759024098	chr13	50656285.0	50656399.0	antisense	0.8560621859891933	0.06749468619783108	0.1
BATF::JUN	8	19	0.5319257888812825	0.6135386461353864	chr13	50656285.0	50656399.0	antisense	0.8560621859891933	0.06749468619783108	0.1
FOXG1	10	18	0.5281855958908092	0.402959704029597	chr13	50656285.0	50656399.0	sense	0.8560621859891933	0.06749468619783108	0.1
Sox6	10	20	0.5266841372739406	0.4694530546945305	chr13	50656285.0	50656399.0	antisense	0.8560621859891933	0.06749468619783108	0.1
FOXO3	10	18	0.5258735744681072	0.41985801419858015	chr13	50656285.0	50656399.0	sense	0.8560621859891933	0.06749468619783108	0.1
FOS::JUN	10	17	0.5248468589822257	0.7517248275172482	chr13	50656285.0	50656399.0	sense	0.9041123410594721	0.043777602632010866	0.1
Klf4	17	27	0.5204811756087402	0.46305369463053697	chr13	50656285.0	50656399.0	sense	0.8560621859891933	0.06749468619783108	0.1
HSF1	7	20	0.5202055513113523	0.38676132386761325	chr13	50656285.0	50656399.0	sense	0.854608156205656	0.0682329666812297	0.1
Bcl6	7	21	0.5183679377507647	0.7172282771722828	chr13	50656285.0	50656399.0	sense	0.8779280090858839	0.056541095185700226	0.1
OTX2	18	26	0.5183389696306926	0.758024197580242	chr13	50656285.0	50656399.0	antisense	0.9041123410594721	0.043777602632010866	0.1
FOXO4	10	17	0.5160220091277454	0.5242475752424758	chr13	50656285.0	50656399.0	sense	0.8560621859891933	0.06749468619783108	0.1
Gata1	9	20	0.5066345417417715	0.5678432156784322	chr13	50656285.0	50656399.0	sense	0.8560621859891933	0.06749468619783108	0.1
FOXL1	10	17	0.5049510621444513	0.5281471852814719	chr13	50656285.0	50656399.0	sense	0.8560621859891933	0.06749468619783108	0.1
Ar	7	24	0.49811524506429683	0.42105789421057893	chr13	50656285.0	50656399.0	antisense	0.8560621859891933	0.06749468619783108	0.1
LHX6	11	21	0.4923811680590207	0.7713228677132287	chr13	50656285.0	50656399.0	antisense	0.9058748752664236	0.04293178547342541	0.1
NFATC2	10	17	0.48935240866776136	0.7068293170682932	chr13	50656285.0	50656399.0	antisense	0.875586909394167	0.05770074004651849	0.1
EN1	12	20	0.48829822447357946	0.766023397660234	chr13	50656285.0	50656399.0	antisense	0.9058748752664236	0.04293178547342541	0.1
Shox2	12	20	0.4827270081782858	0.7243275672432756	chr13	50656285.0	50656399.0	antisense	0.8824554164301879	0.054307226889102986	0.1
MYBL1	8	20	0.4819915114603676	0.6203379662033797	chr13	50656285.0	50656399.0	sense	0.8560621859891933	0.06749468619783108	0.1
FOXO6	10	17	0.4804630726690321	0.5145485451454854	chr13	50656285.0	50656399.0	sense	0.8560621859891933	0.06749468619783108	0.1
FOXI1	10	17	0.4729573245660078	0.5316468353164684	chr13	50656285.0	50656399.0	sense	0.8560621859891933	0.06749468619783108	0.1
ZBTB7B	8	20	0.4726412315015617	0.6049395060493951	chr13	50656285.0	50656399.0	sense	0.8560621859891933	0.06749468619783108	0.1
BHLHE23	10	22	0.47217028001070216	0.5675432456754325	chr13	50656285.0	50656399.0	sense	0.8560621859891933	0.06749468619783108	0.1
HOXD13	8	18	0.4673849923940933	0.6172382761723828	chr13	50656285.0	50656399.0	sense	0.8560621859891933	0.06749468619783108	0.1
NR2C2	12	27	0.46548458509402085	0.532046795320468	chr13	50656285.0	50656399.0	antisense	0.8560621859891933	0.06749468619783108	0.1
VSX1	12	20	0.4633936175829886	0.8721127887211279	chr13	50656285.0	50656399.0	sense	0.9282577889752008	0.03233139793831599	0.1
E2F3	9	27	0.4620186450375973	0.23597640235976403	chr13	50656285.0	50656399.0	sense	0.7916437655597498	0.10147020408705651	0.1
Lhx4	12	20	0.45957343430026903	0.8158184181581842	chr13	50656285.0	50656399.0	antisense	0.9184932156135036	0.036924047232424616	0.1
JDP2	9	18	0.45601777625677664	0.4764523547645235	chr13	50656285.0	50656399.0	sense	0.8560621859891933	0.06749468619783108	0.1
Dux	8	16	0.4549756850810171	0.617038296170383	chr13	50656285.0	50656399.0	sense	0.8560621859891933	0.06749468619783108	0.1
ISX	12	20	0.45252259478759016	0.6046395360463953	chr13	50656285.0	50656399.0	antisense	0.8560621859891933	0.06749468619783108	0.1
FOXA1	8	23	0.45218659615733864	0.6994300569943006	chr13	50656285.0	50656399.0	antisense	0.875586909394167	0.05770074004651849	0.1
KLF5	17	27	0.4480231779652246	0.5292470752924707	chr13	50656285.0	50656399.0	antisense	0.8560621859891933	0.06749468619783108	0.1
SREBF1	16	26	0.4462639518887248	0.58994100589941	chr13	50656285.0	50656399.0	antisense	0.8560621859891933	0.06749468619783108	0.1
HOXC11	7	18	0.4428700022230823	0.6975302469753024	chr13	50656285.0	50656399.0	sense	0.875586909394167	0.05770074004651849	0.1
IRF2	9	27	0.44282335079227986	0.2830716928307169	chr13	50656285.0	50656399.0	antisense	0.8161900476619005	0.08820870516660786	0.1
HSF2	7	20	0.44241448855870136	0.5688431156884312	chr13	50656285.0	50656399.0	sense	0.8560621859891933	0.06749468619783108	0.1
PRDM1	7	22	0.4411309187668229	0.6645335466453355	chr13	50656285.0	50656399.0	sense	0.8591617265072501	0.06592507793983193	0.1
mix-a	7	18	0.43953237230376	0.6380361963803619	chr13	50656285.0	50656399.0	antisense	0.8563314211214538	0.06735812024389012	0.1
HOXA13	8	18	0.43896965033060287	0.6584341565843416	chr13	50656285.0	50656399.0	sense	0.8591617265072501	0.06592507793983193	0.1
HOXB13	8	18	0.4366325565307392	0.6283371662833717	chr13	50656285.0	50656399.0	sense	0.8560621859891933	0.06749468619783108	0.1
DUXA	13	26	0.43472950682522093	0.813918608139186	chr13	50656285.0	50656399.0	antisense	0.9184932156135036	0.036924047232424616	0.1
HES7	12	24	0.43331961637623345	0.38316168383161686	chr13	50656285.0	50656399.0	sense	0.8534803172043312	0.06880649004791695	0.1
SOX10	21	27	0.4287700689094653	0.7595240475952405	chr13	50656285.0	50656399.0	sense	0.9041123410594721	0.043777602632010866	0.1
FOXP2	7	18	0.4273288202527008	0.5488451154884512	chr13	50656285.0	50656399.0	antisense	0.8560621859891933	0.06749468619783108	0.1
Nkx2-5(var.2)	8	19	0.4207407626175667	0.7728227177282272	chr13	50656285.0	50656399.0	sense	0.9058748752664236	0.04293178547342541	0.1
E2F8	16	28	0.41758796800113923	0.3691630836916308	chr13	50656285.0	50656399.0	antisense	0.844033658308178	0.07364023426765309	0.1
LMX1A	12	20	0.41655856191919155	0.8853114688531147	chr13	50656285.0	50656399.0	antisense	0.9321065865015932	0.03053442317954131	0.1
HOXC10	8	18	0.4125476348395493	0.7975202479752025	chr13	50656285.0	50656399.0	sense	0.9184932156135036	0.036924047232424616	0.1
SP1	16	27	0.40530521064063546	0.5383461653834617	chr13	50656285.0	50656399.0	antisense	0.8560621859891933	0.06749468619783108	0.1
JUN	8	21	0.4052104884945227	0.7105289471052895	chr13	50656285.0	50656399.0	antisense	0.875586909394167	0.05770074004651849	0.1
DUX4	14	25	0.4022158339675918	0.6291370862913709	chr13	50656285.0	50656399.0	antisense	0.8560621859891933	0.06749468619783108	0.1
VSX2	12	20	0.4017543784545124	0.8055194480551945	chr13	50656285.0	50656399.0	sense	0.9184932156135036	0.036924047232424616	0.1
PHOX2A	14	25	0.4015363917459051	0.8165183481651834	chr13	50656285.0	50656399.0	antisense	0.9184932156135036	0.036924047232424616	0.1
XBP1	14	28	0.40093086299271713	0.7306269373062694	chr13	50656285.0	50656399.0	antisense	0.8859705150980229	0.05258073109635972	0.1
Stat5a::Stat5b	7	18	0.4003378368484286	0.7113288671132887	chr13	50656285.0	50656399.0	antisense	0.875586909394167	0.05770074004651849	0.1
VENTX	12	21	0.39911698292907544	0.7904209579042096	chr13	50656285.0	50656399.0	antisense	0.9182014684437597	0.03706201701923361	0.1
Nr2e3	21	28	0.39812835710267375	0.6671332866713329	chr13	50656285.0	50656399.0	sense	0.8591617265072501	0.06592507793983193	0.1
Bach1::Mafk	12	27	0.3980404615270125	0.6101389861013898	chr13	50656285.0	50656399.0	sense	0.8560621859891933	0.06749468619783108	0.1
PROX1	7	19	0.3960568870225784	0.5540445955404459	chr13	50656285.0	50656399.0	antisense	0.8560621859891933	0.06749468619783108	0.1
KLF16	16	27	0.3945489418548375	0.5594440555944405	chr13	50656285.0	50656399.0	antisense	0.8560621859891933	0.06749468619783108	0.1
IRF8	8	22	0.3943582564614887	0.32356764323567644	chr13	50656285.0	50656399.0	antisense	0.828841286487465	0.08152862385475884	0.1
KLF13	9	27	0.3864383298999107	0.35476452354764526	chr13	50656285.0	50656399.0	antisense	0.8331347860689045	0.07928473195382672	0.1
Esrra	7	18	0.3858089182553498	0.5629437056294371	chr13	50656285.0	50656399.0	sense	0.8560621859891933	0.06749468619783108	0.1
Lhx8	12	20	0.38271574875727055	0.8474152584741526	chr13	50656285.0	50656399.0	sense	0.9234670675191896	0.03457858766251915	0.1
RHOXF1	16	24	0.38220626708059274	0.9072092790720928	chr13	50656285.0	50656399.0	sense	0.9407358665331071	0.026532297730702703	0.1
JDP2(var.2)	7	19	0.3809468979418509	0.6109389061093891	chr13	50656285.0	50656399.0	antisense	0.8560621859891933	0.06749468619783108	0.1
STAT3	8	19	0.37669649997331667	0.7562243775622438	chr13	50656285.0	50656399.0	antisense	0.9041123410594721	0.043777602632010866	0.1
ONECUT1	7	21	0.3756131866619698	0.6335366463353664	chr13	50656285.0	50656399.0	antisense	0.8560621859891933	0.06749468619783108	0.1
Creb5	7	19	0.3726667011847461	0.6266373362663734	chr13	50656285.0	50656399.0	antisense	0.8560621859891933	0.06749468619783108	0.1
Vdr	12	28	0.3682437651987538	0.4263573642635736	chr13	50656285.0	50656399.0	antisense	0.8560621859891933	0.06749468619783108	0.1
TCF7L2	8	22	0.3648521333494999	0.7855214478552145	chr13	50656285.0	50656399.0	sense	0.916147486374958	0.03803460563044315	0.1
FOXH1	10	21	0.3640217162314476	0.6827317268273173	chr13	50656285.0	50656399.0	antisense	0.872521347373862	0.059223938657313915	0.1
ONECUT2	7	21	0.36135705750505415	0.7032296770322968	chr13	50656285.0	50656399.0	antisense	0.875586909394167	0.05770074004651849	0.1
RFX4	10	26	0.35341730094075996	0.7073292670732927	chr13	50656285.0	50656399.0	antisense	0.875586909394167	0.05770074004651849	0.1
SP4	10	27	0.3522919434520214	0.35096490350964904	chr13	50656285.0	50656399.0	sense	0.8331347860689045	0.07928473195382672	0.1
Tcf7	7	19	0.34881276927118393	0.5843415658434157	chr13	50656285.0	50656399.0	antisense	0.8560621859891933	0.06749468619783108	0.1
ZNF410	9	26	0.34744236029148223	0.2800719928007199	chr13	50656285.0	50656399.0	antisense	0.8149514657472801	0.08886825480085726	0.1
MAFK	12	27	0.3455266989147369	0.8636136386361364	chr13	50656285.0	50656399.0	sense	0.9279823570437987	0.03246028058217252	0.1
LBX1	12	20	0.34429631386427084	0.837016298370163	chr13	50656285.0	50656399.0	sense	0.9219025131385168	0.035315001120388	0.1
PBX1	8	20	0.33918027722718885	0.804019598040196	chr13	50656285.0	50656399.0	antisense	0.9184932156135036	0.036924047232424616	0.1
HOXD11	7	17	0.33902927189471305	0.7908209179082092	chr13	50656285.0	50656399.0	sense	0.9182014684437597	0.03706201701923361	0.1
MLX	11	21	0.33486012622470224	0.7361263873612639	chr13	50656285.0	50656399.0	antisense	0.8905584965978928	0.050337548502481136	0.1
HOXC12	7	18	0.3347592787513938	0.7696230376962304	chr13	50656285.0	50656399.0	sense	0.9058748752664236	0.04293178547342541	0.1
SMAD3	7	17	0.33438926460304397	0.6232376762323768	chr13	50656285.0	50656399.0	sense	0.8560621859891933	0.06749468619783108	0.1
PAX4	12	20	0.32714511751452247	0.8660133986601339	chr13	50656285.0	50656399.0	antisense	0.9282577889752008	0.03233139793831599	0.1
Six3	7	24	0.32578778940195835	0.8176182381761824	chr13	50656285.0	50656399.0	antisense	0.9184932156135036	0.036924047232424616	0.1
ONECUT3	7	21	0.3213495897877263	0.5755424457554245	chr13	50656285.0	50656399.0	antisense	0.8560621859891933	0.06749468619783108	0.1
ZNF143	8	24	0.313504699771007	0.4410558944105589	chr13	50656285.0	50656399.0	sense	0.8560621859891933	0.06749468619783108	0.1
TFCP2	9	19	0.31337284014352945	0.9017098290170983	chr13	50656285.0	50656399.0	antisense	0.9378505035268017	0.027866384081242934	0.1
Sox2	11	19	0.3077927178868043	0.6198380161983802	chr13	50656285.0	50656399.0	antisense	0.8560621859891933	0.06749468619783108	0.1
NEUROG2	11	21	0.30296789949088254	0.7136286371362863	chr13	50656285.0	50656399.0	sense	0.875586909394167	0.05770074004651849	0.1
Lhx3	7	20	0.3004286982364681	0.6079392060793921	chr13	50656285.0	50656399.0	antisense	0.8560621859891933	0.06749468619783108	0.1
Phox2b	8	19	0.29621224289173775	0.8305169483051695	chr13	50656285.0	50656399.0	sense	0.9219025131385168	0.035315001120388	0.1
TFAP4	11	21	0.29441345328874446	0.7985201479852014	chr13	50656285.0	50656399.0	antisense	0.9184932156135036	0.036924047232424616	0.1
Sox3	9	19	0.2897399638893102	0.6521347865213478	chr13	50656285.0	50656399.0	antisense	0.8591617265072501	0.06592507793983193	0.1
MYBL2	7	22	0.28185585914635797	0.767023297670233	chr13	50656285.0	50656399.0	sense	0.9058748752664236	0.04293178547342541	0.1
Nr2f6	7	21	0.28126642925756107	0.6811318868113189	chr13	50656285.0	50656399.0	sense	0.872521347373862	0.059223938657313915	0.1
LEF1	7	22	0.27272291632664164	0.6486351364863514	chr13	50656285.0	50656399.0	sense	0.8591617265072501	0.06592507793983193	0.1
IRF9	8	23	0.2706658142300494	0.3230676932306769	chr13	50656285.0	50656399.0	antisense	0.828841286487465	0.08152862385475884	0.1
Hoxa9	10	21	0.26871052087106667	0.8129187081291871	chr13	50656285.0	50656399.0	antisense	0.9184932156135036	0.036924047232424616	0.1
CUX2	8	18	0.26802734195617217	0.9106089391060894	chr13	50656285.0	50656399.0	sense	0.9414462936176502	0.02620444999758106	0.1
OLIG1	11	21	0.2677105738204318	0.7288271172882712	chr13	50656285.0	50656399.0	sense	0.8858577842449947	0.05263599422484075	0.1
MZF1	9	15	0.26767430170363493	0.8265173482651735	chr13	50656285.0	50656399.0	sense	0.9219025131385168	0.035315001120388	0.1
STAT1::STAT2	12	27	0.26234039392579334	0.5856414358564144	chr13	50656285.0	50656399.0	sense	0.8560621859891933	0.06749468619783108	0.1
ZBED1	15	28	0.25982371931109915	0.6168383161683831	chr13	50656285.0	50656399.0	sense	0.8560621859891933	0.06749468619783108	0.1
CUX1	8	18	0.257709751776788	0.8993100689931007	chr13	50656285.0	50656399.0	sense	0.9372327827458219	0.028152528956199213	0.1
MEF2B	8	20	0.24296554660496544	0.5256474352564744	chr13	50656285.0	50656399.0	sense	0.8560621859891933	0.06749468619783108	0.1
RELA	11	21	0.2419291105227237	0.708029197080292	chr13	50656285.0	50656399.0	antisense	0.875586909394167	0.05770074004651849	0.1
Hnf4a	7	23	0.2345044627994324	0.4791520847915208	chr13	50656285.0	50656399.0	sense	0.8560621859891933	0.06749468619783108	0.1
Sox5	10	17	0.23274991532493217	0.8852114788521148	chr13	50656285.0	50656399.0	antisense	0.9321065865015932	0.03053442317954131	0.1
HOXD12	8	19	0.2325236661593975	0.837016298370163	chr13	50656285.0	50656399.0	sense	0.9219025131385168	0.035315001120388	0.1
POU6F1	10	20	0.22298441119824158	0.9535046495350465	chr13	50656285.0	50656399.0	sense	0.9780018045626268	0.009660343872042718	0.1
MAFF	8	26	0.21418424338587957	0.882011798820118	chr13	50656285.0	50656399.0	antisense	0.9321065865015932	0.03053442317954131	0.1
GATA3	10	18	0.20822239554348332	0.7097290270972902	chr13	50656285.0	50656399.0	antisense	0.875586909394167	0.05770074004651849	0.1
ZNF740	8	18	0.20683539414598248	0.6587341265873413	chr13	50656285.0	50656399.0	sense	0.8591617265072501	0.06592507793983193	0.1
RARA(var.2)	11	28	0.20218809013815772	0.39746025397460255	chr13	50656285.0	50656399.0	antisense	0.8560621859891933	0.06749468619783108	0.1
GRHL1	8	20	0.19855980441735313	0.899010098990101	chr13	50656285.0	50656399.0	sense	0.9372327827458219	0.028152528956199213	0.1
CDX2	7	18	0.18939611953656205	0.7938206179382061	chr13	50656285.0	50656399.0	antisense	0.9184932156135036	0.036924047232424616	0.1
RORA(var.2)	7	21	0.18833502845684222	0.7121287871212879	chr13	50656285.0	50656399.0	antisense	0.875586909394167	0.05770074004651849	0.1
GLIS3	7	21	0.1856261568489096	0.5163483651634837	chr13	50656285.0	50656399.0	sense	0.8560621859891933	0.06749468619783108	0.1
Arid3a	11	17	0.1854057279481208	0.8422157784221578	chr13	50656285.0	50656399.0	sense	0.9234670675191896	0.03457858766251915	0.1
CTCF	9	28	0.18456467404770813	0.6087391260873912	chr13	50656285.0	50656399.0	antisense	0.8560621859891933	0.06749468619783108	0.1
MEF2C	8	23	0.17480654259173697	0.8505149485051495	chr13	50656285.0	50656399.0	antisense	0.9234670675191896	0.03457858766251915	0.1
RREB1	7	27	0.1529597904072931	0.20307969203079693	chr13	50656285.0	50656399.0	sense	0.7406804774068048	0.13036910217739614	0.1
TBX20	13	24	0.14960856200545689	0.8728127187281272	chr13	50656285.0	50656399.0	sense	0.9282577889752008	0.03233139793831599	0.1
MEF2D	8	20	0.13535810831420678	0.6168383161683831	chr13	50656285.0	50656399.0	sense	0.8560621859891933	0.06749468619783108	0.1
Mecom	7	21	0.13367908833562678	0.8331166883311669	chr13	50656285.0	50656399.0	antisense	0.9219025131385168	0.035315001120388	0.1
Alx1	8	25	0.12697898770338112	0.7732226777322267	chr13	50656285.0	50656399.0	sense	0.9058748752664236	0.04293178547342541	0.1
Stat4	7	21	0.12298415534813711	0.8702129787021298	chr13	50656285.0	50656399.0	sense	0.9282577889752008	0.03233139793831599	0.1
Nr1h3::Rxra	9	28	0.11544961374557178	0.8209179082091791	chr13	50656285.0	50656399.0	sense	0.9202081951632051	0.03611390332691718	0.1
MEF2A	7	19	0.11299304121043187	0.7050294970502949	chr13	50656285.0	50656399.0	antisense	0.875586909394167	0.05770074004651849	0.1
Alx4	7	24	0.10795161092045133	0.7529247075292471	chr13	50656285.0	50656399.0	sense	0.9041123410594721	0.043777602632010866	0.1
POU4F2	8	24	0.10422667448123053	0.5992400759924008	chr13	50656285.0	50656399.0	antisense	0.8560621859891933	0.06749468619783108	0.1
HNF1A	7	22	0.10332224199790879	0.889011098890111	chr13	50656285.0	50656399.0	sense	0.9340015391173433	0.02965240810650359	0.1
INSM1	9	21	0.10128269446590742	0.8604139586041396	chr13	50656285.0	50656399.0	sense	0.9265699986017996	0.0331217659207177	0.1
MYF6	11	21	0.08600688548683799	0.9188081191880811	chr13	50656285.0	50656399.0	antisense	0.9480346199972447	0.023175802958097142	0.1
PAX3	8	18	0.05842161481713414	0.8062193780621938	chr13	50656285.0	50656399.0	antisense	0.9184932156135036	0.036924047232424616	0.1
PAX7	8	18	0.04993473630588136	0.7949205079492051	chr13	50656285.0	50656399.0	antisense	0.9184932156135036	0.036924047232424616	0.1
POU4F3	8	24	0.04786067144493975	0.9357064293570643	chr13	50656285.0	50656399.0	sense	0.9635548349926912	0.01612356501776866	0.1
CREB3	8	22	0.029830740339959517	0.9482051794820517	chr13	50656285.0	50656399.0	antisense	0.9744920557449205	0.011221696987824069	0.1
PROP1	7	18	0.019129707334326024	0.9081091890810918	chr13	50656285.0	50656399.0	sense	0.9407358665331071	0.026532297730702703	0.1
FOXP1	7	22	0.013147850511459249	0.8601139886011399	chr13	50656285.0	50656399.0	antisense	0.9265699986017996	0.0331217659207177	0.1
Tcf21	10	24	-0.0	0.8699130086991301	chr13	50656285.0	50656399.0	sense	0.9282577889752008	0.03233139793831599	0.1
EBF1	7	21	-0.0	0.8993100689931007	chr13	50656285.0	50656399.0	antisense	0.9372327827458219	0.028152528956199213	0.1
Foxk1	7	24	-0.0	0.8384161583841616	chr13	50656285.0	50656399.0	antisense	0.9219025131385168	0.035315001120388	0.1
E2F7	13	27	-0.005043112210064653	0.6026397360263973	chr13	50656285.0	50656399.0	sense	0.8560621859891933	0.06749468619783108	0.1
Foxj3	8	25	-0.005735820658078606	0.8605139486051395	chr13	50656285.0	50656399.0	antisense	0.9265699986017996	0.0331217659207177	0.1
STAT1	7	18	-0.013295599179404658	0.9888011198880112	chr13	50656285.0	50656399.0	antisense	0.9930142120923042	0.0030445358056308213	0.1
Rarb(var.2)	11	28	-0.033336694938072446	0.6292370762923708	chr13	50656285.0	50656399.0	sense	0.8560621859891933	0.06749468619783108	0.1
RXRA::VDR	12	27	-0.03567989860720751	0.835916408359164	chr13	50656285.0	50656399.0	antisense	0.9219025131385168	0.035315001120388	0.1
BATF3	9	23	-0.048016953838097794	0.8242175782421758	chr13	50656285.0	50656399.0	sense	0.9219025131385168	0.035315001120388	0.1
RXRB	7	21	-0.06520371992995702	0.8138186181381862	chr13	50656285.0	50656399.0	sense	0.9184932156135036	0.036924047232424616	0.1
RXRG	7	21	-0.06648632713904658	0.83001699830017	chr13	50656285.0	50656399.0	sense	0.9219025131385168	0.035315001120388	0.1
Rxra	7	21	-0.06693218545768923	0.8143185681431857	chr13	50656285.0	50656399.0	sense	0.9184932156135036	0.036924047232424616	0.1
Znf423	8	23	-0.07705974787235889	0.7557244275572442	chr13	50656285.0	50656399.0	sense	0.9041123410594721	0.043777602632010866	0.1
GLIS1	11	27	-0.08568722085560554	0.55994400559944	chr13	50656285.0	50656399.0	antisense	0.8560621859891933	0.06749468619783108	0.1
Rarg(var.2)	11	28	-0.08678530721474327	0.635036496350365	chr13	50656285.0	50656399.0	antisense	0.8560621859891933	0.06749468619783108	0.1
TP63	10	28	-0.10020596505240471	0.6515348465153484	chr13	50656285.0	50656399.0	sense	0.8591617265072501	0.06592507793983193	0.1
Sox1	8	23	-0.1094418214613031	0.8762123787621238	chr13	50656285.0	50656399.0	sense	0.9299677394223768	0.03153211685881289	0.1
NR3C1	9	26	-0.11769419803064685	0.8027197280271973	chr13	50656285.0	50656399.0	antisense	0.9184932156135036	0.036924047232424616	0.1
NFKB2	13	26	-0.12413825495509474	0.9741025897410259	chr13	50656285.0	50656399.0	antisense	0.9874203985851415	0.005497905168484438	0.1
RFX5	10	26	-0.13578007519346202	0.8603139686031397	chr13	50656285.0	50656399.0	antisense	0.9265699986017996	0.0331217659207177	0.1
PKNOX2	12	24	-0.16548073809836894	0.9606039396060394	chr13	50656285.0	50656399.0	sense	0.9831410559731427	0.007384167380535797	0.1
SOX4	12	28	-0.1666026239298085	0.6626337366263374	chr13	50656285.0	50656399.0	sense	0.8591617265072501	0.06592507793983193	0.1
ESR1	11	28	-0.1727963151186115	0.8486151384861513	chr13	50656285.0	50656399.0	antisense	0.9234670675191896	0.03457858766251915	0.1
Rarb	7	23	-0.21796427726353346	0.7801219878012199	chr13	50656285.0	50656399.0	antisense	0.91189935060548	0.04005309356725208	0.1
PKNOX1	7	19	-0.23487638702574962	0.9862013798620138	chr13	50656285.0	50656399.0	antisense	0.9930142120923042	0.0030445358056308213	0.1
TGIF1	16	28	-0.24655143837059068	0.9904009599040096	chr13	50656285.0	50656399.0	antisense	0.9930142120923042	0.0030445358056308213	0.1
Sox11	13	28	-0.25448362031139876	0.8456154384561544	chr13	50656285.0	50656399.0	sense	0.9234670675191896	0.03457858766251915	0.1
NFKB1	8	21	-0.2581525737416073	0.9698030196980302	chr13	50656285.0	50656399.0	antisense	0.9869153984797215	0.005720074836130087	0.1
ATF7	13	27	-0.3141913997827545	0.9911008899110089	chr13	50656285.0	50656399.0	sense	0.9930142120923042	0.0030445358056308213	0.1
RFX3	10	26	-0.3223789707776686	0.9799020097990201	chr13	50656285.0	50656399.0	antisense	0.9913628520188916	0.003767358847726257	0.1
IRF1	7	28	-0.369341727325916	0.5477452254774523	chr13	50656285.0	50656399.0	sense	0.8560621859891933	0.06749468619783108	0.1
REST	7	28	-0.40054483062202045	0.5104489551044895	chr13	50656285.0	50656399.0	antisense	0.8560621859891933	0.06749468619783108	0.1
MAFG	7	28	-0.419260848831667	0.7112288771122888	chr13	50656285.0	50656399.0	antisense	0.875586909394167	0.05770074004651849	0.1
Rarg	12	28	-0.42692673599977277	0.9623037696230377	chr13	50656285.0	50656399.0	sense	0.9831410559731427	0.007384167380535797	0.1
Nr2f6(var.2)	9	24	-0.435747874444778	0.9889011098890111	chr13	50656285.0	50656399.0	antisense	0.9930142120923042	0.0030445358056308213	0.1
SOX21	8	23	-0.4392269334171847	0.9717028297170283	chr13	50656285.0	50656399.0	sense	0.9869153984797215	0.005720074836130087	0.1
RARA	8	26	-0.5092342167989997	0.8854114588541145	chr13	50656285.0	50656399.0	sense	0.9321065865015932	0.03053442317954131	0.1
BCL6B	10	27	-0.5114314215273003	0.8941105889411058	chr13	50656285.0	50656399.0	antisense	0.9372327827458219	0.028152528956199213	0.1
NR1H2::RXRA	8	25	-0.5128341960772079	0.9657034296570343	chr13	50656285.0	50656399.0	antisense	0.9846759921257382	0.006706650700836007	0.1
RFX2	10	26	-0.5809762171216286	0.9968003199680032	chr13	50656285.0	50656399.0	antisense	0.9968003199680032	0.0013918312784891884	0.1
EWSR1-FLI1	9	27	-0.6530116196163556	0.8500149985001499	chr13	50656285.0	50656399.0	sense	0.9234670675191896	0.03457858766251915	0.1
