motif	start	end	score	pval	tile_chr	tile_start	tile_end	strand	padj	neg_log_pval	fdr_cutoff
ZNF740	34	44	0.8937481124427588	0.0029997000299970002	chr13	50656191.0	50656305.0	sense	0.09802353098023532	1.0086696574894556	0.1
MZF1(var.2)	34	44	0.8679431717965136	0.0008999100089991	chr13	50656191.0	50656305.0	antisense	0.09802353098023532	1.0086696574894556	0.1
SP2	33	48	0.7400709272499758	0.047295270472952705	chr13	50656191.0	50656305.0	sense	0.292190346182773	0.5343341370287271	0.1
ZIC4	33	48	0.7353348338807566	0.005099490050994901	chr13	50656191.0	50656305.0	sense	0.10179366678716745	0.9922792413012864	0.1
EGR4	31	47	0.7300721260619827	0.0038996100389961006	chr13	50656191.0	50656305.0	sense	0.10179366678716745	0.9922792413012864	0.1
ZIC3	33	48	0.7065043253549542	0.0025997400259974	chr13	50656191.0	50656305.0	sense	0.09802353098023532	1.0086696574894556	0.1
SP3	31	42	0.6825463163865926	0.0486951304869513	chr13	50656191.0	50656305.0	sense	0.292190346182773	0.5343341370287271	0.1
GLIS2	33	47	0.6782093848931778	0.0022997700229977	chr13	50656191.0	50656305.0	sense	0.09802353098023532	1.0086696574894556	0.1
Hes1	34	44	0.6637811535098195	0.0306969303069693	chr13	50656191.0	50656305.0	sense	0.23428980631348628	0.6302466066574547	0.1
EGR1	27	41	0.6005166122144453	0.1267873212678732	chr13	50656191.0	50656305.0	sense	0.43291197196069864	0.3636004038274635	0.1
SP8	31	43	0.6004705870553314	0.03849615038496151	chr13	50656191.0	50656305.0	sense	0.26766797004510073	0.5724035946887389	0.1
KLF16	31	42	0.5964194535167254	0.0410958904109589	chr13	50656191.0	50656305.0	sense	0.27610700468414695	0.5589225754067926	0.1
HIC2	32	41	0.5930442842453829	0.0064993500649935	chr13	50656191.0	50656305.0	sense	0.1163159546114354	0.9343607106845053	0.1
ZIC1	34	48	0.5841969618518538	0.0023997600239976003	chr13	50656191.0	50656305.0	sense	0.09802353098023532	1.0086696574894556	0.1
E2F6	30	41	0.5808885526681367	0.018998100189981004	chr13	50656191.0	50656305.0	antisense	0.19823817618238176	0.702812706516696	0.1
SP1	33	44	0.5696301879396257	0.0714928507149285	chr13	50656191.0	50656305.0	sense	0.3205267708523265	0.4941356917367407	0.1
TBX5	34	42	0.5693873921583212	0.0046995300469953	chr13	50656191.0	50656305.0	antisense	0.10179366678716745	0.9922792413012864	0.1
KLF14	28	42	0.5584531603767494	0.021097890210978902	chr13	50656191.0	50656305.0	sense	0.20572585598583	0.6867111219839666	0.1
KLF13	29	47	0.5536123524261258	0.0026997300269973002	chr13	50656191.0	50656305.0	sense	0.09802353098023532	1.0086696574894556	0.1
TFAP2A(var.2)	33	45	0.5526955510738158	0.0221977802219778	chr13	50656191.0	50656305.0	sense	0.20572585598583	0.6867111219839666	0.1
E2F4	30	41	0.5522071117824884	0.021997800219978002	chr13	50656191.0	50656305.0	antisense	0.20572585598583	0.6867111219839666	0.1
SREBF2	33	43	0.5517877542099707	0.000999900009999	chr13	50656191.0	50656305.0	antisense	0.09802353098023532	1.0086696574894556	0.1
THAP1	32	41	0.5508578707632508	0.056194380561943806	chr13	50656191.0	50656305.0	sense	0.29287170292871706	0.5333225875385559	0.1
KLF5	34	44	0.550660114501051	0.05699430056994301	chr13	50656191.0	50656305.0	sense	0.29287170292871706	0.5333225875385559	0.1
GLIS3	33	47	0.5500536831919146	0.0016998300169983002	chr13	50656191.0	50656305.0	sense	0.09802353098023532	1.0086696574894556	0.1
ZBTB7C	31	43	0.5489065735943295	0.035096490350964904	chr13	50656191.0	50656305.0	sense	0.24952162318014773	0.6028918130830366	0.1
RREB1	27	47	0.5436134539654522	0.05649435056494351	chr13	50656191.0	50656305.0	sense	0.29287170292871706	0.5333225875385559	0.1
GCM2	33	43	0.5430480818872444	0.0047995200479952005	chr13	50656191.0	50656305.0	antisense	0.10179366678716745	0.9922792413012864	0.1
EOMES	30	43	0.5405722361369176	0.006399360063993601	chr13	50656191.0	50656305.0	antisense	0.1163159546114354	0.9343607106845053	0.1
MZF1	35	41	0.5397369579939411	0.006099390060993901	chr13	50656191.0	50656305.0	antisense	0.1163159546114354	0.9343607106845053	0.1
PLAG1	27	41	0.5130186274814532	0.034396560343965606	chr13	50656191.0	50656305.0	antisense	0.24794187247941876	0.605650123288143	0.1
INSM1	35	47	0.5113845522931724	0.0201979802019798	chr13	50656191.0	50656305.0	antisense	0.2015913793236061	0.6955280436165803	0.1
TCF4	35	45	0.509697972150363	0.0023997600239976003	chr13	50656191.0	50656305.0	sense	0.09802353098023532	1.0086696574894556	0.1
TBX2	32	43	0.501583167881759	0.011498850114988501	chr13	50656191.0	50656305.0	antisense	0.15841573737363104	0.8002016768182966	0.1
SP4	31	48	0.49376935963335694	0.024997500249975	chr13	50656191.0	50656305.0	sense	0.21989326491079705	0.6577880723985114	0.1
EGR3	30	45	0.49061507792422826	0.028597140285971403	chr13	50656191.0	50656305.0	sense	0.23038150730381507	0.637552384616164	0.1
Klf12	33	48	0.49025809266181514	0.0197980201979802	chr13	50656191.0	50656305.0	sense	0.2014739702500338	0.6957810552648102	0.1
ZNF263	27	48	0.4858491427420323	0.16748325167483252	chr13	50656191.0	50656305.0	antisense	0.47584421885680284	0.3225352026661528	0.1
YY2	33	44	0.48385454148722234	0.0044995500449955	chr13	50656191.0	50656305.0	sense	0.10179366678716745	0.9922792413012864	0.1
REL	31	41	0.4837116597220967	0.0006999300069993001	chr13	50656191.0	50656305.0	antisense	0.09802353098023532	1.0086696574894556	0.1
PITX3	30	39	0.4785245762332126	0.0011998800119988001	chr13	50656191.0	50656305.0	sense	0.09802353098023532	1.0086696574894556	0.1
SREBF1	33	43	0.4749099413444067	0.008899110088991101	chr13	50656191.0	50656305.0	sense	0.14310387143103873	0.8443486169851986	0.1
FIGLA	35	45	0.46710030352384163	0.0032996700329967	chr13	50656191.0	50656305.0	sense	0.09802353098023532	1.0086696574894556	0.1
GLIS1	32	48	0.4670896441416226	0.007099290070992901	chr13	50656191.0	50656305.0	sense	0.12281771822817719	0.910738975428992	0.1
GSC2	30	40	0.4664775666885351	0.014598540145985401	chr13	50656191.0	50656305.0	sense	0.175734699257347	0.7551424775023182	0.1
GSC	29	39	0.4660955311310926	0.0033996600339966003	chr13	50656191.0	50656305.0	sense	0.09802353098023532	1.0086696574894556	0.1
Klf4	32	42	0.46517195719542026	0.08819118088191182	chr13	50656191.0	50656305.0	antisense	0.3493986479214674	0.45667877995234935	0.1
NR2F1	28	41	0.46116875135288793	0.0081991800819918	chr13	50656191.0	50656305.0	antisense	0.1372701439533466	0.8624239108789608	0.1
HLTF	37	47	0.44984548974743344	0.028397160283971604	chr13	50656191.0	50656305.0	sense	0.23038150730381507	0.637552384616164	0.1
ZBTB7B	31	43	0.44854795014623516	0.029997000299970003	chr13	50656191.0	50656305.0	sense	0.2323648232191706	0.6338296174095689	0.1
RUNX1	33	44	0.4452100238157665	0.0796920307969203	chr13	50656191.0	50656305.0	antisense	0.3282552697111241	0.4837882931498554	0.1
GLI2	31	43	0.4451109514870208	0.013498650134986502	chr13	50656191.0	50656305.0	sense	0.1668047480966189	0.7777915913312992	0.1
TFAP2C	35	47	0.4436074922618427	0.05119488051194881	chr13	50656191.0	50656305.0	sense	0.292190346182773	0.5343341370287271	0.1
TFAP2B	35	47	0.4375956090241026	0.049295070492950704	chr13	50656191.0	50656305.0	sense	0.292190346182773	0.5343341370287271	0.1
TCF3	35	45	0.4337765105790335	0.005099490050994901	chr13	50656191.0	50656305.0	sense	0.10179366678716745	0.9922792413012864	0.1
Gmeb1	27	44	0.4323762787937781	0.1640835916408359	chr13	50656191.0	50656305.0	antisense	0.4704938345944411	0.3274460632444961	0.1
RARA::RXRA	31	48	0.42834958444119664	0.0292970702929707	chr13	50656191.0	50656305.0	antisense	0.23038150730381507	0.637552384616164	0.1
ZBTB7A	30	42	0.4278697017662357	0.044295570442955706	chr13	50656191.0	50656305.0	sense	0.29100507670751913	0.5360994344957767	0.1
Crx	30	41	0.4276608855651308	0.009099090090990901	chr13	50656191.0	50656305.0	antisense	0.14310387143103873	0.8443486169851986	0.1
Tcfl5	36	46	0.4216994484464293	0.17248275172482752	chr13	50656191.0	50656305.0	sense	0.485006093985196	0.3142528045574961	0.1
NFKB2	28	41	0.4160456936724239	0.0030996900309969004	chr13	50656191.0	50656305.0	antisense	0.09802353098023532	1.0086696574894556	0.1
SPIC	32	46	0.4150700567363863	0.15478452154784522	chr13	50656191.0	50656305.0	antisense	0.46993633969936344	0.32796097012775305	0.1
Hic1	32	41	0.4132152278824178	0.025797420257974202	chr13	50656191.0	50656305.0	sense	0.22314768523147685	0.6514076138488183	0.1
Rhox11	27	44	0.4077410882046772	0.05449455054494551	chr13	50656191.0	50656305.0	antisense	0.29287170292871706	0.5333225875385559	0.1
Pitx1	31	39	0.40594806511011605	0.004399560043995601	chr13	50656191.0	50656305.0	sense	0.10179366678716745	0.9922792413012864	0.1
GCM1	32	43	0.4002228600097471	0.0115988401159884	chr13	50656191.0	50656305.0	antisense	0.15841573737363104	0.8002016768182966	0.1
NR2C2	27	42	0.4000314037884218	0.055094490550944904	chr13	50656191.0	50656305.0	antisense	0.29287170292871706	0.5333225875385559	0.1
E2F8	32	44	0.3987680869029627	0.0017998200179982	chr13	50656191.0	50656305.0	sense	0.09802353098023532	1.0086696574894556	0.1
Six3	27	44	0.3970051439614344	0.028097190280971903	chr13	50656191.0	50656305.0	antisense	0.23038150730381507	0.637552384616164	0.1
Mitf	36	46	0.39675742268362685	0.051094890510948905	chr13	50656191.0	50656305.0	antisense	0.292190346182773	0.5343341370287271	0.1
TBX20	30	41	0.39628424873944523	0.019098090190980903	chr13	50656191.0	50656305.0	antisense	0.19823817618238176	0.702812706516696	0.1
TBR1	32	42	0.3921270250268646	0.014898510148985102	chr13	50656191.0	50656305.0	antisense	0.175734699257347	0.7551424775023182	0.1
Klf1	30	41	0.3896868970533142	0.10178982101789821	chr13	50656191.0	50656305.0	sense	0.39502019947259	0.40338069603129495	0.1
TBX4	34	42	0.38744232915718624	0.024797520247975203	chr13	50656191.0	50656305.0	antisense	0.21989326491079705	0.6577880723985114	0.1
TBX21	33	43	0.38671587358753357	0.012898710128987101	chr13	50656191.0	50656305.0	antisense	0.1668047480966189	0.7777915913312992	0.1
YY1	35	47	0.3860119969497204	0.0096990300969903	chr13	50656191.0	50656305.0	antisense	0.1453054694530547	0.8377180380861855	0.1
RHOXF1	31	39	0.38568879392100813	0.004199580041995801	chr13	50656191.0	50656305.0	sense	0.10179366678716745	0.9922792413012864	0.1
MGA	34	42	0.3836263653409388	0.017698230176982303	chr13	50656191.0	50656305.0	antisense	0.19543364812454925	0.7090006610023156	0.1
EGR2	34	45	0.38348762696369737	0.0565943405659434	chr13	50656191.0	50656305.0	sense	0.29287170292871706	0.5333225875385559	0.1
TFAP2A(var.3)	34	47	0.38312004939265704	0.046995300469953004	chr13	50656191.0	50656305.0	antisense	0.292190346182773	0.5343341370287271	0.1
E2F7	31	45	0.3830825010115391	0.0012998700129987	chr13	50656191.0	50656305.0	sense	0.09802353098023532	1.0086696574894556	0.1
ZEB1	34	43	0.37749941980975044	0.018598140185981403	chr13	50656191.0	50656305.0	sense	0.19823817618238176	0.702812706516696	0.1
SCRT1	33	48	0.3734771908451	0.009799020097990201	chr13	50656191.0	50656305.0	antisense	0.1453054694530547	0.8377180380861855	0.1
SNAI2	36	45	0.3720940731684799	0.0131986801319868	chr13	50656191.0	50656305.0	antisense	0.1668047480966189	0.7777915913312992	0.1
CTCF	29	48	0.37150270058944607	0.06109389061093891	chr13	50656191.0	50656305.0	antisense	0.30737695461223113	0.5123286965627596	0.1
TFAP2C(var.3)	34	47	0.36831193079366786	0.0514948505149485	chr13	50656191.0	50656305.0	antisense	0.292190346182773	0.5343341370287271	0.1
Gata4	29	40	0.3576143968743945	0.06369363063693631	chr13	50656191.0	50656305.0	sense	0.31185843679782965	0.5060425023578246	0.1
RUNX2	32	41	0.3524063989627088	0.05599440055994401	chr13	50656191.0	50656305.0	sense	0.29287170292871706	0.5333225875385559	0.1
NKX2-8	37	46	0.352385021419754	0.0131986801319868	chr13	50656191.0	50656305.0	sense	0.1668047480966189	0.7777915913312992	0.1
ZNF354C	34	40	0.3507450393824146	0.0292970702929707	chr13	50656191.0	50656305.0	sense	0.23038150730381507	0.637552384616164	0.1
NFATC1	30	40	0.34758825190952386	0.1954804519548045	chr13	50656191.0	50656305.0	sense	0.5019873622393858	0.2993072162788565	0.1
Pparg::Rxra	27	42	0.3454368429158838	0.21937806219378062	chr13	50656191.0	50656305.0	antisense	0.5295684385049867	0.27607790610531785	0.1
TBX15	34	42	0.34529513221732555	0.0156984301569843	chr13	50656191.0	50656305.0	antisense	0.17824739265203915	0.7489768141555563	0.1
TFAP2B(var.3)	34	47	0.3417651541443939	0.0655934406559344	chr13	50656191.0	50656305.0	antisense	0.31327325982998033	0.5040766737550729	0.1
NFKB1	28	41	0.34167793180410405	0.0030996900309969004	chr13	50656191.0	50656305.0	sense	0.09802353098023532	1.0086696574894556	0.1
TBX1	34	42	0.34147389753004986	0.015798420157984203	chr13	50656191.0	50656305.0	antisense	0.17824739265203915	0.7489768141555563	0.1
RUNX3	32	42	0.3414467266630025	0.11578842115788421	chr13	50656191.0	50656305.0	sense	0.4133812646132647	0.3836492104843935	0.1
Dmbx1	27	44	0.33820684935559003	0.1466853314668533	chr13	50656191.0	50656305.0	antisense	0.46420540872741994	0.33328980363282	0.1
Spz1	27	38	0.338137852428953	0.04739526047395261	chr13	50656191.0	50656305.0	antisense	0.292190346182773	0.5343341370287271	0.1
TFAP2C(var.2)	34	45	0.3372007869899745	0.06679332066793321	chr13	50656191.0	50656305.0	sense	0.31514303115143033	0.5014922921110841	0.1
EBF1	34	48	0.33581699055326636	0.0103989601039896	chr13	50656191.0	50656305.0	antisense	0.14991834149918343	0.8241452308969117	0.1
TFAP2A	35	46	0.333872591362186	0.1192880711928807	chr13	50656191.0	50656305.0	sense	0.42115992482384407	0.3755529605062391	0.1
TFAP2B(var.2)	34	45	0.33309978968447146	0.050794920507949204	chr13	50656191.0	50656305.0	sense	0.292190346182773	0.5343341370287271	0.1
Hes2	32	45	0.3313521543606321	0.23277672232776722	chr13	50656191.0	50656305.0	sense	0.544194229225726	0.2642460679011926	0.1
SMAD2::SMAD3::SMAD4	28	41	0.3296013273912954	0.07749225077492251	chr13	50656191.0	50656305.0	sense	0.322993300669933	0.4908064854467723	0.1
Nkx2-5(var.2)	33	44	0.3294938466969595	0.04709529047095291	chr13	50656191.0	50656305.0	sense	0.292190346182773	0.5343341370287271	0.1
NKX2-3	36	46	0.3261262798493955	0.024797520247975203	chr13	50656191.0	50656305.0	sense	0.21989326491079705	0.6577880723985114	0.1
EWSR1-FLI1	27	45	0.3245491498252305	0.06579342065793421	chr13	50656191.0	50656305.0	antisense	0.31327325982998033	0.5040766737550729	0.1
NKX3-2	36	45	0.3185202468422587	0.041495850414958506	chr13	50656191.0	50656305.0	sense	0.27610700468414695	0.5589225754067926	0.1
TBP	33	48	0.3175982222426356	0.2226777322267773	chr13	50656191.0	50656305.0	antisense	0.5325794609479144	0.2736155862428961	0.1
Nkx3-1	36	45	0.3092630095817051	0.034096590340965904	chr13	50656191.0	50656305.0	sense	0.24794187247941876	0.605650123288143	0.1
E2F1	30	42	0.30768433426554886	0.039196080391960805	chr13	50656191.0	50656305.0	sense	0.26766797004510073	0.5724035946887389	0.1
Neurog1	38	48	0.30737310818970204	0.1491850814918508	chr13	50656191.0	50656305.0	antisense	0.4692548926925489	0.32859119050566116	0.1
EN2	36	46	0.3063713121501569	0.10768923107689231	chr13	50656191.0	50656305.0	sense	0.40433150929511363	0.39326241305717957	0.1
NFATC3	30	40	0.3057572058022595	0.22767723227677233	chr13	50656191.0	50656305.0	sense	0.5395638518339947	0.26795715365338035	0.1
RELA	30	40	0.30317465325662635	0.0027997200279972004	chr13	50656191.0	50656305.0	antisense	0.09802353098023532	1.0086696574894556	0.1
MAX	35	45	0.3011204213003846	0.0268973102689731	chr13	50656191.0	50656305.0	sense	0.22884760704257442	0.6404536244367639	0.1
TEAD1	33	43	0.3002185749751756	0.13738626137386262	chr13	50656191.0	50656305.0	sense	0.4484494946731742	0.3482864610253247	0.1
Pax2	33	41	0.29517211787191866	0.08089191080891911	chr13	50656191.0	50656305.0	sense	0.3305740292112521	0.4807312687720894	0.1
TFE3	36	46	0.29357434787165726	0.0688931106889311	chr13	50656191.0	50656305.0	sense	0.3205267708523265	0.4941356917367407	0.1
NFIX	30	39	0.2924694612310975	0.101989801019898	chr13	50656191.0	50656305.0	antisense	0.39502019947259	0.40338069603129495	0.1
OTX2	31	39	0.2891966938023141	0.07649235076492351	chr13	50656191.0	50656305.0	sense	0.322993300669933	0.4908064854467723	0.1
ZBTB33	33	48	0.2889533884718857	0.12968703129687031	chr13	50656191.0	50656305.0	sense	0.43565197620365353	0.3608603115796475	0.1
PAX5	29	48	0.2878089886013094	0.26077392260773924	chr13	50656191.0	50656305.0	antisense	0.5678407365874982	0.2457734546411738	0.1
ID4	34	44	0.2876515040869186	0.072992700729927	chr13	50656191.0	50656305.0	sense	0.3205267708523265	0.4941356917367407	0.1
TAL1::TCF3	36	48	0.2868921793092244	0.022097790220977902	chr13	50656191.0	50656305.0	sense	0.20572585598583	0.6867111219839666	0.1
OTX1	31	39	0.28038672953520355	0.0326967303269673	chr13	50656191.0	50656305.0	sense	0.24593627593762363	0.6091774075053741	0.1
SCRT2	35	48	0.2758926937018427	0.033896610338966106	chr13	50656191.0	50656305.0	antisense	0.24794187247941876	0.605650123288143	0.1
Gabpa	36	47	0.2752438275855353	0.10748925107489252	chr13	50656191.0	50656305.0	antisense	0.40433150929511363	0.39326241305717957	0.1
MNT	36	46	0.2736339580254257	0.07279272072792721	chr13	50656191.0	50656305.0	sense	0.3205267708523265	0.4941356917367407	0.1
MAX::MYC	35	46	0.27256511656430277	0.048295170482951705	chr13	50656191.0	50656305.0	antisense	0.292190346182773	0.5343341370287271	0.1
ETV6	33	43	0.2701882052790431	0.14478552144785523	chr13	50656191.0	50656305.0	antisense	0.46100420632783357	0.33629511197123446	0.1
PRDM1	27	42	0.27006954667242683	0.298970102989701	chr13	50656191.0	50656305.0	antisense	0.5902300336004135	0.2289786953865997	0.1
LBX2	36	46	0.26893358599283307	0.2853714628537146	chr13	50656191.0	50656305.0	sense	0.5831015323664483	0.23425581726971476	0.1
Npas2	36	46	0.26873417780483805	0.05499450054994501	chr13	50656191.0	50656305.0	sense	0.29287170292871706	0.5333225875385559	0.1
ETV5	33	43	0.2687332880024024	0.16778322167783222	chr13	50656191.0	50656305.0	antisense	0.47584421885680284	0.3225352026661528	0.1
NRF1	36	47	0.2677535469178457	0.16078392160783922	chr13	50656191.0	50656305.0	sense	0.46993633969936344	0.32796097012775305	0.1
Myod1	35	48	0.26668269775907777	0.13978602139786023	chr13	50656191.0	50656305.0	sense	0.45343090690930915	0.34348888067466693	0.1
NHLH1	35	45	0.26441292642958303	0.0765923407659234	chr13	50656191.0	50656305.0	sense	0.322993300669933	0.4908064854467723	0.1
Zfx	33	47	0.26328576971492995	0.3067693230676932	chr13	50656191.0	50656305.0	antisense	0.5963044145023699	0.22453197551603674	0.1
GSX1	36	46	0.26206379322283135	0.4333566643335666	chr13	50656191.0	50656305.0	sense	0.6975367278087006	0.15643292029133496	0.1
SPI1	32	46	0.26058673149176287	0.1593840615938406	chr13	50656191.0	50656305.0	antisense	0.46993633969936344	0.32796097012775305	0.1
SPIB	35	42	0.26046977553649997	0.17538246175382463	chr13	50656191.0	50656305.0	antisense	0.488020894880209	0.31156158304461207	0.1
RXRA::VDR	31	46	0.256161322078525	0.06229377062293771	chr13	50656191.0	50656305.0	antisense	0.3079092090790921	0.5115773218391733	0.1
GATA1::TAL1	30	48	0.2553985199152517	0.21157884211578842	chr13	50656191.0	50656305.0	antisense	0.517968957821199	0.28569626699400813	0.1
Pax6	34	48	0.2539000797094894	0.1553844615538446	chr13	50656191.0	50656305.0	sense	0.46993633969936344	0.32796097012775305	0.1
NFAT5	30	40	0.25329094326009793	0.2508749125087491	chr13	50656191.0	50656305.0	sense	0.5661046938784382	0.24710324413138718	0.1
Twist2	38	48	0.25301478452567977	0.06989301069893011	chr13	50656191.0	50656305.0	sense	0.3205267708523265	0.4941356917367407	0.1
Znf423	33	48	0.2523918042731191	0.11348865113488651	chr13	50656191.0	50656305.0	antisense	0.4115546778655468	0.38557245761382525	0.1
Gfi1	30	40	0.2499564348187567	0.22957704229577042	chr13	50656191.0	50656305.0	sense	0.5415931134159312	0.2663268665246751	0.1
Barhl1	36	46	0.24982626102832112	0.38616138386161386	chr13	50656191.0	50656305.0	antisense	0.6770870210276271	0.16935551104396743	0.1
XBP1	33	47	0.24906280881593956	0.11288871112888711	chr13	50656191.0	50656305.0	sense	0.4115546778655468	0.38557245761382525	0.1
TP53	28	46	0.24891919594054437	0.06009399060093991	chr13	50656191.0	50656305.0	sense	0.30577236394007656	0.5146017691875828	0.1
CREB3L1	34	48	0.24653274143782902	0.10828917108289171	chr13	50656191.0	50656305.0	sense	0.40433150929511363	0.39326241305717957	0.1
Tcf12	37	48	0.24446889400767277	0.0648935106489351	chr13	50656191.0	50656305.0	antisense	0.31327325982998033	0.5040766737550729	0.1
ESR2	28	43	0.2434787280690602	0.24237576242375763	chr13	50656191.0	50656305.0	sense	0.5615759852586171	0.25059147226831896	0.1
HINFP	32	44	0.24328653518569704	0.24907509249075094	chr13	50656191.0	50656305.0	sense	0.5661046938784382	0.24710324413138718	0.1
FOXH1	29	40	0.2421759673843241	0.197980201979802	chr13	50656191.0	50656305.0	sense	0.5019873622393858	0.2993072162788565	0.1
E2F3	27	45	0.2416080238195955	0.053394660533946606	chr13	50656191.0	50656305.0	antisense	0.29287170292871706	0.5333225875385559	0.1
ESX1	36	46	0.24072646872339779	0.3882611738826117	chr13	50656191.0	50656305.0	sense	0.6784765967847659	0.1684651281995696	0.1
TP73	28	46	0.24059851252202094	0.11628837116288371	chr13	50656191.0	50656305.0	antisense	0.4133812646132647	0.3836492104843935	0.1
ELF5	31	42	0.24014108436247533	0.27517248275172485	chr13	50656191.0	50656305.0	antisense	0.5712580741925808	0.24316764853696868	0.1
RORA	32	42	0.23966724975453807	0.051794820517948204	chr13	50656191.0	50656305.0	antisense	0.292190346182773	0.5343341370287271	0.1
NFATC2	31	38	0.2381120089225198	0.1616838316168383	chr13	50656191.0	50656305.0	sense	0.46993633969936344	0.32796097012775305	0.1
ETV4	33	43	0.23520994793845734	0.18968103189681032	chr13	50656191.0	50656305.0	antisense	0.494038596140386	0.3062391210439305	0.1
ETV1	33	43	0.2351176657924984	0.1832816718328167	chr13	50656191.0	50656305.0	antisense	0.488020894880209	0.31156158304461207	0.1
Ddit3::Cebpa	28	40	0.23487115091513575	0.1832816718328167	chr13	50656191.0	50656305.0	sense	0.488020894880209	0.31156158304461207	0.1
ELK4	37	48	0.2342731573769189	0.20107989201079893	chr13	50656191.0	50656305.0	sense	0.5066041939495372	0.2953312192008162	0.1
TFEB	36	46	0.23042992035355275	0.0837916208379162	chr13	50656191.0	50656305.0	sense	0.3371151256967327	0.47222176109737724	0.1
TFEC	35	45	0.22957374811072634	0.1141885811418858	chr13	50656191.0	50656305.0	antisense	0.4115546778655468	0.38557245761382525	0.1
HOXA2	36	46	0.2293541162194156	0.3795620437956204	chr13	50656191.0	50656305.0	sense	0.6723300366209112	0.1724174860272593	0.1
RORA(var.2)	31	45	0.22910516357191302	0.1441855814418558	chr13	50656191.0	50656305.0	antisense	0.46100420632783357	0.33629511197123446	0.1
Mycn	36	44	0.2285520982373238	0.0390960903909609	chr13	50656191.0	50656305.0	sense	0.26766797004510073	0.5724035946887389	0.1
TEAD4	33	43	0.22603608747920664	0.3126687331266873	chr13	50656191.0	50656305.0	sense	0.6047963976836518	0.2183908042640775	0.1
HEY2	36	46	0.22523328653938887	0.18448155184481552	chr13	50656191.0	50656305.0	antisense	0.488020894880209	0.31156158304461207	0.1
NR4A2	31	39	0.22422364813787637	0.10518948105189481	chr13	50656191.0	50656305.0	antisense	0.401421622543628	0.39639923798090204	0.1
NFYB	27	42	0.22341143082164233	0.2745725427457254	chr13	50656191.0	50656305.0	antisense	0.5712580741925808	0.24316764853696868	0.1
ELK3	33	43	0.2219222047989816	0.17918208179182082	chr13	50656191.0	50656305.0	antisense	0.488020894880209	0.31156158304461207	0.1
ARNT::HIF1A	37	45	0.22161596281461093	0.16298370162983702	chr13	50656191.0	50656305.0	antisense	0.46993633969936344	0.32796097012775305	0.1
OLIG3	38	48	0.22149774839939296	0.15558444155584442	chr13	50656191.0	50656305.0	sense	0.46993633969936344	0.32796097012775305	0.1
HMBOX1	30	40	0.22148542867769977	0.2880711928807119	chr13	50656191.0	50656305.0	antisense	0.585785390332562	0.23226146395703529	0.1
JUN(var.2)	31	45	0.22147095660164667	0.24487551244875513	chr13	50656191.0	50656305.0	antisense	0.5648461820484618	0.24806980241505316	0.1
FOSL1	30	41	0.2209963924554542	0.051794820517948204	chr13	50656191.0	50656305.0	antisense	0.292190346182773	0.5343341370287271	0.1
EMX1	27	37	0.2206658522668301	0.39956004399560047	chr13	50656191.0	50656305.0	sense	0.6843949268439493	0.1646932183767651	0.1
HEY1	36	46	0.22065973299158528	0.17668233176682333	chr13	50656191.0	50656305.0	antisense	0.488020894880209	0.31156158304461207	0.1
MTF1	29	43	0.21886155832928153	0.08689131086891311	chr13	50656191.0	50656305.0	sense	0.34689684877666077	0.45979964528657513	0.1
FEV	33	43	0.21785588584535912	0.19238076192380762	chr13	50656191.0	50656305.0	antisense	0.4967443554152048	0.3038670591470995	0.1
Ascl2	35	45	0.2169261936797781	0.0734926507349265	chr13	50656191.0	50656305.0	sense	0.3205267708523265	0.4941356917367407	0.1
Ahr::Arnt	35	41	0.21652187495459244	0.12248775122487751	chr13	50656191.0	50656305.0	antisense	0.42700025299483474	0.36957186765828265	0.1
Nfe2l2	27	42	0.21576508878518103	0.21347865213478653	chr13	50656191.0	50656305.0	sense	0.520166293229832	0.28385779350609985	0.1
ETV3	33	43	0.2151172295851783	0.1845815418458154	chr13	50656191.0	50656305.0	antisense	0.488020894880209	0.31156158304461207	0.1
CREB3	31	45	0.21454094113644745	0.18438156184381563	chr13	50656191.0	50656305.0	sense	0.488020894880209	0.31156158304461207	0.1
MYBL1	27	39	0.2141102285910321	0.08289171082891711	chr13	50656191.0	50656305.0	sense	0.33609998375162486	0.47353150852599957	0.1
USF1	35	46	0.21367594713198956	0.1621837816218378	chr13	50656191.0	50656305.0	sense	0.46993633969936344	0.32796097012775305	0.1
Arntl	37	47	0.21336516503281402	0.1982801719828017	chr13	50656191.0	50656305.0	antisense	0.5019873622393858	0.2993072162788565	0.1
Vdr	32	48	0.21255657466589575	0.10278972102789721	chr13	50656191.0	50656305.0	antisense	0.39516937195169377	0.4032167232641539	0.1
HOXC12	29	40	0.21220011570976607	0.1578842115788421	chr13	50656191.0	50656305.0	antisense	0.46993633969936344	0.32796097012775305	0.1
ZNF143	32	48	0.2117719597000478	0.12468753124687532	chr13	50656191.0	50656305.0	sense	0.43141885811418856	0.36510087500554345	0.1
Myog	37	48	0.2111721516688391	0.1571842815718428	chr13	50656191.0	50656305.0	antisense	0.46993633969936344	0.32796097012775305	0.1
FOSL2	30	41	0.21098650885248368	0.07289271072892711	chr13	50656191.0	50656305.0	antisense	0.3205267708523265	0.4941356917367407	0.1
SPDEF	37	48	0.21089123696132983	0.0756924307569243	chr13	50656191.0	50656305.0	sense	0.322993300669933	0.4908064854467723	0.1
TP63	28	46	0.21077723460466344	0.07129287071292871	chr13	50656191.0	50656305.0	antisense	0.3205267708523265	0.4941356917367407	0.1
GATA5	29	37	0.20949579486799283	0.2635736426357364	chr13	50656191.0	50656305.0	antisense	0.5678407365874982	0.2457734546411738	0.1
Creb3l2	36	45	0.2094579565151034	0.07119288071192881	chr13	50656191.0	50656305.0	sense	0.3205267708523265	0.4941356917367407	0.1
Sox2	39	47	0.20881235053578487	0.1728827117288271	chr13	50656191.0	50656305.0	sense	0.485006093985196	0.3142528045574961	0.1
NEUROD2	38	48	0.20483837428021404	0.1504849515048495	chr13	50656191.0	50656305.0	sense	0.46993633969936344	0.32796097012775305	0.1
ISL2	37	45	0.20453272752810175	0.35066493350664935	chr13	50656191.0	50656305.0	sense	0.6385792999647404	0.19478516355541248	0.1
ELF3	32	45	0.20334691184671302	0.21087891210878912	chr13	50656191.0	50656305.0	antisense	0.517968957821199	0.28569626699400813	0.1
ERG	33	43	0.20320414404988016	0.22377762223777622	chr13	50656191.0	50656305.0	antisense	0.5327549813825957	0.27347248084067843	0.1
Rarg(var.2)	31	48	0.20207248432907154	0.1317868213178682	chr13	50656191.0	50656305.0	antisense	0.43565197620365353	0.3608603115796475	0.1
CREB1	32	40	0.20159142716864206	0.0751924807519248	chr13	50656191.0	50656305.0	antisense	0.322993300669933	0.4908064854467723	0.1
ETS1	33	43	0.2002445299729076	0.23247675232476753	chr13	50656191.0	50656305.0	antisense	0.544194229225726	0.2642460679011926	0.1
ELK1	33	43	0.19982744357044419	0.1441855814418558	chr13	50656191.0	50656305.0	antisense	0.46100420632783357	0.33629511197123446	0.1
MAFF	30	48	0.19917184884394434	0.4654534546545345	chr13	50656191.0	50656305.0	sense	0.7224996903294746	0.14116233471429235	0.1
ERF	33	43	0.1985443811918611	0.2084791520847915	chr13	50656191.0	50656305.0	antisense	0.5152413330095561	0.2879893048525478	0.1
TEAD3	34	42	0.19810046811731144	0.13138686131386862	chr13	50656191.0	50656305.0	sense	0.43565197620365353	0.3608603115796475	0.1
E2F2	28	44	0.19751784851732287	0.07779222077792221	chr13	50656191.0	50656305.0	antisense	0.322993300669933	0.4908064854467723	0.1
JUND(var.2)	30	45	0.19328190240231868	0.3454654534546545	chr13	50656191.0	50656305.0	antisense	0.6341069073304684	0.19783751601479127	0.1
PBX1	35	47	0.19299932185658747	0.32626737326267374	chr13	50656191.0	50656305.0	sense	0.6187603867350491	0.20847749777335542	0.1
ELF1	36	48	0.19294446999644227	0.1974802519748025	chr13	50656191.0	50656305.0	sense	0.5019873622393858	0.2993072162788565	0.1
EHF	36	48	0.19179025244235345	0.27017298270172985	chr13	50656191.0	50656305.0	sense	0.5712580741925808	0.24316764853696868	0.1
RXRB	27	41	0.19149175287955225	0.12258774122587741	chr13	50656191.0	50656305.0	antisense	0.42700025299483474	0.36957186765828265	0.1
BHLHE22	38	48	0.19029681648134938	0.15348465153484653	chr13	50656191.0	50656305.0	sense	0.46993633969936344	0.32796097012775305	0.1
PROX1	32	44	0.1895401096678473	0.1095890410958904	chr13	50656191.0	50656305.0	sense	0.4062622309197651	0.39119355095829256	0.1
ELF4	36	48	0.18940672852819151	0.20457954204579543	chr13	50656191.0	50656305.0	sense	0.510964288186566	0.29160945208737316	0.1
NFIA	29	39	0.1892091461335193	0.12968703129687031	chr13	50656191.0	50656305.0	antisense	0.43565197620365353	0.3608603115796475	0.1
RXRG	27	41	0.1884085695993872	0.13488651134886512	chr13	50656191.0	50656305.0	antisense	0.4430765784181076	0.35352120671092313	0.1
EVX2	27	37	0.18782029036509595	0.48335166483351666	chr13	50656191.0	50656305.0	antisense	0.7262273772622738	0.13892738311546735	0.1
Bhlha15	39	47	0.1877167556678989	0.06159384061593841	chr13	50656191.0	50656305.0	sense	0.30737695461223113	0.5123286965627596	0.1
Rxra	27	41	0.1876412862788346	0.1302869713028697	chr13	50656191.0	50656305.0	antisense	0.43565197620365353	0.3608603115796475	0.1
EVX1	27	37	0.18752288892250893	0.47265273472652736	chr13	50656191.0	50656305.0	antisense	0.7257596725534546	0.13920716740314568	0.1
GSX2	36	46	0.18530917867803318	0.50994900509949	chr13	50656191.0	50656305.0	sense	0.7324340736658042	0.13523146002732966	0.1
NFE2	30	41	0.185000281917896	0.10028997100289971	chr13	50656191.0	50656305.0	sense	0.39432193144321936	0.4041490676138365	0.1
Esrrg	31	41	0.18409551337337546	0.1521847815218478	chr13	50656191.0	50656305.0	antisense	0.46993633969936344	0.32796097012775305	0.1
Myc	38	48	0.18234204664691145	0.1857814218578142	chr13	50656191.0	50656305.0	sense	0.488020894880209	0.31156158304461207	0.1
Nr2f6	27	41	0.18228048382748066	0.2716728327167283	chr13	50656191.0	50656305.0	antisense	0.5712580741925808	0.24316764853696868	0.1
HOXB3	36	46	0.1817502008098998	0.4841515848415158	chr13	50656191.0	50656305.0	sense	0.7262273772622738	0.13892738311546735	0.1
FLI1	33	43	0.181330347228293	0.24637536246375363	chr13	50656191.0	50656305.0	antisense	0.5657912084897705	0.2473438050834179	0.1
RARA(var.2)	31	48	0.1803554441754094	0.18618138186181382	chr13	50656191.0	50656305.0	antisense	0.488020894880209	0.31156158304461207	0.1
Sox3	38	48	0.18014751537681659	0.2733726627337266	chr13	50656191.0	50656305.0	sense	0.5712580741925808	0.24316764853696868	0.1
BHLHE40	36	46	0.17914663226687175	0.16278372162783722	chr13	50656191.0	50656305.0	sense	0.46993633969936344	0.32796097012775305	0.1
Hand1::Tcf3	36	46	0.1786625514644702	0.40855914408559146	chr13	50656191.0	50656305.0	antisense	0.6865565870597407	0.16332366172658314	0.1
Mlxip	37	45	0.17862392043052097	0.11278872112788721	chr13	50656191.0	50656305.0	sense	0.4115546778655468	0.38557245761382525	0.1
JUNB	30	41	0.17828301968414287	0.1790820917908209	chr13	50656191.0	50656305.0	antisense	0.488020894880209	0.31156158304461207	0.1
BARHL2	36	46	0.1782601530754546	0.45065493450654937	chr13	50656191.0	50656305.0	antisense	0.7073999548685614	0.15033497222883768	0.1
FOXF2	27	41	0.17792760905201666	0.2842715728427157	chr13	50656191.0	50656305.0	antisense	0.5831015323664483	0.23425581726971476	0.1
Atoh1	38	48	0.17777731558797988	0.2812718728127187	chr13	50656191.0	50656305.0	antisense	0.5815940318318765	0.23538005874424206	0.1
Hoxa11	28	40	0.1773149768423153	0.42455754424557546	chr13	50656191.0	50656305.0	antisense	0.6923646193374393	0.15966513319859416	0.1
NFIC::TLX1	29	43	0.1772734036249942	0.18568143185681432	chr13	50656191.0	50656305.0	sense	0.488020894880209	0.31156158304461207	0.1
Dlx1	27	37	0.17698658642520082	0.5242475752424758	chr13	50656191.0	50656305.0	sense	0.7332054998253527	0.13477428602454575	0.1
HOXC11	29	40	0.17651396233302716	0.2900709929007099	chr13	50656191.0	50656305.0	antisense	0.585785390332562	0.23226146395703529	0.1
CLOCK	36	46	0.17612672973514557	0.21887811218878112	chr13	50656191.0	50656305.0	antisense	0.5295684385049867	0.27607790610531785	0.1
STAT3	32	43	0.17555801082574832	0.2508749125087491	chr13	50656191.0	50656305.0	antisense	0.5661046938784382	0.24710324413138718	0.1
NRL	30	41	0.17495620611480356	0.6772322767723228	chr13	50656191.0	50656305.0	antisense	0.7754502082831365	0.11044608303685129	0.1
Bach1::Mafk	27	42	0.17449120041432484	0.2605739426057394	chr13	50656191.0	50656305.0	antisense	0.5678407365874982	0.2457734546411738	0.1
ZBED1	31	44	0.1743813885077609	0.12618738126187382	chr13	50656191.0	50656305.0	sense	0.43291197196069864	0.3636004038274635	0.1
Sox6	38	48	0.17431552534505826	0.26217378262173785	chr13	50656191.0	50656305.0	sense	0.5678407365874982	0.2457734546411738	0.1
Ar	30	47	0.17427397590758129	0.27177282271772824	chr13	50656191.0	50656305.0	antisense	0.5712580741925808	0.24316764853696868	0.1
Gata1	28	39	0.17412310488533597	0.30296970302969706	chr13	50656191.0	50656305.0	sense	0.5911326160617022	0.2283150775571667	0.1
MAF::NFE2	31	46	0.17186576040835777	0.3193680631936806	chr13	50656191.0	50656305.0	sense	0.6116310878137279	0.2135104485003464	0.1
ZNF410	31	48	0.17180441845336286	0.2612738726127387	chr13	50656191.0	50656305.0	sense	0.5678407365874982	0.2457734546411738	0.1
Nr5a2	33	48	0.17061058605078067	0.45615438456154384	chr13	50656191.0	50656305.0	antisense	0.713084715624823	0.14685887219181137	0.1
CENPB	28	43	0.1701124036644494	0.43545645435456454	chr13	50656191.0	50656305.0	sense	0.6975367278087006	0.15643292029133496	0.1
MEIS3	35	43	0.16894952011937067	0.3134686531346865	chr13	50656191.0	50656305.0	antisense	0.6047963976836518	0.2183908042640775	0.1
JUN	31	44	0.1674082534717078	0.3782621737826217	chr13	50656191.0	50656305.0	antisense	0.6723221513465092	0.17242257958407906	0.1
TFCP2	32	42	0.16670028035337467	0.28997100289971	chr13	50656191.0	50656305.0	sense	0.585785390332562	0.23226146395703529	0.1
OLIG2	38	48	0.16607279107129846	0.24867513248675133	chr13	50656191.0	50656305.0	sense	0.5661046938784382	0.24710324413138718	0.1
USF2	35	46	0.1657943878256568	0.26417358264173585	chr13	50656191.0	50656305.0	antisense	0.5678407365874982	0.2457734546411738	0.1
Myb	31	41	0.16349242277476278	0.29727027297270275	chr13	50656191.0	50656305.0	sense	0.5902300336004135	0.2289786953865997	0.1
ATF4	27	40	0.16343887157973033	0.33566643335666435	chr13	50656191.0	50656305.0	antisense	0.6311988366380754	0.19983381024560998	0.1
Prrx2	37	45	0.1627860869358089	0.48305169483051696	chr13	50656191.0	50656305.0	sense	0.7262273772622738	0.13892738311546735	0.1
Nobox	36	44	0.16156493084730822	0.36896310368963103	chr13	50656191.0	50656305.0	antisense	0.6610325174379115	0.17977717622313824	0.1
HNF4G	27	42	0.16108125758575054	0.5034496550344966	chr13	50656191.0	50656305.0	antisense	0.7324340736658042	0.13523146002732966	0.1
Dlx3	37	45	0.16097827215293975	0.5095490450954905	chr13	50656191.0	50656305.0	sense	0.7324340736658042	0.13523146002732966	0.1
MSX1	37	45	0.15945562818463033	0.391960803919608	chr13	50656191.0	50656305.0	sense	0.682643145081465	0.16580626648420282	0.1
Hoxb5	27	43	0.1590194776920824	0.5756424357564244	chr13	50656191.0	50656305.0	sense	0.7365071185189174	0.1328230512401624	0.1
JUND	30	41	0.1568083574996075	0.22247775222477753	chr13	50656191.0	50656305.0	antisense	0.5325794609479144	0.2736155862428961	0.1
MEIS2	31	39	0.1557172711146974	0.20477952204779523	chr13	50656191.0	50656305.0	sense	0.510964288186566	0.29160945208737316	0.1
HOXD12	29	40	0.15459998409548448	0.295970402959704	chr13	50656191.0	50656305.0	antisense	0.5902300336004135	0.2289786953865997	0.1
HOXB2	30	40	0.152777567219682	0.5058494150584941	chr13	50656191.0	50656305.0	antisense	0.7324340736658042	0.13523146002732966	0.1
Id2	36	44	0.15246152165195756	0.1827817218278172	chr13	50656191.0	50656305.0	antisense	0.488020894880209	0.31156158304461207	0.1
SOX9	39	48	0.15234565982718817	0.34356564343565643	chr13	50656191.0	50656305.0	sense	0.6341069073304684	0.19783751601479127	0.1
HOXA10	29	40	0.151932163376959	0.41405859414058593	chr13	50656191.0	50656305.0	antisense	0.6883937804302637	0.16216306213445186	0.1
HES5	30	42	0.1516194428840581	0.30046995300469953	chr13	50656191.0	50656305.0	sense	0.5902300336004135	0.2289786953865997	0.1
RAX2	37	45	0.15113705790942925	0.49375062493750627	chr13	50656191.0	50656305.0	sense	0.7300757103776802	0.13663210029831543	0.1
NFIC	36	42	0.1509133199518472	0.34136586341365865	chr13	50656191.0	50656305.0	antisense	0.6327460111131744	0.19877058399190922	0.1
Dlx4	37	45	0.1506759829246866	0.5109489051094891	chr13	50656191.0	50656305.0	sense	0.7324340736658042	0.13523146002732966	0.1
GATA2	27	41	0.1506670666932446	0.40855914408559146	chr13	50656191.0	50656305.0	antisense	0.6865565870597407	0.16332366172658314	0.1
POU6F2	35	45	0.15033812348745662	0.44465553444655537	chr13	50656191.0	50656305.0	sense	0.7046935550347404	0.1519997004420645	0.1
Mafb	34	46	0.15016768292977475	0.589041095890411	chr13	50656191.0	50656305.0	antisense	0.7365071185189174	0.1328230512401624	0.1
MSC	33	43	0.15004447666278517	0.207979202079792	chr13	50656191.0	50656305.0	antisense	0.5152413330095561	0.2879893048525478	0.1
Rfx1	34	48	0.14869968144802992	0.5194480551944806	chr13	50656191.0	50656305.0	sense	0.7324340736658042	0.13523146002732966	0.1
Stat4	29	43	0.14863424790515234	0.5207479252074793	chr13	50656191.0	50656305.0	antisense	0.7324340736658042	0.13523146002732966	0.1
Rarb(var.2)	31	48	0.1462213202700635	0.2605739426057394	chr13	50656191.0	50656305.0	antisense	0.5678407365874982	0.2457734546411738	0.1
Foxa2	29	41	0.14311164088790426	0.3394660533946605	chr13	50656191.0	50656305.0	sense	0.6327460111131744	0.19877058399190922	0.1
ZBTB18	33	46	0.14282100891749644	0.40875912408759124	chr13	50656191.0	50656305.0	sense	0.6865565870597407	0.16332366172658314	0.1
ETV2	32	43	0.14256451340817863	0.3581641835816418	chr13	50656191.0	50656305.0	antisense	0.6484139042541738	0.18814768093623319	0.1
MLXIPL	35	45	0.14219709863914357	0.36936306369363064	chr13	50656191.0	50656305.0	antisense	0.6610325174379115	0.17977717622313824	0.1
MAFK	31	46	0.1420489363985345	0.6635336466353364	chr13	50656191.0	50656305.0	sense	0.7667746558677465	0.11533225025235784	0.1
Nr2e1	31	40	0.14123355005158691	0.26977302269773024	chr13	50656191.0	50656305.0	antisense	0.5712580741925808	0.24316764853696868	0.1
Mecom	29	43	0.14079550634879165	0.31816818318168183	chr13	50656191.0	50656305.0	antisense	0.6115899521158996	0.21353965827682933	0.1
T	32	48	0.1402809888620168	0.44445555444455553	chr13	50656191.0	50656305.0	antisense	0.7046935550347404	0.1519997004420645	0.1
FOXP2	27	38	0.13941154101463435	0.2625737426257374	chr13	50656191.0	50656305.0	antisense	0.5678407365874982	0.2457734546411738	0.1
PKNOX2	32	44	0.1384710364261885	0.16228377162283772	chr13	50656191.0	50656305.0	antisense	0.46993633969936344	0.32796097012775305	0.1
Foxo1	29	40	0.1382299142860923	0.32856714328567144	chr13	50656191.0	50656305.0	antisense	0.620095808600958	0.20754120415962457	0.1
Gfi1b	31	42	0.13812578747474372	0.39886011398860116	chr13	50656191.0	50656305.0	sense	0.6843949268439493	0.1646932183767651	0.1
Stat5a::Stat5b	34	45	0.13791055777591776	0.4253574642535746	chr13	50656191.0	50656305.0	sense	0.6923646193374393	0.15966513319859416	0.1
Sox17	37	46	0.13666845015706183	0.32666733326667335	chr13	50656191.0	50656305.0	sense	0.6187603867350491	0.20847749777335542	0.1
TBX19	28	48	0.1364220642611078	0.48975102489751027	chr13	50656191.0	50656305.0	antisense	0.7300757103776802	0.13663210029831543	0.1
Nr1h3::Rxra	28	47	0.13631870859421602	0.7099290070992901	chr13	50656191.0	50656305.0	antisense	0.7975176508323194	0.09825969626545501	0.1
BSX	37	45	0.13594420614104752	0.46635336466353366	chr13	50656191.0	50656305.0	sense	0.7224996903294746	0.14116233471429235	0.1
SOX10	39	45	0.13537956752042243	0.2832716728327167	chr13	50656191.0	50656305.0	sense	0.5831015323664483	0.23425581726971476	0.1
MEOX2	27	37	0.13489027846756368	0.5427457254274572	chr13	50656191.0	50656305.0	antisense	0.7332148228476121	0.13476876381913253	0.1
CEBPE	31	41	0.13481556004303571	0.48205179482051796	chr13	50656191.0	50656305.0	sense	0.7262273772622738	0.13892738311546735	0.1
LEF1	33	48	0.1344519785624198	0.3825617438256174	chr13	50656191.0	50656305.0	antisense	0.6735770490747536	0.17161271905888018	0.1
DLX6	37	45	0.13423953675671657	0.5195480451954805	chr13	50656191.0	50656305.0	sense	0.7324340736658042	0.13523146002732966	0.1
ESR1	30	47	0.13419443786655907	0.3585641435856414	chr13	50656191.0	50656305.0	antisense	0.6484139042541738	0.18814768093623319	0.1
ALX3	36	46	0.1330399155354197	0.5574442555744425	chr13	50656191.0	50656305.0	sense	0.7340146582356689	0.13429526715845158	0.1
MIXL1	29	39	0.13301801050303194	0.5771422857714229	chr13	50656191.0	50656305.0	sense	0.7365071185189174	0.1328230512401624	0.1
TFAP4	35	45	0.13258837440886295	0.36126387361263873	chr13	50656191.0	50656305.0	sense	0.6510276055727761	0.18640059561961345	0.1
MEOX1	27	37	0.1324852526966733	0.5269473052694731	chr13	50656191.0	50656305.0	sense	0.7332054998253527	0.13477428602454575	0.1
Arnt	38	44	0.13245032502274431	0.19038096190380963	chr13	50656191.0	50656305.0	antisense	0.494038596140386	0.3062391210439305	0.1
HOXA5	38	46	0.1318339716881223	0.4904509549045096	chr13	50656191.0	50656305.0	sense	0.7300757103776802	0.13663210029831543	0.1
Arid5a	28	42	0.1304629958688403	0.5572442755724427	chr13	50656191.0	50656305.0	sense	0.7340146582356689	0.13429526715845158	0.1
SOX21	33	48	0.12837141760216295	0.3404659534046595	chr13	50656191.0	50656305.0	antisense	0.6327460111131744	0.19877058399190922	0.1
HSF4	28	41	0.12831431182289976	0.6087391260873912	chr13	50656191.0	50656305.0	sense	0.7427369151196769	0.12916499047196137	0.1
PAX1	30	47	0.1279573244279774	0.5033496650334967	chr13	50656191.0	50656305.0	sense	0.7324340736658042	0.13523146002732966	0.1
MEIS1	31	38	0.12747923484751342	0.4831516848315168	chr13	50656191.0	50656305.0	sense	0.7262273772622738	0.13892738311546735	0.1
SMAD3	27	37	0.12561441001276313	0.300969903009699	chr13	50656191.0	50656305.0	sense	0.5902300336004135	0.2289786953865997	0.1
PKNOX1	32	44	0.12414234967803063	0.24017598240175983	chr13	50656191.0	50656305.0	antisense	0.5589745958139611	0.2526079294096783	0.1
GRHL1	35	47	0.12405625787042633	0.5284471552844715	chr13	50656191.0	50656305.0	antisense	0.7332148228476121	0.13476876381913253	0.1
Creb5	30	42	0.12353096957737934	0.45115488451154884	chr13	50656191.0	50656305.0	sense	0.7073999548685614	0.15033497222883768	0.1
Atf3	36	44	0.12113655117356147	0.42555744425557446	chr13	50656191.0	50656305.0	antisense	0.6923646193374393	0.15966513319859416	0.1
HOXB13	38	48	0.12092007323850107	0.39866013398660133	chr13	50656191.0	50656305.0	sense	0.6843949268439493	0.1646932183767651	0.1
NFYA	27	45	0.12050503363202722	0.6379362063793621	chr13	50656191.0	50656305.0	antisense	0.757640483091279	0.12053682767766434	0.1
DMRT3	28	39	0.12042429409204691	0.5681431856814319	chr13	50656191.0	50656305.0	sense	0.7340146582356689	0.13429526715845158	0.1
MNX1	27	37	0.12039561713896292	0.5002499750024998	chr13	50656191.0	50656305.0	antisense	0.7324340736658042	0.13523146002732966	0.1
HES7	30	42	0.11934220691493133	0.3778622137786221	chr13	50656191.0	50656305.0	sense	0.6723221513465092	0.17242257958407906	0.1
VENTX	36	45	0.11927425498048998	0.46505349465053497	chr13	50656191.0	50656305.0	sense	0.7224996903294746	0.14116233471429235	0.1
NOTO	36	46	0.11914992779322099	0.5613438656134386	chr13	50656191.0	50656305.0	sense	0.7340146582356689	0.13429526715845158	0.1
FOS	30	41	0.11907085284655737	0.47975202479752027	chr13	50656191.0	50656305.0	antisense	0.7262273772622738	0.13892738311546735	0.1
CEBPA	31	42	0.11906882271038836	0.5437456254374563	chr13	50656191.0	50656305.0	sense	0.7332148228476121	0.13476876381913253	0.1
HLF	30	42	0.11842973152011842	0.6415358464153584	chr13	50656191.0	50656305.0	sense	0.7588436610884367	0.11984768934864119	0.1
GATA3	39	47	0.11839182889875019	0.3013698630136986	chr13	50656191.0	50656305.0	antisense	0.5902300336004135	0.2289786953865997	0.1
Srebf1(var.2)	34	44	0.11741365150679536	0.42555744425557446	chr13	50656191.0	50656305.0	sense	0.6923646193374393	0.15966513319859416	0.1
Hoxd3	27	43	0.1170641771476698	0.698930106989301	chr13	50656191.0	50656305.0	antisense	0.7868649143762413	0.10409981907237158	0.1
REST	27	48	0.11680765487840554	0.251974802519748	chr13	50656191.0	50656305.0	antisense	0.566125205661252	0.24708750853900505	0.1
MYF6	33	43	0.11535180669277727	0.42795720427957207	chr13	50656191.0	50656305.0	sense	0.694093090690931	0.15858227873513872	0.1
FOS::JUN	32	39	0.11494281717797614	0.46925307469253075	chr13	50656191.0	50656305.0	sense	0.7236015270876472	0.14050052527679163	0.1
BHLHE41	36	46	0.11302578603284665	0.39476052394760525	chr13	50656191.0	50656305.0	antisense	0.6843949268439493	0.1646932183767651	0.1
SREBF2(var.2)	34	44	0.11294281694275661	0.41445855414458554	chr13	50656191.0	50656305.0	sense	0.6883937804302637	0.16216306213445186	0.1
MSX2	37	45	0.11211323115887935	0.49955004499550043	chr13	50656191.0	50656305.0	sense	0.7324340736658042	0.13523146002732966	0.1
Hoxc9	27	40	0.11199540920959271	0.6258374162583742	chr13	50656191.0	50656305.0	antisense	0.750137688309691	0.12485901422847404	0.1
LHX2	36	46	0.11086904980928669	0.5636436356364364	chr13	50656191.0	50656305.0	sense	0.7340146582356689	0.13429526715845158	0.1
HOXA13	38	48	0.11057324329505037	0.417958204179582	chr13	50656191.0	50656305.0	sense	0.6908290062713474	0.16062943572658456	0.1
ESRRB	30	41	0.10971773223171741	0.46985301469853014	chr13	50656191.0	50656305.0	antisense	0.7236015270876472	0.14050052527679163	0.1
GBX1	27	37	0.10904950501726988	0.5438456154384561	chr13	50656191.0	50656305.0	sense	0.7332148228476121	0.13476876381913253	0.1
Bcl6	34	48	0.10889167301982167	0.7594240575942406	chr13	50656191.0	50656305.0	antisense	0.8366938729855828	0.07743341129191975	0.1
MAFG::NFE2L1	30	36	0.10888975362920805	0.43185681431856815	chr13	50656191.0	50656305.0	sense	0.6975367278087006	0.15643292029133496	0.1
EMX2	27	37	0.1088895274476573	0.5404459554044595	chr13	50656191.0	50656305.0	antisense	0.7332148228476121	0.13476876381913253	0.1
LHX9	38	46	0.10835973476531806	0.5453454654534546	chr13	50656191.0	50656305.0	sense	0.7332148228476121	0.13476876381913253	0.1
FOXI1	29	36	0.10792555728407631	0.2565743425657434	chr13	50656191.0	50656305.0	antisense	0.5678407365874982	0.2457734546411738	0.1
Atf1	33	41	0.10761329661578709	0.5481451854814519	chr13	50656191.0	50656305.0	antisense	0.7332148228476121	0.13476876381913253	0.1
OLIG1	38	48	0.10715063551539045	0.4453554644535546	chr13	50656191.0	50656305.0	antisense	0.7046935550347404	0.1519997004420645	0.1
FOXP3	29	36	0.10675778682383946	0.297970202979702	chr13	50656191.0	50656305.0	antisense	0.5902300336004135	0.2289786953865997	0.1
FOXD2	29	36	0.1060367548360342	0.2943705629437056	chr13	50656191.0	50656305.0	antisense	0.5902300336004135	0.2289786953865997	0.1
Tcf7	27	39	0.10601898958879061	0.34966503349665035	chr13	50656191.0	50656305.0	antisense	0.6385792999647404	0.19478516355541248	0.1
STAT1	32	43	0.10553481825131254	0.5685431456854314	chr13	50656191.0	50656305.0	antisense	0.7340146582356689	0.13429526715845158	0.1
Rarg	31	47	0.10544173513996181	0.40445955404459555	chr13	50656191.0	50656305.0	antisense	0.6865565870597407	0.16332366172658314	0.1
HOXD13	38	48	0.10503375953166867	0.39806019398060194	chr13	50656191.0	50656305.0	sense	0.6843949268439493	0.1646932183767651	0.1
HOXD11	29	39	0.10485990089511943	0.47905209479052097	chr13	50656191.0	50656305.0	antisense	0.7262273772622738	0.13892738311546735	0.1
GMEB2	32	40	0.10485652216853958	0.571942805719428	chr13	50656191.0	50656305.0	sense	0.7365071185189174	0.1328230512401624	0.1
FOXD1	28	36	0.10462290728442636	0.32426757324267574	chr13	50656191.0	50656305.0	antisense	0.6187311415917232	0.20849802478963075	0.1
NR3C1	30	47	0.10446047594328435	0.6195380461953804	chr13	50656191.0	50656305.0	antisense	0.7477680138962848	0.12623311592082295	0.1
HOXC13	37	48	0.10423240501917858	0.5248475152484752	chr13	50656191.0	50656305.0	sense	0.7332054998253527	0.13477428602454575	0.1
FOXO3	28	36	0.10267953665254981	0.26347365263473654	chr13	50656191.0	50656305.0	antisense	0.5678407365874982	0.2457734546411738	0.1
FOXP1	27	42	0.10261257012530497	0.41515848415158485	chr13	50656191.0	50656305.0	antisense	0.6883937804302637	0.16216306213445186	0.1
UNCX	37	45	0.1011025522671278	0.5409459054094591	chr13	50656191.0	50656305.0	sense	0.7332148228476121	0.13476876381913253	0.1
FOXO4	29	36	0.10097109801178088	0.27217278272172785	chr13	50656191.0	50656305.0	antisense	0.5712580741925808	0.24316764853696868	0.1
SHOX	38	46	0.10080060883278638	0.5596440355964404	chr13	50656191.0	50656305.0	antisense	0.7340146582356689	0.13429526715845158	0.1
Stat6	30	45	0.10025481392105763	0.7609239076092391	chr13	50656191.0	50656305.0	sense	0.8366938729855828	0.07743341129191975	0.1
NR3C2	30	47	0.10010565726025779	0.6552344765523448	chr13	50656191.0	50656305.0	antisense	0.7624813751808676	0.11777076018440803	0.1
JDP2(var.2)	30	42	0.10001353376595232	0.6015398460153984	chr13	50656191.0	50656305.0	sense	0.7427369151196769	0.12916499047196137	0.1
RFX4	32	48	0.09993423614281721	0.859014098590141	chr13	50656191.0	50656305.0	sense	0.9154585568137231	0.0383613116075138	0.1
JDP2	31	40	0.09973467746542852	0.43525647435256476	chr13	50656191.0	50656305.0	sense	0.6975367278087006	0.15643292029133496	0.1
FOXO6	29	36	0.09773010075746626	0.26477352264773524	chr13	50656191.0	50656305.0	antisense	0.5678407365874982	0.2457734546411738	0.1
Esrra	35	46	0.09740044120124251	0.5374462553744626	chr13	50656191.0	50656305.0	antisense	0.7332148228476121	0.13476876381913253	0.1
Tcf21	32	46	0.09701026679626638	0.6806319368063194	chr13	50656191.0	50656305.0	antisense	0.7758046563764676	0.1102476180943836	0.1
VAX2	28	36	0.09621021041220865	0.6096390360963904	chr13	50656191.0	50656305.0	sense	0.7427369151196769	0.12916499047196137	0.1
MLX	35	45	0.09620357412246906	0.6433356664333567	chr13	50656191.0	50656305.0	antisense	0.7588436610884367	0.11984768934864119	0.1
Crem	32	42	0.09601690965415195	0.6864313568643136	chr13	50656191.0	50656305.0	antisense	0.7785354652307694	0.10872159889136564	0.1
Dux	35	43	0.0957537495554242	0.49335066493350666	chr13	50656191.0	50656305.0	sense	0.7300757103776802	0.13663210029831543	0.1
GBX2	38	48	0.09500301547994684	0.6111388861113889	chr13	50656191.0	50656305.0	sense	0.7427369151196769	0.12916499047196137	0.1
VAX1	28	36	0.09495830128966984	0.6102389761023898	chr13	50656191.0	50656305.0	sense	0.7427369151196769	0.12916499047196137	0.1
FOXB1	28	39	0.09489321963430132	0.513948605139486	chr13	50656191.0	50656305.0	antisense	0.7324340736658042	0.13523146002732966	0.1
TGIF2	32	44	0.09484105746105598	0.6286371362863714	chr13	50656191.0	50656305.0	antisense	0.751757312747988	0.123922338590728	0.1
Nr2e3	36	43	0.0939795953592587	0.41995800419958	chr13	50656191.0	50656305.0	sense	0.6919308069193081	0.15993733282010483	0.1
Sox11	33	48	0.0932670946385345	0.41045895410458955	chr13	50656191.0	50656305.0	antisense	0.6871877328396193	0.16292460180721788	0.1
Hoxa9	34	45	0.09269031975735532	0.6419358064193581	chr13	50656191.0	50656305.0	sense	0.7588436610884367	0.11984768934864119	0.1
RAX	38	48	0.09197018233314402	0.6112388761123888	chr13	50656191.0	50656305.0	sense	0.7427369151196769	0.12916499047196137	0.1
PAX9	30	47	0.09195522845764093	0.6648335166483351	chr13	50656191.0	50656305.0	sense	0.7667746558677465	0.11533225025235784	0.1
PPARG	28	48	0.09179152194608356	0.634936506349365	chr13	50656191.0	50656305.0	antisense	0.755807446778258	0.12158883340501517	0.1
TCF7L2	33	47	0.09111449369315232	0.5968403159684031	chr13	50656191.0	50656305.0	antisense	0.7410529282000029	0.13015077231176572	0.1
BARX1	37	45	0.0905905442996591	0.563043695630437	chr13	50656191.0	50656305.0	sense	0.7340146582356689	0.13429526715845158	0.1
Msx3	39	47	0.09043279827409123	0.5409459054094591	chr13	50656191.0	50656305.0	sense	0.7332148228476121	0.13476876381913253	0.1
FOXC1	28	39	0.090306913925879	0.5062493750624938	chr13	50656191.0	50656305.0	antisense	0.7324340736658042	0.13523146002732966	0.1
DUXA	30	43	0.09006795803515057	0.651034896510349	chr13	50656191.0	50656305.0	sense	0.7624813751808676	0.11777076018440803	0.1
FOXA1	27	42	0.08930845527954714	0.6636336366363363	chr13	50656191.0	50656305.0	antisense	0.7667746558677465	0.11533225025235784	0.1
NKX6-2	37	45	0.089181535664598	0.5664433556644336	chr13	50656191.0	50656305.0	sense	0.7340146582356689	0.13429526715845158	0.1
NEUROG2	38	48	0.0891034969765313	0.5796420357964204	chr13	50656191.0	50656305.0	antisense	0.7365071185189174	0.1328230512401624	0.1
Hoxd9	29	39	0.08846796927591212	0.5132486751324867	chr13	50656191.0	50656305.0	antisense	0.7324340736658042	0.13523146002732966	0.1
CEBPB	31	41	0.08743132732647914	0.7514248575142486	chr13	50656191.0	50656305.0	sense	0.8315341173771749	0.08011992722056112	0.1
FOXC2	27	39	0.08671951162201223	0.48275172482751727	chr13	50656191.0	50656305.0	antisense	0.7262273772622738	0.13892738311546735	0.1
MAFG	27	48	0.08662064994767318	0.5812418758124187	chr13	50656191.0	50656305.0	antisense	0.7365071185189174	0.1328230512401624	0.1
HOXC10	38	48	0.08600265306482582	0.6232376762323768	chr13	50656191.0	50656305.0	sense	0.7487508193625082	0.1256626893513183	0.1
CEBPG	31	41	0.08481329212126675	0.687031296870313	chr13	50656191.0	50656305.0	sense	0.7785354652307694	0.10872159889136564	0.1
SOX8	31	47	0.08450996395709437	0.4433556644335566	chr13	50656191.0	50656305.0	antisense	0.7046935550347404	0.1519997004420645	0.1
MYBL2	33	48	0.08434696495409408	0.8735126487351265	chr13	50656191.0	50656305.0	sense	0.9271023817863612	0.03287230319136308	0.1
Rarb	32	48	0.08422789335313659	0.45095490450954906	chr13	50656191.0	50656305.0	antisense	0.7073999548685614	0.15033497222883768	0.1
ATF7	29	43	0.08420083449601554	0.8520147985201479	chr13	50656191.0	50656305.0	sense	0.9114693468924713	0.0402579322742847	0.1
CDX2	27	38	0.08385415593612594	0.4012598740125987	chr13	50656191.0	50656305.0	antisense	0.6850456401728248	0.16428049330331984	0.1
LHX6	27	37	0.08343498395521155	0.5891410858914109	chr13	50656191.0	50656305.0	sense	0.7365071185189174	0.1328230512401624	0.1
CEBPD	31	41	0.08252734095786743	0.7564243575642435	chr13	50656191.0	50656305.0	sense	0.8352856203741327	0.07816499500491682	0.1
HESX1	38	48	0.08239534152294453	0.6539346065393461	chr13	50656191.0	50656305.0	antisense	0.7624813751808676	0.11777076018440803	0.1
Foxd3	32	44	0.08181006446633217	0.49095090490950904	chr13	50656191.0	50656305.0	antisense	0.7300757103776802	0.13663210029831543	0.1
POU3F3	28	41	0.08039689449622986	0.589041095890411	chr13	50656191.0	50656305.0	antisense	0.7365071185189174	0.1328230512401624	0.1
TGIF1	32	44	0.0800864851675619	0.603039696030397	chr13	50656191.0	50656305.0	antisense	0.7427369151196769	0.12916499047196137	0.1
Nr2f6(var.2)	32	47	0.07992943135444336	0.5257474252574742	chr13	50656191.0	50656305.0	antisense	0.7332054998253527	0.13477428602454575	0.1
Nkx2-5	38	45	0.07957821586988374	0.5605439456054394	chr13	50656191.0	50656305.0	antisense	0.7340146582356689	0.13429526715845158	0.1
VSX1	40	48	0.0794409041414091	0.5811418858114189	chr13	50656191.0	50656305.0	sense	0.7365071185189174	0.1328230512401624	0.1
HSF2	32	45	0.0778095761270945	0.6941305869413059	chr13	50656191.0	50656305.0	antisense	0.7831603796142126	0.10614929177458565	0.1
IRF2	28	46	0.07718286976869174	0.49875012498750126	chr13	50656191.0	50656305.0	antisense	0.7324340736658042	0.13523146002732966	0.1
Foxj2	30	38	0.07642462173375462	0.3828617138286171	chr13	50656191.0	50656305.0	sense	0.6735770490747536	0.17161271905888018	0.1
LBX1	37	45	0.0755501131962762	0.5903409659034097	chr13	50656191.0	50656305.0	antisense	0.7365071185189174	0.1328230512401624	0.1
RARA	30	48	0.07536983126704756	0.5168483151684832	chr13	50656191.0	50656305.0	antisense	0.7324340736658042	0.13523146002732966	0.1
FOXG1	30	38	0.07468352634163677	0.33956604339566043	chr13	50656191.0	50656305.0	sense	0.6327460111131744	0.19877058399190922	0.1
IRF1	27	48	0.07425374257864373	0.40855914408559146	chr13	50656191.0	50656305.0	sense	0.6865565870597407	0.16332366172658314	0.1
BHLHE23	36	48	0.0738302135492481	0.6816318368163183	chr13	50656191.0	50656305.0	antisense	0.7758046563764676	0.1102476180943836	0.1
DUX4	31	42	0.07259496166163401	0.6135386461353864	chr13	50656191.0	50656305.0	sense	0.7427369151196769	0.12916499047196137	0.1
BATF3	29	43	0.07232420294985713	0.7221277872212779	chr13	50656191.0	50656305.0	antisense	0.8077248309651793	0.09273656589247788	0.1
FOXL1	29	36	0.0721967773105696	0.3457654234576542	chr13	50656191.0	50656305.0	antisense	0.6341069073304684	0.19783751601479127	0.1
NFIL3	27	38	0.07080206657641261	0.5943405659434057	chr13	50656191.0	50656305.0	sense	0.7397188338720085	0.1309333236496434	0.1
NR1H2::RXRA	30	47	0.0705408446651236	0.534046595340466	chr13	50656191.0	50656305.0	antisense	0.7332148228476121	0.13476876381913253	0.1
HSF1	28	41	0.06802360798488101	0.714928507149285	chr13	50656191.0	50656305.0	sense	0.8013993417072979	0.09615101864527738	0.1
BATF::JUN	32	43	0.0675828910762504	0.7991200879912009	chr13	50656191.0	50656305.0	antisense	0.8731438435103859	0.05891420383534546	0.1
CDX1	38	47	0.0666211412850759	0.5841415858414158	chr13	50656191.0	50656305.0	sense	0.7365071185189174	0.1328230512401624	0.1
SRY	30	39	0.06587001181955915	0.6576342365763423	chr13	50656191.0	50656305.0	antisense	0.7635618988436726	0.11715575070108508	0.1
Lhx3	28	41	0.06512271680247307	0.5118488151184881	chr13	50656191.0	50656305.0	sense	0.7324340736658042	0.13523146002732966	0.1
mix-a	27	38	0.06392971475938793	0.5464453554644536	chr13	50656191.0	50656305.0	antisense	0.7332148228476121	0.13476876381913253	0.1
RFX3	32	48	0.06315179620939107	0.9632036796320368	chr13	50656191.0	50656305.0	sense	0.9958221309343169	0.001818226287259214	0.1
STAT1::STAT2	27	42	0.06220421936326501	0.5868413158684131	chr13	50656191.0	50656305.0	sense	0.7365071185189174	0.1328230512401624	0.1
Foxq1	29	40	0.061719081417033736	0.5660433956604339	chr13	50656191.0	50656305.0	antisense	0.7340146582356689	0.13429526715845158	0.1
PDX1	28	36	0.061517877987311446	0.5533446655334466	chr13	50656191.0	50656305.0	antisense	0.7340146582356689	0.13429526715845158	0.1
Pou2f3	27	43	0.06098871750297103	0.8322167783221678	chr13	50656191.0	50656305.0	antisense	0.8979636339900313	0.046741251169288185	0.1
NKX6-1	37	45	0.06084203700418602	0.5206479352064793	chr13	50656191.0	50656305.0	sense	0.7324340736658042	0.13523146002732966	0.1
BCL6B	31	48	0.060815663019433364	0.537046295370463	chr13	50656191.0	50656305.0	antisense	0.7332148228476121	0.13476876381913253	0.1
Pou5f1::Sox2	30	45	0.060751287750628366	0.8151184881511849	chr13	50656191.0	50656305.0	antisense	0.8868899273594654	0.05213027747014873	0.1
POU1F1	28	42	0.06027844931999741	0.7308269173082692	chr13	50656191.0	50656305.0	antisense	0.8139467169162913	0.08940402423443199	0.1
VSX2	40	48	0.060105933314705734	0.6060393960603939	chr13	50656191.0	50656305.0	sense	0.7427369151196769	0.12916499047196137	0.1
Hmx2	31	48	0.05923532987885413	0.8234176582341766	chr13	50656191.0	50656305.0	sense	0.8921790493184503	0.04954797933719485	0.1
Shox2	37	45	0.05845312138340809	0.5735426457354265	chr13	50656191.0	50656305.0	sense	0.7365071185189174	0.1328230512401624	0.1
SRF	32	48	0.05736058878932797	0.8498150184981502	chr13	50656191.0	50656305.0	antisense	0.9114693468924713	0.0402579322742847	0.1
PAX4	40	48	0.05711385437938059	0.6542345765423457	chr13	50656191.0	50656305.0	sense	0.7624813751808676	0.11777076018440803	0.1
DBP	30	42	0.05685690777767154	0.8108189181081892	chr13	50656191.0	50656305.0	sense	0.8840651649120802	0.05351572173051012	0.1
PRRX1	38	46	0.056659181264708376	0.6134386561343865	chr13	50656191.0	50656305.0	sense	0.7427369151196769	0.12916499047196137	0.1
EN1	37	45	0.054288814698140536	0.6478352164783522	chr13	50656191.0	50656305.0	sense	0.7606933876748072	0.11879035883217003	0.1
Hmx1	31	48	0.05272337690129814	0.9281071892810719	chr13	50656191.0	50656305.0	sense	0.9672442394314786	0.014463848105111149	0.1
IRF8	29	43	0.05257460019493031	0.6458354164583542	chr13	50656191.0	50656305.0	sense	0.7600648098455461	0.11914937435309368	0.1
Hmx3	31	48	0.051561862007049014	0.881011898810119	chr13	50656191.0	50656305.0	sense	0.9331534193519423	0.03004694821445581	0.1
Dlx2	38	46	0.051124818531453085	0.6324367563243676	chr13	50656191.0	50656305.0	sense	0.7545624747870041	0.1223047965351866	0.1
Hnf4a	27	43	0.0507942540709933	0.8634136586341365	chr13	50656191.0	50656305.0	sense	0.9182616574408132	0.037033549527637884	0.1
Lhx8	39	47	0.05048540580058881	0.7652234776522348	chr13	50656191.0	50656305.0	sense	0.8396426742103802	0.07590549683676394	0.1
POU2F1	34	46	0.04869345531017153	0.825917408259174	chr13	50656191.0	50656305.0	antisense	0.893023197680232	0.04913725948360982	0.1
TEF	30	42	0.0481803233147505	0.7978202179782021	chr13	50656191.0	50656305.0	sense	0.8731438435103859	0.05891420383534546	0.1
ISX	39	47	0.048106943644800663	0.5846415358464153	chr13	50656191.0	50656305.0	sense	0.7365071185189174	0.1328230512401624	0.1
LIN54	28	37	0.04801014478647488	0.5597440255974403	chr13	50656191.0	50656305.0	sense	0.7340146582356689	0.13429526715845158	0.1
Foxj3	27	44	0.04530126905757417	0.853014698530147	chr13	50656191.0	50656305.0	antisense	0.9114693468924713	0.0402579322742847	0.1
CUX1	31	41	0.045280401747970524	0.8535146485351465	chr13	50656191.0	50656305.0	sense	0.9114693468924713	0.0402579322742847	0.1
Sox1	33	48	0.044836343386487405	0.7445255474452555	chr13	50656191.0	50656305.0	antisense	0.8256597417181358	0.08319889062015541	0.1
IRF7	28	42	0.043443669135774035	0.7379262073792621	chr13	50656191.0	50656305.0	antisense	0.8200935795071457	0.0861365881714754	0.1
Arid3b	28	39	0.04258964232212122	0.5397460253974603	chr13	50656191.0	50656305.0	sense	0.7332148228476121	0.13476876381913253	0.1
IRF9	33	48	0.04257025369965807	0.6139386061393861	chr13	50656191.0	50656305.0	sense	0.7427369151196769	0.12916499047196137	0.1
PHOX2A	32	43	0.04126453067528339	0.5532446755324467	chr13	50656191.0	50656305.0	sense	0.7340146582356689	0.13429526715845158	0.1
POU3F1	29	41	0.04116932752937872	0.8392160783921608	chr13	50656191.0	50656305.0	antisense	0.9036372296380321	0.04400588455414888	0.1
Phox2b	32	43	0.0405477128336143	0.5474452554744526	chr13	50656191.0	50656305.0	sense	0.7332148228476121	0.13476876381913253	0.1
POU6F1	27	37	0.03996385429555999	0.6219378062193781	chr13	50656191.0	50656305.0	sense	0.7487508193625082	0.1256626893513183	0.1
RFX2	32	48	0.03724799701995885	0.9834016598340166	chr13	50656191.0	50656305.0	antisense	0.9991000899910009	0.00039100191078358866	0.1
RFX5	32	48	0.03661353247442933	0.9808019198080192	chr13	50656191.0	50656305.0	sense	0.9991000899910009	0.00039100191078358866	0.1
CUX2	31	41	0.03585540938847929	0.9256074392560744	chr13	50656191.0	50656305.0	sense	0.9665800019595626	0.01476219443245251	0.1
LMX1B	28	36	0.03569444514203223	0.6736326367363263	chr13	50656191.0	50656305.0	antisense	0.7734852620932596	0.11154795688710864	0.1
Sox5	32	39	0.03404272989679508	0.6911308869113089	chr13	50656191.0	50656305.0	antisense	0.7814747936971009	0.10708502549482915	0.1
MEF2C	27	42	0.033504559500002196	0.905009499050095	chr13	50656191.0	50656305.0	antisense	0.9531592479697264	0.020834534055557602	0.1
Foxk1	27	44	0.033181253250448475	0.893010698930107	chr13	50656191.0	50656305.0	antisense	0.9439359526369155	0.025057472184986086	0.1
SOX4	31	47	0.027163232263027158	0.8216178382161784	chr13	50656191.0	50656305.0	antisense	0.8920913347995745	0.04959067906689986	0.1
LMX1A	28	36	0.026501969003319616	0.6783321667833216	chr13	50656191.0	50656305.0	antisense	0.7754502082831365	0.11044608303685129	0.1
POU5F1B	35	44	0.02507084869863675	0.946005399460054	chr13	50656191.0	50656305.0	antisense	0.9799936174047266	0.008776752812539923	0.1
Lhx4	28	36	0.024056042389048408	0.7301269873012699	chr13	50656191.0	50656305.0	antisense	0.8139467169162913	0.08940402423443199	0.1
POU2F2	27	40	0.02187887883449184	0.9742025797420258	chr13	50656191.0	50656305.0	sense	0.9991000899910009	0.00039100191078358866	0.1
ONECUT2	28	42	0.021493400142015753	0.9209079092090791	chr13	50656191.0	50656305.0	sense	0.9653899529401898	0.015297225307403736	0.1
ONECUT1	33	47	0.019492157669966183	0.9173082691730827	chr13	50656191.0	50656305.0	sense	0.9637307524308298	0.016044282556087967	0.1
POU3F2	29	41	0.017361243226071892	0.9301069893010699	chr13	50656191.0	50656305.0	antisense	0.9673858265476059	0.014400279876297016	0.1
POU4F1	27	41	0.009519015690051577	0.9423057694230577	chr13	50656191.0	50656305.0	antisense	0.9781133886611338	0.00961079632139722	0.1
POU3F4	30	39	0.007901212091276196	0.9851014898510149	chr13	50656191.0	50656305.0	antisense	0.9991000899910009	0.00039100191078358866	0.1
HNF1B	27	40	0.00503202995462923	0.9722027797220278	chr13	50656191.0	50656305.0	antisense	0.9991000899910009	0.00039100191078358866	0.1
MEF2A	36	48	0.00412479899210889	0.9685031496850315	chr13	50656191.0	50656305.0	sense	0.9991000899910009	0.00039100191078358866	0.1
ONECUT3	28	42	0.0021609974432817074	0.9226077392260774	chr13	50656191.0	50656305.0	sense	0.9653899529401898	0.015297225307403736	0.1
Arid3a	40	46	0.002118975019780948	0.6734326567343266	chr13	50656191.0	50656305.0	antisense	0.7734852620932596	0.11154795688710864	0.1
POU4F3	32	48	0.0009172313794863336	0.9912008799120088	chr13	50656191.0	50656305.0	antisense	0.9991000899910009	0.00039100191078358866	0.1
PAX3	30	40	-0.0	0.9933006699330067	chr13	50656191.0	50656305.0	sense	0.9991000899910009	0.00039100191078358866	0.1
PROP1	30	41	-0.0	0.9054094590540946	chr13	50656191.0	50656305.0	sense	0.9531592479697264	0.020834534055557602	0.1
MEF2D	32	44	-0.0	0.9958004199580042	chr13	50656191.0	50656305.0	sense	0.9991000899910009	0.00039100191078358866	0.1
PAX7	30	40	-0.0	0.9901009899010099	chr13	50656191.0	50656305.0	sense	0.9991000899910009	0.00039100191078358866	0.1
HNF1A	33	48	-0.003231535314602791	0.9988001199880012	chr13	50656191.0	50656305.0	antisense	0.9991000899910009	0.00039100191078358866	0.1
MEF2B	36	48	-0.004294288789621176	0.9979002099790021	chr13	50656191.0	50656305.0	sense	0.9991000899910009	0.00039100191078358866	0.1
Alx1	31	48	-0.011118769356590981	0.9977002299770023	chr13	50656191.0	50656305.0	antisense	0.9991000899910009	0.00039100191078358866	0.1
Alx4	31	48	-0.015391233480188954	0.9991000899910009	chr13	50656191.0	50656305.0	antisense	0.9991000899910009	0.00039100191078358866	0.1
Arx	31	48	-0.016511989314686264	0.999000099990001	chr13	50656191.0	50656305.0	sense	0.9991000899910009	0.00039100191078358866	0.1
Hoxd8	27	44	-0.01727413387784306	0.9987001299870013	chr13	50656191.0	50656305.0	sense	0.9991000899910009	0.00039100191078358866	0.1
POU4F2	31	47	-0.02287923728646662	0.9987001299870013	chr13	50656191.0	50656305.0	sense	0.9991000899910009	0.00039100191078358866	0.1
