motif	start	end	score	pval	tile_chr	tile_start	tile_end	strand	padj	neg_log_pval	fdr_cutoff
TBP	7	22	2.360403309961333	9.999000099990002e-05	chr3	169482079.0	169482193.0	antisense	0.010378962103789623	1.9838460737644235	0.05
TCF7L2	10	24	2.107023819534646	9.999000099990002e-05	chr3	169482079.0	169482193.0	antisense	0.010378962103789623	1.9838460737644235	0.05
CDX2	14	25	1.9405837569698774	9.999000099990002e-05	chr3	169482079.0	169482193.0	antisense	0.010378962103789623	1.9838460737644235	0.05
CDX1	14	23	1.8972510849520643	9.999000099990002e-05	chr3	169482079.0	169482193.0	antisense	0.010378962103789623	1.9838460737644235	0.05
Hoxd9	13	23	1.8107597541685645	0.0007999200079992001	chr3	169482079.0	169482193.0	antisense	0.03592717651311792	1.4445769122959167	0.05
HLTF	10	20	1.7797652332142457	0.00019998000199980003	chr3	169482079.0	169482193.0	sense	0.017298270172982702	1.7619973241480673	0.05
GSX2	14	24	1.7193723177083593	0.0058994100589941	chr3	169482079.0	169482193.0	antisense	0.10205979402059794	0.9911453125059231	0.05
HOXA13	13	23	1.6272123336596083	0.0004999500049995	chr3	169482079.0	169482193.0	antisense	0.028830450288304506	1.540148574531711	0.05
HOXA10	13	24	1.6269211426583456	0.0028997100289971	chr3	169482079.0	169482193.0	antisense	0.06270622937706229	1.2026893132410548	0.05
Hoxd8	9	26	1.6259372729514616	0.006399360063993601	chr3	169482079.0	169482193.0	antisense	0.10378962103789621	0.9838460737644236	0.05
SRF	9	25	1.6188480847187223	9.999000099990002e-05	chr3	169482079.0	169482193.0	antisense	0.010378962103789623	1.9838460737644235	0.05
HOXB13	13	23	1.5805175401477056	0.00029997000299970003	chr3	169482079.0	169482193.0	antisense	0.02224063307954919	1.6528528547229993	0.05
HOXD13	13	23	1.573630546749077	0.00039996000399960006	chr3	169482079.0	169482193.0	antisense	0.025947405259474053	1.585906065092386	0.05
BARHL2	11	21	1.4226714333453567	0.0008999100089991	chr3	169482079.0	169482193.0	antisense	0.03592717651311792	1.4445769122959167	0.05
RUNX1	14	25	1.3960237519619683	0.004299570042995701	chr3	169482079.0	169482193.0	sense	0.08264729082647292	1.0827713780078057	0.05
ESX1	14	24	1.364596738527585	0.011398860113988602	chr3	169482079.0	169482193.0	antisense	0.12325017498250176	0.9092124554675194	0.05
Neurog1	13	23	1.3335824012102597	0.009099090090990901	chr3	169482079.0	169482193.0	sense	0.11518116481034824	0.9386185338270467	0.05
GSX1	14	24	1.331586141255902	0.030596940305969402	chr3	169482079.0	169482193.0	antisense	0.17900794190243896	0.7471277005961312	0.05
HOXC10	13	23	1.3238179539352883	0.0012998700129987	chr3	169482079.0	169482193.0	antisense	0.044975502449755025	1.3470239761772493	0.05
Bcl6	10	24	1.3218783744075735	0.0020997900209979003	chr3	169482079.0	169482193.0	antisense	0.054489551044895515	1.2636867703584667	0.05
Hoxa11	12	24	1.3058794929447115	0.0030996900309969004	chr3	169482079.0	169482193.0	antisense	0.06434956504349565	1.1914543842661698	0.05
Arid5a	13	27	1.2971128286824105	0.022897710228977103	chr3	169482079.0	169482193.0	sense	0.16052794720527944	0.7944493479292053	0.05
Tcf7	12	24	1.2842553330071622	0.0007999200079992001	chr3	169482079.0	169482193.0	antisense	0.03592717651311792	1.4445769122959167	0.05
HOXD12	13	24	1.2643554709471472	0.0008999100089991	chr3	169482079.0	169482193.0	antisense	0.03592717651311792	1.4445769122959167	0.05
Nr2e1	9	18	1.246888832879867	0.0016998300169983002	chr3	169482079.0	169482193.0	antisense	0.051894810518948106	1.2848760694284047	0.05
LEF1	9	24	1.2466143895432862	0.0018998100189981002	chr3	169482079.0	169482193.0	antisense	0.054489551044895515	1.2636867703584667	0.05
RUNX3	15	25	1.240465510394756	0.0026997300269973002	chr3	169482079.0	169482193.0	antisense	0.06270622937706229	1.2026893132410548	0.05
Hoxc9	11	24	1.2403583962012046	0.0025997400259974	chr3	169482079.0	169482193.0	antisense	0.06270622937706229	1.2026893132410548	0.05
SPIC	7	21	1.2088226651798122	0.0245975402459754	chr3	169482079.0	169482193.0	antisense	0.1636682485597594	0.7860355650155062	0.05
Hmx3	10	27	1.19972614754324	0.039996000399960006	chr3	169482079.0	169482193.0	antisense	0.1872364763523648	0.7276095405585006	0.05
ZBTB7C	14	26	1.1973058353170665	0.017698230176982303	chr3	169482079.0	169482193.0	antisense	0.15653516615551558	0.8053880814296355	0.05
CENPB	10	25	1.1910440352126808	0.0093990600939906	chr3	169482079.0	169482193.0	antisense	0.11614552830431242	0.9349975062266066	0.05
Hmx1	9	26	1.1846726164565664	0.034096590340965904	chr3	169482079.0	169482193.0	antisense	0.18234598558492773	0.7391037934004058	0.05
Gmeb1	5	22	1.1834965458953852	0.15798420157984203	chr3	169482079.0	169482193.0	sense	0.32025357775506497	0.4945060097781143	0.05
Barhl1	11	21	1.1714865414671454	0.027597240275972403	chr3	169482079.0	169482193.0	antisense	0.17256587594252623	0.7630450797392611	0.05
Hmx2	10	27	1.1702358671317787	0.03799620037996201	chr3	169482079.0	169482193.0	antisense	0.18234598558492773	0.7391037934004058	0.05
HOXB2	14	24	1.16905825203167	0.0306969303069693	chr3	169482079.0	169482193.0	antisense	0.17900794190243896	0.7471277005961312	0.05
MYBL2	9	24	1.1606062652203024	0.0020997900209979003	chr3	169482079.0	169482193.0	antisense	0.054489551044895515	1.2636867703584667	0.05
PBX1	14	26	1.158060212839556	0.0035996400359964	chr3	169482079.0	169482193.0	antisense	0.07185435302623584	1.1435469166319354	0.05
GSC2	11	21	1.1285421967162925	0.022997700229977002	chr3	169482079.0	169482193.0	antisense	0.16052794720527944	0.7944493479292053	0.05
Prrx2	15	23	1.1264318337211663	0.0164983501649835	chr3	169482079.0	169482193.0	antisense	0.15653516615551558	0.8053880814296355	0.05
Dlx3	12	20	1.1114153348717406	0.010698930106989302	chr3	169482079.0	169482193.0	sense	0.12325017498250176	0.9092124554675194	0.05
LBX2	11	21	1.1092790487708244	0.0245975402459754	chr3	169482079.0	169482193.0	sense	0.1636682485597594	0.7860355650155062	0.05
MYBL1	11	23	1.1052687289794447	0.0011998800119988001	chr3	169482079.0	169482193.0	antisense	0.04448126615909838	1.351822859059018	0.05
Dlx1	11	21	1.1019124466885646	0.0372962703729627	chr3	169482079.0	169482193.0	sense	0.18234598558492773	0.7391037934004058	0.05
MEF2C	10	25	1.1008894743840634	0.0374962503749625	chr3	169482079.0	169482193.0	antisense	0.18234598558492773	0.7391037934004058	0.05
FOXF2	11	25	1.0999944967748558	0.015798420157984203	chr3	169482079.0	169482193.0	antisense	0.15653516615551558	0.8053880814296355	0.05
MEOX2	14	24	1.0944014733849758	0.047295270472952705	chr3	169482079.0	169482193.0	antisense	0.19028097190280974	0.7206046389898422	0.05
ALX3	14	24	1.0925790767328996	0.050794920507949204	chr3	169482079.0	169482193.0	antisense	0.19498711893516532	0.7099940776639095	0.05
MNX1	14	24	1.0918634106401224	0.021497850214978503	chr3	169482079.0	169482193.0	antisense	0.15787717002947593	0.8016806669965492	0.05
YY2	16	27	1.081069967133311	0.0058994100589941	chr3	169482079.0	169482193.0	antisense	0.10205979402059794	0.9911453125059231	0.05
EMX1	11	21	1.0674991040503123	0.028097190280971903	chr3	169482079.0	169482193.0	antisense	0.17360049709314782	0.7604490355852066	0.05
RAX2	15	23	1.0548611279087614	0.0206979302069793	chr3	169482079.0	169482193.0	antisense	0.15787717002947593	0.8016806669965492	0.05
Dlx4	12	20	1.0500333118121523	0.0105989401059894	chr3	169482079.0	169482193.0	sense	0.12325017498250176	0.9092124554675194	0.05
HOXC11	13	24	1.0428936067272285	0.005599440055994401	chr3	169482079.0	169482193.0	antisense	0.10205979402059794	0.9911453125059231	0.05
LHX9	15	23	1.0351316568326976	0.0122987701229877	chr3	169482079.0	169482193.0	antisense	0.13026656518021668	0.8851670380175205	0.05
HOXD11	13	23	1.034046671016526	0.006199380061993801	chr3	169482079.0	169482193.0	antisense	0.10378962103789621	0.9838460737644236	0.05
SHOX	15	23	1.0310401496174997	0.0183981601839816	chr3	169482079.0	169482193.0	sense	0.15653516615551558	0.8053880814296355	0.05
Hoxa9	12	23	1.0223941602897892	0.006999300069993001	chr3	169482079.0	169482193.0	antisense	0.10378962103789621	0.9838460737644236	0.05
Pou5f1::Sox2	11	26	1.0136692678371262	0.025697430256974303	chr3	169482079.0	169482193.0	sense	0.16882235827050207	0.7725700373875517	0.05
CTCF	6	25	1.0090300601107027	0.026497350264973504	chr3	169482079.0	169482193.0	antisense	0.16977931836445986	0.7701152143702467	0.05
Gabpa	11	22	1.0068967636016375	0.0071992800719928	chr3	169482079.0	169482193.0	antisense	0.10378962103789621	0.9838460737644236	0.05
NKX6-2	15	23	0.9821146006335413	0.0326967303269673	chr3	169482079.0	169482193.0	antisense	0.18234598558492773	0.7391037934004058	0.05
THAP1	16	25	0.9807296234544798	0.0872912708729127	chr3	169482079.0	169482193.0	antisense	0.23527440002113778	0.6284253254138653	0.05
Arx	10	27	0.9787477260066989	0.044795520447955206	chr3	169482079.0	169482193.0	sense	0.1872364763523648	0.7276095405585006	0.05
STAT1::STAT2	5	20	0.9656134603564063	0.029097090290970903	chr3	169482079.0	169482193.0	sense	0.1755975565234174	0.7554815316860652	0.05
Arid3a	14	20	0.9654770775879217	0.0014998500149985001	chr3	169482079.0	169482193.0	antisense	0.048651384861513845	1.3129047930286484	0.05
Stat4	11	25	0.9497209917969547	0.020097990200979902	chr3	169482079.0	169482193.0	antisense	0.15787717002947593	0.8016806669965492	0.05
HOXC13	13	24	0.9451286599111138	0.007599240075992401	chr3	169482079.0	169482193.0	antisense	0.10378962103789621	0.9838460737644236	0.05
HOXC12	13	24	0.9446987932252235	0.0082991700829917	chr3	169482079.0	169482193.0	antisense	0.10768173182681731	0.9678579683802934	0.05
Nr1h3::Rxra	6	25	0.9384277965206269	0.08709129087091291	chr3	169482079.0	169482193.0	antisense	0.23527440002113778	0.6284253254138653	0.05
LMX1B	15	23	0.931299618015823	0.06869313068693131	chr3	169482079.0	169482193.0	antisense	0.2134834420749542	0.6706358035164376	0.05
PRDM1	5	20	0.9301513579650623	0.061693830616938304	chr3	169482079.0	169482193.0	antisense	0.20924253728473305	0.6793500223375976	0.05
HOXB3	14	24	0.9268517743723266	0.0720927907209279	chr3	169482079.0	169482193.0	antisense	0.21753580455907895	0.6624692516165247	0.05
MEF2B	11	23	0.9252812947590093	0.0027997200279972004	chr3	169482079.0	169482193.0	antisense	0.06270622937706229	1.2026893132410548	0.05
Foxj3	8	25	0.9244268221807679	0.148985101489851	chr3	169482079.0	169482193.0	antisense	0.31432222631395396	0.50262490811951	0.05
RUNX2	16	25	0.9198165410303316	0.010998900109989001	chr3	169482079.0	169482193.0	antisense	0.12325017498250176	0.9092124554675194	0.05
MEF2D	11	23	0.9158115957641696	0.0065993400659934	chr3	169482079.0	169482193.0	antisense	0.10378962103789621	0.9838460737644236	0.05
GCM2	17	27	0.9113706847309186	0.020497950204979503	chr3	169482079.0	169482193.0	sense	0.15787717002947593	0.8016806669965492	0.05
MIXL1	14	24	0.9057507048513518	0.1202879712028797	chr3	169482079.0	169482193.0	antisense	0.28333639850300685	0.5476976307262822	0.05
BSX	15	23	0.9023908930578843	0.017998200179982	chr3	169482079.0	169482193.0	antisense	0.15653516615551558	0.8053880814296355	0.05
Hes2	12	25	0.9023198509677847	0.1952804719528047	chr3	169482079.0	169482193.0	antisense	0.33983290634147284	0.4687345702857155	0.05
NFATC1	7	17	0.895773771300831	0.09619038096190381	chr3	169482079.0	169482193.0	sense	0.25470820264912286	0.5939570687470679	0.05
ZBTB7B	14	26	0.8930216178857397	0.024197580241975804	chr3	169482079.0	169482193.0	antisense	0.1636682485597594	0.7860355650155062	0.05
NFATC3	13	23	0.8822404161695008	0.08449155084491551	chr3	169482079.0	169482193.0	sense	0.23407871978759567	0.6306380664353709	0.05
ELK4	12	23	0.8821844705802551	0.0187981201879812	chr3	169482079.0	169482193.0	sense	0.15735845770261683	0.8031099096629788	0.05
Mecom	7	21	0.8820364043628233	0.0364963503649635	chr3	169482079.0	169482193.0	antisense	0.18234598558492773	0.7391037934004058	0.05
ETV5	13	23	0.8736413082175233	0.035896410358964105	chr3	169482079.0	169482193.0	antisense	0.18234598558492773	0.7391037934004058	0.05
GATA5	14	22	0.8697617198713621	0.041995800419958006	chr3	169482079.0	169482193.0	antisense	0.1872364763523648	0.7276095405585006	0.05
SOX9	16	25	0.8694549382439498	0.0435956404359564	chr3	169482079.0	169482193.0	sense	0.1872364763523648	0.7276095405585006	0.05
POU4F3	8	24	0.8673252641216931	0.10738926107389261	chr3	169482079.0	169482193.0	antisense	0.27346530052877066	0.5630977726026793	0.05
ETV2	13	24	0.8650014173576994	0.014798520147985201	chr3	169482079.0	169482193.0	antisense	0.1505967050353788	0.8221845301313838	0.05
Nr5a2	8	23	0.8619920853360777	0.0382961703829617	chr3	169482079.0	169482193.0	antisense	0.18234598558492773	0.7391037934004058	0.05
DLX6	12	20	0.8619259623465333	0.026297370262973702	chr3	169482079.0	169482193.0	sense	0.16977931836445986	0.7701152143702467	0.05
Stat6	12	27	0.861791428569248	0.04559544045595441	chr3	169482079.0	169482193.0	antisense	0.1878097904495265	0.7262817718815326	0.05
RAX	11	21	0.8557093627438456	0.04229577042295771	chr3	169482079.0	169482193.0	sense	0.1872364763523648	0.7276095405585006	0.05
ISL2	11	19	0.8504889054378689	0.043495650434956505	chr3	169482079.0	169482193.0	sense	0.1872364763523648	0.7276095405585006	0.05
ETS1	13	23	0.8498243010970437	0.014298570142985701	chr3	169482079.0	169482193.0	antisense	0.14841915808419157	0.8285100362993618	0.05
ETV3	13	23	0.8497850738027997	0.020897910208979104	chr3	169482079.0	169482193.0	antisense	0.15787717002947593	0.8016806669965492	0.05
UNCX	15	23	0.8467420360186265	0.0786921307869213	chr3	169482079.0	169482193.0	antisense	0.22650221165728732	0.6449275530071479	0.05
FEV	13	23	0.8394718819235422	0.018198180181981802	chr3	169482079.0	169482193.0	antisense	0.15653516615551558	0.8053880814296355	0.05
GATA2	10	24	0.8325297589675982	0.07839216078392161	chr3	169482079.0	169482193.0	sense	0.22650221165728732	0.6449275530071479	0.05
Rhox11	9	26	0.8299271608846591	0.1735826417358264	chr3	169482079.0	169482193.0	antisense	0.3242492297532837	0.4891210468993824	0.05
NR4A2	8	16	0.8275262170435893	0.0112988701129887	chr3	169482079.0	169482193.0	antisense	0.12325017498250176	0.9092124554675194	0.05
Hoxb5	7	23	0.8251768236090565	0.13758624137586242	chr3	169482079.0	169482193.0	antisense	0.30257313251725676	0.5191696384990189	0.05
Gata1	11	22	0.8248812060650383	0.044995500449955005	chr3	169482079.0	169482193.0	sense	0.1872364763523648	0.7276095405585006	0.05
GLI2	14	26	0.8193648846891242	0.037196280371962806	chr3	169482079.0	169482193.0	antisense	0.18234598558492773	0.7391037934004058	0.05
HESX1	11	21	0.8136795924810543	0.022497750224977502	chr3	169482079.0	169482193.0	antisense	0.16052794720527944	0.7944493479292053	0.05
Nobox	16	24	0.8118721716604768	0.0231976802319768	chr3	169482079.0	169482193.0	sense	0.16052794720527944	0.7944493479292053	0.05
Pparg::Rxra	10	25	0.8117961304937867	0.17588241175882413	chr3	169482079.0	169482193.0	antisense	0.32517067442191955	0.48788862824100176	0.05
ZBTB7A	15	27	0.810805985374738	0.062193780621937804	chr3	169482079.0	169482193.0	antisense	0.20924253728473305	0.6793500223375976	0.05
TFAP2B(var.3)	10	23	0.8103705099106293	0.035996400359964	chr3	169482079.0	169482193.0	sense	0.18234598558492773	0.7391037934004058	0.05
EN2	11	21	0.8086266904792947	0.07439256074392561	chr3	169482079.0	169482193.0	sense	0.22189505187412295	0.6538523821651258	0.05
FOXP1	10	25	0.8065370356247703	0.1526847315268473	chr3	169482079.0	169482193.0	antisense	0.32025357775506497	0.4945060097781143	0.05
NKX3-2	11	20	0.8063703946482234	0.0337966203379662	chr3	169482079.0	169482193.0	sense	0.18234598558492773	0.7391037934004058	0.05
Dmbx1	7	24	0.8026602847174285	0.15858414158584141	chr3	169482079.0	169482193.0	sense	0.32025357775506497	0.4945060097781143	0.05
Twist2	13	23	0.8024937117380931	0.021597840215978402	chr3	169482079.0	169482193.0	antisense	0.15787717002947593	0.8016806669965492	0.05
VENTX	15	24	0.797418791269617	0.0168983101689831	chr3	169482079.0	169482193.0	antisense	0.15653516615551558	0.8053880814296355	0.05
TFAP2A(var.3)	10	23	0.7916894030980974	0.05069493050694931	chr3	169482079.0	169482193.0	sense	0.19498711893516532	0.7099940776639095	0.05
Rarg(var.2)	9	26	0.7867570560148698	0.0082991700829917	chr3	169482079.0	169482193.0	antisense	0.10768173182681731	0.9678579683802934	0.05
Hoxd3	10	26	0.7847458538904006	0.21787821217878212	chr3	169482079.0	169482193.0	sense	0.3549929382061794	0.44978028618037913	0.05
VSX1	12	20	0.7827869169449176	0.071992800719928	chr3	169482079.0	169482193.0	sense	0.21753580455907895	0.6624692516165247	0.05
CUX2	16	26	0.7802272962235565	0.041195880411958805	chr3	169482079.0	169482193.0	antisense	0.1872364763523648	0.7276095405585006	0.05
HOXA5	13	21	0.7798610483349744	0.029497050294970503	chr3	169482079.0	169482193.0	sense	0.1759651621044792	0.7545733060688603	0.05
ELK3	13	23	0.7754979414639179	0.0341965803419658	chr3	169482079.0	169482193.0	antisense	0.18234598558492773	0.7391037934004058	0.05
Nkx2-5(var.2)	13	24	0.7747537766785257	0.036096390360963904	chr3	169482079.0	169482193.0	antisense	0.18234598558492773	0.7391037934004058	0.05
ERG	13	23	0.7733335244103401	0.0268973102689731	chr3	169482079.0	169482193.0	antisense	0.17024029304386634	0.7689376418097136	0.05
MSX2	15	23	0.7716248974671381	0.0287971202879712	chr3	169482079.0	169482193.0	antisense	0.1755975565234174	0.7554815316860652	0.05
Dlx2	15	23	0.7659544345421089	0.0438956104389561	chr3	169482079.0	169482193.0	antisense	0.1872364763523648	0.7276095405585006	0.05
Esrrg	16	26	0.7655757703454109	0.017598240175982403	chr3	169482079.0	169482193.0	sense	0.15653516615551558	0.8053880814296355	0.05
GLIS2	13	27	0.7654698992297088	0.055394460553944605	chr3	169482079.0	169482193.0	antisense	0.19910661995024986	0.7009143001932386	0.05
Rarb(var.2)	9	26	0.7619797157182753	0.011398860113988602	chr3	169482079.0	169482193.0	antisense	0.12325017498250176	0.9092124554675194	0.05
TFAP2C(var.3)	10	23	0.7617139293493769	0.051094890510948905	chr3	169482079.0	169482193.0	sense	0.19498711893516532	0.7099940776639095	0.05
FLI1	13	23	0.7605972765172412	0.019698030196980302	chr3	169482079.0	169482193.0	antisense	0.15787717002947593	0.8016806669965492	0.05
ONECUT3	5	19	0.7602135860248301	0.09099090090990901	chr3	169482079.0	169482193.0	antisense	0.2434241111971277	0.6136364070375373	0.05
Esrra	15	26	0.7596821231008927	0.006999300069993001	chr3	169482079.0	169482193.0	sense	0.10378962103789621	0.9838460737644236	0.05
FOXC2	5	17	0.7596128125808906	0.14158584141585842	chr3	169482079.0	169482193.0	antisense	0.30432141970988086	0.516667478682188	0.05
PRRX1	15	23	0.7552997147099313	0.0750924907509249	chr3	169482079.0	169482193.0	antisense	0.22270287256988586	0.6522741811105309	0.05
EVX1	11	21	0.7545430476987501	0.15948405159484053	chr3	169482079.0	169482193.0	sense	0.32082256890590016	0.49373508799843496	0.05
TBX2	5	16	0.754171574852822	0.12378762123787622	chr3	169482079.0	169482193.0	antisense	0.2845110225819523	0.5459009034208022	0.05
Foxq1	10	21	0.7534847130691729	0.07139286071392861	chr3	169482079.0	169482193.0	sense	0.21753580455907895	0.6624692516165247	0.05
CUX1	16	26	0.7525147610387393	0.046495350464953504	chr3	169482079.0	169482193.0	antisense	0.18974040095990402	0.7218401860021492	0.05
RORA	10	20	0.7476131735473849	0.016998300169983	chr3	169482079.0	169482193.0	antisense	0.15653516615551558	0.8053880814296355	0.05
SNAI2	9	18	0.7468625995743611	0.056394360563943605	chr3	169482079.0	169482193.0	antisense	0.19910661995024986	0.7009143001932386	0.05
NR2F1	5	18	0.7453482015317334	0.0810918908109189	chr3	169482079.0	169482193.0	antisense	0.22873201810253754	0.6406730382267853	0.05
Stat5a::Stat5b	15	26	0.744134320950151	0.033396660333966606	chr3	169482079.0	169482193.0	antisense	0.18234598558492773	0.7391037934004058	0.05
LMX1A	15	23	0.7441172705933309	0.10748925107489252	chr3	169482079.0	169482193.0	antisense	0.27346530052877066	0.5630977726026793	0.05
POU2F1	15	27	0.7421484403863112	0.11708829117088292	chr3	169482079.0	169482193.0	sense	0.2829104186355558	0.5483510586490039	0.05
EVX2	11	21	0.7418576524614792	0.1787821217878212	chr3	169482079.0	169482193.0	sense	0.326117914524337	0.4866253435878835	0.05
OLIG3	13	23	0.7333538201556395	0.0438956104389561	chr3	169482079.0	169482193.0	antisense	0.1872364763523648	0.7276095405585006	0.05
MSX1	12	20	0.7312726268162488	0.04999500049995	chr3	169482079.0	169482193.0	sense	0.19498711893516532	0.7099940776639095	0.05
ETV1	13	23	0.7300689652461141	0.06459354064593541	chr3	169482079.0	169482193.0	antisense	0.21084306663673255	0.6760406757537722	0.05
Sox3	13	23	0.7268413987992779	0.06769323067693231	chr3	169482079.0	169482193.0	sense	0.21320639020435306	0.671199782811981	0.05
BARX1	15	23	0.7255922141375516	0.044195580441955803	chr3	169482079.0	169482193.0	antisense	0.1872364763523648	0.7276095405585006	0.05
GBX2	11	21	0.7252439136820202	0.06969303069693031	chr3	169482079.0	169482193.0	sense	0.2143347795397975	0.6689073514189173	0.05
NFAT5	7	17	0.7239309221210657	0.12498750124987501	chr3	169482079.0	169482193.0	sense	0.2845110225819523	0.5459009034208022	0.05
Sox2	12	20	0.7212201860285783	0.016798320167983202	chr3	169482079.0	169482193.0	sense	0.15653516615551558	0.8053880814296355	0.05
ETV4	13	23	0.720953190839848	0.0660933906609339	chr3	169482079.0	169482193.0	antisense	0.21238431712384317	0.6728775555662626	0.05
RARA(var.2)	9	26	0.7209354984339146	0.020097990200979902	chr3	169482079.0	169482193.0	antisense	0.15787717002947593	0.8016806669965492	0.05
Pax2	14	22	0.7193190223373161	0.1685831416858314	chr3	169482079.0	169482193.0	sense	0.3242492297532837	0.4891210468993824	0.05
NEUROD2	13	23	0.718238052708789	0.047795220477952205	chr3	169482079.0	169482193.0	sense	0.1905450676306415	0.7200022887103373	0.05
Pax6	13	27	0.7158976265592691	0.10228977102289771	chr3	169482079.0	169482193.0	antisense	0.2667758349793162	0.5738535121259513	0.05
HNF4G	9	24	0.7141726367771988	0.13908609139086092	chr3	169482079.0	169482193.0	antisense	0.3041733641761874	0.5168788188753004	0.05
ERF	13	23	0.7137057615514754	0.033096690330966905	chr3	169482079.0	169482193.0	antisense	0.18234598558492773	0.7391037934004058	0.05
SPIB	10	17	0.7128719464109239	0.04509549045095491	chr3	169482079.0	169482193.0	antisense	0.1872364763523648	0.7276095405585006	0.05
BCL6B	10	27	0.7121320246766512	0.007499250074992501	chr3	169482079.0	169482193.0	sense	0.10378962103789621	0.9838460737644236	0.05
MAFG	6	27	0.7099065272022366	0.13438656134386562	chr3	169482079.0	169482193.0	sense	0.30063200576494076	0.5219647856014981	0.05
Foxk1	8	25	0.7092057260239433	0.20717928207179281	chr3	169482079.0	169482193.0	antisense	0.346858217404066	0.4598480121894821	0.05
Sox17	15	24	0.708705059527683	0.05629437056294371	chr3	169482079.0	169482193.0	sense	0.19910661995024986	0.7009143001932386	0.05
Alx4	10	27	0.7085445272723015	0.18998100189981001	chr3	169482079.0	169482193.0	antisense	0.33651924909898084	0.4729900888296854	0.05
Nkx2-5	13	20	0.706707694291374	0.0435956404359564	chr3	169482079.0	169482193.0	antisense	0.1872364763523648	0.7276095405585006	0.05
NFYA	9	27	0.7052580361140333	0.12138786121387861	chr3	169482079.0	169482193.0	sense	0.28333639850300685	0.5476976307262822	0.05
POU5F1B	17	26	0.6967244872342178	0.06569343065693431	chr3	169482079.0	169482193.0	sense	0.21238431712384317	0.6728775555662626	0.05
Spz1	12	23	0.6944447590630577	0.07849215078492151	chr3	169482079.0	169482193.0	antisense	0.22650221165728732	0.6449275530071479	0.05
NOTO	11	21	0.6925880138959505	0.09709029097090291	chr3	169482079.0	169482193.0	sense	0.2557860965172518	0.5921230656819929	0.05
TEAD1	10	20	0.6914906689583837	0.12218778122187782	chr3	169482079.0	169482193.0	sense	0.28333639850300685	0.5476976307262822	0.05
RARA::RXRA	9	26	0.6900439780667015	0.16618338166183383	chr3	169482079.0	169482193.0	antisense	0.324148928390743	0.4892554097999525	0.05
MEIS3	12	20	0.6862358957592687	0.06229377062293771	chr3	169482079.0	169482193.0	antisense	0.20924253728473305	0.6793500223375976	0.05
GATA1::TAL1	9	27	0.6845719465371705	0.1957804219578042	chr3	169482079.0	169482193.0	antisense	0.33983290634147284	0.4687345702857155	0.05
MEF2A	11	23	0.6822447625653798	0.055394460553944605	chr3	169482079.0	169482193.0	antisense	0.19910661995024986	0.7009143001932386	0.05
Gata4	12	23	0.681931501165164	0.07389261073892611	chr3	169482079.0	169482193.0	sense	0.22167783221677834	0.6542777341623744	0.05
ELF5	7	18	0.6806349115367331	0.1366863313668633	chr3	169482079.0	169482193.0	antisense	0.3018732169336258	0.5201754171323189	0.05
ESRRB	16	27	0.6792985163254713	0.021597840215978402	chr3	169482079.0	169482193.0	sense	0.15787717002947593	0.8016806669965492	0.05
IRF7	7	21	0.67725692250727	0.08749125087491251	chr3	169482079.0	169482193.0	antisense	0.23527440002113778	0.6284253254138653	0.05
PITX3	12	21	0.6761334322555178	0.12208779122087791	chr3	169482079.0	169482193.0	antisense	0.28333639850300685	0.5476976307262822	0.05
Znf423	11	26	0.6756310269212019	0.040695930406959305	chr3	169482079.0	169482193.0	sense	0.1872364763523648	0.7276095405585006	0.05
SPI1	5	19	0.6735494850657238	0.0446955304469553	chr3	169482079.0	169482193.0	antisense	0.1872364763523648	0.7276095405585006	0.05
LHX2	14	24	0.6713601615892557	0.11398860113988601	chr3	169482079.0	169482193.0	antisense	0.2790569999603813	0.5543070790206837	0.05
Msx3	12	20	0.6692859338420594	0.055194480551944806	chr3	169482079.0	169482193.0	sense	0.19910661995024986	0.7009143001932386	0.05
Nkx3-1	11	20	0.669131847771955	0.06259374062593741	chr3	169482079.0	169482193.0	sense	0.20924253728473305	0.6793500223375976	0.05
Hes1	8	18	0.6690401468040665	0.5657434256574343	chr3	169482079.0	169482193.0	antisense	0.6328035299918284	0.19873110686231366	0.05
ONECUT2	5	19	0.6648132291874098	0.15728427157284272	chr3	169482079.0	169482193.0	antisense	0.32025357775506497	0.4945060097781143	0.05
POU1F1	13	27	0.6645151336700276	0.16518348165183483	chr3	169482079.0	169482193.0	antisense	0.324148928390743	0.4892554097999525	0.05
SOX10	12	18	0.6643533968228379	0.05549445055494451	chr3	169482079.0	169482193.0	sense	0.19910661995024986	0.7009143001932386	0.05
NKX6-1	15	23	0.6638781316824648	0.07899210078992101	chr3	169482079.0	169482193.0	antisense	0.22650221165728732	0.6449275530071479	0.05
Hand1::Tcf3	15	25	0.6628083068796939	0.12398760123987601	chr3	169482079.0	169482193.0	sense	0.2845110225819523	0.5459009034208022	0.05
FOXD2	13	20	0.6624926620235108	0.06629337066293371	chr3	169482079.0	169482193.0	antisense	0.21238431712384317	0.6728775555662626	0.05
Arid3b	12	23	0.6613907416579325	0.2111788821117888	chr3	169482079.0	169482193.0	antisense	0.3501656224153942	0.4557264931130788	0.05
ELF1	12	24	0.6611154935100131	0.048095190480951906	chr3	169482079.0	169482193.0	antisense	0.1905450676306415	0.7200022887103373	0.05
FIGLA	8	18	0.6604619349584491	0.10378962103789621	chr3	169482079.0	169482193.0	sense	0.26933406659334064	0.5697087115799471	0.05
STAT1	14	25	0.659940278307108	0.0377962203779622	chr3	169482079.0	169482193.0	antisense	0.18234598558492773	0.7391037934004058	0.05
ELK1	13	23	0.6593283880660896	0.034096590340965904	chr3	169482079.0	169482193.0	antisense	0.18234598558492773	0.7391037934004058	0.05
STAT3	15	26	0.6592147936327021	0.055094490550944904	chr3	169482079.0	169482193.0	sense	0.19910661995024986	0.7009143001932386	0.05
INSM1	15	27	0.6590571774600995	0.09209079092090791	chr3	169482079.0	169482193.0	sense	0.24510318198949338	0.6106510505940739	0.05
POU6F2	10	20	0.6581708112678222	0.07599240075992401	chr3	169482079.0	169482193.0	sense	0.2228251751096077	0.6520357435094201	0.05
MEOX1	11	21	0.6533528033724953	0.14508549145085492	chr3	169482079.0	169482193.0	sense	0.3073443676040559	0.5123747413552013	0.05
Pou2f3	5	21	0.6501298013075276	0.1912808719128087	chr3	169482079.0	169482193.0	sense	0.33766929429506026	0.47150842981326624	0.05
VAX1	12	20	0.6498638892859105	0.21297870212978703	chr3	169482079.0	169482193.0	sense	0.35090776636622056	0.4548070197792676	0.05
YY1	8	20	0.6496924611830984	0.07999200079992001	chr3	169482079.0	169482193.0	antisense	0.22686255964567478	0.6442371721668907	0.05
Atoh1	13	23	0.6487305137086513	0.0847915208479152	chr3	169482079.0	169482193.0	antisense	0.23407871978759567	0.6306380664353709	0.05
HOXA2	11	21	0.641343836755325	0.2766723327667233	chr3	169482079.0	169482193.0	sense	0.40507188717747944	0.39246789670126714	0.05
ELF4	12	24	0.6407718297685928	0.0542945705429457	chr3	169482079.0	169482193.0	antisense	0.19910661995024986	0.7009143001932386	0.05
OLIG2	13	23	0.6372816214205304	0.04989501049895011	chr3	169482079.0	169482193.0	sense	0.19498711893516532	0.7099940776639095	0.05
ONECUT1	5	19	0.6357108091632029	0.15348465153484653	chr3	169482079.0	169482193.0	antisense	0.32025357775506497	0.4945060097781143	0.05
EMX2	11	21	0.6347755370355971	0.1121887811218878	chr3	169482079.0	169482193.0	sense	0.2790569999603813	0.5543070790206837	0.05
POU4F1	10	24	0.632181258886921	0.2542745725427457	chr3	169482079.0	169482193.0	antisense	0.38700440806359243	0.4122840882451937	0.05
FOXP3	13	20	0.631933926622234	0.08549145085491451	chr3	169482079.0	169482193.0	antisense	0.23461916966198118	0.6296365065499915	0.05
Nr2f6	9	23	0.6309735340684942	0.0678932106789321	chr3	169482079.0	169482193.0	antisense	0.21320639020435306	0.671199782811981	0.05
Sox1	9	24	0.6294144787551785	0.05749425057494251	chr3	169482079.0	169482193.0	antisense	0.20026520837849102	0.6983944931510484	0.05
LBX1	12	20	0.6291451995499425	0.06819318068193181	chr3	169482079.0	169482193.0	antisense	0.21320639020435306	0.671199782811981	0.05
Mafb	6	18	0.6264594917758025	0.1932806719328067	chr3	169482079.0	169482193.0	antisense	0.33983290634147284	0.4687345702857155	0.05
Foxa2	7	19	0.6224661386993903	0.1337866213378662	chr3	169482079.0	169482193.0	sense	0.3005855258629981	0.5220319358887449	0.05
GSC	11	21	0.6209685589763616	0.17368263173682633	chr3	169482079.0	169482193.0	antisense	0.3242492297532837	0.4891210468993824	0.05
Lhx4	15	23	0.6208628383442797	0.16448355164483552	chr3	169482079.0	169482193.0	antisense	0.324148928390743	0.4892554097999525	0.05
SRY	13	22	0.6204704998750235	0.18668133186681332	chr3	169482079.0	169482193.0	antisense	0.3329471176593681	0.47762474046523384	0.05
Gfi1b	14	25	0.6147300833921199	0.1065893410658934	chr3	169482079.0	169482193.0	antisense	0.27346530052877066	0.5630977726026793	0.05
TEAD4	10	20	0.6132799512785841	0.17838216178382163	chr3	169482079.0	169482193.0	sense	0.326117914524337	0.4866253435878835	0.05
POU3F4	17	26	0.6112489083200516	0.046795320467953205	chr3	169482079.0	169482193.0	sense	0.18974040095990402	0.7218401860021492	0.05
Shox2	12	20	0.6094558897530413	0.11758824117588242	chr3	169482079.0	169482193.0	sense	0.2829104186355558	0.5483510586490039	0.05
VAX2	12	20	0.6084730982028732	0.21957804219578042	chr3	169482079.0	169482193.0	sense	0.3550187037371029	0.4497487660552226	0.05
NRL	16	27	0.6079046444090598	0.40945905409459055	chr3	169482079.0	169482193.0	sense	0.5083953327155323	0.2937984451070027	0.05
POU2F2	13	26	0.6072680252510598	0.1394860513948605	chr3	169482079.0	169482193.0	sense	0.3041733641761874	0.5168788188753004	0.05
GLIS3	13	27	0.6069318757310866	0.061693830616938304	chr3	169482079.0	169482193.0	antisense	0.20924253728473305	0.6793500223375976	0.05
Rarg	8	24	0.6036077343858094	0.043495650434956505	chr3	169482079.0	169482193.0	antisense	0.1872364763523648	0.7276095405585006	0.05
E2F1	5	17	0.6023722021621855	0.14088591140885912	chr3	169482079.0	169482193.0	antisense	0.30432141970988086	0.516667478682188	0.05
Foxo1	10	21	0.6020605086223737	0.11808819118088192	chr3	169482079.0	169482193.0	sense	0.2829104186355558	0.5483510586490039	0.05
Rarb	9	25	0.6016994161071915	0.035996400359964	chr3	169482079.0	169482193.0	antisense	0.18234598558492773	0.7391037934004058	0.05
Ddit3::Cebpa	10	22	0.6013981757069872	0.1947805219478052	chr3	169482079.0	169482193.0	antisense	0.33983290634147284	0.4687345702857155	0.05
OTX2	15	23	0.6008543519931334	0.11358864113588642	chr3	169482079.0	169482193.0	sense	0.2790569999603813	0.5543070790206837	0.05
Mitf	12	22	0.5965169929916398	0.36406359364063595	chr3	169482079.0	169482193.0	sense	0.47091643193000804	0.32705615523146986	0.05
Dux	15	23	0.594756124781121	0.057194280571942806	chr3	169482079.0	169482193.0	antisense	0.20026520837849102	0.6983944931510484	0.05
NR1H2::RXRA	7	24	0.5935901232193203	0.0314968503149685	chr3	169482079.0	169482193.0	antisense	0.18163183681631836	0.7408080250781293	0.05
HNF1B	14	27	0.5900662641061615	0.12858714128587143	chr3	169482079.0	169482193.0	sense	0.29015967968420553	0.5373629368577943	0.05
BHLHE22	13	23	0.5874050715042237	0.06979302069793021	chr3	169482079.0	169482193.0	antisense	0.2143347795397975	0.6689073514189173	0.05
Rfx1	12	26	0.586432312167819	0.1673832616738326	chr3	169482079.0	169482193.0	antisense	0.324148928390743	0.4892554097999525	0.05
NKX2-8	10	19	0.5838665860171361	0.17638236176382363	chr3	169482079.0	169482193.0	sense	0.32517067442191955	0.48788862824100176	0.05
ZIC4	7	22	0.581621865272417	0.27387261273872615	chr3	169482079.0	169482193.0	sense	0.40395392278953923	0.39366817008614785	0.05
Alx1	10	27	0.5758543524948461	0.3284671532846715	chr3	169482079.0	169482193.0	antisense	0.4460514784030736	0.3506150168567953	0.05
MZF1(var.2)	16	26	0.5751366447136071	0.2618738126187381	chr3	169482079.0	169482193.0	sense	0.39509450217768916	0.4032990135747028	0.05
GATA3	12	20	0.574308069865434	0.05399460053994601	chr3	169482079.0	169482193.0	antisense	0.19910661995024986	0.7009143001932386	0.05
NFIL3	16	27	0.5733058288792034	0.1121887811218878	chr3	169482079.0	169482193.0	sense	0.2790569999603813	0.5543070790206837	0.05
DMRT3	13	24	0.5717172593435956	0.22557744225577442	chr3	169482079.0	169482193.0	sense	0.3624603483924053	0.44073949644820304	0.05
Nr2f6(var.2)	9	24	0.5664052420167841	0.038196180381961806	chr3	169482079.0	169482193.0	antisense	0.18234598558492773	0.7391037934004058	0.05
NFATC2	14	21	0.5658527893248686	0.10078992100789921	chr3	169482079.0	169482193.0	sense	0.2641917626419176	0.5780807275804294	0.05
Crx	7	18	0.5650211328540304	0.15528447155284472	chr3	169482079.0	169482193.0	antisense	0.32025357775506497	0.4945060097781143	0.05
NFIC	18	24	0.5650005061912685	0.10678932106789321	chr3	169482079.0	169482193.0	sense	0.27346530052877066	0.5630977726026793	0.05
HMBOX1	8	18	0.5624793258729165	0.252974702529747	chr3	169482079.0	169482193.0	antisense	0.3861584429792315	0.413234465294842	0.05
LHX6	11	21	0.5619824782741997	0.17048295170482952	chr3	169482079.0	169482193.0	antisense	0.3242492297532837	0.4891210468993824	0.05
Sox5	18	25	0.5609230091631872	0.0796920307969203	chr3	169482079.0	169482193.0	sense	0.22686255964567478	0.6442371721668907	0.05
EHF	12	24	0.5605584360002023	0.14028597140285973	chr3	169482079.0	169482193.0	antisense	0.30432141970988086	0.516667478682188	0.05
HSF4	11	24	0.5573897584278432	0.22757724227577242	chr3	169482079.0	169482193.0	antisense	0.3627861140266342	0.44034934431596817	0.05
TBX21	6	16	0.5572784618785698	0.12098790120987901	chr3	169482079.0	169482193.0	antisense	0.28333639850300685	0.5476976307262822	0.05
FOXA1	9	24	0.555416209140675	0.29157084291570845	chr3	169482079.0	169482193.0	sense	0.41572875679465027	0.38118993343152374	0.05
NFIX	17	26	0.5547568037245741	0.3017698230176982	chr3	169482079.0	169482193.0	antisense	0.4255938536581124	0.3710046526623515	0.05
DUXA	5	18	0.553978817261633	0.2765723427657234	chr3	169482079.0	169482193.0	antisense	0.40507188717747944	0.39246789670126714	0.05
GRHL1	8	20	0.5527161874949686	0.1424857514248575	chr3	169482079.0	169482193.0	antisense	0.30432141970988086	0.516667478682188	0.05
ZNF354C	18	24	0.5486936169829418	0.07579242075792421	chr3	169482079.0	169482193.0	antisense	0.2228251751096077	0.6520357435094201	0.05
NR2C2	9	24	0.5462701152191004	0.20677932206779323	chr3	169482079.0	169482193.0	antisense	0.346858217404066	0.4598480121894821	0.05
BHLHE23	12	24	0.5431258962929972	0.1356864313568643	chr3	169482079.0	169482193.0	antisense	0.3018732169336258	0.5201754171323189	0.05
RFX3	11	27	0.5426199217099745	0.18148185181481852	chr3	169482079.0	169482193.0	antisense	0.32704542045795426	0.4853919278155043	0.05
GBX1	11	21	0.5392794186091415	0.1790820917908209	chr3	169482079.0	169482193.0	sense	0.326117914524337	0.4866253435878835	0.05
ZNF143	9	25	0.5387501040112546	0.0842915708429157	chr3	169482079.0	169482193.0	antisense	0.23407871978759567	0.6306380664353709	0.05
PAX5	7	26	0.5383562557541005	0.4570542945705429	chr3	169482079.0	169482193.0	antisense	0.5465695365947276	0.26235457765158476	0.05
RFX4	11	27	0.5373059441289026	0.24277572242775722	chr3	169482079.0	169482193.0	sense	0.37838018000001805	0.42207162053150465	0.05
Bhlha15	14	22	0.5369955619561643	0.06009399060093991	chr3	169482079.0	169482193.0	antisense	0.20792520747925206	0.6820928564813465	0.05
IRF2	7	25	0.5357832556316603	0.1708829117088291	chr3	169482079.0	169482193.0	antisense	0.3242492297532837	0.4891210468993824	0.05
POU3F1	7	19	0.535752868963186	0.31696830316968305	chr3	169482079.0	169482193.0	sense	0.4363568948144974	0.3601581574164461	0.05
PHOX2A	16	27	0.5329084168406437	0.2716728327167283	chr3	169482079.0	169482193.0	antisense	0.40285200051423425	0.3948544753607897	0.05
NKX2-3	13	23	0.5318963563508348	0.19788021197880212	chr3	169482079.0	169482193.0	antisense	0.34075301079163606	0.4675602981802528	0.05
TFEC	13	23	0.528782434723984	0.1982801719828017	chr3	169482079.0	169482193.0	antisense	0.34075301079163606	0.4675602981802528	0.05
REL	9	19	0.528612078183154	0.21187881211878812	chr3	169482079.0	169482193.0	sense	0.3502073359543027	0.45567476079082514	0.05
FOXL1	13	20	0.5267319054869729	0.08589141085891411	chr3	169482079.0	169482193.0	antisense	0.23461916966198118	0.6296365065499915	0.05
FOXD1	12	20	0.5264646789903229	0.10888911108889111	chr3	169482079.0	169482193.0	antisense	0.27559671217344284	0.5597259678001463	0.05
POU3F2	7	19	0.5236594583488096	0.23307669233076692	chr3	169482079.0	169482193.0	sense	0.3694153381014482	0.4324850766420348	0.05
POU3F3	5	18	0.5221283312705111	0.30526947305269475	chr3	169482079.0	169482193.0	antisense	0.4270481307664382	0.36952317474478885	0.05
T	10	26	0.516816243916094	0.1718828117188281	chr3	169482079.0	169482193.0	sense	0.3242492297532837	0.4891210468993824	0.05
Sox6	11	21	0.5153885063078932	0.15658434156584342	chr3	169482079.0	169482193.0	sense	0.32025357775506497	0.4945060097781143	0.05
TFE3	13	23	0.5153400017468406	0.35496450354964504	chr3	169482079.0	169482193.0	antisense	0.46521862965218636	0.33234290229882296	0.05
TEF	14	26	0.5151367082997564	0.16098390160983903	chr3	169482079.0	169482193.0	antisense	0.3225893626853531	0.49134995747780696	0.05
OTX1	12	20	0.5141764596059941	0.16678332166783322	chr3	169482079.0	169482193.0	antisense	0.324148928390743	0.4892554097999525	0.05
HLF	14	26	0.5140107748964381	0.2682731726827317	chr3	169482079.0	169482193.0	antisense	0.4024097590240976	0.3953314955492424	0.05
TAL1::TCF3	13	25	0.513638919903358	0.17228277172282772	chr3	169482079.0	169482193.0	antisense	0.3242492297532837	0.4891210468993824	0.05
CEBPA	14	25	0.5134236309870612	0.16928307169283072	chr3	169482079.0	169482193.0	antisense	0.3242492297532837	0.4891210468993824	0.05
Rxra	9	23	0.5122627254190383	0.0628937106289371	chr3	169482079.0	169482193.0	antisense	0.20924253728473305	0.6793500223375976	0.05
RXRG	9	23	0.5114124145222004	0.0673932606739326	chr3	169482079.0	169482193.0	antisense	0.21320639020435306	0.671199782811981	0.05
DBP	14	26	0.5108104790586667	0.194980501949805	chr3	169482079.0	169482193.0	antisense	0.33983290634147284	0.4687345702857155	0.05
ELF3	11	24	0.5102083417221684	0.1563843615638436	chr3	169482079.0	169482193.0	antisense	0.32025357775506497	0.4945060097781143	0.05
MEIS2	12	20	0.5059960512653595	0.11348865113488651	chr3	169482079.0	169482193.0	antisense	0.2790569999603813	0.5543070790206837	0.05
RXRB	9	23	0.5050526769199453	0.06409359064093591	chr3	169482079.0	169482193.0	antisense	0.21053527558636542	0.67667512686401	0.05
MEIS1	13	20	0.5034780039124045	0.20217978202179782	chr3	169482079.0	169482193.0	antisense	0.34516877259642453	0.4619685017821763	0.05
Klf12	5	20	0.5019399475444808	0.1964803519648035	chr3	169482079.0	169482193.0	sense	0.33991100889911	0.46863476943662186	0.05
VSX2	12	20	0.5016258411612758	0.2086791320867913	chr3	169482079.0	169482193.0	sense	0.34824588280721763	0.4581140093897883	0.05
Phox2b	16	27	0.4998776584136667	0.2572742725727427	chr3	169482079.0	169482193.0	antisense	0.3904249925884604	0.4084623892741933	0.05
HIC2	17	26	0.4991399740516769	0.33386661333866613	chr3	169482079.0	169482193.0	antisense	0.45006953850069537	0.3467203798825348	0.05
SMAD2::SMAD3::SMAD4	9	22	0.4979962965466169	0.31126887311268875	chr3	169482079.0	169482193.0	sense	0.431947981672421	0.3645685509463697	0.05
EN1	12	20	0.4961045966873492	0.20457954204579543	chr3	169482079.0	169482193.0	sense	0.3460217496165693	0.46089660224308565	0.05
TBX19	7	27	0.49511831363575154	0.3291670832916708	chr3	169482079.0	169482193.0	sense	0.4460514784030736	0.3506150168567953	0.05
Nr2e3	18	25	0.494669207877955	0.05629437056294371	chr3	169482079.0	169482193.0	antisense	0.19910661995024986	0.7009143001932386	0.05
TBX20	10	21	0.4944560985836179	0.22467753224677534	chr3	169482079.0	169482193.0	sense	0.36213552557787704	0.44112886870510676	0.05
Nfe2l2	9	24	0.4941395078194134	0.2963703629637036	chr3	169482079.0	169482193.0	antisense	0.42141429692647175	0.37529073457758894	0.05
TBX5	18	26	0.4939841587833568	0.3287671232876712	chr3	169482079.0	169482193.0	sense	0.4460514784030736	0.3506150168567953	0.05
PROX1	7	19	0.49091942553462997	0.11338866113388661	chr3	169482079.0	169482193.0	antisense	0.2790569999603813	0.5543070790206837	0.05
FOXO4	13	20	0.48729339127462973	0.12468753124687532	chr3	169482079.0	169482193.0	antisense	0.2845110225819523	0.5459009034208022	0.05
Foxj2	12	20	0.48678638352832093	0.1561843815618438	chr3	169482079.0	169482193.0	antisense	0.32025357775506497	0.4945060097781143	0.05
RORA(var.2)	7	21	0.48611535838892284	0.1800819918008199	chr3	169482079.0	169482193.0	antisense	0.3267921459602291	0.48572838973791455	0.05
EGR4	6	22	0.4854264488549004	0.40915908409159085	chr3	169482079.0	169482193.0	sense	0.5083953327155323	0.2937984451070027	0.05
Foxd3	12	24	0.48482192979978794	0.270972902709729	chr3	169482079.0	169482193.0	sense	0.40285200051423425	0.3948544753607897	0.05
ISX	12	20	0.4832319491646401	0.1576842315768423	chr3	169482079.0	169482193.0	sense	0.32025357775506497	0.4945060097781143	0.05
ATF4	7	20	0.48143480074224787	0.206979302069793	chr3	169482079.0	169482193.0	antisense	0.346858217404066	0.4598480121894821	0.05
TBR1	5	15	0.4813737512182873	0.24437556244375563	chr3	169482079.0	169482193.0	antisense	0.37859975196510204	0.4218196748947334	0.05
ZBTB18	12	25	0.48125172271184535	0.20437956204379562	chr3	169482079.0	169482193.0	antisense	0.3460217496165693	0.46089660224308565	0.05
Myb	10	20	0.47956078649868245	0.16518348165183483	chr3	169482079.0	169482193.0	antisense	0.324148928390743	0.4892554097999525	0.05
HNF1A	6	21	0.47904590758684035	0.3404659534046595	chr3	169482079.0	169482193.0	antisense	0.45720658703360434	0.3398875212956993	0.05
TFAP2C	10	22	0.47898994577784004	0.43015698430156984	chr3	169482079.0	169482193.0	antisense	0.5228371776405497	0.28163353840198496	0.05
ETV6	13	23	0.47773263333167476	0.23817618238176183	chr3	169482079.0	169482193.0	antisense	0.37345449745055703	0.42776230605736487	0.05
POU6F1	14	24	0.47751243770634266	0.34166583341665835	chr3	169482079.0	169482193.0	sense	0.45720658703360434	0.3398875212956993	0.05
Gfi1	13	23	0.47717327526827374	0.39936006399360063	chr3	169482079.0	169482193.0	antisense	0.5011484358810495	0.30003362076720563	0.05
Pitx1	19	27	0.47626283673086944	0.3106689331066893	chr3	169482079.0	169482193.0	antisense	0.431947981672421	0.3645685509463697	0.05
JUN(var.2)	6	20	0.47390794575432144	0.36096390360963904	chr3	169482079.0	169482193.0	antisense	0.47070418586282076	0.3272519395964347	0.05
PKNOX2	7	19	0.4726698632267734	0.05629437056294371	chr3	169482079.0	169482193.0	antisense	0.19910661995024986	0.7009143001932386	0.05
MAFG::NFE2L1	15	21	0.47051231262782145	0.14378562143785623	chr3	169482079.0	169482193.0	antisense	0.3058390882223253	0.5145070097202704	0.05
RHOXF1	10	18	0.4694632839397266	0.28997100289971	chr3	169482079.0	169482193.0	antisense	0.41572875679465027	0.38118993343152374	0.05
POU4F2	8	24	0.4671023692710446	0.20037996200379962	chr3	169482079.0	169482193.0	antisense	0.34322508343225083	0.46442098073550175	0.05
PAX1	10	27	0.46636257016288873	0.21787821217878212	chr3	169482079.0	169482193.0	sense	0.3549929382061794	0.44978028618037913	0.05
SCRT1	10	25	0.46568865686643873	0.2273772622737726	chr3	169482079.0	169482193.0	antisense	0.3627861140266342	0.44034934431596817	0.05
RARA	6	24	0.4651016738263996	0.08159184081591841	chr3	169482079.0	169482193.0	antisense	0.22889819126195488	0.6403576390775575	0.05
TFAP2B	10	22	0.4639417961711917	0.4206579342065793	chr3	169482079.0	169482193.0	antisense	0.5173494498891343	0.2862160083730823	0.05
MAFK	6	21	0.46352527015001116	0.47285271472852713	chr3	169482079.0	169482193.0	antisense	0.5602980797810629	0.2515808659170781	0.05
ZBTB33	6	21	0.46308563097901906	0.41305869413058693	chr3	169482079.0	169482193.0	sense	0.5116407213693905	0.29103489741811395	0.05
RFX2	11	27	0.4621227225372423	0.16598340165983402	chr3	169482079.0	169482193.0	antisense	0.324148928390743	0.4892554097999525	0.05
GMEB2	16	24	0.45894940522103894	0.21027897210278973	chr3	169482079.0	169482193.0	antisense	0.3497909824402175	0.4561913907605265	0.05
SP2	6	21	0.45859333488169424	0.31616838316168383	chr3	169482079.0	169482193.0	sense	0.4363568948144974	0.3601581574164461	0.05
FOXI1	13	20	0.45859279182574336	0.12168783121687832	chr3	169482079.0	169482193.0	antisense	0.28333639850300685	0.5476976307262822	0.05
TFEB	13	23	0.4568426224204013	0.281971802819718	chr3	169482079.0	169482193.0	antisense	0.4087803510151778	0.3885099877529181	0.05
FOXC1	12	23	0.4548967061051403	0.32086791320867913	chr3	169482079.0	169482193.0	antisense	0.43994202162897167	0.3566045538449591	0.05
PKNOX1	7	19	0.4534004638228698	0.06409359064093591	chr3	169482079.0	169482193.0	antisense	0.21053527558636542	0.67667512686401	0.05
SCRT2	9	22	0.45307151925358913	0.1730826917308269	chr3	169482079.0	169482193.0	antisense	0.3242492297532837	0.4891210468993824	0.05
ZNF740	16	26	0.4529013948042782	0.24417558244175583	chr3	169482079.0	169482193.0	antisense	0.37859975196510204	0.4218196748947334	0.05
FOXP2	5	16	0.4528717462565447	0.2526747325267473	chr3	169482079.0	169482193.0	antisense	0.3861584429792315	0.413234465294842	0.05
Hnf4a	7	23	0.4518289038793289	0.1541845815418458	chr3	169482079.0	169482193.0	antisense	0.32025357775506497	0.4945060097781143	0.05
GCM1	15	26	0.45170764933884205	0.28547145285471454	chr3	169482079.0	169482193.0	sense	0.41256374362563747	0.3845089407719345	0.05
NFIA	8	18	0.4510349719754435	0.21627837216278373	chr3	169482079.0	169482193.0	sense	0.3549929382061794	0.44978028618037913	0.05
PLAG1	8	22	0.44976721530441854	0.21887811218878112	chr3	169482079.0	169482193.0	sense	0.3549929382061794	0.44978028618037913	0.05
Lhx8	12	20	0.44898864973200037	0.26787321267873215	chr3	169482079.0	169482193.0	sense	0.4024097590240976	0.3953314955492424	0.05
RFX5	11	27	0.4485410165241798	0.17668233176682333	chr3	169482079.0	169482193.0	antisense	0.32517067442191955	0.48788862824100176	0.05
BATF::JUN	7	18	0.44774987538913597	0.23407659234076592	chr3	169482079.0	169482193.0	antisense	0.3694153381014482	0.4324850766420348	0.05
TP73	5	23	0.446342584978291	0.3578642135786421	chr3	169482079.0	169482193.0	antisense	0.46783759911162537	0.32990487780151556	0.05
Six3	7	24	0.4460609990698507	0.5482451754824518	chr3	169482079.0	169482193.0	sense	0.617221791920591	0.20955874893457205	0.05
FOXO6	13	20	0.4458783260439756	0.1222877712228777	chr3	169482079.0	169482193.0	antisense	0.28333639850300685	0.5476976307262822	0.05
PDX1	15	23	0.4442860254742109	0.2278772122787721	chr3	169482079.0	169482193.0	antisense	0.3627861140266342	0.44034934431596817	0.05
EGR2	15	26	0.4435653805464393	0.23597640235976403	chr3	169482079.0	169482193.0	antisense	0.37112652371126525	0.4304780063361857	0.05
PAX4	12	20	0.4377065537785072	0.286971302869713	chr3	169482079.0	169482193.0	sense	0.4125709312725237	0.38450137460007044	0.05
PAX9	10	27	0.4365488605270958	0.18118188181181882	chr3	169482079.0	169482193.0	sense	0.32704542045795426	0.4853919278155043	0.05
OLIG1	13	23	0.43540530210822925	0.1638836116388361	chr3	169482079.0	169482193.0	sense	0.324148928390743	0.4892554097999525	0.05
Hic1	16	25	0.43517333287243015	0.39346065393460655	chr3	169482079.0	169482193.0	antisense	0.49928136770675013	0.3016546407406632	0.05
E2F8	14	26	0.4348874098106853	0.10938906109389061	chr3	169482079.0	169482193.0	antisense	0.27559671217344284	0.5597259678001463	0.05
EBF1	12	26	0.4319535149992309	0.2980701929807019	chr3	169482079.0	169482193.0	antisense	0.4215216080571779	0.3751801576478634	0.05
Zfx	11	25	0.42816813521924413	0.44925507449255075	chr3	169482079.0	169482193.0	sense	0.5384835650384153	0.26882754718874485	0.05
IRF8	7	21	0.4258862555696067	0.1424857514248575	chr3	169482079.0	169482193.0	antisense	0.30432141970988086	0.516667478682188	0.05
ID4	17	27	0.4249427644886725	0.3310668933106689	chr3	169482079.0	169482193.0	antisense	0.44745759799020096	0.34924811304386727	0.05
Crem	14	24	0.4234187985713957	0.280971902809719	chr3	169482079.0	169482193.0	sense	0.40847175786623013	0.3888379656355182	0.05
ZNF410	10	27	0.42148951420038294	0.16978302169783022	chr3	169482079.0	169482193.0	antisense	0.3242492297532837	0.4891210468993824	0.05
HSF2	11	24	0.4210642493858006	0.26137386261373863	chr3	169482079.0	169482193.0	antisense	0.39509450217768916	0.4032990135747028	0.05
NFYB	5	20	0.4201967544334481	0.46215378462153783	chr3	169482079.0	169482193.0	antisense	0.5501326014187572	0.25953261755390034	0.05
ZNF263	5	26	0.4170902405149426	0.42605739426057393	chr3	169482079.0	169482193.0	sense	0.520291264991148	0.28375346527826306	0.05
SOX21	9	24	0.416200337581579	0.13658634136586342	chr3	169482079.0	169482193.0	antisense	0.3018732169336258	0.5201754171323189	0.05
TFCP2	15	25	0.4160716219596349	0.3227677232276772	chr3	169482079.0	169482193.0	antisense	0.4408327588293802	0.35572613999518216	0.05
REST	5	26	0.414103635177882	0.18858114188581143	chr3	169482079.0	169482193.0	sense	0.3351836049271785	0.4747172324755135	0.05
LIN54	13	22	0.41381188977293093	0.2792720727927207	chr3	169482079.0	169482193.0	sense	0.40714102747028663	0.390255131700275	0.05
SP8	7	19	0.41213422354892343	0.3671632836716328	chr3	169482079.0	169482193.0	antisense	0.47167758471677584	0.32635476200980496	0.05
TGIF2	7	19	0.41158273790417266	0.17668233176682333	chr3	169482079.0	169482193.0	antisense	0.32517067442191955	0.48788862824100176	0.05
ZIC1	7	21	0.4101687840720869	0.25177482251774824	chr3	169482079.0	169482193.0	sense	0.3861584429792315	0.413234465294842	0.05
JUN	8	21	0.4095526780435393	0.3487651234876512	chr3	169482079.0	169482193.0	antisense	0.45941395708144916	0.33779581499344935	0.05
DUX4	6	17	0.4075014584018	0.26977302269773024	chr3	169482079.0	169482193.0	antisense	0.40285200051423425	0.3948544753607897	0.05
FOXO3	12	20	0.4064939676729425	0.1827817218278172	chr3	169482079.0	169482193.0	antisense	0.32824814404372715	0.48379772078714	0.05
TBX4	7	15	0.40450730814815905	0.35496450354964504	chr3	169482079.0	169482193.0	antisense	0.46521862965218636	0.33234290229882296	0.05
TP53	5	23	0.4037771085454218	0.3421657834216578	chr3	169482079.0	169482193.0	antisense	0.45720658703360434	0.3398875212956993	0.05
MSC	8	18	0.4029975173101841	0.2186781321867813	chr3	169482079.0	169482193.0	sense	0.3549929382061794	0.44978028618037913	0.05
mix-a	13	24	0.4021807025306381	0.36336366363363665	chr3	169482079.0	169482193.0	sense	0.47091643193000804	0.32705615523146986	0.05
FOXG1	12	20	0.401722450487723	0.18388161183881613	chr3	169482079.0	169482193.0	antisense	0.32908467773912264	0.4826923380892834	0.05
TFAP2A	10	21	0.3991657453085589	0.46325367463253675	chr3	169482079.0	169482193.0	antisense	0.5501799934423034	0.2594952061956714	0.05
NEUROG2	13	23	0.39460236050871084	0.20467953204679531	chr3	169482079.0	169482193.0	antisense	0.3460217496165693	0.46089660224308565	0.05
Sox11	9	24	0.3929829539875048	0.11738826117388261	chr3	169482079.0	169482193.0	sense	0.2829104186355558	0.5483510586490039	0.05
HSF1	11	24	0.3926292639438751	0.23417658234176583	chr3	169482079.0	169482193.0	antisense	0.3694153381014482	0.4324850766420348	0.05
TFAP2C(var.2)	12	23	0.39054095790337034	0.47635236476352366	chr3	169482079.0	169482193.0	antisense	0.5629407513794076	0.24953731154834824	0.05
E2F7	13	27	0.3901703990915358	0.11828817118288171	chr3	169482079.0	169482193.0	antisense	0.2829104186355558	0.5483510586490039	0.05
TCF3	8	18	0.3889326202541401	0.39036096390360964	chr3	169482079.0	169482193.0	sense	0.4965621084950328	0.30402642352363063	0.05
FOXB1	16	27	0.3878016784653191	0.41575842415758424	chr3	169482079.0	169482193.0	antisense	0.5137586241375862	0.2892408748308549	0.05
EOMES	12	25	0.3875861073203839	0.5897410258974103	chr3	169482079.0	169482193.0	antisense	0.6526132034984136	0.18534414392770876	0.05
JUND(var.2)	7	22	0.387370100404022	0.4948505149485051	chr3	169482079.0	169482193.0	antisense	0.5784230565707474	0.23775440391913893	0.05
TFAP2A(var.2)	10	22	0.38662038720169767	0.522047795220478	chr3	169482079.0	169482193.0	sense	0.6001895443643409	0.22171157449667625	0.05
Tcf21	6	20	0.3837802322720811	0.29747025297470253	chr3	169482079.0	169482193.0	sense	0.4215216080571779	0.3751801576478634	0.05
SOX4	9	25	0.38190732384837184	0.127987201279872	chr3	169482079.0	169482193.0	antisense	0.29006706316267933	0.5375015821204245	0.05
ZEB1	12	21	0.37779798425782685	0.273972602739726	chr3	169482079.0	169482193.0	sense	0.40395392278953923	0.39366817008614785	0.05
MZF1	19	25	0.3777082532448728	0.27017298270172985	chr3	169482079.0	169482193.0	sense	0.40285200051423425	0.3948544753607897	0.05
Myod1	7	20	0.37705572612330857	0.5115488451154885	chr3	169482079.0	169482193.0	sense	0.5899863346998634	0.22915804739713216	0.05
TCF4	8	18	0.3755918937737974	0.37796220377962203	chr3	169482079.0	169482193.0	sense	0.48315858069365475	0.3159103031683736	0.05
FOXH1	8	19	0.37402173699326646	0.37176282371762825	chr3	169482079.0	169482193.0	antisense	0.4764071740974051	0.3220217072071936	0.05
RREB1	5	25	0.3725208708385637	0.2910708929107089	chr3	169482079.0	169482193.0	antisense	0.41572875679465027	0.38118993343152374	0.05
FOSL2	16	27	0.37111267261452746	0.34556544345565443	chr3	169482079.0	169482193.0	sense	0.4575215947792976	0.33958840264200635	0.05
Arntl	11	21	0.3661019433238477	0.5296470352964704	chr3	169482079.0	169482193.0	antisense	0.6001895443643409	0.22171157449667625	0.05
Vdr	11	27	0.36345562025270844	0.30496950304969506	chr3	169482079.0	169482193.0	sense	0.4270481307664382	0.36952317474478885	0.05
SPDEF	13	24	0.3618827837922916	0.3648635136486351	chr3	169482079.0	169482193.0	antisense	0.47091643193000804	0.32705615523146986	0.05
TFAP4	8	18	0.3602043337853712	0.30286971302869714	chr3	169482079.0	169482193.0	antisense	0.42598748255255775	0.37060316225460943	0.05
Tcfl5	11	21	0.3597126800953053	0.8765123487651235	chr3	169482079.0	169482193.0	sense	0.890234655595106	0.0504955032451771	0.05
MGA	19	27	0.3591691314756069	0.3635636436356364	chr3	169482079.0	169482193.0	sense	0.47091643193000804	0.32705615523146986	0.05
XBP1	7	21	0.35785003243838415	0.527047295270473	chr3	169482079.0	169482193.0	antisense	0.6001895443643409	0.22171157449667625	0.05
CREB3	8	22	0.3549200872728547	0.5273472652734726	chr3	169482079.0	169482193.0	sense	0.6001895443643409	0.22171157449667625	0.05
TFAP2B(var.2)	12	23	0.35150170727639046	0.5011498850114988	chr3	169482079.0	169482193.0	antisense	0.583176659912484	0.23419986581843436	0.05
PAX7	16	26	0.34937906373816713	0.24527547245275472	chr3	169482079.0	169482193.0	antisense	0.3788630065564872	0.42151779861186317	0.05
Atf3	8	16	0.34719790542929657	0.34356564343565643	chr3	169482079.0	169482193.0	sense	0.45720658703360434	0.3398875212956993	0.05
USF1	12	23	0.34621042000794183	0.48565143485651435	chr3	169482079.0	169482193.0	antisense	0.5704906884877123	0.24375143971449043	0.05
CREB3L1	11	25	0.345882278060843	0.5066493350664933	chr3	169482079.0	169482193.0	antisense	0.5857525606014009	0.23228580422032422	0.05
Tcf12	7	18	0.3455640253088665	0.43915608439156084	chr3	169482079.0	169482193.0	antisense	0.5306546089577089	0.27518805938828506	0.05
TP63	5	23	0.34476682758094357	0.2770722927707229	chr3	169482079.0	169482193.0	antisense	0.40507188717747944	0.39246789670126714	0.05
TGIF1	7	19	0.34406120504042154	0.1628837116288371	chr3	169482079.0	169482193.0	antisense	0.324148928390743	0.4892554097999525	0.05
PAX3	16	26	0.34093089981984553	0.28617138286171384	chr3	169482079.0	169482193.0	antisense	0.41256374362563747	0.3845089407719345	0.05
NR3C2	7	24	0.33725464790126203	0.44895510448955106	chr3	169482079.0	169482193.0	antisense	0.5384835650384153	0.26882754718874485	0.05
MAF::NFE2	9	24	0.3362497032479978	0.5469453054694531	chr3	169482079.0	169482193.0	sense	0.6170969859535786	0.20964657477654805	0.05
Lhx3	12	25	0.3306739885158139	0.40615938406159385	chr3	169482079.0	169482193.0	sense	0.5067228854037673	0.2952294809863596	0.05
MYF6	8	18	0.3298325011305128	0.34666533346665335	chr3	169482079.0	169482193.0	sense	0.45780994419642007	0.3393147781474348	0.05
MNT	8	18	0.32924453164752226	0.5618438156184381	chr3	169482079.0	169482193.0	antisense	0.6297990071403227	0.20079802835145816	0.05
JUND	8	19	0.327817682327456	0.417958204179582	chr3	169482079.0	169482193.0	sense	0.515250137694069	0.28798188348903797	0.05
MAFF	5	23	0.3272974079964744	0.8522147785221478	chr3	169482079.0	169482193.0	antisense	0.8723855425108377	0.0592915403191425	0.05
PROP1	16	27	0.32633050899166055	0.396960303969603	chr3	169482079.0	169482193.0	antisense	0.5000543634956892	0.3009827786984244	0.05
ZIC3	7	22	0.32581947570174447	0.43015698430156984	chr3	169482079.0	169482193.0	sense	0.5228371776405497	0.28163353840198496	0.05
Srebf1(var.2)	8	18	0.32559793845024226	0.34506549345065496	chr3	169482079.0	169482193.0	antisense	0.4575215947792976	0.33958840264200635	0.05
TBX15	7	15	0.3207169278047934	0.31686831316868314	chr3	169482079.0	169482193.0	antisense	0.4363568948144974	0.3601581574164461	0.05
USF2	12	23	0.3202331716975897	0.5420457954204579	chr3	169482079.0	169482193.0	antisense	0.612901454952544	0.21260934768507175	0.05
GLIS1	11	27	0.3159683789305298	0.24867513248675133	chr3	169482079.0	169482193.0	antisense	0.38297446219769715	0.41683018502980745	0.05
MAX	13	23	0.3157502911060084	0.6004399560043996	chr3	169482079.0	169482193.0	antisense	0.6616312891003894	0.1793839648183761	0.05
TBX1	19	27	0.3120259925354492	0.37916208379162086	chr3	169482079.0	169482193.0	sense	0.48350152699717747	0.31560214998759617	0.05
Atf1	15	23	0.30792366169272173	0.49565043495650435	chr3	169482079.0	169482193.0	sense	0.5784230565707474	0.23775440391913893	0.05
SMAD3	15	25	0.3073777669890295	0.34356564343565643	chr3	169482079.0	169482193.0	antisense	0.45720658703360434	0.3398875212956993	0.05
EGR1	11	25	0.30645224993269743	0.39516048395160486	chr3	169482079.0	169482193.0	antisense	0.5000543634956892	0.3009827786984244	0.05
FOS::JUN	10	17	0.3029984226892732	0.5261473852614739	chr3	169482079.0	169482193.0	sense	0.6001895443643409	0.22171157449667625	0.05
TEAD3	14	22	0.3010203858979318	0.42485751424857515	chr3	169482079.0	169482193.0	antisense	0.5200496459787983	0.283955194931623	0.05
E2F6	7	18	0.29992692727937975	0.39976002399760024	chr3	169482079.0	169482193.0	antisense	0.5011484358810495	0.30003362076720563	0.05
CLOCK	8	18	0.29972879336271196	0.6183381661833817	chr3	169482079.0	169482193.0	antisense	0.6770411566438294	0.16938493019222134	0.05
MAX::MYC	12	23	0.29971910417654307	0.6077392260773923	chr3	169482079.0	169482193.0	sense	0.6682556320639124	0.17505737231856847	0.05
FOSL1	8	19	0.2994015138965447	0.5049495050494951	chr3	169482079.0	169482193.0	sense	0.5857525606014009	0.23228580422032422	0.05
Ahr::Arnt	19	25	0.2983505651425743	0.36566343365663434	chr3	169482079.0	169482193.0	sense	0.47091643193000804	0.32705615523146986	0.05
JUNB	16	27	0.29316363554481994	0.5738426157384262	chr3	169482079.0	169482193.0	sense	0.63773943804763	0.19535672524755862	0.05
RXRA::VDR	11	26	0.2930769785703516	0.44695530446955306	chr3	169482079.0	169482193.0	sense	0.538213000045703	0.26904581645719994	0.05
SREBF1	16	26	0.29265387597292675	0.43965603439656037	chr3	169482079.0	169482193.0	antisense	0.5306546089577089	0.27518805938828506	0.05
SP3	6	17	0.29165439196302695	0.5067493250674933	chr3	169482079.0	169482193.0	sense	0.5857525606014009	0.23228580422032422	0.05
CEBPE	15	25	0.291276033616029	0.6668333166683331	chr3	169482079.0	169482193.0	sense	0.7240303166336086	0.14024324862187063	0.05
NFIC::TLX1	13	27	0.2898547185326643	0.48585141485851413	chr3	169482079.0	169482193.0	antisense	0.5704906884877123	0.24375143971449043	0.05
Myc	12	22	0.28905413173486716	0.5237476252374762	chr3	169482079.0	169482193.0	sense	0.6001895443643409	0.22171157449667625	0.05
FOS	5	16	0.28581549611195345	0.5936406359364064	chr3	169482079.0	169482193.0	sense	0.6555308298957339	0.18340687843806355	0.05
ESR2	6	21	0.28503414141758227	0.8885111488851115	chr3	169482079.0	169482193.0	sense	0.8989030921469257	0.04628712563536898	0.05
KLF14	5	19	0.28311550526715823	0.47725227477252274	chr3	169482079.0	169482193.0	sense	0.5629407513794076	0.24953731154834824	0.05
IRF9	7	22	0.282557484069944	0.32126787321267875	chr3	169482079.0	169482193.0	antisense	0.43994202162897167	0.3566045538449591	0.05
SREBF2(var.2)	8	18	0.2765888503974752	0.4336566343365663	chr3	169482079.0	169482193.0	antisense	0.525859329954855	0.27913041629281493	0.05
CEBPB	15	25	0.2757399391940594	0.6308369163083691	chr3	169482079.0	169482193.0	sense	0.6892723359243023	0.1616091516472879	0.05
Npas2	11	21	0.27032867037942204	0.7312268773122688	chr3	169482079.0	169482193.0	sense	0.7729261697048218	0.1118619881271258	0.05
JDP2	18	27	0.2660228106833176	0.40285971402859716	chr3	169482079.0	169482193.0	sense	0.5038173291104625	0.29772689875211966	0.05
EWSR1-FLI1	8	26	0.26436807103626	0.24237576242375763	chr3	169482079.0	169482193.0	antisense	0.37838018000001805	0.42207162053150465	0.05
Creb5	14	26	0.2626812522441973	0.5686431356864313	chr3	169482079.0	169482193.0	antisense	0.6346791127338878	0.19744579406619128	0.05
HEY2	8	18	0.26248151206243714	0.7171282871712829	chr3	169482079.0	169482193.0	antisense	0.7611238876112388	0.11854464766187985	0.05
BHLHE40	8	18	0.2615472416216155	0.6566343365663434	chr3	169482079.0	169482193.0	antisense	0.714451196389795	0.14602743218092457	0.05
CEBPD	15	25	0.2581231214692535	0.649035096490351	chr3	169482079.0	169482193.0	sense	0.7076664182321264	0.15017141301777417	0.05
ZBED1	5	18	0.25694273624017905	0.5255474452554745	chr3	169482079.0	169482193.0	antisense	0.6001895443643409	0.22171157449667625	0.05
SREBF2	13	23	0.25663887551707054	0.571942805719428	chr3	169482079.0	169482193.0	sense	0.6369920947819381	0.19586595732538079	0.05
SOX8	8	24	0.25336281060399235	0.30826917308269175	chr3	169482079.0	169482193.0	antisense	0.4300852172847232	0.366445484583794	0.05
CREB1	10	18	0.25267942053063724	0.7237276272372762	chr3	169482079.0	169482193.0	sense	0.7665604868084619	0.11545357068473801	0.05
RELA	9	19	0.2479141686951032	0.49595040495950404	chr3	169482079.0	169482193.0	sense	0.5784230565707474	0.23775440391913893	0.05
MLXIPL	8	18	0.2473503230358455	0.7361263873612639	chr3	169482079.0	169482193.0	sense	0.7765235671554797	0.10984535908511721	0.05
SP1	6	17	0.24605253241201885	0.39676032396760325	chr3	169482079.0	169482193.0	sense	0.5000543634956892	0.3009827786984244	0.05
Myog	7	18	0.2458073015197051	0.7136286371362863	chr3	169482079.0	169482193.0	antisense	0.758961603839616	0.11978019467418678	0.05
Bach1::Mafk	6	21	0.24279552895247056	0.7446255374462554	chr3	169482079.0	169482193.0	antisense	0.7807285938072859	0.10749991451860422	0.05
ATF7	13	27	0.2370829922267594	0.7430256974302569	chr3	169482079.0	169482193.0	antisense	0.7807285938072859	0.10749991451860422	0.05
E2F4	13	24	0.23608727719505304	0.5285471452854714	chr3	169482079.0	169482193.0	antisense	0.6001895443643409	0.22171157449667625	0.05
HINFP	6	18	0.23444444938573547	0.7712228777122287	chr3	169482079.0	169482193.0	antisense	0.8021336142938812	0.0957532836892717	0.05
NR3C1	7	24	0.23318513043716446	0.6799320067993201	chr3	169482079.0	169482193.0	antisense	0.7367112975550044	0.1327026701367317	0.05
KLF16	7	18	0.23291776785247398	0.461053894610539	chr3	169482079.0	169482193.0	antisense	0.55008499150085	0.2595702041636345	0.05
HEY1	8	18	0.2289043281687237	0.7643235676432357	chr3	169482079.0	169482193.0	antisense	0.7983656362733949	0.09779816447872759	0.05
Ar	7	24	0.22783304917649932	0.7437256274372562	chr3	169482079.0	169482193.0	antisense	0.7807285938072859	0.10749991451860422	0.05
MLX	8	18	0.22297311713700713	0.6954304569543046	chr3	169482079.0	169482193.0	sense	0.745719849502653	0.12742429674475209	0.05
KLF5	6	16	0.22100455201524397	0.42485751424857515	chr3	169482079.0	169482193.0	sense	0.5200496459787983	0.283955194931623	0.05
MTF1	9	23	0.21869148436851296	0.6144385561443856	chr3	169482079.0	169482193.0	antisense	0.6741936799977508	0.17121532294374345	0.05
Ascl2	8	18	0.21847171188158385	0.7706229377062294	chr3	169482079.0	169482193.0	sense	0.8021336142938812	0.0957532836892717	0.05
PPARG	7	27	0.21537583463171767	0.7763223677632237	chr3	169482079.0	169482193.0	antisense	0.8058226177382262	0.09376054704809841	0.05
CEBPG	8	18	0.21533396646974354	0.6882311768823117	chr3	169482079.0	169482193.0	antisense	0.7410622008338584	0.13014533811352116	0.05
Creb3l2	11	20	0.21395884324314443	0.684031596840316	chr3	169482079.0	169482193.0	sense	0.7381794045127712	0.13183807595319283	0.05
NFE2	8	19	0.20049969479521823	0.6923307669233076	chr3	169482079.0	169482193.0	antisense	0.743933060110138	0.12846614097656073	0.05
IRF1	5	26	0.19851967096528692	0.5860413958604139	chr3	169482079.0	169482193.0	sense	0.6499048813067411	0.18715020112091005	0.05
NHLH1	13	23	0.19066368020746416	0.8405159484051595	chr3	169482079.0	169482193.0	sense	0.8655313040124559	0.06271722020451186	0.05
JDP2(var.2)	7	19	0.18551779723102738	0.805019498050195	chr3	169482079.0	169482193.0	antisense	0.8339423542675672	0.07886396865333178	0.05
Mycn	15	23	0.18533711418130872	0.7026297370262974	chr3	169482079.0	169482193.0	antisense	0.7518862546735018	0.12384785449344965	0.05
Klf1	13	24	0.1812002236364824	0.6841315868413159	chr3	169482079.0	169482193.0	antisense	0.7381794045127712	0.13183807595319283	0.05
Klf4	15	25	0.17757076457566168	0.5500449955004499	chr3	169482079.0	169482193.0	sense	0.6179076897505055	0.20907640003476435	0.05
BATF3	6	20	0.16875690254436304	0.7070292970702929	chr3	169482079.0	169482193.0	sense	0.7542329955916113	0.12249447234154305	0.05
Mlxip	9	17	0.16176434205881213	0.8261173882611739	chr3	169482079.0	169482193.0	sense	0.8523954761581495	0.06935886384376495	0.05
NRF1	5	16	0.15070274126469468	0.825917408259174	chr3	169482079.0	169482193.0	antisense	0.8523954761581495	0.06935886384376495	0.05
SP4	5	22	0.14879636671446836	0.7077292270772922	chr3	169482079.0	169482193.0	antisense	0.7542329955916113	0.12249447234154305	0.05
Id2	16	24	0.1475266602882719	0.8685131486851315	chr3	169482079.0	169482193.0	antisense	0.886289956466043	0.052424172139986104	0.05
ARNT::HIF1A	9	17	0.1390586589423409	0.932006799320068	chr3	169482079.0	169482193.0	antisense	0.9374254435021615	0.02806326308097924	0.05
HES7	7	19	0.1237671993929911	0.8481151884811519	chr3	169482079.0	169482193.0	sense	0.8699047091338297	0.06052831814451314	0.05
Arnt	10	16	0.12344486296363687	0.8712128787121288	chr3	169482079.0	169482193.0	antisense	0.8865872236305782	0.052278531492266224	0.05
E2F2	5	21	0.12249418089080792	0.7645235476452354	chr3	169482079.0	169482193.0	sense	0.7983656362733949	0.09779816447872759	0.05
BHLHE41	8	18	0.12160333502563904	0.929007099290071	chr3	169482079.0	169482193.0	antisense	0.9362226884107705	0.028620838393146657	0.05
HES5	7	19	0.11548120084196646	0.8692130786921308	chr3	169482079.0	169482193.0	antisense	0.886289956466043	0.052424172139986104	0.05
EGR3	12	27	0.112120072184922	0.8439156084391561	chr3	169482079.0	169482193.0	antisense	0.8673112886731129	0.061825000921411126	0.05
KLF13	5	23	0.0901631943453476	0.8874112588741125	chr3	169482079.0	169482193.0	sense	0.8989030921469257	0.04628712563536898	0.05
ESR1	6	23	0.0872404319167925	0.9737026297370263	chr3	169482079.0	169482193.0	antisense	0.9774693710512895	0.009896842312471794	0.05
NFKB2	8	21	0.045228578931094304	0.9867013298670133	chr3	169482079.0	169482193.0	sense	0.9886061586891505	0.004976688355939381	0.05
E2F3	5	23	0.04239937927315916	0.928007199280072	chr3	169482079.0	169482193.0	sense	0.9362226884107705	0.028620838393146657	0.05
NFKB1	5	18	0.016101193640388606	0.9921007899210079	chr3	169482079.0	169482193.0	antisense	0.9921007899210079	0.003444204576695889	0.05
