motif	start	end	score	pval	tile_chr	tile_start	tile_end	strand	padj	neg_log_pval	fdr_cutoff
NRF1	33	44	7.971964759587429	9.999000099990002e-05	chr1	150488170.0	150488284.0	antisense	0.017298270172982702	1.7619973241480673	0.05
Tcfl5	35	45	7.610791554717932	0.0007999200079992001	chr1	150488170.0	150488284.0	sense	0.10378962103789621	0.9838460737644236	0.05
Gmeb1	28	45	7.601709394791082	0.004899510048995101	chr1	150488170.0	150488284.0	sense	0.17874879178748793	0.747756885033457	0.05
Hes1	33	43	7.049199273150866	0.0047995200479952005	chr1	150488170.0	150488284.0	antisense	0.17874879178748793	0.747756885033457	0.05
Hes2	31	44	6.147542561469485	0.005699430056994301	chr1	150488170.0	150488284.0	sense	0.17874879178748793	0.747756885033457	0.05
Mitf	34	44	5.839578716868939	0.0018998100189981002	chr1	150488170.0	150488284.0	sense	0.12685398126853983	0.8966958980455233	0.05
NHLH1	35	45	5.759424411566033	9.999000099990002e-05	chr1	150488170.0	150488284.0	sense	0.017298270172982702	1.7619973241480673	0.05
GSC2	34	44	4.986176533134007	0.006899310068993101	chr1	150488170.0	150488284.0	antisense	0.18682131786821318	0.7285735686611176	0.05
Myc	36	46	4.925036463939088	9.999000099990002e-05	chr1	150488170.0	150488284.0	sense	0.017298270172982702	1.7619973241480673	0.05
Neurog1	35	45	4.857819672408728	0.0163983601639836	chr1	150488170.0	150488284.0	antisense	0.24316425500307112	0.6141002657309825	0.05
MAX	35	45	4.555476171510419	0.0020997900209979003	chr1	150488170.0	150488284.0	sense	0.12685398126853983	0.8966958980455233	0.05
LBX2	34	44	4.545218717846549	0.0198980101989801	chr1	150488170.0	150488284.0	sense	0.27176492877028086	0.5658065896355083	0.05
Npas2	35	45	4.475732548824673	0.0020997900209979003	chr1	150488170.0	150488284.0	antisense	0.12685398126853983	0.8966958980455233	0.05
EGR4	26	42	4.299149367036397	0.0098990100989901	chr1	150488170.0	150488284.0	sense	0.2035873335743349	0.6912492456373052	0.05
Arntl	36	46	4.287672618050981	0.0035996400359964	chr1	150488170.0	150488284.0	antisense	0.1698375616983756	0.7699662538193426	0.05
TCF4	35	45	4.285405782823598	0.0020997900209979003	chr1	150488170.0	150488284.0	antisense	0.12685398126853983	0.8966958980455233	0.05
TFE3	35	45	4.103561916282732	0.012698730126987301	chr1	150488170.0	150488284.0	antisense	0.22726348054849685	0.6434703463714041	0.05
USF2	35	46	4.006630994079873	0.0021997800219978004	chr1	150488170.0	150488284.0	sense	0.12685398126853983	0.8966958980455233	0.05
HINFP	32	44	3.9531689036059903	0.006199380061993801	chr1	150488170.0	150488284.0	antisense	0.17874879178748793	0.747756885033457	0.05
NRL	37	48	3.9244248734935954	0.0461953804619538	chr1	150488170.0	150488284.0	sense	0.46106543191834665	0.33623743750707846	0.05
TFEC	35	45	3.9169526023127377	0.0071992800719928	chr1	150488170.0	150488284.0	antisense	0.18682131786821318	0.7285735686611176	0.05
MAX::MYC	34	45	3.859406463966012	0.0033996600339966003	chr1	150488170.0	150488284.0	sense	0.1698375616983756	0.7699662538193426	0.05
TFEB	35	45	3.5753880626094716	0.009099090090990901	chr1	150488170.0	150488284.0	antisense	0.2035873335743349	0.6912492456373052	0.05
CLOCK	33	43	3.5219068536156444	0.009999000099990002	chr1	150488170.0	150488284.0	sense	0.2035873335743349	0.6912492456373052	0.05
NEUROD2	35	45	3.486263649492299	0.0143985601439856	chr1	150488170.0	150488284.0	antisense	0.23810560120458543	0.6232303881161984	0.05
ARNT::HIF1A	36	44	3.4693878191972547	0.006099390060993901	chr1	150488170.0	150488284.0	antisense	0.17874879178748793	0.747756885033457	0.05
Twist2	35	45	3.4370306950785734	0.009799020097990201	chr1	150488170.0	150488284.0	antisense	0.2035873335743349	0.6912492456373052	0.05
TCF3	35	45	3.329819426937453	0.015198480151984802	chr1	150488170.0	150488284.0	sense	0.23810560120458543	0.6232303881161984	0.05
MNT	35	45	3.301492844345664	0.0182981701829817	chr1	150488170.0	150488284.0	sense	0.2566689277018244	0.5906267037649704	0.05
CEBPE	31	41	3.2665089053091383	0.013898610138986101	chr1	150488170.0	150488284.0	antisense	0.23810560120458543	0.6232303881161984	0.05
HIC2	31	40	3.213300063333241	0.0400959904009599	chr1	150488170.0	150488284.0	antisense	0.458028110232455	0.3391078675327848	0.05
HEY2	35	45	3.2010352765917025	0.017598240175982403	chr1	150488170.0	150488284.0	antisense	0.25370796253707967	0.5956659023815422	0.05
CEBPB	31	41	3.1614139660210148	0.010698930106989302	chr1	150488170.0	150488284.0	antisense	0.20565721205657211	0.6868560559021825	0.05
HEY1	35	45	3.127020486852371	0.015598440155984402	chr1	150488170.0	150488284.0	sense	0.23810560120458543	0.6232303881161984	0.05
SNAI2	35	44	3.124734149712809	0.0357964203579642	chr1	150488170.0	150488284.0	sense	0.43205446897170746	0.364461498364117	0.05
CEBPD	31	41	3.074913207648456	0.010198980101989802	chr1	150488170.0	150488284.0	antisense	0.2035873335743349	0.6912492456373052	0.05
Mycn	37	45	3.07189782508693	0.0057994200579942	chr1	150488170.0	150488284.0	antisense	0.17874879178748793	0.747756885033457	0.05
CEBPG	31	41	3.060128818513237	0.005699430056994301	chr1	150488170.0	150488284.0	antisense	0.17874879178748793	0.747756885033457	0.05
MIXL1	34	44	3.0097914996182293	0.15208479152084792	chr1	150488170.0	150488284.0	antisense	0.6913291279567695	0.1603151444854314	0.05
TBX5	38	46	2.9479620218548566	0.054394560543945605	chr1	150488170.0	150488284.0	sense	0.4784877444458944	0.32012918137236906	0.05
MAF::NFE2	26	41	2.9362734260868475	0.0217978202179782	chr1	150488170.0	150488284.0	sense	0.29007868443924834	0.5374841828502992	0.05
ZNF263	27	48	2.8623250801926456	0.060693930606939304	chr1	150488170.0	150488284.0	antisense	0.518948105189481	0.2848760694284049	0.05
Myod1	27	40	2.8500991634844435	0.038896110388961104	chr1	150488170.0	150488284.0	sense	0.458028110232455	0.3391078675327848	0.05
ETV5	33	43	2.845682629041665	0.0633936606339366	chr1	150488170.0	150488284.0	sense	0.5222430137938587	0.2821273610002538	0.05
Id2	36	44	2.830065202174726	0.009599040095990401	chr1	150488170.0	150488284.0	sense	0.2035873335743349	0.6912492456373052	0.05
SPIC	30	44	2.8232067873011295	0.0786921307869213	chr1	150488170.0	150488284.0	antisense	0.5744467219944672	0.24075024446356094	0.05
Mlxip	36	44	2.7996314971079617	0.0115988401159884	chr1	150488170.0	150488284.0	sense	0.21499278643564215	0.6675761115437056	0.05
Pax2	36	44	2.780415572713855	0.1795820417958204	chr1	150488170.0	150488284.0	antisense	0.7281490600939906	0.13777970674498763	0.05
USF1	35	46	2.69246227578764	0.034996500349965	chr1	150488170.0	150488284.0	sense	0.43205446897170746	0.364461498364117	0.05
TBX4	38	46	2.6857174937729615	0.0448955104489551	chr1	150488170.0	150488284.0	sense	0.46106543191834665	0.33623743750707846	0.05
ZEB1	37	46	2.676799755607478	0.014998500149985002	chr1	150488170.0	150488284.0	antisense	0.23810560120458543	0.6232303881161984	0.05
Arid5a	26	40	2.6419931696680354	0.20927907209279073	chr1	150488170.0	150488284.0	sense	0.816660439219236	0.0879584820568041	0.05
PAX5	28	47	2.634892234138567	0.1070892910708929	chr1	150488170.0	150488284.0	sense	0.6086358755428805	0.21564245209104946	0.05
TBX2	37	48	2.6216341432277055	0.11998800119988001	chr1	150488170.0	150488284.0	sense	0.6354466594156911	0.1969208990732748	0.05
ID4	35	45	2.618997845889433	0.049795020497950204	chr1	150488170.0	150488284.0	antisense	0.4784877444458944	0.32012918137236906	0.05
HNF4G	26	41	2.6120426523572196	0.08089191080891911	chr1	150488170.0	150488284.0	antisense	0.5751082426003975	0.24025040793658842	0.05
BHLHE40	35	45	2.593800953177446	0.030096990300969902	chr1	150488170.0	150488284.0	sense	0.38098385283422875	0.419093430554297	0.05
POU3F1	36	48	2.5621738832384167	0.09109089091090891	chr1	150488170.0	150488284.0	antisense	0.5827224506465016	0.23453824945049737	0.05
Mafb	29	41	2.535775521113365	0.11628837116288371	chr1	150488170.0	150488284.0	antisense	0.6286840065993401	0.2015675877395248	0.05
YY2	29	40	2.4751560824915435	0.08749125087491251	chr1	150488170.0	150488284.0	antisense	0.5827224506465016	0.23453824945049737	0.05
POU6F2	29	39	2.454036567495817	0.053594640535946404	chr1	150488170.0	150488284.0	antisense	0.4784877444458944	0.32012918137236906	0.05
Pax6	29	43	2.447843510829875	0.0923907609239076	chr1	150488170.0	150488284.0	antisense	0.5827224506465016	0.23453824945049737	0.05
Ascl2	35	45	2.434595645338454	0.0405959404059594	chr1	150488170.0	150488284.0	antisense	0.458028110232455	0.3391078675327848	0.05
FIGLA	35	45	2.3984497152474407	0.10078992100789921	chr1	150488170.0	150488284.0	antisense	0.5944314659443147	0.2258982094690669	0.05
RARA::RXRA	28	45	2.39146069673327	0.1116888311168883	chr1	150488170.0	150488284.0	antisense	0.6166649292517556	0.20995074991249443	0.05
NKX2-8	35	44	2.362114459919208	0.11448855114488551	chr1	150488170.0	150488284.0	antisense	0.625469032044164	0.20379418804134575	0.05
GCM1	37	48	2.3562940638231584	0.0658934106589341	chr1	150488170.0	150488284.0	sense	0.5343543770622937	0.2721706288182822	0.05
RUNX1	36	47	2.332551305378601	0.15148485151484853	chr1	150488170.0	150488284.0	sense	0.6913291279567695	0.1603151444854314	0.05
Myog	35	46	2.3216661022036766	0.051794820517948204	chr1	150488170.0	150488284.0	sense	0.4784877444458944	0.32012918137236906	0.05
CREB3L1	33	47	2.3141373183427367	0.061993800619938005	chr1	150488170.0	150488284.0	antisense	0.518948105189481	0.2848760694284049	0.05
CENPB	33	48	2.3124598547787594	0.12768723127687232	chr1	150488170.0	150488284.0	antisense	0.6626967303269673	0.17868517216498953	0.05
MEIS3	37	45	2.3122673405946013	0.10788921107889211	chr1	150488170.0	150488284.0	antisense	0.6086358755428805	0.21564245209104946	0.05
HSF4	31	44	2.3085561767050864	0.1060893910608939	chr1	150488170.0	150488284.0	sense	0.6086358755428805	0.21564245209104946	0.05
ETV3	33	43	2.305223202045961	0.09909009099090091	chr1	150488170.0	150488284.0	sense	0.5911236462560641	0.22832166756174802	0.05
MGA	38	46	2.3015705148978642	0.0527947205279472	chr1	150488170.0	150488284.0	sense	0.4784877444458944	0.32012918137236906	0.05
TBX19	28	48	2.2624686073398235	0.09319068093190681	chr1	150488170.0	150488284.0	antisense	0.5827224506465016	0.23453824945049737	0.05
Atoh1	35	45	2.233142851602959	0.09859014098590141	chr1	150488170.0	150488284.0	antisense	0.5911236462560641	0.22832166756174802	0.05
FEV	33	43	2.214268899755703	0.08749125087491251	chr1	150488170.0	150488284.0	sense	0.5827224506465016	0.23453824945049737	0.05
T	30	46	2.2127672425087077	0.0537946205379462	chr1	150488170.0	150488284.0	sense	0.4784877444458944	0.32012918137236906	0.05
TBR1	38	48	2.2122333915084575	0.0913908609139086	chr1	150488170.0	150488284.0	sense	0.5827224506465016	0.23453824945049737	0.05
Tcf12	35	46	2.2112860986728955	0.06189381061893811	chr1	150488170.0	150488284.0	sense	0.518948105189481	0.2848760694284049	0.05
Arnt	37	43	2.1843895653255254	0.025297470252974703	chr1	150488170.0	150488284.0	antisense	0.3282346765323468	0.48381553958054924	0.05
MLXIPL	35	45	2.171813254408953	0.07229277072292771	chr1	150488170.0	150488284.0	antisense	0.5599992239582011	0.2518125748347005	0.05
Bhlha15	36	44	2.162731519897438	0.0443955604439556	chr1	150488170.0	150488284.0	sense	0.46106543191834665	0.33623743750707846	0.05
ZBTB33	30	45	2.1599550104223724	0.1324867513248675	chr1	150488170.0	150488284.0	antisense	0.6711057049634842	0.17320906929929478	0.05
NKX2-3	35	45	2.1457521799561117	0.12488751124887511	chr1	150488170.0	150488284.0	antisense	0.6547133165471332	0.18394882565181922	0.05
SP3	32	43	2.1417568584932543	0.14538546145385461	chr1	150488170.0	150488284.0	antisense	0.6902009799020099	0.16102442846131895	0.05
TBX1	38	46	2.1183672812153436	0.045795420457954206	chr1	150488170.0	150488284.0	sense	0.46106543191834665	0.33623743750707846	0.05
THAP1	32	41	2.105847970448175	0.39936006399360063	chr1	150488170.0	150488284.0	sense	0.9654224232749139	0.01528261830843142	0.05
NFIX	32	41	2.073364099503678	0.27107289271072893	chr1	150488170.0	150488284.0	antisense	0.8896716578342165	0.050770244479800185	0.05
POU2F2	35	48	2.0714500570902863	0.07479252074792521	chr1	150488170.0	150488284.0	sense	0.5708429157084292	0.24348338427017976	0.05
TBX21	37	47	2.0713135833000695	0.0796920307969203	chr1	150488170.0	150488284.0	sense	0.5744467219944672	0.24075024446356094	0.05
TBP	26	41	2.0602674239686283	0.32696730326967305	chr1	150488170.0	150488284.0	sense	0.9181173774514441	0.03710179252341429	0.05
ERG	33	43	2.0398029724673643	0.09779022097790221	chr1	150488170.0	150488284.0	sense	0.5911236462560641	0.22832166756174802	0.05
ETV1	37	47	2.0342507200209634	0.1601839816018398	chr1	150488170.0	150488284.0	antisense	0.7105597132594432	0.14839941942634766	0.05
Foxd3	36	48	2.031562018849899	0.08919108089191082	chr1	150488170.0	150488284.0	sense	0.5827224506465016	0.23453824945049737	0.05
Prrx2	35	43	2.0298144357233725	0.33926607339266074	chr1	150488170.0	150488284.0	sense	0.9300523072692732	0.03149262551102423	0.05
ETS1	33	43	2.025260065965922	0.09769023097690231	chr1	150488170.0	150488284.0	sense	0.5911236462560641	0.22832166756174802	0.05
ETV4	33	43	2.0248329598079375	0.1531846815318468	chr1	150488170.0	150488284.0	sense	0.6913291279567695	0.1603151444854314	0.05
CEBPA	31	42	2.020483630445274	0.0923907609239076	chr1	150488170.0	150488284.0	sense	0.5827224506465016	0.23453824945049737	0.05
Pou5f1::Sox2	32	47	2.0062808918716213	0.15258474152584742	chr1	150488170.0	150488284.0	antisense	0.6913291279567695	0.1603151444854314	0.05
OLIG3	35	45	2.0043955084340643	0.1451854814518548	chr1	150488170.0	150488284.0	sense	0.6902009799020099	0.16102442846131895	0.05
HOXA5	35	43	1.9957566587758795	0.1331866813318668	chr1	150488170.0	150488284.0	sense	0.6711057049634842	0.17320906929929478	0.05
BHLHE22	35	45	1.986257748459579	0.07729227077292271	chr1	150488170.0	150488284.0	sense	0.5744467219944672	0.24075024446356094	0.05
REL	34	44	1.979097377500928	0.1782821717828217	chr1	150488170.0	150488284.0	sense	0.7281490600939906	0.13777970674498763	0.05
RAX2	35	43	1.9490490023871478	0.3414658534146585	chr1	150488170.0	150488284.0	sense	0.9300523072692732	0.03149262551102423	0.05
ELK1	33	43	1.9480983333544373	0.0680931906809319	chr1	150488170.0	150488284.0	sense	0.5409640854096409	0.2668315667347621	0.05
UNCX	35	43	1.9165170003775867	0.3478652134786521	chr1	150488170.0	150488284.0	sense	0.9315118488151185	0.03081161651406686	0.05
BHLHE41	35	45	1.8828646815418055	0.043695630436956304	chr1	150488170.0	150488284.0	sense	0.46106543191834665	0.33623743750707846	0.05
Hic1	31	40	1.8721386316497686	0.23017698230176983	chr1	150488170.0	150488284.0	antisense	0.8532989558187039	0.06889878581286983	0.05
SHOX	35	43	1.871614569856355	0.3243675632436756	chr1	150488170.0	150488284.0	antisense	0.9181173774514441	0.03710179252341429	0.05
HOXB3	34	44	1.8712577932531689	0.47785221477852213	chr1	150488170.0	150488284.0	sense	0.9926439356064393	0.0032065063206864874	0.05
GCM2	37	47	1.8636062441944912	0.19988001199880012	chr1	150488170.0	150488284.0	sense	0.7979825094413635	0.09800662761712467	0.05
ELK3	33	43	1.8464027923058124	0.17468253174682533	chr1	150488170.0	150488284.0	sense	0.7252818718128188	0.13949317745353024	0.05
OLIG2	35	45	1.8254366308199355	0.11858814118588142	chr1	150488170.0	150488284.0	sense	0.6345076832522933	0.19756311466640583	0.05
ELF5	32	43	1.824233634805441	0.25477452254774524	chr1	150488170.0	150488284.0	sense	0.8880542409335226	0.05156050739852776	0.05
NR2F1	35	48	1.8229100856576943	0.18898110188981102	chr1	150488170.0	150488284.0	antisense	0.7603193169055188	0.11900397555440961	0.05
Gabpa	36	47	1.8183577659812504	0.143985601439856	chr1	150488170.0	150488284.0	antisense	0.6902009799020099	0.16102442846131895	0.05
ESR2	32	47	1.813395087060818	0.30246975302469753	chr1	150488170.0	150488284.0	antisense	0.9181173774514441	0.03710179252341429	0.05
NFATC1	38	48	1.8097201359428554	0.35396460353964604	chr1	150488170.0	150488284.0	sense	0.9315118488151185	0.03081161651406686	0.05
GSC	28	38	1.7901379613834878	0.2966703329667033	chr1	150488170.0	150488284.0	sense	0.9164994214864227	0.03786780483742586	0.05
NFYB	27	42	1.788883360467011	0.16968303169683033	chr1	150488170.0	150488284.0	antisense	0.7201987118361335	0.14254765975306913	0.05
FLI1	33	43	1.7835683564801459	0.10918908109189081	chr1	150488170.0	150488284.0	sense	0.6093455170611971	0.2151363796136215	0.05
Klf12	28	43	1.7823055897534	0.07929207079292071	chr1	150488170.0	150488284.0	sense	0.5744467219944672	0.24075024446356094	0.05
Barhl1	27	37	1.7800101697842081	0.5895410458954105	chr1	150488170.0	150488284.0	sense	0.9999000099990001	4.342727686267685e-05	0.05
Ahr::Arnt	35	41	1.7759978437489456	0.09219078092190781	chr1	150488170.0	150488284.0	sense	0.5827224506465016	0.23453824945049737	0.05
HES5	34	46	1.7468516834158097	0.04559544045595441	chr1	150488170.0	150488284.0	antisense	0.46106543191834665	0.33623743750707846	0.05
Rfx1	26	40	1.7396846707539417	0.21637836216378362	chr1	150488170.0	150488284.0	antisense	0.8380624624104753	0.07672361135868064	0.05
MZF1(var.2)	30	40	1.7362328366169473	0.26777322267773224	chr1	150488170.0	150488284.0	sense	0.8896716578342165	0.050770244479800185	0.05
TFAP2A	28	39	1.7108042237924046	0.22977702229777022	chr1	150488170.0	150488284.0	sense	0.8532989558187039	0.06889878581286983	0.05
MAFG::NFE2L1	37	43	1.7079241913296943	0.17068293170682933	chr1	150488170.0	150488284.0	sense	0.7201987118361335	0.14254765975306913	0.05
EGR3	33	48	1.7004647322787445	0.06879312068793121	chr1	150488170.0	150488284.0	antisense	0.5409640854096409	0.2668315667347621	0.05
NFATC3	38	48	1.6972471826245699	0.3638636136386361	chr1	150488170.0	150488284.0	sense	0.934877304348773	0.02924538328879318	0.05
ISL2	28	36	1.6794093320725034	0.35676432356764326	chr1	150488170.0	150488284.0	antisense	0.9315118488151185	0.03081161651406686	0.05
E2F3	27	45	1.676191114365353	0.048295170482951705	chr1	150488170.0	150488284.0	sense	0.4729281788802252	0.3252048082776817	0.05
MEIS1	38	45	1.671631311534437	0.29077092290770923	chr1	150488170.0	150488284.0	antisense	0.9146067211460672	0.038765611455310864	0.05
Hoxd9	26	36	1.658113653721676	0.3307669233076692	chr1	150488170.0	150488284.0	antisense	0.919398434488102	0.036496240082943804	0.05
PRRX1	35	43	1.649879069168358	0.3180681931806819	chr1	150488170.0	150488284.0	sense	0.9181173774514441	0.03710179252341429	0.05
RUNX2	29	38	1.639409172379272	0.1743825617438256	chr1	150488170.0	150488284.0	sense	0.7252818718128188	0.13949317745353024	0.05
Ddit3::Cebpa	36	48	1.6256196096784177	0.32296770322967705	chr1	150488170.0	150488284.0	sense	0.9181173774514441	0.03710179252341429	0.05
ERF	33	43	1.610702662448312	0.15628437156284372	chr1	150488170.0	150488284.0	sense	0.6992378348372059	0.1553750806361364	0.05
Gfi1b	26	37	1.60437955266824	0.16378362163783622	chr1	150488170.0	150488284.0	sense	0.7143168036137563	0.14610913339653592	0.05
Sox17	28	37	1.5626055470757856	0.25707429257074293	chr1	150488170.0	150488284.0	antisense	0.8880542409335226	0.05156050739852776	0.05
HOXA2	34	44	1.558278401060728	0.5736426357364264	chr1	150488170.0	150488284.0	sense	0.9999000099990001	4.342727686267685e-05	0.05
TFAP2C	27	39	1.5563847783323599	0.35896410358964104	chr1	150488170.0	150488284.0	sense	0.9315118488151185	0.03081161651406686	0.05
HLF	30	42	1.5408141412344367	0.2702729727027297	chr1	150488170.0	150488284.0	sense	0.8896716578342165	0.050770244479800185	0.05
TFAP2B	27	39	1.532428041625743	0.32726727327267274	chr1	150488170.0	150488284.0	sense	0.9181173774514441	0.03710179252341429	0.05
GLI2	36	48	1.5200214734312192	0.22107789221077892	chr1	150488170.0	150488284.0	antisense	0.8499216744992169	0.07062109534469696	0.05
GSX1	27	37	1.5181096927543447	0.7731226877312268	chr1	150488170.0	150488284.0	antisense	0.9999000099990001	4.342727686267685e-05	0.05
ZBTB7A	27	39	1.505053556331712	0.30616938306169383	chr1	150488170.0	150488284.0	antisense	0.9181173774514441	0.03710179252341429	0.05
E2F4	27	38	1.5045193594714812	0.15198480151984803	chr1	150488170.0	150488284.0	antisense	0.6913291279567695	0.1603151444854314	0.05
ETV6	33	43	1.4990725808779775	0.22747725227477253	chr1	150488170.0	150488284.0	sense	0.8532989558187039	0.06889878581286983	0.05
CDX1	27	36	1.4987699370162502	0.30286971302869714	chr1	150488170.0	150488284.0	antisense	0.9181173774514441	0.03710179252341429	0.05
EVX2	28	38	1.4976563942453334	0.6504349565043496	chr1	150488170.0	150488284.0	antisense	0.9999000099990001	4.342727686267685e-05	0.05
DMRT3	37	48	1.497348147550855	0.33126687331266874	chr1	150488170.0	150488284.0	sense	0.919398434488102	0.036496240082943804	0.05
Zfx	32	46	1.4896522265312144	0.2726727327267273	chr1	150488170.0	150488284.0	sense	0.8896716578342165	0.050770244479800185	0.05
ZBTB7C	36	48	1.4747836776303864	0.4206579342065793	chr1	150488170.0	150488284.0	antisense	0.9654224232749139	0.01528261830843142	0.05
TEAD1	27	37	1.4506699599491215	0.37916208379162086	chr1	150488170.0	150488284.0	antisense	0.9580386621532021	0.018616964385975782	0.05
YY1	27	39	1.4274728017549019	0.24947505249475052	chr1	150488170.0	150488284.0	sense	0.8807996751345273	0.05512285421717224	0.05
HLTF	34	44	1.4262830218051392	0.555044495550445	chr1	150488170.0	150488284.0	sense	0.9999000099990001	4.342727686267685e-05	0.05
SP2	29	44	1.4118133874977161	0.24567543245675433	chr1	150488170.0	150488284.0	sense	0.8733256811305171	0.05882376873276099	0.05
EGR2	27	38	1.4013469517100232	0.1616838316168383	chr1	150488170.0	150488284.0	antisense	0.7111348187215176	0.1480480568281291	0.05
JUN(var.2)	26	40	1.3993587600082533	0.31556844315568444	chr1	150488170.0	150488284.0	antisense	0.9181173774514441	0.03710179252341429	0.05
TEAD4	27	37	1.3889525295213925	0.36666333366663334	chr1	150488170.0	150488284.0	antisense	0.937429902329964	0.028061197381015018	0.05
HOXA10	26	37	1.3551007868913716	0.5196480351964804	chr1	150488170.0	150488284.0	antisense	0.9999000099990001	4.342727686267685e-05	0.05
Foxo1	36	47	1.3367398335063607	0.23657634236576341	chr1	150488170.0	150488284.0	sense	0.8586232285862322	0.06619736660155512	0.05
TFAP2A(var.2)	27	39	1.3347735543211154	0.42915708429157085	chr1	150488170.0	150488284.0	sense	0.9654224232749139	0.01528261830843142	0.05
KLF14	28	42	1.3343428710264569	0.1665833416658334	chr1	150488170.0	150488284.0	sense	0.7149475135131115	0.14572583991684956	0.05
EN2	27	37	1.3272736566446794	0.5651434856514349	chr1	150488170.0	150488284.0	antisense	0.9999000099990001	4.342727686267685e-05	0.05
E2F1	30	42	1.3265430061983883	0.3885611438856114	chr1	150488170.0	150488284.0	sense	0.9654224232749139	0.01528261830843142	0.05
E2F6	27	38	1.307878224348154	0.1792820717928207	chr1	150488170.0	150488284.0	antisense	0.7281490600939906	0.13777970674498763	0.05
PAX1	30	47	1.2886988669784922	0.13928607139286073	chr1	150488170.0	150488284.0	sense	0.6884711528847116	0.16211425207437935	0.05
POU3F2	36	48	1.258817157282375	0.2840715928407159	chr1	150488170.0	150488284.0	antisense	0.9044978937689054	0.04359244010942671	0.05
TFAP2A(var.3)	26	39	1.2515209439609425	0.32596740325967405	chr1	150488170.0	150488284.0	antisense	0.9181173774514441	0.03710179252341429	0.05
LMX1B	35	43	1.2469295291099824	0.6279372062793721	chr1	150488170.0	150488284.0	sense	0.9999000099990001	4.342727686267685e-05	0.05
RUNX3	31	41	1.2465560802577924	0.32556744325567444	chr1	150488170.0	150488284.0	sense	0.9181173774514441	0.03710179252341429	0.05
SOX10	29	35	1.2238413467870262	0.3498650134986501	chr1	150488170.0	150488284.0	antisense	0.9315118488151185	0.03081161651406686	0.05
PAX9	30	47	1.2121574429356754	0.10218978102189781	chr1	150488170.0	150488284.0	sense	0.5959156893299434	0.22481518027462366	0.05
Dlx1	37	47	1.2107053490702355	0.7522247775222478	chr1	150488170.0	150488284.0	antisense	0.9999000099990001	4.342727686267685e-05	0.05
EOMES	28	41	1.2077784041382191	0.5157484251574842	chr1	150488170.0	150488284.0	antisense	0.9999000099990001	4.342727686267685e-05	0.05
GSX2	34	44	1.2041200105915768	0.8652134786521348	chr1	150488170.0	150488284.0	sense	0.9999000099990001	4.342727686267685e-05	0.05
SPI1	29	43	1.2021262114497215	0.08799120087991201	chr1	150488170.0	150488284.0	sense	0.5827224506465016	0.23453824945049737	0.05
TFAP2C(var.3)	26	39	1.1958152690349744	0.28947105289471053	chr1	150488170.0	150488284.0	antisense	0.9146067211460672	0.038765611455310864	0.05
Dlx3	28	36	1.1941342078571997	0.6873312668733127	chr1	150488170.0	150488284.0	antisense	0.9999000099990001	4.342727686267685e-05	0.05
PPARG	28	48	1.1894271107312082	0.23367663233676633	chr1	150488170.0	150488284.0	sense	0.8562643735626437	0.06739212521449853	0.05
Dlx4	28	36	1.1603271872297294	0.6697330266973303	chr1	150488170.0	150488284.0	antisense	0.9999000099990001	4.342727686267685e-05	0.05
MSX1	35	43	1.1603093750715074	0.565943405659434	chr1	150488170.0	150488284.0	antisense	0.9999000099990001	4.342727686267685e-05	0.05
HOXB2	34	44	1.1523807108140607	0.7735226477352265	chr1	150488170.0	150488284.0	sense	0.9999000099990001	4.342727686267685e-05	0.05
DBP	30	42	1.1466297250859316	0.31716828317168283	chr1	150488170.0	150488284.0	sense	0.9181173774514441	0.03710179252341429	0.05
FOXD1	38	46	1.1406403986725218	0.32556744325567444	chr1	150488170.0	150488284.0	antisense	0.9181173774514441	0.03710179252341429	0.05
TGIF2	32	44	1.1289865917838917	0.16668333166683333	chr1	150488170.0	150488284.0	antisense	0.7149475135131115	0.14572583991684956	0.05
POU5F1B	38	47	1.1279480992084756	0.43155684431556846	chr1	150488170.0	150488284.0	antisense	0.9654224232749139	0.01528261830843142	0.05
FOXB1	37	48	1.108282389602506	0.36346365363463656	chr1	150488170.0	150488284.0	sense	0.934877304348773	0.02924538328879318	0.05
ZBTB18	26	39	1.1046287535231198	0.26477352264773524	chr1	150488170.0	150488284.0	antisense	0.8896716578342165	0.050770244479800185	0.05
IRF7	28	42	1.104612859719194	0.2024797520247975	chr1	150488170.0	150488284.0	sense	0.8021907732890832	0.09572233753348179	0.05
POU4F1	34	48	1.1043274921180732	0.5208479152084792	chr1	150488170.0	150488284.0	sense	0.9999000099990001	4.342727686267685e-05	0.05
FOXC2	27	39	1.1032677109673352	0.38976102389761025	chr1	150488170.0	150488284.0	antisense	0.9654224232749139	0.01528261830843142	0.05
Klf1	27	38	1.1001504068369807	0.2937706229377062	chr1	150488170.0	150488284.0	antisense	0.9164994214864227	0.03786780483742586	0.05
MAFK	26	41	1.095979306061268	0.5031496850314968	chr1	150488170.0	150488284.0	sense	0.9999000099990001	4.342727686267685e-05	0.05
ELK4	36	47	1.092081597730082	0.34296570342965704	chr1	150488170.0	150488284.0	sense	0.9300523072692732	0.03149262551102423	0.05
SOX9	27	36	1.0768278496616916	0.6606339366063394	chr1	150488170.0	150488284.0	antisense	0.9999000099990001	4.342727686267685e-05	0.05
ELF4	31	43	1.0761944780628248	0.2705729427057294	chr1	150488170.0	150488284.0	sense	0.8896716578342165	0.050770244479800185	0.05
TBX15	38	46	1.066105039211101	0.22517748225177484	chr1	150488170.0	150488284.0	sense	0.8530446225450448	0.06902825040550298	0.05
BARHL2	26	36	1.0610408305761994	0.7225277472252775	chr1	150488170.0	150488284.0	sense	0.9999000099990001	4.342727686267685e-05	0.05
MTF1	31	45	1.0530812053511809	0.1406859314068593	chr1	150488170.0	150488284.0	sense	0.688830173586415	0.16188783725842934	0.05
POU3F4	38	47	1.0458794513668908	0.22467753224677534	chr1	150488170.0	150488284.0	antisense	0.8530446225450448	0.06902825040550298	0.05
NFATC2	39	46	1.0439753656550281	0.46615338466153383	chr1	150488170.0	150488284.0	sense	0.9828498931483369	0.0075128052149363335	0.05
POU2F1	35	47	1.0374878545918966	0.5718428157184282	chr1	150488170.0	150488284.0	sense	0.9999000099990001	4.342727686267685e-05	0.05
Dlx2	28	36	1.0272896098567221	0.5445455454454554	chr1	150488170.0	150488284.0	antisense	0.9999000099990001	4.342727686267685e-05	0.05
MEIS2	37	45	1.026920277979812	0.44055594440555945	chr1	150488170.0	150488284.0	antisense	0.9688497251969719	0.013743579583762565	0.05
BARX1	28	36	1.0221800816742383	0.529047095290471	chr1	150488170.0	150488284.0	antisense	0.9999000099990001	4.342727686267685e-05	0.05
MSC	35	45	1.0127218344983562	0.35196480351964804	chr1	150488170.0	150488284.0	antisense	0.9315118488151185	0.03081161651406686	0.05
TP53	29	47	1.0125270379947648	0.23427657234276572	chr1	150488170.0	150488284.0	antisense	0.8562643735626437	0.06739212521449853	0.05
Sox6	26	36	1.012444940125318	0.24327567243275672	chr1	150488170.0	150488284.0	antisense	0.8711170262284117	0.05992349776933349	0.05
EHF	27	39	1.0016776072290006	0.3695630436956304	chr1	150488170.0	150488284.0	antisense	0.9402118611668244	0.026774274306234514	0.05
ELF1	31	43	1.0005630497267246	0.32186781321867813	chr1	150488170.0	150488284.0	sense	0.9181173774514441	0.03710179252341429	0.05
DLX6	28	36	0.9972324354223322	0.6421357864213578	chr1	150488170.0	150488284.0	antisense	0.9999000099990001	4.342727686267685e-05	0.05
NFIC	41	47	0.9829111069735155	0.5693430656934306	chr1	150488170.0	150488284.0	antisense	0.9999000099990001	4.342727686267685e-05	0.05
SREBF2	38	48	0.9770721275777068	0.35806419358064195	chr1	150488170.0	150488284.0	sense	0.9315118488151185	0.03081161651406686	0.05
FOXP3	35	42	0.9680444196592597	0.5724427557244276	chr1	150488170.0	150488284.0	antisense	0.9999000099990001	4.342727686267685e-05	0.05
NKX3-2	28	37	0.962331118950451	0.5775422457754225	chr1	150488170.0	150488284.0	antisense	0.9999000099990001	4.342727686267685e-05	0.05
ETV2	37	48	0.9589552422067729	0.3220677932206779	chr1	150488170.0	150488284.0	antisense	0.9181173774514441	0.03710179252341429	0.05
Nr5a2	31	46	0.9526551139657096	0.5092490750924907	chr1	150488170.0	150488284.0	antisense	0.9999000099990001	4.342727686267685e-05	0.05
SP4	26	43	0.9518318731732147	0.14628537146285372	chr1	150488170.0	150488284.0	sense	0.6902009799020099	0.16102442846131895	0.05
ESRRB	37	48	0.9511429672290779	0.25837416258374163	chr1	150488170.0	150488284.0	antisense	0.8880542409335226	0.05156050739852776	0.05
EGR1	29	43	0.9494485447820739	0.41045895410458955	chr1	150488170.0	150488284.0	antisense	0.9654224232749139	0.01528261830843142	0.05
SP8	31	43	0.9474594895055278	0.45425457454254575	chr1	150488170.0	150488284.0	antisense	0.9810487830884961	0.00830939659621047	0.05
ALX3	34	44	0.9354456073592619	0.8543145685431457	chr1	150488170.0	150488284.0	sense	0.9999000099990001	4.342727686267685e-05	0.05
Esrrg	38	48	0.9314159615744532	0.44545545445455453	chr1	150488170.0	150488284.0	antisense	0.9754910584890878	0.010776707065615091	0.05
Spz1	37	48	0.9263668897977564	0.5254474552544746	chr1	150488170.0	150488284.0	antisense	0.9999000099990001	4.342727686267685e-05	0.05
TFAP2B(var.3)	26	39	0.9233850755484536	0.35036496350364965	chr1	150488170.0	150488284.0	antisense	0.9315118488151185	0.03081161651406686	0.05
HOXB13	26	36	0.9221720438796922	0.39816018398160186	chr1	150488170.0	150488284.0	antisense	0.9654224232749139	0.01528261830843142	0.05
GLIS2	28	42	0.9214813745935483	0.28357164283571645	chr1	150488170.0	150488284.0	sense	0.9044978937689054	0.04359244010942671	0.05
FOXC1	37	48	0.9156382703100141	0.45545445455454453	chr1	150488170.0	150488284.0	sense	0.9810487830884961	0.00830939659621047	0.05
MEOX2	34	44	0.9139764753568916	0.9041095890410958	chr1	150488170.0	150488284.0	sense	0.9999000099990001	4.342727686267685e-05	0.05
GATA1::TAL1	27	45	0.9002032248307491	0.5103489651034897	chr1	150488170.0	150488284.0	sense	0.9999000099990001	4.342727686267685e-05	0.05
ESX1	27	37	0.8994737962795615	0.8397160283971603	chr1	150488170.0	150488284.0	antisense	0.9999000099990001	4.342727686267685e-05	0.05
Pparg::Rxra	26	41	0.8924312148646498	0.6848315168483151	chr1	150488170.0	150488284.0	antisense	0.9999000099990001	4.342727686267685e-05	0.05
Nkx2-5(var.2)	27	38	0.8913053746454985	0.5183481651834817	chr1	150488170.0	150488284.0	antisense	0.9999000099990001	4.342727686267685e-05	0.05
MNX1	27	37	0.8867928645405242	0.7503249675032497	chr1	150488170.0	150488284.0	antisense	0.9999000099990001	4.342727686267685e-05	0.05
EMX1	27	37	0.8765139912588507	0.8656134386561344	chr1	150488170.0	150488284.0	antisense	0.9999000099990001	4.342727686267685e-05	0.05
ZBTB7B	26	38	0.8741341738274714	0.41135886411358863	chr1	150488170.0	150488284.0	antisense	0.9654224232749139	0.01528261830843142	0.05
Nkx3-1	28	37	0.8731399440423047	0.5615438456154385	chr1	150488170.0	150488284.0	antisense	0.9999000099990001	4.342727686267685e-05	0.05
FOS::JUN	35	42	0.8662320801212949	0.6262373762623737	chr1	150488170.0	150488284.0	sense	0.9999000099990001	4.342727686267685e-05	0.05
FOXA1	33	48	0.864911641383313	0.48975102489751027	chr1	150488170.0	150488284.0	sense	0.9999000099990001	4.342727686267685e-05	0.05
NKX6-2	29	37	0.8338179582065752	0.8116188381161884	chr1	150488170.0	150488284.0	antisense	0.9999000099990001	4.342727686267685e-05	0.05
KLF13	27	45	0.8258061839397945	0.20757924207579243	chr1	150488170.0	150488284.0	antisense	0.8161638381616384	0.08822265145783444	0.05
Nobox	29	37	0.8246385586850127	0.5681431856814319	chr1	150488170.0	150488284.0	sense	0.9999000099990001	4.342727686267685e-05	0.05
POU3F3	35	48	0.8234163299549411	0.5762423757624238	chr1	150488170.0	150488284.0	sense	0.9999000099990001	4.342727686267685e-05	0.05
BSX	28	36	0.8166789484910767	0.6518348165183482	chr1	150488170.0	150488284.0	antisense	0.9999000099990001	4.342727686267685e-05	0.05
Foxj2	38	46	0.8118037426634781	0.3802619738026197	chr1	150488170.0	150488284.0	antisense	0.9580386621532021	0.018616964385975782	0.05
GBX2	27	37	0.8072206655513035	0.6077392260773923	chr1	150488170.0	150488284.0	antisense	0.9999000099990001	4.342727686267685e-05	0.05
GMEB2	40	48	0.8054899446154022	0.6196380361963804	chr1	150488170.0	150488284.0	antisense	0.9999000099990001	4.342727686267685e-05	0.05
FOXG1	38	46	0.8041766100514065	0.2742725727427257	chr1	150488170.0	150488284.0	antisense	0.8896716578342165	0.050770244479800185	0.05
TAL1::TCF3	35	47	0.8004455879081969	0.48705129487051296	chr1	150488170.0	150488284.0	antisense	0.9999000099990001	4.342727686267685e-05	0.05
TEAD3	28	36	0.7998070241295833	0.45555444455554445	chr1	150488170.0	150488284.0	antisense	0.9810487830884961	0.00830939659621047	0.05
HOXD13	26	36	0.7984038358541353	0.4677532246775322	chr1	150488170.0	150488284.0	antisense	0.9828498931483369	0.0075128052149363335	0.05
FOXO3	38	46	0.7921198395492757	0.283971602839716	chr1	150488170.0	150488284.0	antisense	0.9044978937689054	0.04359244010942671	0.05
JUND	37	48	0.7791155328765569	0.4096590340965903	chr1	150488170.0	150488284.0	antisense	0.9654224232749139	0.01528261830843142	0.05
Foxq1	36	47	0.776055554357923	0.4076592340765923	chr1	150488170.0	150488284.0	sense	0.9654224232749139	0.01528261830843142	0.05
POU1F1	27	41	0.7757963491529584	0.633036696330367	chr1	150488170.0	150488284.0	antisense	0.9999000099990001	4.342727686267685e-05	0.05
Msx3	28	36	0.7752229255874051	0.5010498950104989	chr1	150488170.0	150488284.0	antisense	0.9999000099990001	4.342727686267685e-05	0.05
MSX2	28	36	0.7695597664162507	0.5512448755124487	chr1	150488170.0	150488284.0	antisense	0.9999000099990001	4.342727686267685e-05	0.05
FOSL1	37	48	0.7687201679348099	0.39236076392360764	chr1	150488170.0	150488284.0	antisense	0.9654224232749139	0.01528261830843142	0.05
FOXD2	39	46	0.7636025363412681	0.5975402459754025	chr1	150488170.0	150488284.0	antisense	0.9999000099990001	4.342727686267685e-05	0.05
E2F2	26	42	0.7609653713604185	0.13088691130886912	chr1	150488170.0	150488284.0	antisense	0.6711057049634842	0.17320906929929478	0.05
ZNF354C	40	46	0.7597240861324315	0.5264473552644735	chr1	150488170.0	150488284.0	antisense	0.9999000099990001	4.342727686267685e-05	0.05
NR4A2	37	45	0.7596859882385145	0.6702329767023297	chr1	150488170.0	150488284.0	sense	0.9999000099990001	4.342727686267685e-05	0.05
Gfi1	27	37	0.7554193202630708	0.7972202779722027	chr1	150488170.0	150488284.0	sense	0.9999000099990001	4.342727686267685e-05	0.05
POU4F3	27	43	0.7547184496775816	0.6667333266673333	chr1	150488170.0	150488284.0	sense	0.9999000099990001	4.342727686267685e-05	0.05
HOXA13	26	36	0.7490011702844044	0.5265473452654734	chr1	150488170.0	150488284.0	antisense	0.9999000099990001	4.342727686267685e-05	0.05
FOXO4	39	46	0.7484863422998461	0.4183581641835816	chr1	150488170.0	150488284.0	antisense	0.9654224232749139	0.01528261830843142	0.05
NFE2	37	48	0.7394093578083428	0.29647035296470353	chr1	150488170.0	150488284.0	sense	0.9164994214864227	0.03786780483742586	0.05
ZIC4	31	46	0.736403936864009	0.6285371462853715	chr1	150488170.0	150488284.0	antisense	0.9999000099990001	4.342727686267685e-05	0.05
Dux	28	36	0.7346685682538843	0.4634536546345365	chr1	150488170.0	150488284.0	antisense	0.9828498931483369	0.0075128052149363335	0.05
HSF1	31	44	0.7342928431701822	0.26247375262473754	chr1	150488170.0	150488284.0	sense	0.8896716578342165	0.050770244479800185	0.05
Atf3	38	46	0.728374160855877	0.6076392360763924	chr1	150488170.0	150488284.0	antisense	0.9999000099990001	4.342727686267685e-05	0.05
RARA(var.2)	28	45	0.7269101517448487	0.1386861313868613	chr1	150488170.0	150488284.0	antisense	0.6884711528847116	0.16211425207437935	0.05
FOXO6	39	46	0.7209858052490653	0.38816118388161186	chr1	150488170.0	150488284.0	antisense	0.9654224232749139	0.01528261830843142	0.05
LHX9	28	36	0.7199758036079207	0.8496150384961504	chr1	150488170.0	150488284.0	antisense	0.9999000099990001	4.342727686267685e-05	0.05
FOXL1	39	46	0.7181623931135402	0.43555644435556445	chr1	150488170.0	150488284.0	antisense	0.9660418573527263	0.015004055754810296	0.05
RAX	27	37	0.7146405765429599	0.6645335466453355	chr1	150488170.0	150488284.0	antisense	0.9999000099990001	4.342727686267685e-05	0.05
EVX1	27	37	0.7104999563401602	0.936006399360064	chr1	150488170.0	150488284.0	sense	0.9999000099990001	4.342727686267685e-05	0.05
SPDEF	37	48	0.7082577968315227	0.47125287471252875	chr1	150488170.0	150488284.0	antisense	0.9862106531282355	0.006030310494985332	0.05
BHLHE23	34	46	0.7002387207622963	0.42345765423457654	chr1	150488170.0	150488284.0	antisense	0.9654224232749139	0.01528261830843142	0.05
FOXI1	39	46	0.686627148586368	0.41435856414358563	chr1	150488170.0	150488284.0	antisense	0.9654224232749139	0.01528261830843142	0.05
HOXC10	26	36	0.6828473570268592	0.6522347765223477	chr1	150488170.0	150488284.0	antisense	0.9999000099990001	4.342727686267685e-05	0.05
Nkx2-5	36	43	0.6741073344172642	0.7105289471052895	chr1	150488170.0	150488284.0	sense	0.9999000099990001	4.342727686267685e-05	0.05
Hoxb5	30	46	0.6729961133018746	0.7923207679232077	chr1	150488170.0	150488284.0	antisense	0.9999000099990001	4.342727686267685e-05	0.05
VAX1	28	36	0.6727023541569991	0.922107789221078	chr1	150488170.0	150488284.0	sense	0.9999000099990001	4.342727686267685e-05	0.05
RHOXF1	38	46	0.670123835754121	0.8196180381961804	chr1	150488170.0	150488284.0	sense	0.9999000099990001	4.342727686267685e-05	0.05
KLF5	26	36	0.6700301045806548	0.41825817418258177	chr1	150488170.0	150488284.0	antisense	0.9654224232749139	0.01528261830843142	0.05
VAX2	28	36	0.6677440795294275	0.9012098790120988	chr1	150488170.0	150488284.0	sense	0.9999000099990001	4.342727686267685e-05	0.05
SREBF1	38	48	0.6507012410168492	0.4647535246475352	chr1	150488170.0	150488284.0	antisense	0.9828498931483369	0.0075128052149363335	0.05
Klf4	29	39	0.6492820632125343	0.42185781421857815	chr1	150488170.0	150488284.0	antisense	0.9654224232749139	0.01528261830843142	0.05
HESX1	27	37	0.6487674003552826	0.6515348465153484	chr1	150488170.0	150488284.0	sense	0.9999000099990001	4.342727686267685e-05	0.05
Gata4	26	37	0.6418429285498815	0.5155484451554845	chr1	150488170.0	150488284.0	sense	0.9999000099990001	4.342727686267685e-05	0.05
TFAP2C(var.2)	26	37	0.6258613088201592	0.6761323867613239	chr1	150488170.0	150488284.0	antisense	0.9999000099990001	4.342727686267685e-05	0.05
HSF2	31	44	0.620487749991218	0.43045695430456954	chr1	150488170.0	150488284.0	sense	0.9654224232749139	0.01528261830843142	0.05
NOTO	26	36	0.6181316544323959	0.762023797620238	chr1	150488170.0	150488284.0	antisense	0.9999000099990001	4.342727686267685e-05	0.05
BATF::JUN	27	38	0.612483293914744	0.5786421357864213	chr1	150488170.0	150488284.0	antisense	0.9999000099990001	4.342727686267685e-05	0.05
FOS	37	48	0.6058977977485961	0.5834416558344165	chr1	150488170.0	150488284.0	antisense	0.9999000099990001	4.342727686267685e-05	0.05
SP1	29	40	0.5951162438671197	0.42795720427957207	chr1	150488170.0	150488284.0	sense	0.9654224232749139	0.01528261830843142	0.05
Sox3	26	36	0.5923604527611472	0.42415758424157585	chr1	150488170.0	150488284.0	antisense	0.9654224232749139	0.01528261830843142	0.05
Hand1::Tcf3	28	38	0.5901250834295704	0.8937106289371063	chr1	150488170.0	150488284.0	sense	0.9999000099990001	4.342727686267685e-05	0.05
Atf1	31	39	0.5872495353779287	0.7183281671832816	chr1	150488170.0	150488284.0	sense	0.9999000099990001	4.342727686267685e-05	0.05
MLX	35	45	0.5798161534226461	0.515948405159484	chr1	150488170.0	150488284.0	sense	0.9999000099990001	4.342727686267685e-05	0.05
FOXH1	26	37	0.5773979340335369	0.5153484651534846	chr1	150488170.0	150488284.0	antisense	0.9999000099990001	4.342727686267685e-05	0.05
FOSL2	36	47	0.5764911112320542	0.5814418558144185	chr1	150488170.0	150488284.0	sense	0.9999000099990001	4.342727686267685e-05	0.05
TFAP2B(var.2)	26	37	0.5763713399012999	0.6726327367263274	chr1	150488170.0	150488284.0	sense	0.9999000099990001	4.342727686267685e-05	0.05
OTX1	27	35	0.5719183815343797	0.7594240575942406	chr1	150488170.0	150488284.0	sense	0.9999000099990001	4.342727686267685e-05	0.05
JUND(var.2)	29	44	0.568237186181944	0.5949405059494051	chr1	150488170.0	150488284.0	antisense	0.9999000099990001	4.342727686267685e-05	0.05
KLF16	29	40	0.5675850785396608	0.45495450454954506	chr1	150488170.0	150488284.0	sense	0.9810487830884961	0.00830939659621047	0.05
NEUROG2	35	45	0.5598390033931547	0.46095390460953906	chr1	150488170.0	150488284.0	antisense	0.9828498931483369	0.0075128052149363335	0.05
INSM1	27	39	0.5584901505676756	0.502049795020498	chr1	150488170.0	150488284.0	sense	0.9999000099990001	4.342727686267685e-05	0.05
SPIB	33	40	0.5445485089986436	0.748025197480252	chr1	150488170.0	150488284.0	sense	0.9999000099990001	4.342727686267685e-05	0.05
PDX1	28	36	0.5381326894397028	0.6927307269273073	chr1	150488170.0	150488284.0	antisense	0.9999000099990001	4.342727686267685e-05	0.05
Pou2f3	28	44	0.5369632244307215	0.603039696030397	chr1	150488170.0	150488284.0	antisense	0.9999000099990001	4.342727686267685e-05	0.05
EN1	35	43	0.536381301902151	0.819018098190181	chr1	150488170.0	150488284.0	antisense	0.9999000099990001	4.342727686267685e-05	0.05
VSX1	35	43	0.5360251815450786	0.9141085891410858	chr1	150488170.0	150488284.0	sense	0.9999000099990001	4.342727686267685e-05	0.05
PITX3	37	46	0.5272573949952832	0.9267073292670733	chr1	150488170.0	150488284.0	sense	0.9999000099990001	4.342727686267685e-05	0.05
OLIG1	35	45	0.5258033937162729	0.4781521847815218	chr1	150488170.0	150488284.0	antisense	0.9926439356064393	0.0032065063206864874	0.05
SRY	29	38	0.5148047918971427	0.8740125987401259	chr1	150488170.0	150488284.0	antisense	0.9999000099990001	4.342727686267685e-05	0.05
ZNF740	26	36	0.5139946044007656	0.4350564943505649	chr1	150488170.0	150488284.0	antisense	0.9660418573527263	0.015004055754810296	0.05
Pitx1	30	38	0.5128309077502944	0.9385061493850615	chr1	150488170.0	150488284.0	sense	0.9999000099990001	4.342727686267685e-05	0.05
JUNB	36	47	0.5119657264353712	0.6557344265573443	chr1	150488170.0	150488284.0	sense	0.9999000099990001	4.342727686267685e-05	0.05
Creb3l2	27	36	0.5118999616742779	0.5572442755724427	chr1	150488170.0	150488284.0	antisense	0.9999000099990001	4.342727686267685e-05	0.05
NKX6-1	28	36	0.5109833263197369	0.7937206279372063	chr1	150488170.0	150488284.0	antisense	0.9999000099990001	4.342727686267685e-05	0.05
ELF3	31	44	0.5065464580377692	0.4891510848915108	chr1	150488170.0	150488284.0	sense	0.9999000099990001	4.342727686267685e-05	0.05
HMBOX1	26	36	0.5052065442382564	0.9332066793320668	chr1	150488170.0	150488284.0	antisense	0.9999000099990001	4.342727686267685e-05	0.05
TP73	29	47	0.4919941413822782	0.46515348465153483	chr1	150488170.0	150488284.0	antisense	0.9828498931483369	0.0075128052149363335	0.05
GBX1	27	37	0.4790314368148438	0.7031296870312969	chr1	150488170.0	150488284.0	antisense	0.9999000099990001	4.342727686267685e-05	0.05
NFIC::TLX1	31	45	0.4751287937600444	0.41655834416558346	chr1	150488170.0	150488284.0	antisense	0.9654224232749139	0.01528261830843142	0.05
MZF1	41	47	0.4702878087545633	0.7268273172682732	chr1	150488170.0	150488284.0	antisense	0.9999000099990001	4.342727686267685e-05	0.05
Hoxa11	36	48	0.468815553531593	0.859014098590141	chr1	150488170.0	150488284.0	antisense	0.9999000099990001	4.342727686267685e-05	0.05
HOXD12	26	37	0.4665681990021124	0.6377362263773623	chr1	150488170.0	150488284.0	antisense	0.9999000099990001	4.342727686267685e-05	0.05
MEOX1	26	36	0.4653833093122462	0.9312068793120688	chr1	150488170.0	150488284.0	antisense	0.9999000099990001	4.342727686267685e-05	0.05
Hoxc9	34	47	0.46506232242644596	0.6922307769223077	chr1	150488170.0	150488284.0	sense	0.9999000099990001	4.342727686267685e-05	0.05
Arid3b	26	37	0.4611578143358617	0.7802219778022198	chr1	150488170.0	150488284.0	sense	0.9999000099990001	4.342727686267685e-05	0.05
JDP2	38	47	0.4582564000087793	0.4400559944005599	chr1	150488170.0	150488284.0	antisense	0.9688497251969719	0.013743579583762565	0.05
JUN	35	48	0.45804008112563155	0.6368363163683631	chr1	150488170.0	150488284.0	sense	0.9999000099990001	4.342727686267685e-05	0.05
Sox5	27	34	0.4543782578618429	0.7496250374962504	chr1	150488170.0	150488284.0	antisense	0.9999000099990001	4.342727686267685e-05	0.05
HOXC13	37	48	0.4454511356824136	0.656934306569343	chr1	150488170.0	150488284.0	antisense	0.9999000099990001	4.342727686267685e-05	0.05
MAFF	27	45	0.4350740035672058	0.8262173782621738	chr1	150488170.0	150488284.0	sense	0.9999000099990001	4.342727686267685e-05	0.05
LIN54	39	48	0.4345219073479547	0.6639336066393361	chr1	150488170.0	150488284.0	antisense	0.9999000099990001	4.342727686267685e-05	0.05
Myb	26	36	0.43231863655213837	0.6746325367463254	chr1	150488170.0	150488284.0	antisense	0.9999000099990001	4.342727686267685e-05	0.05
Shox2	28	36	0.4193196934289239	0.841915808419158	chr1	150488170.0	150488284.0	antisense	0.9999000099990001	4.342727686267685e-05	0.05
Crx	29	40	0.41118530527983443	0.6924307569243076	chr1	150488170.0	150488284.0	antisense	0.9999000099990001	4.342727686267685e-05	0.05
VENTX	28	37	0.40377876112103334	0.7903209679032097	chr1	150488170.0	150488284.0	antisense	0.9999000099990001	4.342727686267685e-05	0.05
TCF7L2	34	48	0.39523495884079823	0.7449255074492551	chr1	150488170.0	150488284.0	sense	0.9999000099990001	4.342727686267685e-05	0.05
EMX2	27	37	0.391273513806116	0.8666133386661334	chr1	150488170.0	150488284.0	antisense	0.9999000099990001	4.342727686267685e-05	0.05
NFAT5	38	48	0.38900871832077377	0.8843115688431157	chr1	150488170.0	150488284.0	sense	0.9999000099990001	4.342727686267685e-05	0.05
ZNF143	32	48	0.3882304159105746	0.3194680531946805	chr1	150488170.0	150488284.0	antisense	0.9181173774514441	0.03710179252341429	0.05
HOXC11	37	48	0.381890429357936	0.7142285771422858	chr1	150488170.0	150488284.0	antisense	0.9999000099990001	4.342727686267685e-05	0.05
ISX	28	36	0.37645816027115464	0.6903309669033096	chr1	150488170.0	150488284.0	antisense	0.9999000099990001	4.342727686267685e-05	0.05
LHX2	26	36	0.37490663462740115	0.8877112288771123	chr1	150488170.0	150488284.0	antisense	0.9999000099990001	4.342727686267685e-05	0.05
CREB1	36	44	0.36742997504895347	0.927007299270073	chr1	150488170.0	150488284.0	antisense	0.9999000099990001	4.342727686267685e-05	0.05
OTX2	27	35	0.3591731172917783	0.9207079292070793	chr1	150488170.0	150488284.0	sense	0.9999000099990001	4.342727686267685e-05	0.05
HOXC12	37	48	0.3579914636128722	0.7305269473052695	chr1	150488170.0	150488284.0	antisense	0.9999000099990001	4.342727686267685e-05	0.05
GATA5	29	37	0.35769604689121753	0.9613038696130387	chr1	150488170.0	150488284.0	sense	0.9999000099990001	4.342727686267685e-05	0.05
LBX1	28	36	0.3463197572065561	0.8654134586541345	chr1	150488170.0	150488284.0	sense	0.9999000099990001	4.342727686267685e-05	0.05
GATA2	26	40	0.34128070122977433	0.7306269373062694	chr1	150488170.0	150488284.0	antisense	0.9999000099990001	4.342727686267685e-05	0.05
LMX1A	28	36	0.3377495680669209	0.9584041595840416	chr1	150488170.0	150488284.0	antisense	0.9999000099990001	4.342727686267685e-05	0.05
Lhx8	28	36	0.3368851667732064	0.8955104489551045	chr1	150488170.0	150488284.0	sense	0.9999000099990001	4.342727686267685e-05	0.05
RORA	38	48	0.33379481529424954	0.8004199580041996	chr1	150488170.0	150488284.0	sense	0.9999000099990001	4.342727686267685e-05	0.05
Nr2e3	28	35	0.3301932574539031	0.7406259374062594	chr1	150488170.0	150488284.0	antisense	0.9999000099990001	4.342727686267685e-05	0.05
POU6F1	34	44	0.32667344017071565	0.9189081091890811	chr1	150488170.0	150488284.0	sense	0.9999000099990001	4.342727686267685e-05	0.05
Foxa2	29	41	0.3251435054673383	0.7255274472552745	chr1	150488170.0	150488284.0	sense	0.9999000099990001	4.342727686267685e-05	0.05
Nr2e1	26	35	0.32135479105059694	0.903009699030097	chr1	150488170.0	150488284.0	antisense	0.9999000099990001	4.342727686267685e-05	0.05
Lhx4	28	36	0.3186918115421076	0.9458054194580542	chr1	150488170.0	150488284.0	antisense	0.9999000099990001	4.342727686267685e-05	0.05
CREB3	26	40	0.3051772490282286	0.7423257674232576	chr1	150488170.0	150488284.0	antisense	0.9999000099990001	4.342727686267685e-05	0.05
FOXF2	27	41	0.2960055510622698	0.6745325467453255	chr1	150488170.0	150488284.0	antisense	0.9999000099990001	4.342727686267685e-05	0.05
LHX6	26	36	0.2954425532610872	0.9204079592040796	chr1	150488170.0	150488284.0	sense	0.9999000099990001	4.342727686267685e-05	0.05
VSX2	28	36	0.2950966149902665	0.8851114888511149	chr1	150488170.0	150488284.0	sense	0.9999000099990001	4.342727686267685e-05	0.05
Rarb(var.2)	28	45	0.2750775057538478	0.2635736426357364	chr1	150488170.0	150488284.0	antisense	0.8896716578342165	0.050770244479800185	0.05
HOXD11	37	47	0.2737887948857718	0.8006199380061993	chr1	150488170.0	150488284.0	antisense	0.9999000099990001	4.342727686267685e-05	0.05
DUXA	30	43	0.2716075950114536	0.8761123887611239	chr1	150488170.0	150488284.0	sense	0.9999000099990001	4.342727686267685e-05	0.05
E2F8	28	40	0.2668805399080836	0.4256574342565743	chr1	150488170.0	150488284.0	sense	0.9654224232749139	0.01528261830843142	0.05
CUX1	26	36	0.2630818861692301	0.8414158584141586	chr1	150488170.0	150488284.0	sense	0.9999000099990001	4.342727686267685e-05	0.05
Crem	36	46	0.25633149816761397	0.8804119588041196	chr1	150488170.0	150488284.0	antisense	0.9999000099990001	4.342727686267685e-05	0.05
HES7	34	46	0.2542094417390081	0.420957904209579	chr1	150488170.0	150488284.0	antisense	0.9654224232749139	0.01528261830843142	0.05
NFIL3	27	38	0.2471526258759108	0.7747225277472253	chr1	150488170.0	150488284.0	sense	0.9999000099990001	4.342727686267685e-05	0.05
ZIC3	26	41	0.23948608700438032	0.6043395660433957	chr1	150488170.0	150488284.0	sense	0.9999000099990001	4.342727686267685e-05	0.05
MEF2C	33	48	0.2376462064402222	0.8015198480151985	chr1	150488170.0	150488284.0	sense	0.9999000099990001	4.342727686267685e-05	0.05
NFIA	29	39	0.23644899664648508	0.8414158584141586	chr1	150488170.0	150488284.0	antisense	0.9999000099990001	4.342727686267685e-05	0.05
PAX4	28	36	0.21771690659745038	0.9116088391160884	chr1	150488170.0	150488284.0	antisense	0.9999000099990001	4.342727686267685e-05	0.05
PLAG1	31	45	0.214978210365995	0.48325167483251674	chr1	150488170.0	150488284.0	sense	0.99923354278118	0.0003329957705624798	0.05
CUX2	26	36	0.2081342105973105	0.9043095690430957	chr1	150488170.0	150488284.0	sense	0.9999000099990001	4.342727686267685e-05	0.05
Rarg(var.2)	29	46	0.20526594857757244	0.2556744325567443	chr1	150488170.0	150488284.0	antisense	0.8880542409335226	0.05156050739852776	0.05
Sox2	27	35	0.1948336533271582	0.6575342465753424	chr1	150488170.0	150488284.0	antisense	0.9999000099990001	4.342727686267685e-05	0.05
SMAD2::SMAD3::SMAD4	27	40	0.1932713725085638	0.9222077792220778	chr1	150488170.0	150488284.0	sense	0.9999000099990001	4.342727686267685e-05	0.05
Hoxd3	30	46	0.18983052972355327	0.9211078892110789	chr1	150488170.0	150488284.0	sense	0.9999000099990001	4.342727686267685e-05	0.05
Hoxa9	37	48	0.18083942476527648	0.8269173082691731	chr1	150488170.0	150488284.0	sense	0.9999000099990001	4.342727686267685e-05	0.05
ZIC1	26	40	0.1774329080309222	0.551044895510449	chr1	150488170.0	150488284.0	sense	0.9999000099990001	4.342727686267685e-05	0.05
GATA3	26	34	0.1771489119090166	0.6508349165083491	chr1	150488170.0	150488284.0	antisense	0.9999000099990001	4.342727686267685e-05	0.05
DUX4	31	42	0.16769135401246585	0.771022897710229	chr1	150488170.0	150488284.0	sense	0.9999000099990001	4.342727686267685e-05	0.05
PROX1	27	39	0.1448506897296417	0.6648335166483351	chr1	150488170.0	150488284.0	sense	0.9999000099990001	4.342727686267685e-05	0.05
Arid3a	28	34	0.13164252278809854	0.8657134286571343	chr1	150488170.0	150488284.0	antisense	0.9999000099990001	4.342727686267685e-05	0.05
PHOX2A	31	42	0.12590864948028738	0.9616038396160383	chr1	150488170.0	150488284.0	sense	0.9999000099990001	4.342727686267685e-05	0.05
SCRT1	32	47	0.10687727540952735	0.6531346865313469	chr1	150488170.0	150488284.0	antisense	0.9999000099990001	4.342727686267685e-05	0.05
Gata1	26	37	0.09511336328216001	0.8225177482251775	chr1	150488170.0	150488284.0	antisense	0.9999000099990001	4.342727686267685e-05	0.05
Dmbx1	30	47	0.08537324812398932	0.8849115088491151	chr1	150488170.0	150488284.0	sense	0.9999000099990001	4.342727686267685e-05	0.05
PBX1	26	38	0.06852436525177853	0.9363063693630637	chr1	150488170.0	150488284.0	antisense	0.9999000099990001	4.342727686267685e-05	0.05
CDX2	27	38	0.0458561149852044	0.8035196480351965	chr1	150488170.0	150488284.0	antisense	0.9999000099990001	4.342727686267685e-05	0.05
XBP1	28	42	0.027613152988398514	0.89001099890011	chr1	150488170.0	150488284.0	antisense	0.9999000099990001	4.342727686267685e-05	0.05
Srebf1(var.2)	35	45	0.027449394761790497	0.8886111388861114	chr1	150488170.0	150488284.0	antisense	0.9999000099990001	4.342727686267685e-05	0.05
REST	27	48	0.02151871655486289	0.2986701329867013	chr1	150488170.0	150488284.0	antisense	0.9172177456810531	0.03752755143795012	0.05
Hmx1	28	45	0.021169316886023755	0.9401059894010599	chr1	150488170.0	150488284.0	sense	0.9999000099990001	4.342727686267685e-05	0.05
SREBF2(var.2)	35	45	0.019818386159223166	0.7912208779122087	chr1	150488170.0	150488284.0	sense	0.9999000099990001	4.342727686267685e-05	0.05
Hmx3	28	45	0.019305364010980174	0.9373062693730627	chr1	150488170.0	150488284.0	sense	0.9999000099990001	4.342727686267685e-05	0.05
FOXP2	37	48	0.01604945858361824	0.7599240075992401	chr1	150488170.0	150488284.0	antisense	0.9999000099990001	4.342727686267685e-05	0.05
MYF6	35	45	0.014534599328863525	0.8685131486851315	chr1	150488170.0	150488284.0	sense	0.9999000099990001	4.342727686267685e-05	0.05
mix-a	26	37	0.013896757425537764	0.8587141285871412	chr1	150488170.0	150488284.0	antisense	0.9999000099990001	4.342727686267685e-05	0.05
ONECUT3	32	46	-0.0	0.7752224777522247	chr1	150488170.0	150488284.0	sense	0.9999000099990001	4.342727686267685e-05	0.05
Rarg	29	45	-0.0	0.40215978402159785	chr1	150488170.0	150488284.0	antisense	0.9654224232749139	0.01528261830843142	0.05
RELA	30	40	-0.0	0.9172082791720828	chr1	150488170.0	150488284.0	sense	0.9999000099990001	4.342727686267685e-05	0.05
Stat6	33	48	-0.0	0.8680131986801319	chr1	150488170.0	150488284.0	sense	0.9999000099990001	4.342727686267685e-05	0.05
TEF	35	47	-0.0	0.9057094290570943	chr1	150488170.0	150488284.0	sense	0.9999000099990001	4.342727686267685e-05	0.05
PROP1	26	37	-0.0	0.924007599240076	chr1	150488170.0	150488284.0	sense	0.9999000099990001	4.342727686267685e-05	0.05
Tcf7	33	45	-0.0	0.8431156884311569	chr1	150488170.0	150488284.0	antisense	0.9999000099990001	4.342727686267685e-05	0.05
Stat5a::Stat5b	35	46	-0.0	0.9498050194980502	chr1	150488170.0	150488284.0	sense	0.9999000099990001	4.342727686267685e-05	0.05
ATF4	31	44	-0.0	0.8734126587341265	chr1	150488170.0	150488284.0	sense	0.9999000099990001	4.342727686267685e-05	0.05
MEF2B	27	39	-0.0	0.6967303269673033	chr1	150488170.0	150488284.0	sense	0.9999000099990001	4.342727686267685e-05	0.05
HNF1B	29	42	-0.0	0.9137086291370863	chr1	150488170.0	150488284.0	sense	0.9999000099990001	4.342727686267685e-05	0.05
Rarb	30	46	-0.0	0.34206579342065796	chr1	150488170.0	150488284.0	antisense	0.9300523072692732	0.03149262551102423	0.05
Nr2f6(var.2)	30	45	-0.0	0.4256574342565743	chr1	150488170.0	150488284.0	antisense	0.9654224232749139	0.01528261830843142	0.05
RFX5	28	44	-0.0	0.5873412658734126	chr1	150488170.0	150488284.0	sense	0.9999000099990001	4.342727686267685e-05	0.05
RFX3	28	44	-0.0	0.7736226377362264	chr1	150488170.0	150488284.0	sense	0.9999000099990001	4.342727686267685e-05	0.05
RFX4	28	44	-0.0	0.8466153384661533	chr1	150488170.0	150488284.0	sense	0.9999000099990001	4.342727686267685e-05	0.05
Phox2b	26	37	-0.0	0.9872012798720128	chr1	150488170.0	150488284.0	sense	0.9999000099990001	4.342727686267685e-05	0.05
POU4F2	27	43	-0.0	0.5595440455954405	chr1	150488170.0	150488284.0	antisense	0.9999000099990001	4.342727686267685e-05	0.05
STAT1::STAT2	26	41	-0.0	0.6907309269073093	chr1	150488170.0	150488284.0	sense	0.9999000099990001	4.342727686267685e-05	0.05
HNF1A	28	43	-0.0	0.8972102789721028	chr1	150488170.0	150488284.0	sense	0.9999000099990001	4.342727686267685e-05	0.05
TBX20	33	44	-0.0	0.9583041695830417	chr1	150488170.0	150488284.0	antisense	0.9999000099990001	4.342727686267685e-05	0.05
TFAP4	34	44	-0.0	0.9606039396060394	chr1	150488170.0	150488284.0	sense	0.9999000099990001	4.342727686267685e-05	0.05
RFX2	28	44	-0.0	0.5924407559244076	chr1	150488170.0	150488284.0	sense	0.9999000099990001	4.342727686267685e-05	0.05
RARA	27	45	-0.0	0.24337566243375663	chr1	150488170.0	150488284.0	antisense	0.8711170262284117	0.05992349776933349	0.05
SCRT2	34	47	-0.011387840345323702	0.7933206679332067	chr1	150488170.0	150488284.0	antisense	0.9999000099990001	4.342727686267685e-05	0.05
Vdr	30	46	-0.051806802385406456	0.6288371162883711	chr1	150488170.0	150488284.0	antisense	0.9999000099990001	4.342727686267685e-05	0.05
Hmx2	28	45	-0.06470214822863896	0.9196080391960804	chr1	150488170.0	150488284.0	sense	0.9999000099990001	4.342727686267685e-05	0.05
Lhx3	35	48	-0.06939818580999707	0.8605139486051395	chr1	150488170.0	150488284.0	antisense	0.9999000099990001	4.342727686267685e-05	0.05
CTCF	28	47	-0.07222964536798374	0.7208279172082792	chr1	150488170.0	150488284.0	sense	0.9999000099990001	4.342727686267685e-05	0.05
NFKB2	33	46	-0.08863652921343458	0.8869113088691131	chr1	150488170.0	150488284.0	sense	0.9999000099990001	4.342727686267685e-05	0.05
IRF8	28	42	-0.0980015929076344	0.6119388061193881	chr1	150488170.0	150488284.0	sense	0.9999000099990001	4.342727686267685e-05	0.05
MAFG	26	47	-0.10658365748428336	0.7314268573142686	chr1	150488170.0	150488284.0	sense	0.9999000099990001	4.342727686267685e-05	0.05
NFYA	26	44	-0.11238774420051623	0.7904209579042096	chr1	150488170.0	150488284.0	antisense	0.9999000099990001	4.342727686267685e-05	0.05
MYBL1	27	39	-0.14084675984838335	0.9508049195080492	chr1	150488170.0	150488284.0	antisense	0.9999000099990001	4.342727686267685e-05	0.05
SMAD3	28	38	-0.14452013993868357	0.954904509549045	chr1	150488170.0	150488284.0	sense	0.9999000099990001	4.342727686267685e-05	0.05
NR3C2	29	46	-0.1456413638405743	0.7177282271772822	chr1	150488170.0	150488284.0	sense	0.9999000099990001	4.342727686267685e-05	0.05
STAT1	34	45	-0.1495710987084247	0.9844015598440156	chr1	150488170.0	150488284.0	sense	0.9999000099990001	4.342727686267685e-05	0.05
Ar	29	46	-0.14990176402565455	0.7503249675032497	chr1	150488170.0	150488284.0	antisense	0.9999000099990001	4.342727686267685e-05	0.05
STAT3	27	38	-0.15462910058278423	0.988001199880012	chr1	150488170.0	150488284.0	antisense	0.9999000099990001	4.342727686267685e-05	0.05
IRF9	27	42	-0.17234297274363056	0.516048395160484	chr1	150488170.0	150488284.0	sense	0.9999000099990001	4.342727686267685e-05	0.05
SOX8	28	44	-0.17871186236601438	0.34406559344065596	chr1	150488170.0	150488284.0	antisense	0.9300523072692732	0.03149262551102423	0.05
Bach1::Mafk	29	44	-0.19152307527595336	0.9132086791320868	chr1	150488170.0	150488284.0	antisense	0.9999000099990001	4.342727686267685e-05	0.05
Esrra	27	38	-0.19348865101074278	0.9495050494950505	chr1	150488170.0	150488284.0	antisense	0.9999000099990001	4.342727686267685e-05	0.05
Nfe2l2	29	44	-0.1935881535021509	0.9702029797020298	chr1	150488170.0	150488284.0	antisense	0.9999000099990001	4.342727686267685e-05	0.05
IRF2	29	47	-0.2314371199472616	0.5845415458454155	chr1	150488170.0	150488284.0	sense	0.9999000099990001	4.342727686267685e-05	0.05
Bcl6	34	48	-0.2328328439764875	0.9921007899210079	chr1	150488170.0	150488284.0	antisense	0.9999000099990001	4.342727686267685e-05	0.05
TFCP2	37	47	-0.23498758130035075	0.9999000099990001	chr1	150488170.0	150488284.0	sense	0.9999000099990001	4.342727686267685e-05	0.05
Nr1h3::Rxra	28	47	-0.24247063810242342	0.9432056794320568	chr1	150488170.0	150488284.0	antisense	0.9999000099990001	4.342727686267685e-05	0.05
MYBL2	33	48	-0.2529110975825672	0.9544045595440456	chr1	150488170.0	150488284.0	antisense	0.9999000099990001	4.342727686267685e-05	0.05
GRHL1	33	45	-0.2558873444597125	0.9959004099590041	chr1	150488170.0	150488284.0	antisense	0.9999000099990001	4.342727686267685e-05	0.05
Nr2f6	32	46	-0.2849276843458488	0.9346065393460654	chr1	150488170.0	150488284.0	sense	0.9999000099990001	4.342727686267685e-05	0.05
PRDM1	26	41	-0.3062044437359332	0.9672032796720328	chr1	150488170.0	150488284.0	antisense	0.9999000099990001	4.342727686267685e-05	0.05
Six3	27	44	-0.31839477333346067	0.9834016598340166	chr1	150488170.0	150488284.0	sense	0.9999000099990001	4.342727686267685e-05	0.05
NR3C1	29	46	-0.32302384381698696	0.748025197480252	chr1	150488170.0	150488284.0	sense	0.9999000099990001	4.342727686267685e-05	0.05
RXRA::VDR	31	46	-0.3260033854150624	0.8575142485751425	chr1	150488170.0	150488284.0	sense	0.9999000099990001	4.342727686267685e-05	0.05
PAX7	38	48	-0.3340585978470828	0.9738026197380262	chr1	150488170.0	150488284.0	sense	0.9999000099990001	4.342727686267685e-05	0.05
PAX3	38	48	-0.3518329923271582	0.9801019898010199	chr1	150488170.0	150488284.0	sense	0.9999000099990001	4.342727686267685e-05	0.05
Mecom	34	48	-0.3661809785139189	0.9885011498850115	chr1	150488170.0	150488284.0	sense	0.9999000099990001	4.342727686267685e-05	0.05
NR2C2	26	41	-0.38054533090829806	0.9131086891310869	chr1	150488170.0	150488284.0	antisense	0.9999000099990001	4.342727686267685e-05	0.05
PKNOX2	32	44	-0.3849027163104537	0.9009099090090991	chr1	150488170.0	150488284.0	antisense	0.9999000099990001	4.342727686267685e-05	0.05
RORA(var.2)	26	40	-0.40698183696350815	0.944005599440056	chr1	150488170.0	150488284.0	sense	0.9999000099990001	4.342727686267685e-05	0.05
Stat4	29	43	-0.4204603477564324	0.9797020297970203	chr1	150488170.0	150488284.0	sense	0.9999000099990001	4.342727686267685e-05	0.05
ZBED1	35	48	-0.4240862162386094	0.9531046895310469	chr1	150488170.0	150488284.0	antisense	0.9999000099990001	4.342727686267685e-05	0.05
SOX4	28	44	-0.4312012915513446	0.5740425957404259	chr1	150488170.0	150488284.0	antisense	0.9999000099990001	4.342727686267685e-05	0.05
ONECUT2	34	48	-0.43481668526260153	0.9911008899110089	chr1	150488170.0	150488284.0	antisense	0.9999000099990001	4.342727686267685e-05	0.05
E2F7	27	41	-0.44618609483509475	0.7493250674932507	chr1	150488170.0	150488284.0	antisense	0.9999000099990001	4.342727686267685e-05	0.05
FOXP1	33	48	-0.46056916277424215	0.9725027497250275	chr1	150488170.0	150488284.0	antisense	0.9999000099990001	4.342727686267685e-05	0.05
TGIF1	32	44	-0.46530186624679537	0.9563043695630437	chr1	150488170.0	150488284.0	antisense	0.9999000099990001	4.342727686267685e-05	0.05
GLIS3	30	44	-0.473668515204169	0.9053094690530947	chr1	150488170.0	150488284.0	sense	0.9999000099990001	4.342727686267685e-05	0.05
PKNOX1	32	44	-0.4792626968847769	0.9556044395560443	chr1	150488170.0	150488284.0	antisense	0.9999000099990001	4.342727686267685e-05	0.05
MEF2D	26	38	-0.4884297742489054	0.9636036396360363	chr1	150488170.0	150488284.0	antisense	0.9999000099990001	4.342727686267685e-05	0.05
ZNF410	30	47	-0.5428233530112156	0.7195280471952805	chr1	150488170.0	150488284.0	sense	0.9999000099990001	4.342727686267685e-05	0.05
NFKB1	28	41	-0.5630465069454154	0.9704029597040296	chr1	150488170.0	150488284.0	sense	0.9999000099990001	4.342727686267685e-05	0.05
Hoxd8	31	48	-0.5888358157921394	0.9954004599540046	chr1	150488170.0	150488284.0	sense	0.9999000099990001	4.342727686267685e-05	0.05
BATF3	26	40	-0.5944844743991518	0.9577042295770423	chr1	150488170.0	150488284.0	sense	0.9999000099990001	4.342727686267685e-05	0.05
ONECUT1	28	42	-0.6052580806251657	0.9948005199480052	chr1	150488170.0	150488284.0	antisense	0.9999000099990001	4.342727686267685e-05	0.05
EBF1	26	40	-0.6142580044993716	0.991000899910009	chr1	150488170.0	150488284.0	antisense	0.9999000099990001	4.342727686267685e-05	0.05
JDP2(var.2)	27	39	-0.6336373188255429	0.9997000299970003	chr1	150488170.0	150488284.0	sense	0.9999000099990001	4.342727686267685e-05	0.05
ATF7	26	40	-0.6542126402004529	0.9901009899010099	chr1	150488170.0	150488284.0	sense	0.9999000099990001	4.342727686267685e-05	0.05
LEF1	26	41	-0.6591009874204047	0.9812018798120188	chr1	150488170.0	150488284.0	sense	0.9999000099990001	4.342727686267685e-05	0.05
Sox11	27	42	-0.6962913765513624	0.9019098090190981	chr1	150488170.0	150488284.0	antisense	0.9999000099990001	4.342727686267685e-05	0.05
Hnf4a	27	43	-0.7392486298658484	0.9391060893910609	chr1	150488170.0	150488284.0	antisense	0.9999000099990001	4.342727686267685e-05	0.05
Creb5	26	38	-0.7421309394809282	0.9998000199980002	chr1	150488170.0	150488284.0	antisense	0.9999000099990001	4.342727686267685e-05	0.05
NR1H2::RXRA	29	46	-0.7591414472117447	0.8814118588141185	chr1	150488170.0	150488284.0	antisense	0.9999000099990001	4.342727686267685e-05	0.05
Alx1	26	43	-0.7742170238735683	0.9751024897510249	chr1	150488170.0	150488284.0	sense	0.9999000099990001	4.342727686267685e-05	0.05
Foxj3	31	48	-0.7895062813076238	0.9819018098190181	chr1	150488170.0	150488284.0	antisense	0.9999000099990001	4.342727686267685e-05	0.05
MEF2A	26	38	-0.7901305422896507	0.9995000499950005	chr1	150488170.0	150488284.0	antisense	0.9999000099990001	4.342727686267685e-05	0.05
ESR1	29	46	-0.8058835992406729	0.9582041795820418	chr1	150488170.0	150488284.0	antisense	0.9999000099990001	4.342727686267685e-05	0.05
RXRB	30	44	-0.823096749569196	0.9919008099190081	chr1	150488170.0	150488284.0	antisense	0.9999000099990001	4.342727686267685e-05	0.05
RXRG	30	44	-0.8436680514854447	0.9938006199380062	chr1	150488170.0	150488284.0	antisense	0.9999000099990001	4.342727686267685e-05	0.05
Rxra	29	43	-0.8895548327838227	0.9933006699330067	chr1	150488170.0	150488284.0	sense	0.9999000099990001	4.342727686267685e-05	0.05
Foxk1	27	44	-0.8969487583965622	0.9898010198980102	chr1	150488170.0	150488284.0	antisense	0.9999000099990001	4.342727686267685e-05	0.05
GLIS1	29	45	-0.9263940977899231	0.9108089191080891	chr1	150488170.0	150488284.0	sense	0.9999000099990001	4.342727686267685e-05	0.05
IRF1	26	47	-0.9418824473058411	0.7394260573942606	chr1	150488170.0	150488284.0	antisense	0.9999000099990001	4.342727686267685e-05	0.05
Tcf21	32	46	-0.9579152940158009	0.9992000799920008	chr1	150488170.0	150488284.0	antisense	0.9999000099990001	4.342727686267685e-05	0.05
Sox1	28	43	-0.971909054658036	0.9949005099490051	chr1	150488170.0	150488284.0	antisense	0.9999000099990001	4.342727686267685e-05	0.05
Rhox11	26	43	-0.9921861992860493	0.9988001199880012	chr1	150488170.0	150488284.0	sense	0.9999000099990001	4.342727686267685e-05	0.05
SRF	30	46	-1.0633417199341082	0.9941005899410059	chr1	150488170.0	150488284.0	antisense	0.9999000099990001	4.342727686267685e-05	0.05
BCL6B	29	46	-1.0960855523109327	0.923007699230077	chr1	150488170.0	150488284.0	sense	0.9999000099990001	4.342727686267685e-05	0.05
SOX21	29	44	-1.1750283039637328	0.9949005099490051	chr1	150488170.0	150488284.0	sense	0.9999000099990001	4.342727686267685e-05	0.05
TP63	26	44	-1.2151586985997116	0.9787021297870213	chr1	150488170.0	150488284.0	antisense	0.9999000099990001	4.342727686267685e-05	0.05
Znf423	31	46	-1.2260509332541696	0.9945005499450055	chr1	150488170.0	150488284.0	antisense	0.9999000099990001	4.342727686267685e-05	0.05
EWSR1-FLI1	29	47	-1.316293559848671	0.8701129887011299	chr1	150488170.0	150488284.0	antisense	0.9999000099990001	4.342727686267685e-05	0.05
Arx	26	43	-1.4536369880214668	0.9978002199780022	chr1	150488170.0	150488284.0	antisense	0.9999000099990001	4.342727686267685e-05	0.05
Alx4	26	43	-1.529869456709678	0.9976002399760024	chr1	150488170.0	150488284.0	sense	0.9999000099990001	4.342727686267685e-05	0.05
RREB1	26	46	-1.6289858322555857	0.9071092890710929	chr1	150488170.0	150488284.0	sense	0.9999000099990001	4.342727686267685e-05	0.05
