motif	start	end	score	pval	tile_chr	tile_start	tile_end	strand	padj	neg_log_pval	fdr_cutoff
THAP1	65	74	0.8496460686872576	0.0052994700529947	chr1	150488170.0	150488284.0	sense	0.2500386325003863	0.6019928849858408	0.1
TFAP2A(var.3)	66	79	0.8136245528828738	0.00039996000399960006	chr1	150488170.0	150488284.0	antisense	0.06919308069193081	1.1599373328201048	0.1
TFAP2B(var.3)	66	79	0.7994580935761864	0.00029997000299970003	chr1	150488170.0	150488284.0	antisense	0.06919308069193081	1.1599373328201048	0.1
TFAP2C(var.3)	66	79	0.796572721279368	0.00039996000399960006	chr1	150488170.0	150488284.0	antisense	0.06919308069193081	1.1599373328201048	0.1
TFAP2A(var.2)	66	78	0.791762682296137	0.0027997200279972004	chr1	150488170.0	150488284.0	sense	0.2465003499650035	0.6081824598035382	0.1
YY2	66	77	0.7097815498499488	0.0017998200179982	chr1	150488170.0	150488284.0	sense	0.23352664733526646	0.6316635556530612	0.1
TFAP2A	66	77	0.7096712880296681	0.0033996600339966003	chr1	150488170.0	150488284.0	sense	0.2465003499650035	0.6081824598035382	0.1
SP3	61	72	0.6884454271237508	0.018698130186981302	chr1	150488170.0	150488284.0	sense	0.31546582183886873	0.5010476861530707	0.1
TFAP2C	66	78	0.674302557196611	0.010298970102989701	chr1	150488170.0	150488284.0	sense	0.30848581808485825	0.5107647968465011	0.1
ZBTB7C	64	76	0.6700308750862918	0.018098190180981903	chr1	150488170.0	150488284.0	sense	0.31546582183886873	0.5010476861530707	0.1
TFAP2C(var.2)	66	77	0.6642445134742591	0.0036996300369963003	chr1	150488170.0	150488284.0	sense	0.2465003499650035	0.6081824598035382	0.1
TFAP2B	66	78	0.6586102830027635	0.0096990300969903	chr1	150488170.0	150488284.0	sense	0.30848581808485825	0.5107647968465011	0.1
ZIC4	66	81	0.6481916587831069	0.0173982601739826	chr1	150488170.0	150488284.0	sense	0.31546582183886873	0.5010476861530707	0.1
EGR1	62	76	0.6448357655112807	0.0230976902309769	chr1	150488170.0	150488284.0	sense	0.31546582183886873	0.5010476861530707	0.1
CTCF	63	82	0.6363118077627514	0.010698930106989302	chr1	150488170.0	150488284.0	antisense	0.30848581808485825	0.5107647968465011	0.1
SP8	61	73	0.630441891236243	0.019598040195980403	chr1	150488170.0	150488284.0	sense	0.31546582183886873	0.5010476861530707	0.1
GLIS2	66	80	0.6262793144611513	0.006799320067993201	chr1	150488170.0	150488284.0	sense	0.26688759695459024	0.5736716086753744	0.1
HINFP	62	74	0.6227096682008695	0.006399360063993601	chr1	150488170.0	150488284.0	sense	0.26688759695459024	0.5736716086753744	0.1
TFAP2B(var.2)	66	77	0.6170493547199928	0.004399560043995601	chr1	150488170.0	150488284.0	sense	0.2500386325003863	0.6019928849858408	0.1
PAX5	63	82	0.6113697542941314	0.037896210378962104	chr1	150488170.0	150488284.0	sense	0.38968284989682855	0.40928870726624755	0.1
Mitf	66	76	0.6057308122039969	0.0216978302169783	chr1	150488170.0	150488284.0	sense	0.31546582183886873	0.5010476861530707	0.1
GATA1::TAL1	62	80	0.5925906026797693	0.025297470252974703	chr1	150488170.0	150488284.0	antisense	0.3282346765323468	0.48381553958054924	0.1
MZF1(var.2)	63	73	0.5923650970964934	0.021097890210978902	chr1	150488170.0	150488284.0	antisense	0.31546582183886873	0.5010476861530707	0.1
Bcl6	65	79	0.5788613286018894	0.014098590140985901	chr1	150488170.0	150488284.0	antisense	0.31546582183886873	0.5010476861530707	0.1
HIC2	64	73	0.5709715031541971	0.0193980601939806	chr1	150488170.0	150488284.0	sense	0.31546582183886873	0.5010476861530707	0.1
ZNF740	65	75	0.5705729960771175	0.017298270172982702	chr1	150488170.0	150488284.0	sense	0.31546582183886873	0.5010476861530707	0.1
Znf423	66	81	0.5651231855018869	0.0037996200379962005	chr1	150488170.0	150488284.0	sense	0.2465003499650035	0.6081824598035382	0.1
NR2F1	61	74	0.5629205921681804	0.0103989601039896	chr1	150488170.0	150488284.0	antisense	0.30848581808485825	0.5107647968465011	0.1
Hes1	67	77	0.5595712073179473	0.18198180181981802	chr1	150488170.0	150488284.0	sense	0.5903034696530347	0.2289246640992548	0.1
Gmeb1	61	78	0.5555926672636572	0.2833716628337166	chr1	150488170.0	150488284.0	antisense	0.7353494650534946	0.1335062191809444	0.1
ZBTB7A	63	75	0.5542944911518377	0.0221977802219778	chr1	150488170.0	150488284.0	sense	0.31546582183886873	0.5010476861530707	0.1
KLF16	61	72	0.5482522874695459	0.0273972602739726	chr1	150488170.0	150488284.0	sense	0.3385518590998043	0.47037479700591733	0.1
EGR4	62	78	0.5339747035361196	0.06229377062293771	chr1	150488170.0	150488284.0	sense	0.5067852589741025	0.2951760260682168	0.1
ZIC3	66	81	0.5322704153661689	0.0226977302269773	chr1	150488170.0	150488284.0	sense	0.31546582183886873	0.5010476861530707	0.1
Zfx	64	78	0.5319311875180215	0.039896010398960104	chr1	150488170.0	150488284.0	antisense	0.38968284989682855	0.40928870726624755	0.1
SP2	62	77	0.5301488690163756	0.0781921807819218	chr1	150488170.0	150488284.0	sense	0.5202036247988104	0.28382662594899516	0.1
ZBTB7B	64	76	0.5263674111541508	0.0193980601939806	chr1	150488170.0	150488284.0	sense	0.31546582183886873	0.5010476861530707	0.1
Tcfl5	67	77	0.5042380824478633	0.17628237176282371	chr1	150488170.0	150488284.0	sense	0.5757386525498394	0.23977461295305535	0.1
SP1	62	73	0.49882208112545307	0.039396060393960604	chr1	150488170.0	150488284.0	sense	0.38968284989682855	0.40928870726624755	0.1
Stat4	68	82	0.49551593073624767	0.0301969803019698	chr1	150488170.0	150488284.0	sense	0.34408515670172113	0.46333406176319303	0.1
Nr5a2	66	81	0.49011105206008226	0.034896510348965105	chr1	150488170.0	150488284.0	sense	0.38534657172580616	0.4141485004049424	0.1
ZIC1	66	80	0.48700308719118435	0.014698530146985302	chr1	150488170.0	150488284.0	sense	0.31546582183886873	0.5010476861530707	0.1
INSM1	66	78	0.48560465727012186	0.028097190280971903	chr1	150488170.0	150488284.0	antisense	0.33912655246103296	0.46963820510291143	0.1
Esrrg	64	74	0.4817708947860117	0.0071992800719928	chr1	150488170.0	150488284.0	antisense	0.26688759695459024	0.5736716086753744	0.1
GLI2	64	76	0.47899052776415696	0.0301969803019698	chr1	150488170.0	150488284.0	sense	0.34408515670172113	0.46333406176319303	0.1
RREB1	61	81	0.47269143665548946	0.03949605039496051	chr1	150488170.0	150488284.0	sense	0.38968284989682855	0.40928870726624755	0.1
FIGLA	67	77	0.4702559306008137	0.027097290270972903	chr1	150488170.0	150488284.0	sense	0.3385518590998043	0.47037479700591733	0.1
CENPB	67	82	0.4666186061506599	0.0731926807319268	chr1	150488170.0	150488284.0	sense	0.5202036247988104	0.28382662594899516	0.1
SPIC	63	77	0.4619547012871184	0.10778922107789221	chr1	150488170.0	150488284.0	antisense	0.5202036247988104	0.28382662594899516	0.1
ESRRB	63	74	0.46022055436710013	0.005099490050994901	chr1	150488170.0	150488284.0	antisense	0.2500386325003863	0.6019928849858408	0.1
EGR3	62	77	0.4522491977750766	0.0446955304469553	chr1	150488170.0	150488284.0	sense	0.41423179110660363	0.38275657330266877	0.1
GLIS1	64	80	0.4515340828698921	0.012198780121987801	chr1	150488170.0	150488284.0	sense	0.31546582183886873	0.5010476861530707	0.1
GLIS3	65	79	0.4490440143425346	0.0174982501749825	chr1	150488170.0	150488284.0	sense	0.31546582183886873	0.5010476861530707	0.1
ELF5	63	74	0.44202392584224154	0.07779222077792221	chr1	150488170.0	150488284.0	antisense	0.5202036247988104	0.28382662594899516	0.1
ELK4	62	73	0.4346824669849975	0.038196180381961806	chr1	150488170.0	150488284.0	sense	0.38968284989682855	0.40928870726624755	0.1
YY1	67	79	0.42508781689380176	0.0372962703729627	chr1	150488170.0	150488284.0	antisense	0.38968284989682855	0.40928870726624755	0.1
GSC2	61	71	0.4241638191876324	0.1638836116388361	chr1	150488170.0	150488284.0	sense	0.556689785566898	0.25438674728050437	0.1
GCM1	65	76	0.42243439582945014	0.0408959104089591	chr1	150488170.0	150488284.0	antisense	0.38968284989682855	0.40928870726624755	0.1
ZNF263	61	82	0.4164916410822459	0.2283771622837716	chr1	150488170.0	150488284.0	antisense	0.6471907783043686	0.18896767952937363	0.1
GCM2	66	76	0.41591499407312804	0.06619338066193381	chr1	150488170.0	150488284.0	antisense	0.5202036247988104	0.28382662594899516	0.1
RARA::RXRA	63	80	0.415481992858664	0.11908809119088092	chr1	150488170.0	150488284.0	antisense	0.5202036247988104	0.28382662594899516	0.1
Neurog1	67	77	0.41014918532863726	0.24387561243875613	chr1	150488170.0	150488284.0	antisense	0.6558105847446344	0.18322157812244794	0.1
TBX19	63	83	0.406213320522996	0.10968903109689031	chr1	150488170.0	150488284.0	sense	0.5202036247988104	0.28382662594899516	0.1
RORA	65	75	0.40559813902209807	0.0183981601839816	chr1	150488170.0	150488284.0	antisense	0.31546582183886873	0.5010476861530707	0.1
ESR2	65	80	0.40514967244755684	0.15828417158284172	chr1	150488170.0	150488284.0	sense	0.556689785566898	0.25438674728050437	0.1
Hic1	65	74	0.4047934660227518	0.0731926807319268	chr1	150488170.0	150488284.0	sense	0.5202036247988104	0.28382662594899516	0.1
PITX3	61	70	0.40266189611112974	0.08689131086891311	chr1	150488170.0	150488284.0	sense	0.5202036247988104	0.28382662594899516	0.1
Myb	61	71	0.3991311273854156	0.0245975402459754	chr1	150488170.0	150488284.0	sense	0.3273364971195188	0.48500556935152495	0.1
ZBTB33	65	80	0.3989077677329643	0.1161883811618838	chr1	150488170.0	150488284.0	sense	0.5202036247988104	0.28382662594899516	0.1
ETV4	63	73	0.39555228094398703	0.07339266073392661	chr1	150488170.0	150488284.0	antisense	0.5202036247988104	0.28382662594899516	0.1
Hand1::Tcf3	68	78	0.3953274143796094	0.08839116088391161	chr1	150488170.0	150488284.0	antisense	0.5202036247988104	0.28382662594899516	0.1
NFIX	67	76	0.3921624260136843	0.12738726127387262	chr1	150488170.0	150488284.0	sense	0.5213998285210849	0.2828291159992181	0.1
PAX1	65	82	0.3897965496966083	0.0560943905609439	chr1	150488170.0	150488284.0	sense	0.48521647835216475	0.31406445855588705	0.1
KLF5	61	71	0.3885948263965545	0.0872912708729127	chr1	150488170.0	150488284.0	sense	0.5202036247988104	0.28382662594899516	0.1
E2F7	63	77	0.3874768451560754	0.011998800119988001	chr1	150488170.0	150488284.0	sense	0.31546582183886873	0.5010476861530707	0.1
ETV1	63	73	0.38713291183110426	0.08239176082391761	chr1	150488170.0	150488284.0	antisense	0.5202036247988104	0.28382662594899516	0.1
MZF1	68	74	0.3852150600370219	0.051094890510948905	chr1	150488170.0	150488284.0	antisense	0.4572111754341807	0.3398831628566294	0.1
STAT1	68	79	0.38421404008017473	0.030496950304969503	chr1	150488170.0	150488284.0	sense	0.34408515670172113	0.46333406176319303	0.1
Hes2	61	74	0.38407459094265545	0.46505349465053497	chr1	150488170.0	150488284.0	antisense	0.8840852376856178	0.05350586114990407	0.1
Pou5f1::Sox2	67	82	0.3839891877192883	0.1463853614638536	chr1	150488170.0	150488284.0	antisense	0.5426714471410001	0.26546302838426983	0.1
SMAD2::SMAD3::SMAD4	61	74	0.38262272236440326	0.11138886111388861	chr1	150488170.0	150488284.0	sense	0.5202036247988104	0.28382662594899516	0.1
GSC	61	71	0.3814220474311518	0.12428757124287572	chr1	150488170.0	150488284.0	sense	0.5202036247988104	0.28382662594899516	0.1
Rfx1	67	81	0.37989957818113995	0.09779022097790221	chr1	150488170.0	150488284.0	sense	0.5202036247988104	0.28382662594899516	0.1
EBF1	66	80	0.37942444079085674	0.06409359064093591	chr1	150488170.0	150488284.0	sense	0.5117626698868575	0.29093139655244293	0.1
TBX5	63	71	0.3786457214603669	0.1151884811518848	chr1	150488170.0	150488284.0	antisense	0.5202036247988104	0.28382662594899516	0.1
ETV6	63	73	0.3757697138078727	0.0694930506949305	chr1	150488170.0	150488284.0	antisense	0.5202036247988104	0.28382662594899516	0.1
E2F6	67	78	0.37571460751644353	0.09499050094990501	chr1	150488170.0	150488284.0	antisense	0.5202036247988104	0.28382662594899516	0.1
Pparg::Rxra	65	80	0.36952670487388845	0.31826817318268175	chr1	150488170.0	150488284.0	antisense	0.7577118434945497	0.12049592441200652	0.1
MAX::MYC	66	77	0.36854960082351257	0.0504949505049495	chr1	150488170.0	150488284.0	sense	0.4572111754341807	0.3398831628566294	0.1
RUNX3	65	75	0.36775611042399414	0.11338866113388661	chr1	150488170.0	150488284.0	sense	0.5202036247988104	0.28382662594899516	0.1
E2F4	67	78	0.3663961677311626	0.10418958104189581	chr1	150488170.0	150488284.0	antisense	0.5202036247988104	0.28382662594899516	0.1
TBX20	61	72	0.36517297437426754	0.0800919908009199	chr1	150488170.0	150488284.0	antisense	0.5202036247988104	0.28382662594899516	0.1
RUNX2	65	74	0.3640140685437489	0.0811918808119188	chr1	150488170.0	150488284.0	sense	0.5202036247988104	0.28382662594899516	0.1
Nkx2-5(var.2)	64	75	0.3637840347031042	0.09119088091190881	chr1	150488170.0	150488284.0	sense	0.5202036247988104	0.28382662594899516	0.1
TCF3	64	74	0.363233675421327	0.07629237076292371	chr1	150488170.0	150488284.0	sense	0.5202036247988104	0.28382662594899516	0.1
SPIB	66	73	0.3626467915358073	0.07129287071292871	chr1	150488170.0	150488284.0	antisense	0.5202036247988104	0.28382662594899516	0.1
ETV5	63	73	0.3606535044443146	0.16368363163683633	chr1	150488170.0	150488284.0	antisense	0.556689785566898	0.25438674728050437	0.1
E2F1	64	76	0.3568693940590155	0.1254874512548745	chr1	150488170.0	150488284.0	sense	0.5210238976102389	0.28314235661940435	0.1
Esrra	64	75	0.3563911468378048	0.0206979302069793	chr1	150488170.0	150488284.0	antisense	0.31546582183886873	0.5010476861530707	0.1
NKX2-3	67	77	0.35603080786065094	0.10728927107289271	chr1	150488170.0	150488284.0	sense	0.5202036247988104	0.28382662594899516	0.1
NKX2-8	68	77	0.3560237510506742	0.12368763123687632	chr1	150488170.0	150488284.0	sense	0.5202036247988104	0.28382662594899516	0.1
USF1	66	77	0.35585510296588807	0.0705929407059294	chr1	150488170.0	150488284.0	antisense	0.5202036247988104	0.28382662594899516	0.1
ZNF354C	69	75	0.35547045758893003	0.04129587041295871	chr1	150488170.0	150488284.0	sense	0.38968284989682855	0.40928870726624755	0.1
TBX2	61	72	0.3538402077410373	0.22307769223077692	chr1	150488170.0	150488284.0	antisense	0.6471907783043686	0.18896767952937363	0.1
NR2C2	65	80	0.3532242257391354	0.138986101389861	chr1	150488170.0	150488284.0	antisense	0.5426714471410001	0.26546302838426983	0.1
Mycn	67	75	0.35290764858537776	0.0217978202179782	chr1	150488170.0	150488284.0	sense	0.31546582183886873	0.5010476861530707	0.1
TAL1::TCF3	65	77	0.35104566222025835	0.0796920307969203	chr1	150488170.0	150488284.0	sense	0.5202036247988104	0.28382662594899516	0.1
ELK3	67	77	0.35100862195465166	0.09599040095990401	chr1	150488170.0	150488284.0	sense	0.5202036247988104	0.28382662594899516	0.1
Gabpa	61	72	0.34560633926752093	0.10998900109989002	chr1	150488170.0	150488284.0	antisense	0.5202036247988104	0.28382662594899516	0.1
STAT3	68	79	0.3388597747457108	0.0852914708529147	chr1	150488170.0	150488284.0	sense	0.5202036247988104	0.28382662594899516	0.1
NEUROD2	67	77	0.3384668041618836	0.12038796120387961	chr1	150488170.0	150488284.0	sense	0.5202036247988104	0.28382662594899516	0.1
ZBTB18	68	81	0.338357357120829	0.09369063093690631	chr1	150488170.0	150488284.0	sense	0.5202036247988104	0.28382662594899516	0.1
ZEB1	72	81	0.3354919016704076	0.06009399060093991	chr1	150488170.0	150488284.0	antisense	0.5055558960233009	0.2962308203055269	0.1
Klf1	66	77	0.3337977916814494	0.1414858514148585	chr1	150488170.0	150488284.0	sense	0.5426714471410001	0.26546302838426983	0.1
NFATC1	66	76	0.3337644183370099	0.3094690530946905	chr1	150488170.0	150488284.0	sense	0.7509058396485933	0.12441451823530675	0.1
KLF14	61	75	0.33358437326115237	0.15348465153484653	chr1	150488170.0	150488284.0	sense	0.5558113154201821	0.25507261593482117	0.1
RUNX1	66	77	0.3334871841638769	0.271972802719728	chr1	150488170.0	150488284.0	antisense	0.7152572621525727	0.14553772402003934	0.1
EHF	66	78	0.3331924476721518	0.11598840115988401	chr1	150488170.0	150488284.0	antisense	0.5202036247988104	0.28382662594899516	0.1
TBX4	63	71	0.3323506379432857	0.11388861113888611	chr1	150488170.0	150488284.0	antisense	0.5202036247988104	0.28382662594899516	0.1
NR4A2	64	72	0.33071708614106476	0.0755924407559244	chr1	150488170.0	150488284.0	antisense	0.5202036247988104	0.28382662594899516	0.1
EGR2	64	75	0.3293908860815507	0.11048895110488952	chr1	150488170.0	150488284.0	sense	0.5202036247988104	0.28382662594899516	0.1
Pax2	71	79	0.3288227359744738	0.32296770322967705	chr1	150488170.0	150488284.0	antisense	0.7619101726191018	0.11809622791950813	0.1
SNAI2	68	77	0.32720906345519446	0.15528447155284472	chr1	150488170.0	150488284.0	antisense	0.5558113154201821	0.25507261593482117	0.1
PLAG1	67	81	0.3266362267154033	0.12378762123787622	chr1	150488170.0	150488284.0	antisense	0.5202036247988104	0.28382662594899516	0.1
CREB3	68	82	0.3257167108540603	0.1645835416458354	chr1	150488170.0	150488284.0	sense	0.556689785566898	0.25438674728050437	0.1
PPARG	63	83	0.325358358348886	0.1683831616838316	chr1	150488170.0	150488284.0	sense	0.5621937806219378	0.2501139631691929	0.1
PAX9	66	83	0.3251462443322711	0.08449155084491551	chr1	150488170.0	150488284.0	antisense	0.5202036247988104	0.28382662594899516	0.1
ELF4	66	78	0.32395187541502074	0.09119088091190881	chr1	150488170.0	150488284.0	antisense	0.5202036247988104	0.28382662594899516	0.1
Arntl	66	76	0.3239099714051002	0.1551844815518448	chr1	150488170.0	150488284.0	sense	0.5558113154201821	0.25507261593482117	0.1
Barhl1	66	76	0.323702083685813	0.48075192480751927	chr1	150488170.0	150488284.0	antisense	0.8882631171511824	0.05145837048168039	0.1
SPDEF	66	77	0.32293102006386354	0.08099190080991901	chr1	150488170.0	150488284.0	antisense	0.5202036247988104	0.28382662594899516	0.1
Spz1	61	72	0.3227206458524462	0.16898310168983102	chr1	150488170.0	150488284.0	antisense	0.5621937806219378	0.2501139631691929	0.1
Creb3l2	67	76	0.3224205641060342	0.05299470052994701	chr1	150488170.0	150488284.0	sense	0.4661737216108898	0.3314522114697599	0.1
SCRT1	63	78	0.32148724880023305	0.13638636136386362	chr1	150488170.0	150488284.0	antisense	0.5426714471410001	0.26546302838426983	0.1
Rarb(var.2)	65	82	0.3211481103317703	0.0603939606039396	chr1	150488170.0	150488284.0	antisense	0.5055558960233009	0.2962308203055269	0.1
TBP	62	77	0.32106202192857525	0.46485351464853514	chr1	150488170.0	150488284.0	antisense	0.8840852376856178	0.05350586114990407	0.1
T	65	81	0.3193529345013818	0.13838616138386162	chr1	150488170.0	150488284.0	sense	0.5426714471410001	0.26546302838426983	0.1
CREB3L1	65	79	0.31925519440801803	0.14378562143785623	chr1	150488170.0	150488284.0	sense	0.5426714471410001	0.26546302838426983	0.1
MNT	67	77	0.3187886994230272	0.144985501449855	chr1	150488170.0	150488284.0	antisense	0.5426714471410001	0.26546302838426983	0.1
ELF1	66	78	0.31817738829091025	0.1004899510048995	chr1	150488170.0	150488284.0	antisense	0.5202036247988104	0.28382662594899516	0.1
ETV3	66	76	0.3179662610331283	0.15748425157484253	chr1	150488170.0	150488284.0	antisense	0.556689785566898	0.25438674728050437	0.1
MAFF	61	79	0.3169458498275301	0.44185581441855815	chr1	150488170.0	150488284.0	sense	0.8616093446835091	0.06468959949364557	0.1
ID4	67	77	0.3140957632609403	0.14608539146085392	chr1	150488170.0	150488284.0	sense	0.5426714471410001	0.26546302838426983	0.1
TFE3	67	77	0.3128120811115799	0.27887211278872115	chr1	150488170.0	150488284.0	antisense	0.7273096810921924	0.13828063157206152	0.1
Klf4	61	71	0.3120812216834711	0.16128387161283872	chr1	150488170.0	150488284.0	antisense	0.556689785566898	0.25438674728050437	0.1
NFIC::TLX1	66	80	0.31159947034133567	0.0898910108989101	chr1	150488170.0	150488284.0	sense	0.5202036247988104	0.28382662594899516	0.1
NFYA	63	81	0.311234660942155	0.29187081291870814	chr1	150488170.0	150488284.0	antisense	0.7458025626008827	0.12737612872275308	0.1
Stat5a::Stat5b	69	80	0.3107262481997146	0.12048795120487951	chr1	150488170.0	150488284.0	antisense	0.5202036247988104	0.28382662594899516	0.1
USF2	66	77	0.3100748606313158	0.11588841115888411	chr1	150488170.0	150488284.0	antisense	0.5202036247988104	0.28382662594899516	0.1
NFIC	66	72	0.3083565522576531	0.11548845115488451	chr1	150488170.0	150488284.0	antisense	0.5202036247988104	0.28382662594899516	0.1
PROX1	63	75	0.30794369173277164	0.08209179082091791	chr1	150488170.0	150488284.0	antisense	0.5202036247988104	0.28382662594899516	0.1
TCF4	70	80	0.30542257183323374	0.14178582141785823	chr1	150488170.0	150488284.0	antisense	0.5426714471410001	0.26546302838426983	0.1
Sox3	61	71	0.3047118532311768	0.14608539146085392	chr1	150488170.0	150488284.0	sense	0.5426714471410001	0.26546302838426983	0.1
MGA	63	71	0.30446356501703364	0.11648835116488351	chr1	150488170.0	150488284.0	antisense	0.5202036247988104	0.28382662594899516	0.1
ZNF143	66	82	0.30225687535509843	0.1070892910708929	chr1	150488170.0	150488284.0	sense	0.5202036247988104	0.28382662594899516	0.1
CREB1	65	73	0.2995369278153561	0.10128987101289871	chr1	150488170.0	150488284.0	antisense	0.5202036247988104	0.28382662594899516	0.1
PBX1	67	79	0.2988847920052802	0.19518048195180482	chr1	150488170.0	150488284.0	sense	0.6142458481424584	0.21165777035445674	0.1
FOSL2	62	73	0.29873802501163055	0.11078892110788921	chr1	150488170.0	150488284.0	antisense	0.5202036247988104	0.28382662594899516	0.1
ELF3	65	78	0.2972464476234744	0.14628537146285372	chr1	150488170.0	150488284.0	antisense	0.5426714471410001	0.26546302838426983	0.1
RFX4	66	82	0.2947665184468015	0.30996900309969005	chr1	150488170.0	150488284.0	antisense	0.7509058396485933	0.12441451823530675	0.1
Arx	66	83	0.2947030473602559	0.37746225377462256	chr1	150488170.0	150488284.0	sense	0.8162621237876213	0.08817035517480376	0.1
FEV	66	76	0.2940073434696088	0.192980701929807	chr1	150488170.0	150488284.0	antisense	0.6142458481424584	0.21165777035445674	0.1
JUNB	62	73	0.29304631424220096	0.12758724127587243	chr1	150488170.0	150488284.0	antisense	0.5213998285210849	0.2828291159992181	0.1
EMX1	66	76	0.29243670114640263	0.44625537446255376	chr1	150488170.0	150488284.0	antisense	0.864203505022632	0.06338397661666424	0.1
XBP1	67	81	0.2924279056572794	0.23817618238176183	chr1	150488170.0	150488284.0	sense	0.6471907783043686	0.18896767952937363	0.1
Vdr	65	81	0.2915084425461596	0.12198780121987801	chr1	150488170.0	150488284.0	antisense	0.5202036247988104	0.28382662594899516	0.1
E2F8	64	76	0.2911385207274402	0.062493750624937505	chr1	150488170.0	150488284.0	sense	0.5067852589741025	0.2951760260682168	0.1
OTX2	63	71	0.2899630213793685	0.18798120187981202	chr1	150488170.0	150488284.0	sense	0.6022360726890273	0.22023323470735595	0.1
Nr1h3::Rxra	62	81	0.28934898436215434	0.5442455754424558	chr1	150488170.0	150488284.0	antisense	0.9296682173887874	0.03167201603321284	0.1
Pitx1	62	70	0.28382239826098715	0.2665733426657334	chr1	150488170.0	150488284.0	sense	0.7058753308342635	0.15127199570704047	0.1
Crx	63	74	0.2835516148337783	0.23677632236776322	chr1	150488170.0	150488284.0	antisense	0.6471907783043686	0.18896767952937363	0.1
RHOXF1	62	70	0.2834102740349951	0.22407759224077592	chr1	150488170.0	150488284.0	sense	0.6471907783043686	0.18896767952937363	0.1
NRF1	68	79	0.2829594117454483	0.198980101989801	chr1	150488170.0	150488284.0	sense	0.6183872630701002	0.20873946416628145	0.1
HNF4G	65	80	0.2794537223703563	0.42025797420257976	chr1	150488170.0	150488284.0	antisense	0.8454026690354222	0.07293638538619787	0.1
Tcf7	61	73	0.2793397604731717	0.17578242175782421	chr1	150488170.0	150488284.0	antisense	0.5757386525498394	0.23977461295305535	0.1
RFX3	66	82	0.27930650791551725	0.3017698230176982	chr1	150488170.0	150488284.0	sense	0.7458025626008827	0.12737612872275308	0.1
ERG	66	76	0.27908216163149285	0.22147785221477853	chr1	150488170.0	150488284.0	antisense	0.6471907783043686	0.18896767952937363	0.1
Stat6	65	80	0.27810012116319993	0.3681631836816318	chr1	150488170.0	150488284.0	antisense	0.8062307693281304	0.0935406312705128	0.1
Pax6	68	82	0.2774014672671683	0.38616138386161386	chr1	150488170.0	150488284.0	antisense	0.8186925307469253	0.08687917183126885	0.1
Klf12	66	81	0.2769116263333353	0.23777622237776222	chr1	150488170.0	150488284.0	sense	0.6471907783043686	0.18896767952937363	0.1
TBR1	61	71	0.2765574622537646	0.22997700229977003	chr1	150488170.0	150488284.0	antisense	0.6471907783043686	0.18896767952937363	0.1
ETS1	66	76	0.2759971564548517	0.21747825217478253	chr1	150488170.0	150488284.0	antisense	0.6471907783043686	0.18896767952937363	0.1
TBX15	63	71	0.27454888079026174	0.10418958104189581	chr1	150488170.0	150488284.0	antisense	0.5202036247988104	0.28382662594899516	0.1
RORA(var.2)	64	78	0.2741748979759074	0.19858014198580143	chr1	150488170.0	150488284.0	antisense	0.6183872630701002	0.20873946416628145	0.1
MAX	67	77	0.2734757259333926	0.24167583241675833	chr1	150488170.0	150488284.0	sense	0.6532799845015499	0.18490064772430403	0.1
ELK1	66	76	0.27330356708019	0.1506849315068493	chr1	150488170.0	150488284.0	antisense	0.554648790440105	0.2559819297691529	0.1
Myog	69	80	0.27183524031157413	0.20717928207179281	chr1	150488170.0	150488284.0	antisense	0.6334219519224548	0.19830688975856725	0.1
NRL	70	81	0.2707559412694226	0.6708329167083291	chr1	150488170.0	150488284.0	antisense	0.9394469948978258	0.02712771846157415	0.1
NFATC2	67	74	0.27024091633008407	0.1640835916408359	chr1	150488170.0	150488284.0	sense	0.556689785566898	0.25438674728050437	0.1
SCRT2	65	78	0.2696258568023953	0.16518348165183483	chr1	150488170.0	150488284.0	antisense	0.556689785566898	0.25438674728050437	0.1
GSX1	69	79	0.2693672571995762	0.6316368363163684	chr1	150488170.0	150488284.0	sense	0.9394469948978258	0.02712771846157415	0.1
TBX1	63	71	0.26924963204268265	0.1227877212278772	chr1	150488170.0	150488284.0	antisense	0.5202036247988104	0.28382662594899516	0.1
TBX21	62	72	0.26905089517624975	0.20997900209979	chr1	150488170.0	150488284.0	antisense	0.6373046905835732	0.1956528850866394	0.1
Myod1	64	77	0.26883091079143095	0.35256474352564743	chr1	150488170.0	150488284.0	antisense	0.792125982206974	0.10120574135724594	0.1
MAFK	62	77	0.26872055607655726	0.4814518548145185	chr1	150488170.0	150488284.0	sense	0.8882631171511824	0.05145837048168039	0.1
Tcf12	69	80	0.26842404944410503	0.21147885211478853	chr1	150488170.0	150488284.0	antisense	0.6381251409742746	0.1950941446248926	0.1
FOXA1	62	77	0.26743424445647185	0.384961503849615	chr1	150488170.0	150488284.0	antisense	0.8186925307469253	0.08687917183126885	0.1
HOXB13	68	78	0.26616077100718766	0.23677632236776322	chr1	150488170.0	150488284.0	sense	0.6471907783043686	0.18896767952937363	0.1
HSF4	69	82	0.2656909884242774	0.38986101389861016	chr1	150488170.0	150488284.0	sense	0.8186925307469253	0.08687917183126885	0.1
ERF	67	77	0.2646914685230353	0.21757824217578242	chr1	150488170.0	150488284.0	antisense	0.6471907783043686	0.18896767952937363	0.1
Npas2	67	77	0.26374413191474105	0.25947405259474055	chr1	150488170.0	150488284.0	sense	0.6906001707521556	0.16077331860644611	0.1
Myc	66	76	0.2632368001108332	0.17638236176382363	chr1	150488170.0	150488284.0	antisense	0.5757386525498394	0.23977461295305535	0.1
TFEC	67	77	0.2631898018989356	0.31656834316568344	chr1	150488170.0	150488284.0	antisense	0.7571381110736853	0.12082489275059718	0.1
ATF7	62	76	0.263082285028732	0.22447755224477553	chr1	150488170.0	150488284.0	antisense	0.6471907783043686	0.18896767952937363	0.1
ESR1	64	81	0.26234933529168863	0.1837816218378162	chr1	150488170.0	150488284.0	sense	0.592438892756687	0.2273564384101621	0.1
HLTF	66	76	0.26227581075958656	0.5187481251874813	chr1	150488170.0	150488284.0	sense	0.9188746654344804	0.03674372237047183	0.1
Atf3	64	72	0.26170917800144555	0.1382861713828617	chr1	150488170.0	150488284.0	antisense	0.5426714471410001	0.26546302838426983	0.1
Rarg	64	80	0.26148525608213735	0.1347865213478652	chr1	150488170.0	150488284.0	sense	0.5426714471410001	0.26546302838426983	0.1
NFYB	61	76	0.2609606496638105	0.42725727427257276	chr1	150488170.0	150488284.0	sense	0.8552663964372793	0.06789859114000582	0.1
Rarb	63	79	0.25771928358937296	0.12388761123887611	chr1	150488170.0	150488284.0	sense	0.5202036247988104	0.28382662594899516	0.1
TEAD1	62	72	0.25752349479585385	0.4343565643435656	chr1	150488170.0	150488284.0	sense	0.8571523075829299	0.06694200133737215	0.1
MAFG	62	83	0.2541607575970044	0.45155484451554845	chr1	150488170.0	150488284.0	sense	0.8712154806824152	0.05987441617788248	0.1
HOXA13	71	81	0.25401221516248984	0.27287271272872715	chr1	150488170.0	150488284.0	sense	0.7152572621525727	0.14553772402003934	0.1
FLI1	67	77	0.2512072435573389	0.22747725227477253	chr1	150488170.0	150488284.0	sense	0.6471907783043686	0.18896767952937363	0.1
SPI1	63	77	0.2494926424092382	0.20077992200779923	chr1	150488170.0	150488284.0	antisense	0.620266544774094	0.20742164268128593	0.1
LBX2	66	76	0.24874248884221714	0.6930306969303069	chr1	150488170.0	150488284.0	sense	0.9394469948978258	0.02712771846157415	0.1
JUN	64	77	0.2485771070929359	0.32926707329267074	chr1	150488170.0	150488284.0	antisense	0.7645217621095034	0.1166101478846801	0.1
Ddit3::Cebpa	61	73	0.24839463341909768	0.49125087491250874	chr1	150488170.0	150488284.0	antisense	0.8945936985248844	0.048374165302093236	0.1
ZNF410	63	80	0.24769630644372775	0.1952804719528047	chr1	150488170.0	150488284.0	sense	0.6142458481424584	0.21165777035445674	0.1
RXRA::VDR	65	80	0.24754822158874173	0.2074792520747925	chr1	150488170.0	150488284.0	antisense	0.6334219519224548	0.19830688975856725	0.1
Hmx3	66	83	0.24643134582514736	0.5713428657134286	chr1	150488170.0	150488284.0	sense	0.9394469948978258	0.02712771846157415	0.1
JUN(var.2)	62	76	0.24602605830944346	0.47155284471552844	chr1	150488170.0	150488284.0	antisense	0.8840852376856178	0.05350586114990407	0.1
SREBF1	62	72	0.24593544926907002	0.22677732226777322	chr1	150488170.0	150488284.0	sense	0.6471907783043686	0.18896767952937363	0.1
Alx4	66	83	0.24507256892590618	0.5494450554944506	chr1	150488170.0	150488284.0	sense	0.9349573239397372	0.029208212015681276	0.1
JUND(var.2)	63	78	0.2446436309136761	0.44325567443255676	chr1	150488170.0	150488284.0	antisense	0.8616093446835091	0.06468959949364557	0.1
HEY2	67	77	0.24290663020423414	0.32996700329967005	chr1	150488170.0	150488284.0	sense	0.7645217621095034	0.1166101478846801	0.1
TEAD4	62	72	0.2411268820000844	0.48435156484351566	chr1	150488170.0	150488284.0	sense	0.8882631171511824	0.05145837048168039	0.1
Sox6	61	71	0.24063075937747014	0.23637636236376364	chr1	150488170.0	150488284.0	sense	0.6471907783043686	0.18896767952937363	0.1
RARA(var.2)	65	82	0.2405930287831782	0.2323767623237676	chr1	150488170.0	150488284.0	antisense	0.6471907783043686	0.18896767952937363	0.1
Hoxd8	64	81	0.2401429345461642	0.6142385761423858	chr1	150488170.0	150488284.0	antisense	0.9394469948978258	0.02712771846157415	0.1
FOXH1	70	81	0.24006186462077594	0.3110688931106889	chr1	150488170.0	150488284.0	sense	0.7509058396485933	0.12441451823530675	0.1
Hoxc9	66	79	0.23908824740788556	0.4400559944005599	chr1	150488170.0	150488284.0	sense	0.8616093446835091	0.06468959949364557	0.1
MEOX2	69	79	0.2385846939327752	0.6257374262573743	chr1	150488170.0	150488284.0	antisense	0.9394469948978258	0.02712771846157415	0.1
Gata1	71	82	0.2378929306648214	0.29687031296870314	chr1	150488170.0	150488284.0	antisense	0.7458025626008827	0.12737612872275308	0.1
BCL6B	62	79	0.23774488357749007	0.11048895110488952	chr1	150488170.0	150488284.0	antisense	0.5202036247988104	0.28382662594899516	0.1
POU4F1	68	82	0.2371141492614215	0.5025497450254974	chr1	150488170.0	150488284.0	antisense	0.9056365196813653	0.04304607293107846	0.1
RFX2	66	82	0.23584482449891103	0.297970202979702	chr1	150488170.0	150488284.0	antisense	0.7458025626008827	0.12737612872275308	0.1
FOS::JUN	66	73	0.23562693609780638	0.22397760223977603	chr1	150488170.0	150488284.0	sense	0.6471907783043686	0.18896767952937363	0.1
RARA	62	80	0.23545985563341018	0.1531846815318468	chr1	150488170.0	150488284.0	antisense	0.5558113154201821	0.25507261593482117	0.1
Rhox11	66	83	0.23446490872501657	0.8087191280871913	chr1	150488170.0	150488284.0	sense	0.9394469948978258	0.02712771846157415	0.1
POU4F3	66	82	0.2341177415680846	0.5802419758024198	chr1	150488170.0	150488284.0	antisense	0.9394469948978258	0.02712771846157415	0.1
BARX1	67	75	0.23374661727320278	0.3487651234876512	chr1	150488170.0	150488284.0	sense	0.7913392066906846	0.10163731673476073	0.1
HLF	61	73	0.2336195521126672	0.4861513848615138	chr1	150488170.0	150488284.0	sense	0.8884245378279073	0.05137945496812558	0.1
HEY1	67	77	0.23361005404711313	0.3347665233476652	chr1	150488170.0	150488284.0	sense	0.7721947805219478	0.11227313821854493	0.1
Nr2f6(var.2)	65	80	0.23242952343139092	0.16128387161283872	chr1	150488170.0	150488284.0	antisense	0.556689785566898	0.25438674728050437	0.1
EN2	69	79	0.23226309287826705	0.5887411258874112	chr1	150488170.0	150488284.0	sense	0.9394469948978258	0.02712771846157415	0.1
TFEB	67	77	0.23226109724156432	0.39436056394360564	chr1	150488170.0	150488284.0	antisense	0.8186925307469253	0.08687917183126885	0.1
NFATC3	66	76	0.23208406475364213	0.5067493250674933	chr1	150488170.0	150488284.0	sense	0.910044635674841	0.04093730597354888	0.1
DUXA	62	75	0.23201387404463625	0.48295170482951705	chr1	150488170.0	150488284.0	sense	0.8882631171511824	0.05145837048168039	0.1
SP4	64	81	0.2292933168570717	0.3010698930106989	chr1	150488170.0	150488284.0	sense	0.7458025626008827	0.12737612872275308	0.1
Hmx2	66	83	0.22889134048500095	0.5915408459154085	chr1	150488170.0	150488284.0	sense	0.9394469948978258	0.02712771846157415	0.1
Foxa2	61	73	0.22853477147143553	0.38036196380361964	chr1	150488170.0	150488284.0	antisense	0.8186925307469253	0.08687917183126885	0.1
FOSL1	61	72	0.2276383103364853	0.2853714628537146	chr1	150488170.0	150488284.0	antisense	0.736854672741681	0.13261815807026556	0.1
HOXB2	61	71	0.2254775236894972	0.6487351264873512	chr1	150488170.0	150488284.0	antisense	0.9394469948978258	0.02712771846157415	0.1
HOXB3	61	71	0.2254000150863491	0.6621337866213378	chr1	150488170.0	150488284.0	antisense	0.9394469948978258	0.02712771846157415	0.1
SOX9	61	70	0.22510275151457027	0.49965003499650035	chr1	150488170.0	150488284.0	sense	0.9056365196813653	0.04304607293107846	0.1
ATF4	63	76	0.22463475308370606	0.387961203879612	chr1	150488170.0	150488284.0	antisense	0.8186925307469253	0.08687917183126885	0.1
Rarg(var.2)	64	81	0.2245875833012739	0.2283771622837716	chr1	150488170.0	150488284.0	sense	0.6471907783043686	0.18896767952937363	0.1
RFX5	66	82	0.22421733731330604	0.3270672932706729	chr1	150488170.0	150488284.0	antisense	0.7645217621095034	0.1166101478846801	0.1
HOXD13	71	81	0.2242131407476822	0.2996700329967003	chr1	150488170.0	150488284.0	sense	0.7458025626008827	0.12737612872275308	0.1
HOXC13	68	79	0.22417811184475664	0.31516848315168483	chr1	150488170.0	150488284.0	sense	0.7571381110736853	0.12082489275059718	0.1
MAFG::NFE2L1	72	78	0.22321496318795234	0.23537646235376464	chr1	150488170.0	150488284.0	sense	0.6471907783043686	0.18896767952937363	0.1
NFIA	67	77	0.222101362876377	0.35596440355964404	chr1	150488170.0	150488284.0	sense	0.7959422006517297	0.0991184685053078	0.1
KLF13	62	80	0.219980288814221	0.35236476352364765	chr1	150488170.0	150488284.0	sense	0.792125982206974	0.10120574135724594	0.1
BARHL2	68	78	0.21935892500062926	0.6639336066393361	chr1	150488170.0	150488284.0	sense	0.9394469948978258	0.02712771846157415	0.1
TCF7L2	65	79	0.21904353900996923	0.5107489251074893	chr1	150488170.0	150488284.0	sense	0.9140644556234032	0.03902317873598321	0.1
ETV2	63	74	0.21819918943270492	0.33636636336366366	chr1	150488170.0	150488284.0	antisense	0.7724519583439886	0.11212852144993118	0.1
Hmx1	66	83	0.21585723908338902	0.7062293770622937	chr1	150488170.0	150488284.0	sense	0.9394469948978258	0.02712771846157415	0.1
Arid5a	66	80	0.2150914921691351	0.7253274672532747	chr1	150488170.0	150488284.0	antisense	0.9394469948978258	0.02712771846157415	0.1
ARNT::HIF1A	71	79	0.214886764462275	0.35836416358364165	chr1	150488170.0	150488284.0	antisense	0.7959422006517297	0.0991184685053078	0.1
Hoxd9	71	81	0.21457822496186035	0.46915308469153083	chr1	150488170.0	150488284.0	sense	0.8840852376856178	0.05350586114990407	0.1
REL	62	72	0.2144945286706356	0.4677532246775322	chr1	150488170.0	150488284.0	antisense	0.8840852376856178	0.05350586114990407	0.1
EVX2	61	71	0.21308440739531279	0.7438256174382561	chr1	150488170.0	150488284.0	antisense	0.9394469948978258	0.02712771846157415	0.1
EOMES	62	75	0.21278895126282252	0.617038296170383	chr1	150488170.0	150488284.0	antisense	0.9394469948978258	0.02712771846157415	0.1
MTF1	65	79	0.2122684043671651	0.29357064293570645	chr1	150488170.0	150488284.0	antisense	0.7458025626008827	0.12737612872275308	0.1
E2F3	61	79	0.21168215419156475	0.3050694930506949	chr1	150488170.0	150488284.0	antisense	0.7468446551571257	0.12676972271474926	0.1
HOXA2	69	79	0.21049930028251213	0.7051294870512949	chr1	150488170.0	150488284.0	sense	0.9394469948978258	0.02712771846157415	0.1
EVX1	66	76	0.20924933148132194	0.7430256974302569	chr1	150488170.0	150488284.0	sense	0.9394469948978258	0.02712771846157415	0.1
Crem	63	73	0.20907123029852945	0.412958704129587	chr1	150488170.0	150488284.0	sense	0.8372092478252174	0.07716598308385338	0.1
Mafb	69	81	0.20898213188858478	0.7116288371162883	chr1	150488170.0	150488284.0	antisense	0.9394469948978258	0.02712771846157415	0.1
MEF2C	65	80	0.2087776461355361	0.528047195280472	chr1	150488170.0	150488284.0	sense	0.922264820497816	0.03514435707301653	0.1
Hoxb5	64	80	0.20805987615652552	0.7998200179982001	chr1	150488170.0	150488284.0	sense	0.9394469948978258	0.02712771846157415	0.1
Foxo1	66	77	0.20747679638038122	0.40435956404359563	chr1	150488170.0	150488284.0	antisense	0.8303169683031697	0.08075608677248002	0.1
Gata4	63	74	0.2071518254085756	0.40805919408059194	chr1	150488170.0	150488284.0	sense	0.8305204773640283	0.08064965508908904	0.1
OTX1	63	71	0.20562702716236814	0.4370562943705629	chr1	150488170.0	150488284.0	sense	0.8592129423421294	0.0658991898085833	0.1
SREBF2	65	75	0.20367611837852562	0.3655634436556344	chr1	150488170.0	150488284.0	antisense	0.8039297765138741	0.09478188533671755	0.1
TGIF2	62	74	0.20250675875593116	0.30346965303469653	chr1	150488170.0	150488284.0	sense	0.7464490517772867	0.1269998293148211	0.1
Hoxa11	67	79	0.2017162108748816	0.6742325767423257	chr1	150488170.0	150488284.0	antisense	0.9394469948978258	0.02712771846157415	0.1
GSX2	69	79	0.20053529247152727	0.7817218278172183	chr1	150488170.0	150488284.0	sense	0.9394469948978258	0.02712771846157415	0.1
NKX3-2	67	76	0.19837532552191212	0.5428457154284572	chr1	150488170.0	150488284.0	sense	0.9296682173887874	0.03167201603321284	0.1
MEIS2	67	75	0.1982179699107481	0.39336066393360664	chr1	150488170.0	150488284.0	antisense	0.8186925307469253	0.08687917183126885	0.1
MEIS3	67	75	0.1969355026900572	0.5536446355364464	chr1	150488170.0	150488284.0	antisense	0.938641087347576	0.027500439237334355	0.1
Atf1	63	71	0.19677455549713918	0.39686031396860316	chr1	150488170.0	150488284.0	antisense	0.8205996133454384	0.08586869200227952	0.1
Hoxa9	67	78	0.1964967016498559	0.47185281471852814	chr1	150488170.0	150488284.0	sense	0.8840852376856178	0.05350586114990407	0.1
Sox17	69	78	0.19546913025262444	0.48005199480051997	chr1	150488170.0	150488284.0	antisense	0.8882631171511824	0.05145837048168039	0.1
ZBED1	62	75	0.1952634897390111	0.3588641135886411	chr1	150488170.0	150488284.0	sense	0.7959422006517297	0.0991184685053078	0.1
ALX3	70	80	0.19360150492608266	0.714928507149285	chr1	150488170.0	150488284.0	sense	0.9394469948978258	0.02712771846157415	0.1
ESX1	70	80	0.19317722733465087	0.7515248475152485	chr1	150488170.0	150488284.0	sense	0.9394469948978258	0.02712771846157415	0.1
HOXA10	66	77	0.19274646842323148	0.6200379962003799	chr1	150488170.0	150488284.0	sense	0.9394469948978258	0.02712771846157415	0.1
Sox2	61	69	0.1920059894298472	0.256974302569743	chr1	150488170.0	150488284.0	sense	0.6874724898644156	0.16274467602733636	0.1
MEIS1	68	75	0.19155608829944026	0.5445455454454554	chr1	150488170.0	150488284.0	sense	0.9296682173887874	0.03167201603321284	0.1
HOXA5	69	77	0.19031109342998298	0.5238476152384761	chr1	150488170.0	150488284.0	sense	0.9200809648764854	0.03617395411973951	0.1
Nkx3-1	67	76	0.18917590780441998	0.5164483551644835	chr1	150488170.0	150488284.0	sense	0.9179338915423525	0.03718859502118378	0.1
BATF3	63	77	0.18790926582274423	0.29147085291470853	chr1	150488170.0	150488284.0	sense	0.7458025626008827	0.12737612872275308	0.1
Pou2f3	65	81	0.1879007702593174	0.7014298570142986	chr1	150488170.0	150488284.0	sense	0.9394469948978258	0.02712771846157415	0.1
HOXC10	68	78	0.18721014893848864	0.5614438556144385	chr1	150488170.0	150488284.0	antisense	0.9394469948978258	0.02712771846157415	0.1
REST	61	82	0.18711782134108687	0.36266373362663734	chr1	150488170.0	150488284.0	sense	0.8009467138392543	0.09639637611970679	0.1
E2F2	62	78	0.18663432661120652	0.32466753324667535	chr1	150488170.0	150488284.0	sense	0.7624545237783915	0.11778605448751399	0.1
GATA5	73	81	0.18582240417337778	0.5574442555744425	chr1	150488170.0	150488284.0	sense	0.938641087347576	0.027500439237334355	0.1
Nr2f6	65	79	0.1856126979240552	0.5152484751524847	chr1	150488170.0	150488284.0	antisense	0.9179338915423525	0.03718859502118378	0.1
Dlx3	70	78	0.1849801244826514	0.6847315268473153	chr1	150488170.0	150488284.0	sense	0.9394469948978258	0.02712771846157415	0.1
MIXL1	70	80	0.18464325973008727	0.788021197880212	chr1	150488170.0	150488284.0	sense	0.9394469948978258	0.02712771846157415	0.1
SMAD3	68	78	0.18396546207219616	0.3491650834916508	chr1	150488170.0	150488284.0	sense	0.7913392066906846	0.10163731673476073	0.1
OLIG2	67	77	0.18283894302094317	0.5247475252474753	chr1	150488170.0	150488284.0	sense	0.9200809648764854	0.03617395411973951	0.1
Ascl2	64	74	0.1820093287093108	0.5017498250174982	chr1	150488170.0	150488284.0	sense	0.9056365196813653	0.04304607293107846	0.1
Alx1	66	83	0.18025842841412815	0.7481251874812519	chr1	150488170.0	150488284.0	sense	0.9394469948978258	0.02712771846157415	0.1
Prrx2	71	79	0.1782178850263	0.7013298670132987	chr1	150488170.0	150488284.0	sense	0.9394469948978258	0.02712771846157415	0.1
NHLH1	70	80	0.178189535405405	0.5364463553644635	chr1	150488170.0	150488284.0	antisense	0.9280723090481651	0.03241818520656024	0.1
HES5	69	81	0.17695771153600928	0.38846115388461155	chr1	150488170.0	150488284.0	sense	0.8186925307469253	0.08687917183126885	0.1
CDX2	65	76	0.1766703279924489	0.42845715428457154	chr1	150488170.0	150488284.0	sense	0.8552663964372793	0.06789859114000582	0.1
MLXIPL	70	80	0.17642755448933073	0.5915408459154085	chr1	150488170.0	150488284.0	antisense	0.9394469948978258	0.02712771846157415	0.1
NFE2	61	72	0.1760136972202403	0.4072592740725927	chr1	150488170.0	150488284.0	sense	0.8305204773640283	0.08064965508908904	0.1
Twist2	67	77	0.17588682565596941	0.6160383961603839	chr1	150488170.0	150488284.0	sense	0.9394469948978258	0.02712771846157415	0.1
Hoxd3	64	80	0.17481148964282003	0.8839116088391161	chr1	150488170.0	150488284.0	antisense	0.9415201337009156	0.0261703884867048	0.1
IRF7	61	75	0.17470305011647574	0.4811518848115188	chr1	150488170.0	150488284.0	antisense	0.8882631171511824	0.05145837048168039	0.1
Creb5	64	76	0.17440366453598047	0.5216478352164784	chr1	150488170.0	150488284.0	sense	0.9200809648764854	0.03617395411973951	0.1
GATA3	73	81	0.17363475584779206	0.3010698930106989	chr1	150488170.0	150488284.0	sense	0.7458025626008827	0.12737612872275308	0.1
Mlxip	68	76	0.17287065689625264	0.37736226377362264	chr1	150488170.0	150488284.0	sense	0.8162621237876213	0.08817035517480376	0.1
HSF2	65	78	0.17279827111111384	0.5674432556744325	chr1	150488170.0	150488284.0	antisense	0.9394469948978258	0.02712771846157415	0.1
Gfi1	62	72	0.17250243486101205	0.7494250574942506	chr1	150488170.0	150488284.0	sense	0.9394469948978258	0.02712771846157415	0.1
Dlx4	70	78	0.17249000607341905	0.6941305869413059	chr1	150488170.0	150488284.0	sense	0.9394469948978258	0.02712771846157415	0.1
Id2	71	79	0.1722884472459506	0.37716228377162286	chr1	150488170.0	150488284.0	sense	0.8162621237876213	0.08817035517480376	0.1
RAX2	71	79	0.17165902119223628	0.7021297870212979	chr1	150488170.0	150488284.0	sense	0.9394469948978258	0.02712771846157415	0.1
HOXC11	68	79	0.17142861733873477	0.6373362663733627	chr1	150488170.0	150488284.0	antisense	0.9394469948978258	0.02712771846157415	0.1
BATF::JUN	63	74	0.17069403245047257	0.593040695930407	chr1	150488170.0	150488284.0	antisense	0.9394469948978258	0.02712771846157415	0.1
BHLHE40	70	80	0.16977221730298986	0.5949405059494051	chr1	150488170.0	150488284.0	sense	0.9394469948978258	0.02712771846157415	0.1
Dlx1	69	79	0.16957053577781267	0.8174182581741826	chr1	150488170.0	150488284.0	sense	0.9415201337009156	0.0261703884867048	0.1
Bhlha15	68	76	0.16931714766767209	0.43315668433156684	chr1	150488170.0	150488284.0	sense	0.8571523075829299	0.06694200133737215	0.1
Ar	64	81	0.16928347557071916	0.6654334566543346	chr1	150488170.0	150488284.0	antisense	0.9394469948978258	0.02712771846157415	0.1
Rxra	65	79	0.16923413133257473	0.3872612738726127	chr1	150488170.0	150488284.0	antisense	0.8186925307469253	0.08687917183126885	0.1
Dmbx1	65	82	0.16847677521244372	0.8738126187381262	chr1	150488170.0	150488284.0	sense	0.9415201337009156	0.0261703884867048	0.1
RXRG	65	79	0.16830873046266534	0.40475952404759524	chr1	150488170.0	150488284.0	antisense	0.8303169683031697	0.08075608677248002	0.1
CLOCK	67	77	0.16763356062683993	0.6788321167883211	chr1	150488170.0	150488284.0	antisense	0.9394469948978258	0.02712771846157415	0.1
FOXF2	69	83	0.16748897606362798	0.6301369863013698	chr1	150488170.0	150488284.0	sense	0.9394469948978258	0.02712771846157415	0.1
Tcf21	68	82	0.16612115051816206	0.5960403959604039	chr1	150488170.0	150488284.0	antisense	0.9394469948978258	0.02712771846157415	0.1
RXRB	65	79	0.1660713116947739	0.391960803919608	chr1	150488170.0	150488284.0	antisense	0.8186925307469253	0.08687917183126885	0.1
Bach1::Mafk	62	77	0.16572013725353324	0.690930906909309	chr1	150488170.0	150488284.0	antisense	0.9394469948978258	0.02712771846157415	0.1
CDX1	70	79	0.1642352306169365	0.5823417658234177	chr1	150488170.0	150488284.0	sense	0.9394469948978258	0.02712771846157415	0.1
NR3C2	64	81	0.1623247848782128	0.6598340165983402	chr1	150488170.0	150488284.0	sense	0.9394469948978258	0.02712771846157415	0.1
EWSR1-FLI1	64	82	0.16137998543359067	0.32196780321967805	chr1	150488170.0	150488284.0	antisense	0.7619101726191018	0.11809622791950813	0.1
MSX1	67	75	0.1609097895775949	0.686031396860314	chr1	150488170.0	150488284.0	sense	0.9394469948978258	0.02712771846157415	0.1
MSX2	71	79	0.16023331843272304	0.5588441155884412	chr1	150488170.0	150488284.0	sense	0.938641087347576	0.027500439237334355	0.1
HOXD11	68	78	0.15864028379731343	0.6020397960203979	chr1	150488170.0	150488284.0	antisense	0.9394469948978258	0.02712771846157415	0.1
RAX	70	80	0.15845582405421846	0.7147285271472853	chr1	150488170.0	150488284.0	sense	0.9394469948978258	0.02712771846157415	0.1
NFAT5	62	72	0.1583195881522361	0.6696330366963303	chr1	150488170.0	150488284.0	sense	0.9394469948978258	0.02712771846157415	0.1
OLIG3	67	77	0.15818426168569424	0.7472252774722528	chr1	150488170.0	150488284.0	sense	0.9394469948978258	0.02712771846157415	0.1
LHX2	68	78	0.15750779027785064	0.6937306269373062	chr1	150488170.0	150488284.0	sense	0.9394469948978258	0.02712771846157415	0.1
JUND	61	72	0.15672782827908968	0.64003599640036	chr1	150488170.0	150488284.0	antisense	0.9394469948978258	0.02712771846157415	0.1
Nr2e1	64	73	0.15645639366075884	0.5713428657134286	chr1	150488170.0	150488284.0	antisense	0.9394469948978258	0.02712771846157415	0.1
Foxj3	61	78	0.1564014388246945	0.7702229777022298	chr1	150488170.0	150488284.0	sense	0.9394469948978258	0.02712771846157415	0.1
Six3	61	78	0.15624436974635494	0.8797120287971203	chr1	150488170.0	150488284.0	sense	0.9415201337009156	0.0261703884867048	0.1
Arnt	69	75	0.15604243843446872	0.33966603339666035	chr1	150488170.0	150488284.0	antisense	0.7765932657835538	0.10980637975149958	0.1
SHOX	71	79	0.15598164315624405	0.7131286871312869	chr1	150488170.0	150488284.0	antisense	0.9394469948978258	0.02712771846157415	0.1
JDP2(var.2)	63	75	0.15499430479533477	0.5831416858314169	chr1	150488170.0	150488284.0	antisense	0.9394469948978258	0.02712771846157415	0.1
TFAP4	70	80	0.1549849758797153	0.6058394160583942	chr1	150488170.0	150488284.0	sense	0.9394469948978258	0.02712771846157415	0.1
PKNOX2	66	78	0.15484291480897996	0.41675832416758324	chr1	150488170.0	150488284.0	antisense	0.8416247869376486	0.0748814824682313	0.1
HSF1	65	78	0.1532120070406018	0.595940405959404	chr1	150488170.0	150488284.0	antisense	0.9394469948978258	0.02712771846157415	0.1
VENTX	66	75	0.15309244736523453	0.6752324767523248	chr1	150488170.0	150488284.0	sense	0.9394469948978258	0.02712771846157415	0.1
Ahr::Arnt	72	78	0.15307478546538447	0.4333566643335666	chr1	150488170.0	150488284.0	antisense	0.8571523075829299	0.06694200133737215	0.1
Nfe2l2	61	76	0.15232081515239748	0.8803119688031197	chr1	150488170.0	150488284.0	sense	0.9415201337009156	0.0261703884867048	0.1
DUX4	63	74	0.15230564430832336	0.5382461753824618	chr1	150488170.0	150488284.0	sense	0.9280723090481651	0.03241818520656024	0.1
ISL2	66	74	0.15194221026629526	0.8165183481651834	chr1	150488170.0	150488284.0	sense	0.9415201337009156	0.0261703884867048	0.1
CEBPE	62	72	0.15177471155200337	0.7813218678132187	chr1	150488170.0	150488284.0	sense	0.9394469948978258	0.02712771846157415	0.1
LHX9	71	79	0.15157159229695522	0.7066293370662934	chr1	150488170.0	150488284.0	sense	0.9394469948978258	0.02712771846157415	0.1
MNX1	69	79	0.15105191622348837	0.7516248375162484	chr1	150488170.0	150488284.0	antisense	0.9394469948978258	0.02712771846157415	0.1
IRF2	62	80	0.1501920175496396	0.5581441855814419	chr1	150488170.0	150488284.0	antisense	0.938641087347576	0.027500439237334355	0.1
Msx3	71	79	0.14957948295647816	0.5826417358264173	chr1	150488170.0	150488284.0	sense	0.9394469948978258	0.02712771846157415	0.1
Hnf4a	66	82	0.14947437622908186	0.609039096090391	chr1	150488170.0	150488284.0	sense	0.9394469948978258	0.02712771846157415	0.1
HMBOX1	70	80	0.1494674348489065	0.8671132886711329	chr1	150488170.0	150488284.0	sense	0.9415201337009156	0.0261703884867048	0.1
MEOX1	68	78	0.14932204565471394	0.8078192180781922	chr1	150488170.0	150488284.0	sense	0.9394469948978258	0.02712771846157415	0.1
HOXD12	66	77	0.14840710609841834	0.6448355164483551	chr1	150488170.0	150488284.0	sense	0.9394469948978258	0.02712771846157415	0.1
DLX6	70	78	0.14815848416253527	0.7159284071592841	chr1	150488170.0	150488284.0	sense	0.9394469948978258	0.02712771846157415	0.1
MLX	70	80	0.1473314170281958	0.6437356264373563	chr1	150488170.0	150488284.0	antisense	0.9394469948978258	0.02712771846157415	0.1
PRDM1	65	80	0.14677254663646408	0.7033296670332967	chr1	150488170.0	150488284.0	antisense	0.9394469948978258	0.02712771846157415	0.1
PKNOX1	66	78	0.14565407069398684	0.46295370462953706	chr1	150488170.0	150488284.0	antisense	0.8840852376856178	0.05350586114990407	0.1
HOXC12	62	73	0.1453535050139504	0.6733326667333267	chr1	150488170.0	150488284.0	antisense	0.9394469948978258	0.02712771846157415	0.1
VAX1	70	78	0.1437944679114428	0.807019298070193	chr1	150488170.0	150488284.0	sense	0.9394469948978258	0.02712771846157415	0.1
SRF	65	81	0.14359191969065285	0.7155284471552845	chr1	150488170.0	150488284.0	antisense	0.9394469948978258	0.02712771846157415	0.1
Dux	67	75	0.1435252093795042	0.5295470452954705	chr1	150488170.0	150488284.0	sense	0.922264820497816	0.03514435707301653	0.1
SOX10	70	76	0.1432264630337694	0.5374462553744626	chr1	150488170.0	150488284.0	antisense	0.9280723090481651	0.03241818520656024	0.1
FOXC2	71	83	0.14303851125294112	0.6874312568743126	chr1	150488170.0	150488284.0	sense	0.9394469948978258	0.02712771846157415	0.1
TEAD3	73	81	0.1429166517604571	0.5881411858814118	chr1	150488170.0	150488284.0	antisense	0.9394469948978258	0.02712771846157415	0.1
TGIF1	62	74	0.14290709459731307	0.46195380461953806	chr1	150488170.0	150488284.0	antisense	0.8840852376856178	0.05350586114990407	0.1
MSC	67	77	0.14083118028726418	0.6852314768523148	chr1	150488170.0	150488284.0	sense	0.9394469948978258	0.02712771846157415	0.1
BSX	71	79	0.1401505337633786	0.7204279572042795	chr1	150488170.0	150488284.0	sense	0.9394469948978258	0.02712771846157415	0.1
VAX2	70	78	0.13991833275630178	0.8007199280071993	chr1	150488170.0	150488284.0	sense	0.9394469948978258	0.02712771846157415	0.1
POU6F2	67	77	0.13846399419377625	0.7505249475052495	chr1	150488170.0	150488284.0	sense	0.9394469948978258	0.02712771846157415	0.1
POU3F3	61	74	0.13792700367824337	0.7717228277172283	chr1	150488170.0	150488284.0	antisense	0.9394469948978258	0.02712771846157415	0.1
GMEB2	62	70	0.13780489028158774	0.7827217278272173	chr1	150488170.0	150488284.0	antisense	0.9394469948978258	0.02712771846157415	0.1
DMRT3	72	83	0.13671186712586836	0.8773122687731227	chr1	150488170.0	150488284.0	antisense	0.9415201337009156	0.0261703884867048	0.1
FOXD2	67	74	0.13596843915127863	0.6029397060293971	chr1	150488170.0	150488284.0	sense	0.9394469948978258	0.02712771846157415	0.1
NFIL3	66	77	0.1351652440685637	0.6865313468653135	chr1	150488170.0	150488284.0	antisense	0.9394469948978258	0.02712771846157415	0.1
FOXP2	72	83	0.13441382193510587	0.587041295870413	chr1	150488170.0	150488284.0	sense	0.9394469948978258	0.02712771846157415	0.1
Srebf1(var.2)	70	80	0.13402334691591877	0.704929507049295	chr1	150488170.0	150488284.0	antisense	0.9394469948978258	0.02712771846157415	0.1
LMX1B	70	78	0.13361036242601637	0.7472252774722528	chr1	150488170.0	150488284.0	sense	0.9394469948978258	0.02712771846157415	0.1
JDP2	73	82	0.13342974049448225	0.5692430756924307	chr1	150488170.0	150488284.0	sense	0.9394469948978258	0.02712771846157415	0.1
GRHL1	64	76	0.13320863230422428	0.8091190880911909	chr1	150488170.0	150488284.0	sense	0.9394469948978258	0.02712771846157415	0.1
NKX6-1	70	78	0.13262424719417099	0.6483351664833517	chr1	150488170.0	150488284.0	antisense	0.9394469948978258	0.02712771846157415	0.1
MYBL1	67	79	0.1326150476236628	0.8433156684331566	chr1	150488170.0	150488284.0	sense	0.9415201337009156	0.0261703884867048	0.1
NFKB2	63	76	0.13058525838733312	0.7032296770322968	chr1	150488170.0	150488284.0	sense	0.9394469948978258	0.02712771846157415	0.1
NR3C1	64	81	0.1299451312546628	0.793920607939206	chr1	150488170.0	150488284.0	sense	0.9394469948978258	0.02712771846157415	0.1
CEBPA	65	76	0.12986022108577752	0.804019598040196	chr1	150488170.0	150488284.0	sense	0.9394469948978258	0.02712771846157415	0.1
BHLHE22	67	77	0.1296518020010614	0.7809219078092191	chr1	150488170.0	150488284.0	sense	0.9394469948978258	0.02712771846157415	0.1
HES7	69	81	0.1286796073321435	0.5996400359964004	chr1	150488170.0	150488284.0	sense	0.9394469948978258	0.02712771846157415	0.1
SREBF2(var.2)	70	80	0.1285854371108795	0.6954304569543046	chr1	150488170.0	150488284.0	antisense	0.9394469948978258	0.02712771846157415	0.1
BHLHE41	67	77	0.12638969439237674	0.6930306969303069	chr1	150488170.0	150488284.0	antisense	0.9394469948978258	0.02712771846157415	0.1
MYF6	67	77	0.12522616111688017	0.7350264973502649	chr1	150488170.0	150488284.0	sense	0.9394469948978258	0.02712771846157415	0.1
FOS	72	83	0.12514199176811447	0.8407159284071593	chr1	150488170.0	150488284.0	antisense	0.9415201337009156	0.0261703884867048	0.1
POU1F1	69	83	0.12399995695514869	0.8482151784821518	chr1	150488170.0	150488284.0	antisense	0.9415201337009156	0.0261703884867048	0.1
PDX1	67	75	0.12363574473112113	0.6892310768923108	chr1	150488170.0	150488284.0	sense	0.9394469948978258	0.02712771846157415	0.1
RELA	61	71	0.12336279095384887	0.6622337766223377	chr1	150488170.0	150488284.0	antisense	0.9394469948978258	0.02712771846157415	0.1
MAF::NFE2	65	80	0.12310614131728115	0.9212078792120788	chr1	150488170.0	150488284.0	sense	0.958130038699537	0.018575543889063358	0.1
UNCX	71	79	0.1222419211675657	0.8465153484651535	chr1	150488170.0	150488284.0	sense	0.9415201337009156	0.0261703884867048	0.1
CUX1	67	77	0.12196368827696762	0.8294170582941706	chr1	150488170.0	150488284.0	sense	0.9415201337009156	0.0261703884867048	0.1
Foxk1	61	78	0.12127578279144254	0.838016198380162	chr1	150488170.0	150488284.0	sense	0.9415201337009156	0.0261703884867048	0.1
TP73	62	80	0.11926980513713177	0.9612038796120388	chr1	150488170.0	150488284.0	sense	0.9691733739247433	0.013598525731807417	0.1
Gfi1b	71	82	0.11906630840306794	0.809019098090191	chr1	150488170.0	150488284.0	sense	0.9394469948978258	0.02712771846157415	0.1
GATA2	67	81	0.11852073021878545	0.8973102689731027	chr1	150488170.0	150488284.0	sense	0.9427207076863164	0.025616953154996274	0.1
NOTO	68	78	0.11841727258821547	0.8971102889711029	chr1	150488170.0	150488284.0	sense	0.9427207076863164	0.025616953154996274	0.1
Foxd3	65	77	0.11815701031081893	0.6846315368463154	chr1	150488170.0	150488284.0	antisense	0.9394469948978258	0.02712771846157415	0.1
MYBL2	66	81	0.11751496428771875	0.9524047595240476	chr1	150488170.0	150488284.0	sense	0.9673152058571051	0.014431985215460649	0.1
CUX2	67	77	0.11748000085547625	0.8503149685031497	chr1	150488170.0	150488284.0	sense	0.9415201337009156	0.0261703884867048	0.1
CEBPB	65	75	0.11735713111846481	0.8876112388761124	chr1	150488170.0	150488284.0	sense	0.9415201337009156	0.0261703884867048	0.1
Nobox	69	77	0.1167285786358724	0.7505249475052495	chr1	150488170.0	150488284.0	antisense	0.9394469948978258	0.02712771846157415	0.1
LEF1	65	80	0.11640308003971271	0.7925207479252074	chr1	150488170.0	150488284.0	sense	0.9394469948978258	0.02712771846157415	0.1
POU2F1	62	74	0.11614973846523588	0.8971102889711029	chr1	150488170.0	150488284.0	antisense	0.9427207076863164	0.025616953154996274	0.1
POU3F1	62	74	0.1160453593485695	0.8848115188481152	chr1	150488170.0	150488284.0	antisense	0.9415201337009156	0.0261703884867048	0.1
HNF1A	68	83	0.11595395481933364	0.8223177682231777	chr1	150488170.0	150488284.0	antisense	0.9415201337009156	0.0261703884867048	0.1
Dlx2	67	75	0.11521124930484151	0.7853214678532147	chr1	150488170.0	150488284.0	sense	0.9394469948978258	0.02712771846157415	0.1
NEUROG2	67	77	0.11479536405478417	0.7894210578942106	chr1	150488170.0	150488284.0	antisense	0.9394469948978258	0.02712771846157415	0.1
GBX2	70	80	0.11475386208152924	0.8851114888511149	chr1	150488170.0	150488284.0	sense	0.9415201337009156	0.0261703884867048	0.1
LBX1	71	79	0.11420488308773147	0.7296270372962703	chr1	150488170.0	150488284.0	antisense	0.9394469948978258	0.02712771846157415	0.1
SOX21	67	82	0.11299293356855354	0.6408359164083591	chr1	150488170.0	150488284.0	antisense	0.9394469948978258	0.02712771846157415	0.1
Mecom	68	82	0.11277929969134214	0.7068293170682932	chr1	150488170.0	150488284.0	sense	0.9394469948978258	0.02712771846157415	0.1
PRRX1	71	79	0.11234279173672994	0.803019698030197	chr1	150488170.0	150488284.0	sense	0.9394469948978258	0.02712771846157415	0.1
FOXL1	67	74	0.1118638718791965	0.5922407759224078	chr1	150488170.0	150488284.0	sense	0.9394469948978258	0.02712771846157415	0.1
NFKB1	61	74	0.11157945189180701	0.6686331366863314	chr1	150488170.0	150488284.0	antisense	0.9394469948978258	0.02712771846157415	0.1
POU2F2	67	80	0.11141785563552283	0.8502149785021498	chr1	150488170.0	150488284.0	antisense	0.9415201337009156	0.0261703884867048	0.1
FOXP3	74	81	0.11112221974959652	0.781921807819218	chr1	150488170.0	150488284.0	sense	0.9394469948978258	0.02712771846157415	0.1
CEBPD	65	75	0.11107366864414447	0.8889111088891111	chr1	150488170.0	150488284.0	antisense	0.9415201337009156	0.0261703884867048	0.1
LMX1A	70	78	0.11044092242445205	0.7712228777122287	chr1	150488170.0	150488284.0	sense	0.9394469948978258	0.02712771846157415	0.1
HESX1	70	80	0.11008896791999992	0.8859114088591141	chr1	150488170.0	150488284.0	antisense	0.9415201337009156	0.0261703884867048	0.1
NR1H2::RXRA	63	80	0.10987901105266648	0.6784321567843216	chr1	150488170.0	150488284.0	antisense	0.9394469948978258	0.02712771846157415	0.1
Nr2e3	65	72	0.10983289525457257	0.7246275372462754	chr1	150488170.0	150488284.0	sense	0.9394469948978258	0.02712771846157415	0.1
TFCP2	65	75	0.10942765093697951	0.9332066793320668	chr1	150488170.0	150488284.0	sense	0.9590777555907776	0.018146181718700354	0.1
IRF8	62	76	0.10868844821825673	0.6735326467353264	chr1	150488170.0	150488284.0	sense	0.9394469948978258	0.02712771846157415	0.1
POU4F2	66	82	0.10832944189467077	0.7353264673532647	chr1	150488170.0	150488284.0	antisense	0.9394469948978258	0.02712771846157415	0.1
Shox2	71	79	0.10774426625144579	0.7525247475252475	chr1	150488170.0	150488284.0	sense	0.9394469948978258	0.02712771846157415	0.1
EMX2	68	78	0.10755261381610136	0.924907509249075	chr1	150488170.0	150488284.0	antisense	0.9581377191622155	0.018572062556617953	0.1
CEBPG	65	75	0.10745751478636974	0.8648135186481352	chr1	150488170.0	150488284.0	sense	0.9415201337009156	0.0261703884867048	0.1
FOXC1	71	82	0.10650763122857779	0.7964203579642036	chr1	150488170.0	150488284.0	sense	0.9394469948978258	0.02712771846157415	0.1
Atoh1	67	77	0.10648060403416738	0.9398060193980602	chr1	150488170.0	150488284.0	antisense	0.9634829416466637	0.01615597007371339	0.1
NKX6-2	70	78	0.10587682028032466	0.8717128287171283	chr1	150488170.0	150488284.0	antisense	0.9415201337009156	0.0261703884867048	0.1
TP53	63	81	0.10553120737376094	0.932006799320068	chr1	150488170.0	150488284.0	sense	0.9590777555907776	0.018146181718700354	0.1
FOXP1	67	82	0.10515630795574316	0.851014898510149	chr1	150488170.0	150488284.0	sense	0.9415201337009156	0.0261703884867048	0.1
PAX4	62	70	0.10451913542215327	0.841015898410159	chr1	150488170.0	150488284.0	sense	0.9415201337009156	0.0261703884867048	0.1
Foxq1	68	79	0.10336012142414795	0.7110288971102889	chr1	150488170.0	150488284.0	antisense	0.9394469948978258	0.02712771846157415	0.1
Lhx4	70	78	0.10267617950960978	0.7808219178082192	chr1	150488170.0	150488284.0	sense	0.9394469948978258	0.02712771846157415	0.1
FOXB1	71	82	0.10194376028200475	0.8032196780321967	chr1	150488170.0	150488284.0	sense	0.9394469948978258	0.02712771846157415	0.1
DBP	69	81	0.10181881028549015	0.9165083491650835	chr1	150488170.0	150488284.0	sense	0.9551562915997557	0.019925559279354552	0.1
TEF	69	81	0.09877374024558934	0.8822117788221178	chr1	150488170.0	150488284.0	sense	0.9415201337009156	0.0261703884867048	0.1
ISX	71	79	0.0979082546450696	0.7182281771822818	chr1	150488170.0	150488284.0	sense	0.9394469948978258	0.02712771846157415	0.1
POU5F1B	72	81	0.09587103040715231	0.897010298970103	chr1	150488170.0	150488284.0	sense	0.9427207076863164	0.025616953154996274	0.1
SRY	74	83	0.09498157651173758	0.9144085591440856	chr1	150488170.0	150488284.0	sense	0.9548853967721941	0.020048748349301225	0.1
FOXO4	74	81	0.09253004709126218	0.7455254474552545	chr1	150488170.0	150488284.0	sense	0.9394469948978258	0.02712771846157415	0.1
MEF2A	68	80	0.09235957810608589	0.7501249875012499	chr1	150488170.0	150488284.0	sense	0.9394469948978258	0.02712771846157415	0.1
POU3F2	61	73	0.09226030736965511	0.8847115288471152	chr1	150488170.0	150488284.0	antisense	0.9415201337009156	0.0261703884867048	0.1
POU6F1	69	79	0.09128373121632731	0.846015398460154	chr1	150488170.0	150488284.0	sense	0.9415201337009156	0.0261703884867048	0.1
FOXI1	74	81	0.09122298650105164	0.7325267473252675	chr1	150488170.0	150488284.0	sense	0.9394469948978258	0.02712771846157415	0.1
GBX1	61	71	0.09085791036563622	0.9282071792820717	chr1	150488170.0	150488284.0	antisense	0.9587643621323751	0.018288117334361757	0.1
PHOX2A	63	74	0.09015845303579571	0.8176182381761824	chr1	150488170.0	150488284.0	sense	0.9415201337009156	0.0261703884867048	0.1
Sox1	67	82	0.08878978028466274	0.8346165383461653	chr1	150488170.0	150488284.0	sense	0.9415201337009156	0.0261703884867048	0.1
Nkx2-5	72	79	0.0883144777490574	0.8462153784621538	chr1	150488170.0	150488284.0	antisense	0.9415201337009156	0.0261703884867048	0.1
FOXD1	74	82	0.08690187873455135	0.8669133086691331	chr1	150488170.0	150488284.0	sense	0.9415201337009156	0.0261703884867048	0.1
Arid3b	70	81	0.08652582412060242	0.8467153284671532	chr1	150488170.0	150488284.0	antisense	0.9415201337009156	0.0261703884867048	0.1
FOXO6	74	81	0.0861659853133078	0.7510248975102489	chr1	150488170.0	150488284.0	sense	0.9394469948978258	0.02712771846157415	0.1
Phox2b	63	74	0.08583515409487771	0.7891210878912108	chr1	150488170.0	150488284.0	sense	0.9394469948978258	0.02712771846157415	0.1
IRF9	61	76	0.08533304097656053	0.7187281271872813	chr1	150488170.0	150488284.0	sense	0.9394469948978258	0.02712771846157415	0.1
EN1	67	75	0.08519105343298239	0.9059094090590941	chr1	150488170.0	150488284.0	sense	0.9498322894983229	0.022353070685160473	0.1
HNF1B	69	82	0.0848866168763884	0.8663133686631337	chr1	150488170.0	150488284.0	sense	0.9415201337009156	0.0261703884867048	0.1
FOXO3	74	82	0.08179805268005741	0.7707229277072293	chr1	150488170.0	150488284.0	sense	0.9394469948978258	0.02712771846157415	0.1
Foxj2	67	75	0.08099266292764161	0.7948205179482052	chr1	150488170.0	150488284.0	sense	0.9394469948978258	0.02712771846157415	0.1
MEF2B	67	79	0.08012965830366295	0.8431156884311569	chr1	150488170.0	150488284.0	sense	0.9415201337009156	0.0261703884867048	0.1
mix-a	68	79	0.07991536021513879	0.8574142585741426	chr1	150488170.0	150488284.0	sense	0.9415201337009156	0.0261703884867048	0.1
MEF2D	67	79	0.07989969604479709	0.7811218878112188	chr1	150488170.0	150488284.0	sense	0.9394469948978258	0.02712771846157415	0.1
SOX4	65	81	0.07945676615839144	0.785021497850215	chr1	150488170.0	150488284.0	antisense	0.9394469948978258	0.02712771846157415	0.1
LHX6	61	71	0.07779337455628274	0.9749025097490251	chr1	150488170.0	150488284.0	antisense	0.9786738927654625	0.00936199682381045	0.1
SOX8	65	81	0.07769543719821326	0.7818218178182181	chr1	150488170.0	150488284.0	antisense	0.9394469948978258	0.02712771846157415	0.1
POU3F4	63	72	0.07668333127799236	0.8673132686731326	chr1	150488170.0	150488284.0	antisense	0.9415201337009156	0.0261703884867048	0.1
OLIG1	67	77	0.07667123373373569	0.9292070792920708	chr1	150488170.0	150488284.0	antisense	0.9587643621323751	0.018288117334361757	0.1
ONECUT1	69	83	0.07598834097883508	0.9237076292370763	chr1	150488170.0	150488284.0	sense	0.9581377191622155	0.018572062556617953	0.1
LIN54	73	82	0.07526931075477018	0.8520147985201479	chr1	150488170.0	150488284.0	antisense	0.9415201337009156	0.0261703884867048	0.1
STAT1::STAT2	61	76	0.07408431490245378	0.9081091890810918	chr1	150488170.0	150488284.0	sense	0.9502190909941263	0.02217624835365449	0.1
ONECUT2	69	83	0.07315211216751921	0.945005499450055	chr1	150488170.0	150488284.0	sense	0.9638189122264245	0.016004556147496605	0.1
BHLHE23	66	78	0.07304223012843819	0.9617038296170383	chr1	150488170.0	150488284.0	antisense	0.9691733739247433	0.013598525731807417	0.1
VSX1	71	79	0.0723179515870696	0.9571042895710429	chr1	150488170.0	150488284.0	sense	0.968298491788248	0.013990744598821379	0.1
FOXG1	74	82	0.0712112679031567	0.7976202379762024	chr1	150488170.0	150488284.0	sense	0.9394469948978258	0.02712771846157415	0.1
Sox5	69	76	0.06956715437002094	0.835016498350165	chr1	150488170.0	150488284.0	antisense	0.9415201337009156	0.0261703884867048	0.1
Arid3a	73	79	0.0685409442663685	0.7107289271072893	chr1	150488170.0	150488284.0	sense	0.9394469948978258	0.02712771846157415	0.1
VSX2	71	79	0.068234392347185	0.9412058794120588	chr1	150488170.0	150488284.0	sense	0.9634829416466637	0.01615597007371339	0.1
ONECUT3	62	76	0.06653560670377136	0.8672132786721328	chr1	150488170.0	150488284.0	sense	0.9415201337009156	0.0261703884867048	0.1
TP63	62	80	0.0662532004666432	0.9563043695630437	chr1	150488170.0	150488284.0	antisense	0.968298491788248	0.013990744598821379	0.1
Lhx8	71	79	0.06236813104773783	0.9871012898710129	chr1	150488170.0	150488284.0	sense	0.9871012898710129	0.005638280587696221	0.1
Sox11	67	82	0.0593620617675623	0.861013898610139	chr1	150488170.0	150488284.0	antisense	0.9415201337009156	0.0261703884867048	0.1
PROP1	63	74	0.05316855917913489	0.8303169683031697	chr1	150488170.0	150488284.0	antisense	0.9415201337009156	0.0261703884867048	0.1
PAX7	67	77	0.03299715153198988	0.9722027797220278	chr1	150488170.0	150488284.0	sense	0.9778551214645979	0.009725485303743711	0.1
Lhx3	69	82	0.031919258305207025	0.9471052894710529	chr1	150488170.0	150488284.0	antisense	0.9638189122264245	0.016004556147496605	0.1
PAX3	67	77	0.0293295694180316	0.9819018098190181	chr1	150488170.0	150488284.0	sense	0.9837973731584371	0.007094341386688164	0.1
IRF1	62	83	0.028426796087077422	0.947005299470053	chr1	150488170.0	150488284.0	sense	0.9638189122264245	0.016004556147496605	0.1
