motif	start	end	score	pval	tile_chr	tile_start	tile_end	strand	padj	neg_log_pval	fdr_cutoff
ZBTB33	28	43	1.9879732534097931	9.999000099990002e-05	chr16	86543231.0	86543345.0	sense	0.018798120187981205	1.7258855780131828	0.05
Hes1	30	40	1.4314583783598431	0.05799420057994201	chr16	86543231.0	86543345.0	antisense	0.2795617874110025	0.5535221914767448	0.05
Gmeb1	26	43	1.4130054375780832	0.10378962103789621	chr16	86543231.0	86543345.0	antisense	0.32820501733610424	0.48385478408509375	0.05
Stat6	28	43	1.368203759999079	0.0051994800519948	chr16	86543231.0	86543345.0	antisense	0.10504831869754201	0.9786108941026089	0.05
TFE3	30	40	1.3162147828591444	0.0081991800819918	chr16	86543231.0	86543345.0	antisense	0.10504831869754201	0.9786108941026089	0.05
THAP1	32	41	1.2730356850995246	0.020897910208979104	chr16	86543231.0	86543345.0	antisense	0.14551137478844708	0.8371030560611161	0.05
E2F4	31	42	1.2572536325745525	0.0010998900109989002	chr16	86543231.0	86543345.0	sense	0.10025664100256643	0.9988868500769204	0.05
Tcfl5	30	40	1.2155658288587772	0.07529247075292471	chr16	86543231.0	86543345.0	sense	0.2849205275550877	0.5452762601927942	0.05
PPARG	26	46	1.202421752618699	0.008099190080991902	chr16	86543231.0	86543345.0	sense	0.10504831869754201	0.9786108941026089	0.05
STAT3	30	41	1.1676842672258076	0.0052994700529947	chr16	86543231.0	86543345.0	sense	0.10504831869754201	0.9786108941026089	0.05
E2F6	31	42	1.1183643842579285	0.0021997800219978004	chr16	86543231.0	86543345.0	sense	0.10338966103389662	0.985522888518939	0.05
Gabpa	26	37	1.107656457313249	0.0053994600539946005	chr16	86543231.0	86543345.0	antisense	0.10504831869754201	0.9786108941026089	0.05
TFEB	30	40	1.0965952848738085	0.009499050094990502	chr16	86543231.0	86543345.0	antisense	0.10504831869754201	0.9786108941026089	0.05
E2F8	29	41	1.0884944793689477	0.0015998400159984002	chr16	86543231.0	86543345.0	antisense	0.10025664100256643	0.9988868500769204	0.05
Arid5a	31	45	1.0237404949451903	0.10068993100689931	chr16	86543231.0	86543345.0	antisense	0.32820501733610424	0.48385478408509375	0.05
Arntl	29	39	1.0096660725070743	0.0202979702029797	chr16	86543231.0	86543345.0	sense	0.14551137478844708	0.8371030560611161	0.05
MLXIPL	30	40	1.0027871121213567	0.0110988901109889	chr16	86543231.0	86543345.0	sense	0.11179934638115137	0.951560735482592	0.05
ELF1	28	40	0.9946084184656881	0.007699230076992301	chr16	86543231.0	86543345.0	antisense	0.10504831869754201	0.9786108941026089	0.05
ELK4	33	44	0.9910852558502654	0.012698730126987301	chr16	86543231.0	86543345.0	antisense	0.11936806319368062	0.9231118527212072	0.05
ELF4	28	40	0.9885328462345397	0.007999200079992	chr16	86543231.0	86543345.0	antisense	0.10504831869754201	0.9786108941026089	0.05
ETV5	33	43	0.982798357875446	0.039696030396960305	chr16	86543231.0	86543345.0	sense	0.2244716704800108	0.6488384614782439	0.05
E2F7	28	42	0.9733917812408083	0.0034996500349965005	chr16	86543231.0	86543345.0	antisense	0.10504831869754201	0.9786108941026089	0.05
TBP	32	47	0.9686321029092749	0.1454854514548545	chr16	86543231.0	86543345.0	antisense	0.3376699367100327	0.4715076035699065	0.05
BHLHE40	30	40	0.9635612000931528	0.0112988701129887	chr16	86543231.0	86543345.0	antisense	0.11179934638115137	0.951560735482592	0.05
ETV4	33	43	0.9606402783786979	0.030296970302969704	chr16	86543231.0	86543345.0	sense	0.18373646506317112	0.7358046433451504	0.05
STAT1	30	41	0.958868945481989	0.0091990800919908	chr16	86543231.0	86543345.0	sense	0.10504831869754201	0.9786108941026089	0.05
LBX2	36	46	0.9562956577711439	0.13738626137386262	chr16	86543231.0	86543345.0	sense	0.3376699367100327	0.4715076035699065	0.05
MLX	30	40	0.9517341178863507	0.0071992800719928	chr16	86543231.0	86543345.0	antisense	0.10504831869754201	0.9786108941026089	0.05
NFIX	29	38	0.9434491774185352	0.0694930506949305	chr16	86543231.0	86543345.0	antisense	0.28157184281571845	0.5504107768067881	0.05
ELK3	33	43	0.9372850872093492	0.025997400259974	chr16	86543231.0	86543345.0	sense	0.16853487065086595	0.7733102279413209	0.05
Bcl6	30	44	0.9301801711489669	0.052894710528947106	chr16	86543231.0	86543345.0	sense	0.2687623129578934	0.5706316300449921	0.05
ELF3	27	40	0.9265676920978829	0.0136986301369863	chr16	86543231.0	86543345.0	antisense	0.12133332121333322	0.9160199144523326	0.05
Srebf1(var.2)	30	40	0.9180314189296871	0.008799120087991202	chr16	86543231.0	86543345.0	antisense	0.10504831869754201	0.9786108941026089	0.05
SREBF2(var.2)	30	40	0.9091355071119374	0.007099290070992901	chr16	86543231.0	86543345.0	antisense	0.10504831869754201	0.9786108941026089	0.05
ETV3	33	43	0.9070948375075202	0.034396560343965606	chr16	86543231.0	86543345.0	sense	0.20207979202079793	0.6944771137615586	0.05
NRL	32	43	0.8975998122188208	0.17448255174482552	chr16	86543231.0	86543345.0	antisense	0.38309272521023763	0.4166960950308835	0.05
FOSL1	25	36	0.8682447729396925	0.019598040195980403	chr16	86543231.0	86543345.0	sense	0.14551137478844708	0.8371030560611161	0.05
E2F1	29	41	0.8591277984111476	0.06259374062593741	chr16	86543231.0	86543345.0	antisense	0.28157184281571845	0.5504107768067881	0.05
ERF	33	43	0.8548575517743556	0.026997300269973004	chr16	86543231.0	86543345.0	sense	0.16918308169183083	0.7716430685738579	0.05
REL	35	45	0.8466729535521822	0.05219478052194781	chr16	86543231.0	86543345.0	sense	0.2687623129578934	0.5706316300449921	0.05
XBP1	29	43	0.8453884729479993	0.04989501049895011	chr16	86543231.0	86543345.0	antisense	0.26800748496578913	0.5718530767400685	0.05
RARA(var.2)	25	42	0.836490079354464	0.0160983901609839	chr16	86543231.0	86543345.0	antisense	0.12610405626104057	0.8992709436929391	0.05
ELK1	33	43	0.8348335196416912	0.0217978202179782	chr16	86543231.0	86543345.0	sense	0.14635679289213935	0.8345871157507972	0.05
HSF4	32	45	0.833239705785051	0.07679232076792321	chr16	86543231.0	86543345.0	sense	0.2849205275550877	0.5452762601927942	0.05
RELA	35	45	0.8257328169914089	0.014198580141985802	chr16	86543231.0	86543345.0	sense	0.12133332121333322	0.9160199144523326	0.05
MIXL1	36	46	0.8237505907015377	0.22447755224477553	chr16	86543231.0	86543345.0	antisense	0.42093045597401046	0.3757896502012899	0.05
MAFK	28	43	0.8147859545186503	0.11858814118588142	chr16	86543231.0	86543345.0	sense	0.32820501733610424	0.48385478408509375	0.05
NR2F1	32	45	0.8119031213465451	0.08649135086491351	chr16	86543231.0	86543345.0	antisense	0.30679950872837247	0.5131453401491576	0.05
MAFF	27	45	0.8014698726741611	0.21377862213778623	chr16	86543231.0	86543345.0	sense	0.4101059281826919	0.38710395283291843	0.05
NFATC3	33	43	0.800260851746796	0.12438756124387561	chr16	86543231.0	86543345.0	antisense	0.32820501733610424	0.48385478408509375	0.05
HIC2	32	41	0.7827703364759161	0.11538846115388461	chr16	86543231.0	86543345.0	antisense	0.32820501733610424	0.48385478408509375	0.05
Rarg(var.2)	26	43	0.7795562471426228	0.015198480151984802	chr16	86543231.0	86543345.0	antisense	0.12423105515535404	0.9057698260860031	0.05
TEAD4	34	44	0.7739979671944687	0.10588941105889411	chr16	86543231.0	86543345.0	antisense	0.32820501733610424	0.48385478408509375	0.05
USF1	29	40	0.7646054050122195	0.0565943405659434	chr16	86543231.0	86543345.0	antisense	0.2795617874110025	0.5535221914767448	0.05
ZNF263	25	46	0.7562719081384157	0.14378562143785623	chr16	86543231.0	86543345.0	sense	0.3376699367100327	0.4715076035699065	0.05
E2F3	26	44	0.7369886704782727	0.0405959404059594	chr16	86543231.0	86543345.0	antisense	0.2244716704800108	0.6488384614782439	0.05
USF2	29	40	0.7328374316973346	0.06679332066793321	chr16	86543231.0	86543345.0	antisense	0.28157184281571845	0.5504107768067881	0.05
ETV6	28	38	0.7292312508089016	0.060993900609939006	chr16	86543231.0	86543345.0	antisense	0.28157184281571845	0.5504107768067881	0.05
TEAD1	34	44	0.7239366083682217	0.14138586141385862	chr16	86543231.0	86543345.0	antisense	0.3376699367100327	0.4715076035699065	0.05
Gfi1	34	44	0.6922038474801336	0.1867813218678132	chr16	86543231.0	86543345.0	antisense	0.3949717387811781	0.4034339781215966	0.05
HINFP	31	43	0.6881115075348564	0.1347865213478652	chr16	86543231.0	86543345.0	antisense	0.3376699367100327	0.4715076035699065	0.05
HLF	29	41	0.6865052456666046	0.15428457154284572	chr16	86543231.0	86543345.0	sense	0.34530356488160713	0.4617989380119162	0.05
CENPB	32	47	0.6830374956124929	0.22677732226777322	chr16	86543231.0	86543345.0	sense	0.42093045597401046	0.3757896502012899	0.05
NFKB2	34	47	0.68028668223031	0.06989301069893011	chr16	86543231.0	86543345.0	sense	0.28157184281571845	0.5504107768067881	0.05
JUND	25	36	0.6681037165461232	0.06509349065093491	chr16	86543231.0	86543345.0	sense	0.28157184281571845	0.5504107768067881	0.05
MNX1	36	46	0.6522211151915156	0.253974602539746	chr16	86543231.0	86543345.0	sense	0.4504455214855873	0.346357726658015	0.05
HEY1	25	35	0.6480443461543688	0.11688831116888311	chr16	86543231.0	86543345.0	antisense	0.32820501733610424	0.48385478408509375	0.05
TP53	25	43	0.639014032600931	0.12198780121987801	chr16	86543231.0	86543345.0	antisense	0.32820501733610424	0.48385478408509375	0.05
HSF2	32	45	0.6336779856582171	0.09769023097690231	chr16	86543231.0	86543345.0	sense	0.3279600611367435	0.4841790413006102	0.05
MYBL1	26	38	0.6300497433024611	0.11158884111588842	chr16	86543231.0	86543345.0	antisense	0.32820501733610424	0.48385478408509375	0.05
EGR1	32	46	0.6273339078060488	0.14998500149985	chr16	86543231.0	86543345.0	antisense	0.3438680522191683	0.46360817134121834	0.05
NFAT5	33	43	0.6271915447309807	0.196980301969803	chr16	86543231.0	86543345.0	antisense	0.40042017303645977	0.3974840510285709	0.05
SREBF1	30	40	0.6236439700464831	0.07579242075792421	chr16	86543231.0	86543345.0	antisense	0.2849205275550877	0.5452762601927942	0.05
ZEB1	29	38	0.6192840094652872	0.0683931606839316	chr16	86543231.0	86543345.0	sense	0.28157184281571845	0.5504107768067881	0.05
SREBF2	30	40	0.6173719732443186	0.09669033096690331	chr16	86543231.0	86543345.0	sense	0.3279600611367435	0.4841790413006102	0.05
JUN	30	43	0.6158532474559516	0.15348465153484653	chr16	86543231.0	86543345.0	antisense	0.34530356488160713	0.4617989380119162	0.05
CEBPB	30	40	0.614913721330565	0.11728827117288271	chr16	86543231.0	86543345.0	antisense	0.32820501733610424	0.48385478408509375	0.05
MNT	30	40	0.6129435536482785	0.17678232176782321	chr16	86543231.0	86543345.0	antisense	0.38309272521023763	0.4166960950308835	0.05
MZF1(var.2)	30	40	0.6106997644490466	0.21297870212978703	chr16	86543231.0	86543345.0	sense	0.4101059281826919	0.38710395283291843	0.05
CEBPD	30	40	0.6080125904109464	0.11048895110488952	chr16	86543231.0	86543345.0	antisense	0.32820501733610424	0.48385478408509375	0.05
JUND(var.2)	29	44	0.5981562941617026	0.23917608239176083	chr16	86543231.0	86543345.0	antisense	0.43655440281214597	0.3599616274019818	0.05
KLF5	26	36	0.5966635845035895	0.07039296070392961	chr16	86543231.0	86543345.0	sense	0.28157184281571845	0.5504107768067881	0.05
FOS	25	36	0.5896463007003753	0.14528547145285473	chr16	86543231.0	86543345.0	sense	0.3376699367100327	0.4715076035699065	0.05
HSF1	32	45	0.5894775337915498	0.09169083091690831	chr16	86543231.0	86543345.0	sense	0.31921992985886594	0.49591000216613024	0.05
HLTF	37	47	0.5886401094330698	0.40915908409159085	chr16	86543231.0	86543345.0	sense	0.610491331819199	0.21432049809062317	0.05
ATF7	28	42	0.5851860655570001	0.14178582141785823	chr16	86543231.0	86543345.0	antisense	0.3376699367100327	0.4715076035699065	0.05
MAX	30	40	0.5846173799477099	0.20137986201379862	chr16	86543231.0	86543345.0	antisense	0.40275972402759724	0.39495396539528227	0.05
YY1	26	38	0.5760512862225473	0.19808019198080193	chr16	86543231.0	86543345.0	sense	0.40042017303645977	0.3974840510285709	0.05
PLAG1	26	40	0.5759403121577105	0.07729227077292271	chr16	86543231.0	86543345.0	sense	0.2849205275550877	0.5452762601927942	0.05
ZNF410	27	44	0.5691634036672758	0.0816918308169183	chr16	86543231.0	86543345.0	sense	0.29534738833808927	0.5296668651155665	0.05
KLF16	35	46	0.5596483609020724	0.12918708129187081	chr16	86543231.0	86543345.0	antisense	0.32820501733610424	0.48385478408509375	0.05
HMBOX1	25	35	0.5592480379449791	0.36846315368463156	chr16	86543231.0	86543345.0	antisense	0.5838292203837468	0.23371417256512603	0.05
Crem	29	39	0.5520766784709449	0.194980501949805	chr16	86543231.0	86543345.0	sense	0.40042017303645977	0.3974840510285709	0.05
TCF3	32	42	0.5414547070431553	0.24187581241875813	chr16	86543231.0	86543345.0	antisense	0.4372370455262166	0.35928304895008345	0.05
CEBPG	30	40	0.5395703522749327	0.12198780121987801	chr16	86543231.0	86543345.0	sense	0.32820501733610424	0.48385478408509375	0.05
Npas2	30	40	0.5393518799184955	0.24707529247075294	chr16	86543231.0	86543345.0	antisense	0.44238242842382436	0.3542021316810414	0.05
SP1	26	37	0.5354236512750081	0.12438756124387561	chr16	86543231.0	86543345.0	sense	0.32820501733610424	0.48385478408509375	0.05
Creb3l2	31	40	0.5292155642568314	0.1284871512848715	chr16	86543231.0	86543345.0	antisense	0.32820501733610424	0.48385478408509375	0.05
Zfx	29	43	0.5257463886284702	0.36976302369763026	chr16	86543231.0	86543345.0	sense	0.5838292203837468	0.23371417256512603	0.05
REST	26	47	0.5233369260634163	0.1284871512848715	chr16	86543231.0	86543345.0	sense	0.32820501733610424	0.48385478408509375	0.05
TCF7L2	26	40	0.5231830230576792	0.36826317368263173	chr16	86543231.0	86543345.0	sense	0.5838292203837468	0.23371417256512603	0.05
CREB3	28	42	0.5100294710958911	0.31186881311868814	chr16	86543231.0	86543345.0	antisense	0.5379021730854437	0.2692967011966627	0.05
Rfx1	27	41	0.5074633957890147	0.38716128387161286	chr16	86543231.0	86543345.0	sense	0.5916859926910535	0.2279087118941692	0.05
NFKB1	34	47	0.49736690046641757	0.1095890410958904	chr16	86543231.0	86543345.0	antisense	0.32820501733610424	0.48385478408509375	0.05
SP3	26	37	0.4925315910868711	0.37576242375762425	chr16	86543231.0	86543345.0	sense	0.5838292203837468	0.23371417256512603	0.05
Creb5	29	41	0.49224593719610604	0.19018098190180982	chr16	86543231.0	86543345.0	sense	0.3972669399726694	0.40091757485111257	0.05
Nfe2l2	32	47	0.4896636047216519	0.41455854414558546	chr16	86543231.0	86543345.0	sense	0.6136772149556698	0.2120600012112976	0.05
ATF4	29	42	0.4868551474762177	0.2735726427357264	chr16	86543231.0	86543345.0	antisense	0.4806696900403417	0.3181532626503139	0.05
MTF1	30	44	0.4838077163674771	0.1772822717728227	chr16	86543231.0	86543345.0	antisense	0.38309272521023763	0.4166960950308835	0.05
ZBTB7A	32	44	0.47378521313963556	0.4036596340365963	chr16	86543231.0	86543345.0	sense	0.6071040895910409	0.21673684161092485	0.05
TBX2	30	41	0.4687794389508116	0.5546445355464453	chr16	86543231.0	86543345.0	sense	0.7276817145871619	0.1380585380284854	0.05
ZBTB18	31	44	0.4621070906419618	0.33786621337866213	chr16	86543231.0	86543345.0	sense	0.5671325724570401	0.24631540890846806	0.05
JDP2(var.2)	29	41	0.4616316495438537	0.2096790320967903	chr16	86543231.0	86543345.0	sense	0.4101059281826919	0.38710395283291843	0.05
RUNX1	26	37	0.46057081060015137	0.49765023497650235	chr16	86543231.0	86543345.0	sense	0.6930240309302403	0.15925170576416578	0.05
NFIA	28	38	0.4550675722086498	0.3364663533646635	chr16	86543231.0	86543345.0	antisense	0.5671325724570401	0.24631540890846806	0.05
NFE2	25	36	0.45339869773209074	0.18698130186981302	chr16	86543231.0	86543345.0	antisense	0.3949717387811781	0.4034339781215966	0.05
IRF2	28	46	0.4470562464851093	0.2283771622837716	chr16	86543231.0	86543345.0	antisense	0.42093045597401046	0.3757896502012899	0.05
IRF1	25	46	0.44420877560134525	0.28787121287871215	chr16	86543231.0	86543345.0	sense	0.5011091483444248	0.30006766862205053	0.05
Gata4	35	46	0.43819196238217173	0.3233676632336766	chr16	86543231.0	86543345.0	antisense	0.5526647335266472	0.25753824760102556	0.05
ONECUT2	29	43	0.43749895137292816	0.3902609739026097	chr16	86543231.0	86543345.0	antisense	0.5916859926910535	0.2279087118941692	0.05
SOX9	25	34	0.43608674046585144	0.5612438756124387	chr16	86543231.0	86543345.0	antisense	0.7276817145871619	0.1380585380284854	0.05
Nkx3-1	36	45	0.4355790581250018	0.37376262373762625	chr16	86543231.0	86543345.0	sense	0.5838292203837468	0.23371417256512603	0.05
IRF9	29	44	0.4315262191099247	0.12908709129087093	chr16	86543231.0	86543345.0	antisense	0.32820501733610424	0.48385478408509375	0.05
mix-a	35	46	0.42837860193677	0.36026397360263973	chr16	86543231.0	86543345.0	sense	0.5838292203837468	0.23371417256512603	0.05
ONECUT1	29	43	0.4251579292980338	0.3731626837316268	chr16	86543231.0	86543345.0	antisense	0.5838292203837468	0.23371417256512603	0.05
ZNF740	30	40	0.4085664149905371	0.21877812218778123	chr16	86543231.0	86543345.0	antisense	0.4154574441545745	0.38147345494933954	0.05
DBP	29	41	0.390953897487591	0.47935206479352066	chr16	86543231.0	86543345.0	sense	0.6725237923968798	0.1722923466803554	0.05
Foxj3	30	47	0.3878146154669025	0.6431356864313569	chr16	86543231.0	86543345.0	sense	0.7718005269536741	0.11249492924610084	0.05
HNF4G	28	43	0.38739160015203505	0.6997300269973002	chr16	86543231.0	86543345.0	antisense	0.8021295431432466	0.09575548791399309	0.05
NFYA	25	43	0.3864793660929489	0.6117388261173883	chr16	86543231.0	86543345.0	antisense	0.7667126620671266	0.11536736442020418	0.05
TEF	29	41	0.3858303924674079	0.42855714428557146	chr16	86543231.0	86543345.0	sense	0.6245639001991273	0.20442312160662193	0.05
KLF13	28	46	0.3835043230841781	0.3641635836416358	chr16	86543231.0	86543345.0	sense	0.5838292203837468	0.23371417256512603	0.05
RFX3	26	42	0.3821789033999732	0.5584441555844416	chr16	86543231.0	86543345.0	antisense	0.7276817145871619	0.1380585380284854	0.05
ZBTB7B	30	42	0.3795102183114119	0.46625337466253375	chr16	86543231.0	86543345.0	antisense	0.6590649205756116	0.18107180352577654	0.05
CTCF	25	44	0.3759012843467951	0.5238476152384761	chr16	86543231.0	86543345.0	antisense	0.7136474758321268	0.14651626596647316	0.05
Myc	33	43	0.374404180568971	0.42175782421757824	chr16	86543231.0	86543345.0	sense	0.6194568043195681	0.20798897225758356	0.05
POU2F1	30	42	0.37264668036185095	0.6731326867313269	chr16	86543231.0	86543345.0	sense	0.7811663278116633	0.10725648525202751	0.05
NFYB	30	45	0.36847012731792567	0.6671332866713329	chr16	86543231.0	86543345.0	antisense	0.7790127819516185	0.10845541641535023	0.05
NRF1	27	38	0.3669892890700279	0.4403559644035596	chr16	86543231.0	86543345.0	sense	0.6368224715989939	0.19598162002030547	0.05
JUN(var.2)	31	45	0.35969608178936585	0.7121287871212879	chr16	86543231.0	86543345.0	sense	0.8022407340104313	0.09569529036381243	0.05
GRHL1	30	42	0.3595373046653165	0.5467453254674532	chr16	86543231.0	86543345.0	antisense	0.7276817145871619	0.1380585380284854	0.05
MYBL2	25	40	0.35186472962505183	0.6317368263173683	chr16	86543231.0	86543345.0	antisense	0.7718005269536741	0.11249492924610084	0.05
SOX4	30	46	0.3460166731668064	0.20837916208379162	chr16	86543231.0	86543345.0	antisense	0.4101059281826919	0.38710395283291843	0.05
Esrra	30	41	0.34256853321544317	0.36796320367963203	chr16	86543231.0	86543345.0	sense	0.5838292203837468	0.23371417256512603	0.05
FOXA1	32	47	0.33825674452116217	0.7179282071792821	chr16	86543231.0	86543345.0	antisense	0.8024238996218721	0.09559614464451206	0.05
FOXH1	25	36	0.3382312414885652	0.5037496250374962	chr16	86543231.0	86543345.0	antisense	0.696359775787127	0.15716632322130616	0.05
RORA	30	40	0.3372830713390471	0.5501449855014499	chr16	86543231.0	86543345.0	sense	0.7276817145871619	0.1380585380284854	0.05
TBX19	27	47	0.33618489635789744	0.6223377662233777	chr16	86543231.0	86543345.0	sense	0.7709702713939133	0.11296236801713429	0.05
JUNB	26	37	0.3294494438169277	0.5922407759224078	chr16	86543231.0	86543345.0	antisense	0.7523058504960315	0.12360556076719666	0.05
FOSL2	26	37	0.3270502096079848	0.5822417758224178	chr16	86543231.0	86543345.0	antisense	0.7446357405075819	0.1280561226533337	0.05
RORA(var.2)	30	44	0.32584345345134086	0.5368463153684632	chr16	86543231.0	86543345.0	antisense	0.7209079092090791	0.14212020972818304	0.05
FOXP1	30	45	0.32557335791290953	0.6426357364263574	chr16	86543231.0	86543345.0	antisense	0.7718005269536741	0.11249492924610084	0.05
TFCP2	31	41	0.32459198267807154	0.6647335266473353	chr16	86543231.0	86543345.0	antisense	0.7790127819516185	0.10845541641535023	0.05
JDP2	26	35	0.31545135831574567	0.38376162383761625	chr16	86543231.0	86543345.0	sense	0.5913703711596053	0.22814043828847833	0.05
RFX2	29	45	0.31141598035651796	0.5329467053294671	chr16	86543231.0	86543345.0	sense	0.7208200043305022	0.14217316924070564	0.05
SP4	27	44	0.30397262569440975	0.4597540245975402	chr16	86543231.0	86543345.0	sense	0.6548011865480118	0.18389054228577248	0.05
Tcf12	31	42	0.30226179202634207	0.6545345465453455	chr16	86543231.0	86543345.0	antisense	0.7788132579147148	0.10856666399561997	0.05
Arid3b	36	47	0.301352103055054	0.7126287371262874	chr16	86543231.0	86543345.0	antisense	0.8022407340104313	0.09569529036381243	0.05
Foxa2	31	43	0.29277880112896504	0.6996300369963003	chr16	86543231.0	86543345.0	antisense	0.8021295431432466	0.09575548791399309	0.05
CLOCK	30	40	0.2852376522313517	0.7530246975302469	chr16	86543231.0	86543345.0	sense	0.8242757119636874	0.08392749685113031	0.05
RFX5	29	45	0.2759479677093332	0.6014398560143985	chr16	86543231.0	86543345.0	sense	0.7588637109443418	0.11983621474959331	0.05
PROX1	32	44	0.269912439529596	0.6233376662333766	chr16	86543231.0	86543345.0	antisense	0.7709702713939133	0.11296236801713429	0.05
Foxk1	30	47	0.26933027318353236	0.7694230576942306	chr16	86543231.0	86543345.0	sense	0.8313306600374446	0.08022620212828498	0.05
ZNF143	31	47	0.2625219909616962	0.5665433456654334	chr16	86543231.0	86543345.0	sense	0.729521568391106	0.13696186361320153	0.05
PKNOX1	31	43	0.2613516394880668	0.44735526447355267	chr16	86543231.0	86543345.0	sense	0.6420060284047931	0.19246089390833615	0.05
LIN54	38	47	0.25938351969791695	0.6354364563543645	chr16	86543231.0	86543345.0	antisense	0.7718005269536741	0.11249492924610084	0.05
NR2C2	26	41	0.25876587186464656	0.7541245875412459	chr16	86543231.0	86543345.0	sense	0.8242757119636874	0.08392749685113031	0.05
Tcf7	26	38	0.24365355825000692	0.6445355464453555	chr16	86543231.0	86543345.0	sense	0.7718005269536741	0.11249492924610084	0.05
Nr2f6	27	41	0.2241286813961237	0.7952204779522047	chr16	86543231.0	86543345.0	sense	0.840529430203047	0.07544707562008522	0.05
HNF1A	25	40	0.21928560071780911	0.8500149985001499	chr16	86543231.0	86543345.0	antisense	0.8828885067294375	0.05409413670487784	0.05
TGIF2	31	43	0.2167866899670859	0.7595240475952405	chr16	86543231.0	86543345.0	sense	0.8253787338029203	0.08334672507699831	0.05
Foxo1	35	46	0.21582061318946819	0.825917408259174	chr16	86543231.0	86543345.0	antisense	0.8626248486262484	0.06417803579610669	0.05
GATA2	33	47	0.19986727574379687	0.9194080591940806	chr16	86543231.0	86543345.0	antisense	0.9292941673574578	0.03184678865700283	0.05
TFAP4	32	42	0.19366615049853145	0.8683131686831317	chr16	86543231.0	86543345.0	antisense	0.8969388775408174	0.04723715121587516	0.05
RXRB	27	41	0.1926966192195014	0.6621337866213378	chr16	86543231.0	86543345.0	sense	0.7790127819516185	0.10845541641535023	0.05
SRY	36	45	0.18908221837181108	0.9299070092990701	chr16	86543231.0	86543345.0	sense	0.9348797740546801	0.02924423599574664	0.05
NR3C1	29	46	0.18851569616774694	0.7941205879412059	chr16	86543231.0	86543345.0	sense	0.840529430203047	0.07544707562008522	0.05
TGIF1	31	43	0.17526296219192913	0.7074292570742926	chr16	86543231.0	86543345.0	sense	0.8022407340104313	0.09569529036381243	0.05
Rxra	27	41	0.1711929846522704	0.7368263173682632	chr16	86543231.0	86543345.0	sense	0.814843221560197	0.08892594286866547	0.05
Sox6	35	45	0.16603133470647674	0.8243175682431757	chr16	86543231.0	86543345.0	antisense	0.8626248486262484	0.06417803579610669	0.05
HNF1B	33	46	0.15923019902681848	0.8987101289871013	chr16	86543231.0	86543345.0	antisense	0.9182473057042123	0.03704033727562792	0.05
RREB1	25	45	0.15229527219088068	0.5214478552144786	chr16	86543231.0	86543345.0	antisense	0.7136474758321268	0.14651626596647316	0.05
Rarg	27	43	0.1392215094023967	0.7958204179582041	chr16	86543231.0	86543345.0	antisense	0.840529430203047	0.07544707562008522	0.05
Nr2f6(var.2)	28	43	0.13611851781432194	0.7945205479452054	chr16	86543231.0	86543345.0	antisense	0.840529430203047	0.07544707562008522	0.05
Foxq1	25	36	0.13269028920818687	0.8881111888811118	chr16	86543231.0	86543345.0	sense	0.9123765219106503	0.03982589890595521	0.05
RARA	28	46	0.11732049328557141	0.7213278672132787	chr16	86543231.0	86543345.0	antisense	0.8024238996218721	0.09559614464451206	0.05
Hnf4a	27	43	0.11688627294080314	0.907009299070093	chr16	86543231.0	86543345.0	sense	0.9217175579739323	0.035402139472705416	0.05
MAFG	25	46	0.05773838894475991	0.9767023297670233	chr16	86543231.0	86543345.0	sense	0.9767023297670233	0.010237776340036602	0.05
