motif	start	end	score	pval	tile_chr	tile_start	tile_end	strand	padj	neg_log_pval	fdr_cutoff
CREB1	20	28	6.794534161052511	9.999000099990002e-05	chr1	173837092.0	173837206.0	antisense	0.002256296109519483	2.6466039054459976	0.05
Gmeb1	15	32	6.216823393638294	0.001999800019998	chr1	173837092.0	173837206.0	antisense	0.020562094733922835	1.6869326442952746	0.05
Creb5	18	30	6.029732022660905	9.999000099990002e-05	chr1	173837092.0	173837206.0	antisense	0.002256296109519483	2.6466039054459976	0.05
Atf3	22	30	6.001356319713136	9.999000099990002e-05	chr1	173837092.0	173837206.0	antisense	0.002256296109519483	2.6466039054459976	0.05
Crem	20	30	5.974204067282944	9.999000099990002e-05	chr1	173837092.0	173837206.0	antisense	0.002256296109519483	2.6466039054459976	0.05
CREB3	17	31	5.873253507616584	9.999000099990002e-05	chr1	173837092.0	173837206.0	sense	0.002256296109519483	2.6466039054459976	0.05
ATF7	17	31	5.870249406380099	9.999000099990002e-05	chr1	173837092.0	173837206.0	antisense	0.002256296109519483	2.6466039054459976	0.05
JDP2(var.2)	18	30	5.77924030572782	9.999000099990002e-05	chr1	173837092.0	173837206.0	antisense	0.002256296109519483	2.6466039054459976	0.05
Atf1	21	29	5.665637978332055	9.999000099990002e-05	chr1	173837092.0	173837206.0	antisense	0.002256296109519483	2.6466039054459976	0.05
BATF3	17	31	5.504062463468631	9.999000099990002e-05	chr1	173837092.0	173837206.0	antisense	0.002256296109519483	2.6466039054459976	0.05
NRL	24	35	5.477380981373333	0.00019998000199980003	chr1	173837092.0	173837206.0	antisense	0.003991908501457547	2.3988194217352414	0.05
XBP1	16	30	5.238420924349774	9.999000099990002e-05	chr1	173837092.0	173837206.0	sense	0.002256296109519483	2.6466039054459976	0.05
JUND(var.2)	18	33	5.206343397440268	9.999000099990002e-05	chr1	173837092.0	173837206.0	antisense	0.002256296109519483	2.6466039054459976	0.05
JUN	19	32	5.140974005748216	9.999000099990002e-05	chr1	173837092.0	173837206.0	antisense	0.002256296109519483	2.6466039054459976	0.05
HLF	18	30	4.836260874022202	9.999000099990002e-05	chr1	173837092.0	173837206.0	antisense	0.002256296109519483	2.6466039054459976	0.05
GMEB2	20	28	4.76049928844209	9.999000099990002e-05	chr1	173837092.0	173837206.0	sense	0.002256296109519483	2.6466039054459976	0.05
CREB3L1	17	31	4.627143783954492	9.999000099990002e-05	chr1	173837092.0	173837206.0	sense	0.002256296109519483	2.6466039054459976	0.05
GSX1	23	33	4.590780468280808	0.0016998300169983002	chr1	173837092.0	173837206.0	sense	0.019178516930915605	1.717184979731705	0.05
TFE3	19	29	4.541543135355265	0.00029997000299970003	chr1	173837092.0	173837206.0	antisense	0.005189481051894811	2.284876069428405	0.05
DBP	18	30	4.497197684406032	9.999000099990002e-05	chr1	173837092.0	173837206.0	antisense	0.002256296109519483	2.6466039054459976	0.05
Mitf	20	30	4.139550086546984	0.0011998800119988001	chr1	173837092.0	173837206.0	antisense	0.015967634005830185	1.7967594304072791	0.05
TFEC	19	29	4.133741714788856	0.00019998000199980003	chr1	173837092.0	173837206.0	antisense	0.003991908501457547	2.3988194217352414	0.05
HOXA10	23	34	4.071074992341929	0.0004999500049995	chr1	173837092.0	173837206.0	sense	0.007631589782198251	2.117384982134641	0.05
TFEB	19	29	4.063745798790298	9.999000099990002e-05	chr1	173837092.0	173837206.0	antisense	0.002256296109519483	2.6466039054459976	0.05
MEOX2	23	33	4.058076500233604	0.0020997900209979003	chr1	173837092.0	173837206.0	sense	0.020562094733922835	1.6869326442952746	0.05
BHLHE40	19	29	4.044610538253576	9.999000099990002e-05	chr1	173837092.0	173837206.0	antisense	0.002256296109519483	2.6466039054459976	0.05
Hes2	15	28	4.038510967847485	0.010198980101989802	chr1	173837092.0	173837206.0	antisense	0.05753555079274682	1.2400637250120425	0.05
FOXC2	21	33	3.9438599338339406	9.999000099990002e-05	chr1	173837092.0	173837206.0	sense	0.002256296109519483	2.6466039054459976	0.05
Foxj3	19	36	3.873984245919018	0.0014998500149985001	chr1	173837092.0	173837206.0	sense	0.01769141267691413	1.752237486858911	0.05
GSX2	23	33	3.8457662276692606	0.007999200079992	chr1	173837092.0	173837206.0	sense	0.048274242343207534	1.316284533680029	0.05
Srebf1(var.2)	19	29	3.836920217763173	9.999000099990002e-05	chr1	173837092.0	173837206.0	antisense	0.002256296109519483	2.6466039054459976	0.05
MAFF	19	37	3.815889349815805	0.007399260073992601	chr1	173837092.0	173837206.0	sense	0.045716856885739995	1.3399236357593103	0.05
MAFG::NFE2L1	24	30	3.8134479814672315	0.0004999500049995	chr1	173837092.0	173837206.0	antisense	0.007631589782198251	2.117384982134641	0.05
SREBF2(var.2)	19	29	3.793895868111588	9.999000099990002e-05	chr1	173837092.0	173837206.0	antisense	0.002256296109519483	2.6466039054459976	0.05
TEF	18	30	3.7522518934043956	0.00029997000299970003	chr1	173837092.0	173837206.0	antisense	0.005189481051894811	2.284876069428405	0.05
Hoxd3	19	35	3.7177827231183525	0.008099190080991902	chr1	173837092.0	173837206.0	sense	0.04831585806936548	1.3159103031683737	0.05
DUXA	19	32	3.7162825909472827	0.0004999500049995	chr1	173837092.0	173837206.0	sense	0.007631589782198251	2.117384982134641	0.05
ATF4	18	31	3.712822115187756	9.999000099990002e-05	chr1	173837092.0	173837206.0	antisense	0.002256296109519483	2.6466039054459976	0.05
Mafb	23	35	3.666128526735263	0.0023997600239976003	chr1	173837092.0	173837206.0	antisense	0.022645008226450086	1.6450275172110425	0.05
MLXIPL	19	29	3.659087172244226	0.00029997000299970003	chr1	173837092.0	173837206.0	antisense	0.005189481051894811	2.284876069428405	0.05
HOXB2	23	33	3.622075885892487	0.0059994000599940004	chr1	173837092.0	173837206.0	sense	0.03991908501457546	1.3988194217352417	0.05
NFIL3	17	28	3.5917554793965114	0.00019998000199980003	chr1	173837092.0	173837206.0	antisense	0.003991908501457547	2.3988194217352414	0.05
RARA::RXRA	11	28	3.5584822708810413	0.0035996400359964	chr1	173837092.0	173837206.0	sense	0.029654177439398913	1.5279141181146993	0.05
Foxk1	19	36	3.5555486613653087	0.0020997900209979003	chr1	173837092.0	173837206.0	sense	0.020562094733922835	1.6869326442952746	0.05
Arntl	20	30	3.5316605673070316	0.000999900009999	chr1	173837092.0	173837206.0	antisense	0.014025624464580569	1.8530777934954	0.05
Pax2	22	30	3.518297286721655	0.0066993300669933005	chr1	173837092.0	173837206.0	antisense	0.04292533709592004	1.3672862856062282	0.05
MLX	19	29	3.4687376811368815	0.00029997000299970003	chr1	173837092.0	173837206.0	sense	0.005189481051894811	2.284876069428405	0.05
Hes1	19	29	3.3749742629225645	0.06359364063593641	chr1	173837092.0	173837206.0	sense	0.20125060664665242	0.6962628018276888	0.05
MAFK	20	35	3.366207343094538	0.0052994700529947	chr1	173837092.0	173837206.0	sense	0.03618980207242434	1.4414137921084071	0.05
Tcfl5	19	29	3.34259789329718	0.0362963703629637	chr1	173837092.0	173837206.0	sense	0.1400396725033379	0.853748913546533	0.05
FOXF2	19	33	3.3214794197564825	0.0010998900109989002	chr1	173837092.0	173837206.0	sense	0.015022181992327084	1.82326698088699	0.05
BHLHE41	19	29	3.267019005706585	9.999000099990002e-05	chr1	173837092.0	173837206.0	sense	0.002256296109519483	2.6466039054459976	0.05
USF1	19	30	3.240925218622013	0.0005999400059994001	chr1	173837092.0	173837206.0	sense	0.008896253231819674	2.0507928633950367	0.05
RFX4	23	39	3.213266562006195	0.0051994800519948	chr1	173837092.0	173837206.0	antisense	0.03618980207242434	1.4414137921084071	0.05
ZNF263	10	31	3.1682864016828662	0.005499450054994501	chr1	173837092.0	173837206.0	antisense	0.03706772179924865	1.4310041051066429	0.05
MNX1	23	33	3.163799778509574	0.0038996100389961006	chr1	173837092.0	173837206.0	sense	0.029654177439398913	1.5279141181146993	0.05
MEIS1	22	29	3.1342041676054033	0.0027997200279972004	chr1	173837092.0	173837206.0	antisense	0.025052667147078395	1.6011460316491228	0.05
MIXL1	23	33	3.113987913305707	0.022897710228977103	chr1	173837092.0	173837206.0	antisense	0.10378962103789621	0.9838460737644236	0.05
HOXC10	24	34	3.1135819010103227	0.0026997300269973002	chr1	173837092.0	173837206.0	sense	0.02458175235108068	1.609387160941909	0.05
SREBF1	19	29	3.084865869858519	0.00039996000399960006	chr1	173837092.0	173837206.0	antisense	0.006696104583090078	2.174177771934715	0.05
Hoxa11	23	35	3.0787961623523143	0.008999100089991	chr1	173837092.0	173837206.0	sense	0.05247789827758797	1.2800235666339927	0.05
HOXD11	24	34	3.0665651194427057	0.0012998700129987	chr1	173837092.0	173837206.0	sense	0.016865813418658133	1.7729927084495305	0.05
Hoxb5	13	29	3.0640833816206365	0.027097290270972903	chr1	173837092.0	173837206.0	sense	0.1134152713760882	0.9453284637162341	0.05
ALX3	23	33	3.0633943855434396	0.0174982501749825	chr1	173837092.0	173837206.0	sense	0.08567539472467847	1.0671438860068807	0.05
Hoxd9	24	34	3.0488434073423503	0.0040995900409959	chr1	173837092.0	173837206.0	sense	0.029967425792632004	1.5233505614277447	0.05
EMX1	23	33	3.0072358107257275	0.021997800219978002	chr1	173837092.0	173837206.0	antisense	0.10193623494793379	0.9916714112763801	0.05
GSC2	23	33	3.003279933888908	0.026697330266973303	chr1	173837092.0	173837206.0	sense	0.1134152713760882	0.9453284637162341	0.05
USF2	19	30	2.9985399030550615	0.0017998200179982	chr1	173837092.0	173837206.0	sense	0.019874608283852464	1.7017014222608162	0.05
EVX2	23	33	2.975602988533633	0.024797520247975203	chr1	173837092.0	173837206.0	sense	0.10815052948486664	0.9659713499947193	0.05
MNT	19	29	2.9589574788860027	0.0047995200479952005	chr1	173837092.0	173837206.0	antisense	0.0341226151357467	1.4669576921732734	0.05
EVX1	23	33	2.944555091498773	0.026497350264973504	chr1	173837092.0	173837206.0	sense	0.1134152713760882	0.9453284637162341	0.05
VAX1	24	32	2.9102737541174766	0.012798720127987202	chr1	173837092.0	173837206.0	antisense	0.06778097700434038	1.1688921754730313	0.05
LMX1B	24	32	2.8983833924415108	0.0124987501249875	chr1	173837092.0	173837206.0	antisense	0.06687475582338673	1.1747377906865932	0.05
RFX3	23	39	2.895061618675932	0.008899110088991101	chr1	173837092.0	173837206.0	antisense	0.05247789827758797	1.2800235666339927	0.05
Nr1h3::Rxra	23	42	2.8866109918818443	0.0898910108989101	chr1	173837092.0	173837206.0	sense	0.2494836077889537	0.602957984231675	0.05
Rhox11	12	29	2.875673557605373	0.0837916208379162	chr1	173837092.0	173837206.0	antisense	0.23894423744438745	0.6217034387832031	0.05
HOXA2	23	33	2.8484082569013753	0.027897210278972105	chr1	173837092.0	173837206.0	sense	0.11573366472876523	0.9365402946408878	0.05
TP73	9	27	2.8308786583124017	0.014698530146985302	chr1	173837092.0	173837206.0	sense	0.07478957986554285	1.1261589064421462	0.05
VAX2	24	32	2.8256243087444832	0.011398860113988602	chr1	173837092.0	173837206.0	antisense	0.06361299353935575	1.1964541666458675	0.05
HOXD12	23	34	2.8016892942825953	0.0030996900309969004	chr1	173837092.0	173837206.0	sense	0.027266764848938838	1.5643663872362763	0.05
MEIS3	21	29	2.7654087439221886	0.007599240075992401	chr1	173837092.0	173837206.0	antisense	0.04640006587576537	1.3334814028619062	0.05
CEBPE	19	29	2.764387478093624	0.0037996200379962005	chr1	173837092.0	173837206.0	antisense	0.029654177439398913	1.5279141181146993	0.05
Dlx1	23	33	2.756738146129712	0.05349465053494651	chr1	173837092.0	173837206.0	sense	0.1818014277003672	0.7404027105532336	0.05
HOXC11	23	34	2.7500495332572297	0.0071992800719928	chr1	173837092.0	173837206.0	sense	0.04556617508980809	1.3413574253808531	0.05
SREBF2	19	29	2.739342883030135	0.001999800019998	chr1	173837092.0	173837206.0	antisense	0.020562094733922835	1.6869326442952746	0.05
PBX1	22	34	2.7356056074043593	0.0032996700329967	chr1	173837092.0	173837206.0	sense	0.02845844447813283	1.5457888418844035	0.05
PAX5	10	29	2.7235689258348654	0.0806919308069193	chr1	173837092.0	173837206.0	sense	0.233956714825755	0.6308644855437282	0.05
HOXC12	23	34	2.7178343538618805	0.0036996300369963003	chr1	173837092.0	173837206.0	sense	0.029654177439398913	1.5279141181146993	0.05
FOXD2	24	31	2.710964989548978	0.0022997700229977	chr1	173837092.0	173837206.0	sense	0.022103345221033452	1.6555419932337805	0.05
NKX6-2	24	32	2.70679328637345	0.014698530146985302	chr1	173837092.0	173837206.0	sense	0.07478957986554285	1.1261589064421462	0.05
NKX6-1	24	32	2.70220506808434	0.0033996600339966003	chr1	173837092.0	173837206.0	sense	0.02845844447813283	1.5457888418844035	0.05
POU6F2	22	32	2.6889572137822446	0.0052994700529947	chr1	173837092.0	173837206.0	sense	0.03618980207242434	1.4414137921084071	0.05
MEOX1	23	33	2.674657326193825	0.014998500149985002	chr1	173837092.0	173837206.0	sense	0.07557496677516715	1.1216220350778958	0.05
Creb3l2	19	28	2.6723718136919574	0.0014998500149985001	chr1	173837092.0	173837206.0	sense	0.01769141267691413	1.752237486858911	0.05
MAFG	14	35	2.6664744062540673	0.11608839116088392	chr1	173837092.0	173837206.0	sense	0.2967974138546737	0.5275398876030439	0.05
Foxj2	24	32	2.665131576675253	0.0008999100089991	chr1	173837092.0	173837206.0	sense	0.012973702629737027	1.8869360607563672	0.05
Arx	21	38	2.6402671979450294	0.044295570442955706	chr1	173837092.0	173837206.0	antisense	0.1607650423768812	0.793808380670397	0.05
CDX1	24	33	2.6312877406281023	0.0072992700729927005	chr1	173837092.0	173837206.0	sense	0.04564242370943628	1.3406313016840228	0.05
Hoxd8	21	38	2.6138762165367937	0.09379062093790622	chr1	173837092.0	173837206.0	sense	0.25755202257552023	0.5891350352225845	0.05
CEBPB	19	29	2.578767773244467	0.003999600039996	chr1	173837092.0	173837206.0	antisense	0.029654177439398913	1.5279141181146993	0.05
TCF7L2	23	37	2.55117386949552	0.0188981101889811	chr1	173837092.0	173837206.0	sense	0.09166466530917002	1.0377980429403704	0.05
TBP	33	48	2.5511598149619905	0.13438656134386562	chr1	173837092.0	173837206.0	antisense	0.32923830258483583	0.48248964601872946	0.05
CEBPD	19	29	2.5451803876373087	0.0038996100389961006	chr1	173837092.0	173837206.0	antisense	0.029654177439398913	1.5279141181146993	0.05
ZIC4	12	27	2.5311265522273527	0.034396560343965606	chr1	173837092.0	173837206.0	antisense	0.13524102135241023	0.8688915580627246	0.05
FOXO4	24	31	2.52478734144096	0.0013998600139986002	chr1	173837092.0	173837206.0	sense	0.017298270172982702	1.7619973241480673	0.05
ARNT::HIF1A	20	28	2.522169427339409	0.0066993300669933005	chr1	173837092.0	173837206.0	sense	0.04292533709592004	1.3672862856062282	0.05
DUX4	20	31	2.494247625855714	0.0033996600339966003	chr1	173837092.0	173837206.0	sense	0.02845844447813283	1.5457888418844035	0.05
Alx4	21	38	2.490990967833847	0.07899210078992101	chr1	173837092.0	173837206.0	sense	0.233956714825755	0.6308644855437282	0.05
LMX1A	24	32	2.464015304990532	0.021497850214978503	chr1	173837092.0	173837206.0	sense	0.10051697532949408	0.9977605882994569	0.05
PHOX2A	20	31	2.4446968106391345	0.0117988201179882	chr1	173837092.0	173837206.0	sense	0.06500507843952447	1.187052713324722	0.05
FOXI1	24	31	2.4429995063761405	0.0013998600139986002	chr1	173837092.0	173837206.0	sense	0.017298270172982702	1.7619973241480673	0.05
Id2	20	28	2.4263134245040012	0.0026997300269973002	chr1	173837092.0	173837206.0	sense	0.02458175235108068	1.609387160941909	0.05
RFX2	23	39	2.412357226055053	0.012198780121987801	chr1	173837092.0	173837206.0	antisense	0.06594965503449655	1.180787471793225	0.05
FOXD1	24	32	2.4062121122768567	0.0037996200379962005	chr1	173837092.0	173837206.0	sense	0.029654177439398913	1.5279141181146993	0.05
MAX	19	29	2.402744246539108	0.0193980601939806	chr1	173837092.0	173837206.0	sense	0.0928393399192191	1.0322679560065104	0.05
ZBTB33	17	32	2.386558848283272	0.05119488051194881	chr1	173837092.0	173837206.0	sense	0.18074927201157434	0.7429234432007502	0.05
FOXC1	21	32	2.3747914531593444	0.0098990100989901	chr1	173837092.0	173837206.0	sense	0.05645699166347102	1.2482822671519485	0.05
PROX1	18	30	2.3508503380556056	0.006099390060993901	chr1	173837092.0	173837206.0	antisense	0.04007067647665613	1.3971733257080792	0.05
FOXO6	24	31	2.348393887355341	0.0015998400159984002	chr1	173837092.0	173837206.0	sense	0.018451488184514885	1.7339686005478236	0.05
Dlx3	24	32	2.3453282113474847	0.052594740525947405	chr1	173837092.0	173837206.0	antisense	0.1818014277003672	0.7404027105532336	0.05
FOXL1	24	31	2.3366936374328455	0.001999800019998	chr1	173837092.0	173837206.0	sense	0.020562094733922835	1.6869326442952746	0.05
RFX5	23	39	2.3326806945833845	0.0136986301369863	chr1	173837092.0	173837206.0	sense	0.07181403071814031	1.143790696869548	0.05
MEF2C	22	37	2.3137306702528297	0.0435956404359564	chr1	173837092.0	173837206.0	sense	0.159338995677897	0.7976779245428753	0.05
CEBPG	19	29	2.3036569057939733	0.0047995200479952005	chr1	173837092.0	173837206.0	antisense	0.0341226151357467	1.4669576921732734	0.05
MAX::MYC	19	30	2.303045820675804	0.014298570142985701	chr1	173837092.0	173837206.0	antisense	0.07420957904209578	1.129540031963343	0.05
Lhx4	24	32	2.2980280722088477	0.022997700229977002	chr1	173837092.0	173837206.0	sense	0.10378962103789621	0.9838460737644236	0.05
CTCF	20	39	2.2967102244726143	0.08449155084491551	chr1	173837092.0	173837206.0	antisense	0.239623578625744	0.6204704502091419	0.05
HEY2	19	29	2.278904316591724	0.0207979202079792	chr1	173837092.0	173837206.0	antisense	0.09812836898128369	1.0082054196238683	0.05
Phox2b	20	31	2.276548782877965	0.011898810118988102	chr1	173837092.0	173837206.0	sense	0.06500507843952447	1.187052713324722	0.05
UNCX	24	32	2.259375551853546	0.06319368063193681	chr1	173837092.0	173837206.0	antisense	0.2012117806624246	0.6963465955499776	0.05
Rfx1	24	38	2.2553237894706077	0.0453954604539546	chr1	173837092.0	173837206.0	antisense	0.16361280538612805	0.7861827086665506	0.05
Npas2	19	29	2.2478085961009504	0.0254974502549745	chr1	173837092.0	173837206.0	sense	0.11027647235276472	0.9575171350420745	0.05
FOXO3	24	32	2.235314422568988	0.0020997900209979003	chr1	173837092.0	173837206.0	sense	0.020562094733922835	1.6869326442952746	0.05
Dlx4	24	32	2.206026023722785	0.055894410558944105	chr1	173837092.0	173837206.0	antisense	0.18477196866300633	0.7333639139512153	0.05
HOXB3	23	33	2.2001129978731306	0.14628537146285372	chr1	173837092.0	173837206.0	sense	0.3460440319604403	0.4608686364073284	0.05
TBX5	20	28	2.1813775387872996	0.042195780421957804	chr1	173837092.0	173837206.0	sense	0.1553163832552915	0.8087827311221109	0.05
Hmx3	21	38	2.175174534911068	0.17378262173782622	chr1	173837092.0	173837206.0	sense	0.3758049195080492	0.4250375390273632	0.05
POU6F1	23	33	2.167478780124154	0.0372962703729627	chr1	173837092.0	173837206.0	sense	0.14129025053699007	0.849887804776124	0.05
HEY1	19	29	2.1438042024325425	0.024697530246975304	chr1	173837092.0	173837206.0	antisense	0.10815052948486664	0.9659713499947193	0.05
THAP1	22	31	2.1408548811464745	0.1611838816118388	chr1	173837092.0	173837206.0	sense	0.3637149328545406	0.4392388679769259	0.05
FOXP3	24	31	2.1367923652680343	0.0165983401659834	chr1	173837092.0	173837206.0	sense	0.08204322424900366	1.0859572804582878	0.05
FOS::JUN	21	28	2.1365772180505886	0.0163983601639836	chr1	173837092.0	173837206.0	antisense	0.08183412427987971	1.0870655606794872	0.05
EGR4	12	28	2.133145708235679	0.1377862213778622	chr1	173837092.0	173837206.0	antisense	0.33573262392070646	0.47400645529553564	0.05
EOMES	19	32	2.1276188757659233	0.0857914208579142	chr1	173837092.0	173837206.0	sense	0.24124074079078578	0.6175493465878509	0.05
Dmbx1	20	37	2.127545462864116	0.24137586241375864	chr1	173837092.0	173837206.0	antisense	0.4647468586474686	0.332783537062639	0.05
MYBL1	21	33	2.125097351331689	0.024197580241975804	chr1	173837092.0	173837206.0	sense	0.10815052948486664	0.9659713499947193	0.05
TFAP2B(var.3)	20	33	2.111024529339478	0.0403959604039596	chr1	173837092.0	173837206.0	antisense	0.15083096006946067	0.821509504571895	0.05
PITX3	23	32	2.0982621571869333	0.06969303069693031	chr1	173837092.0	173837206.0	sense	0.21402770965506998	0.6695299959440689	0.05
Hmx2	21	38	2.0831171057971534	0.17868213178682132	chr1	173837092.0	173837206.0	sense	0.383206720650249	0.4165668829031919	0.05
PAX1	23	40	2.0695709112631118	0.046795320467953205	chr1	173837092.0	173837206.0	sense	0.16634774878676517	0.7789830721387179	0.05
HOXC13	23	34	2.0691673647572473	0.024397560243975602	chr1	173837092.0	173837206.0	sense	0.10815052948486664	0.9659713499947193	0.05
TFAP2A(var.3)	20	33	2.06358052248385	0.05629437056294371	chr1	173837092.0	173837206.0	antisense	0.1849163184947328	0.7330247615314812	0.05
CUX1	25	35	2.0610981745601533	0.036696330366963306	chr1	173837092.0	173837206.0	sense	0.1400396725033379	0.853748913546533	0.05
Nr5a2	21	36	2.0605096251645083	0.10818918108189181	chr1	173837092.0	173837206.0	sense	0.28075092490750925	0.5516788043218354	0.05
Hmx1	21	38	2.054001440541176	0.24687531246875313	chr1	173837092.0	173837206.0	sense	0.4687516702875167	0.3290571717541249	0.05
HINFP	20	32	2.051966465320988	0.0532946705329467	chr1	173837092.0	173837206.0	sense	0.1818014277003672	0.7404027105532336	0.05
Pax6	22	36	2.042432187621917	0.102989701029897	chr1	173837092.0	173837206.0	antisense	0.27271252466590074	0.5642949160797086	0.05
CUX2	25	35	2.040379530150196	0.0387961203879612	chr1	173837092.0	173837206.0	sense	0.1459071484155932	0.8359234302354341	0.05
TBX2	19	30	2.038668276801163	0.11278872112788721	chr1	173837092.0	173837206.0	sense	0.2897888428978884	0.5379183392277052	0.05
TBX19	10	30	2.031623699895072	0.2532746725327467	chr1	173837092.0	173837206.0	antisense	0.4728401260593365	0.32528567555593313	0.05
Arid3b	24	35	2.029103759779029	0.0741925807419258	chr1	173837092.0	173837206.0	antisense	0.22387179886662495	0.6500006110569267	0.05
POU4F3	24	40	2.028576663120033	0.18038196180381963	chr1	173837092.0	173837206.0	antisense	0.38526023940815796	0.41424580982079406	0.05
Hoxc9	20	33	2.021204894893626	0.073992600739926	chr1	173837092.0	173837206.0	sense	0.22387179886662495	0.6500006110569267	0.05
PDX1	24	32	2.019069615119395	0.022397760223977603	chr1	173837092.0	173837206.0	sense	0.1028711288163219	0.9877064945776617	0.05
TFAP2C(var.3)	20	33	2.0159836527290684	0.052594740525947405	chr1	173837092.0	173837206.0	antisense	0.1818014277003672	0.7404027105532336	0.05
FOXG1	24	32	2.0066472277351464	0.003999600039996	chr1	173837092.0	173837206.0	sense	0.029654177439398913	1.5279141181146993	0.05
YY2	17	28	1.9991786816078554	0.08149185081491851	chr1	173837092.0	173837206.0	antisense	0.233956714825755	0.6308644855437282	0.05
PRRX1	24	32	1.9969669562900942	0.06459354064593541	chr1	173837092.0	173837206.0	antisense	0.20317604603176045	0.692127495647227	0.05
TBX4	20	28	1.9968939218418162	0.036696330366963306	chr1	173837092.0	173837206.0	sense	0.1400396725033379	0.853748913546533	0.05
Barhl1	20	30	1.980238234118087	0.33696630336966304	chr1	173837092.0	173837206.0	antisense	0.5696596464132089	0.24438454403425264	0.05
LHX2	23	33	1.977974820209848	0.0684931506849315	chr1	173837092.0	173837206.0	sense	0.21159491193737767	0.6744947796618421	0.05
Pitx1	24	32	1.9674154753166235	0.07279272072792721	chr1	173837092.0	173837206.0	sense	0.22223189445761307	0.6531936114936415	0.05
Hoxa9	21	32	1.9639488849286635	0.0352964703529647	chr1	173837092.0	173837206.0	sense	0.13773585047510287	0.860953005007668	0.05
Bach1::Mafk	17	32	1.9622252082707534	0.05169483051694831	chr1	173837092.0	173837206.0	antisense	0.18128119620470387	0.7416472417294196	0.05
ESX1	23	33	1.961561450813621	0.24787521247875213	chr1	173837092.0	173837206.0	sense	0.4687516702875167	0.3290571717541249	0.05
Alx1	21	38	1.940749314587847	0.2582741725827417	chr1	173837092.0	173837206.0	sense	0.4804455038367131	0.3183558665286852	0.05
RARA(var.2)	22	39	1.9344430204324183	0.032596740325967405	chr1	173837092.0	173837206.0	sense	0.13013621714751603	0.8856018216673025	0.05
MGA	20	28	1.9310568703945483	0.028097190280971903	chr1	173837092.0	173837206.0	sense	0.11573366472876523	0.9365402946408878	0.05
PPARG	13	33	1.9291495381961892	0.19138086191380863	chr1	173837092.0	173837206.0	antisense	0.40376694037913285	0.39386924309095916	0.05
VSX1	24	32	1.919672712731049	0.08599140085991401	chr1	173837092.0	173837206.0	antisense	0.24124074079078578	0.6175493465878509	0.05
Arnt	21	27	1.9147649596401939	0.009299070092990702	chr1	173837092.0	173837206.0	sense	0.053624637536246376	1.2706356303137945	0.05
PAX9	13	30	1.9144473516031753	0.041695830416958304	chr1	173837092.0	173837206.0	antisense	0.15457239990286684	0.8108680501328853	0.05
TFAP2C	20	32	1.9144374163060194	0.1695830416958304	chr1	173837092.0	173837206.0	antisense	0.3758049195080492	0.4250375390273632	0.05
POU1F1	15	29	1.9046657507761193	0.10058994100589941	chr1	173837092.0	173837206.0	antisense	0.2691040174333082	0.5700798186387224	0.05
TFAP2A(var.2)	20	32	1.891966257110372	0.14288571142885712	chr1	173837092.0	173837206.0	sense	0.34491946154221786	0.4622823005530399	0.05
Rarb(var.2)	22	39	1.877624496082022	0.027097290270972903	chr1	173837092.0	173837206.0	sense	0.1134152713760882	0.9453284637162341	0.05
Mlxip	20	28	1.874088304126685	0.019498050194980503	chr1	173837092.0	173837206.0	antisense	0.0928393399192191	1.0322679560065104	0.05
CENPB	21	36	1.8699806441234794	0.19558044195580443	chr1	173837092.0	173837206.0	antisense	0.4109564752026822	0.3862041722364879	0.05
MTF1	19	33	1.8664865417438772	0.030096990300969902	chr1	173837092.0	173837206.0	antisense	0.1220338903609639	0.9135195434824298	0.05
GATA5	23	31	1.8657952352129674	0.08849115088491151	chr1	173837092.0	173837206.0	antisense	0.24691885650144665	0.6074457429484956	0.05
EMX2	23	33	1.8653183310353303	0.0963903609639036	chr1	173837092.0	173837206.0	antisense	0.2616363363663634	0.5823019408235607	0.05
POU4F1	23	37	1.8634932783330287	0.1581841815818418	chr1	173837092.0	173837206.0	antisense	0.3618980207242434	0.44141379210840714	0.05
TP53	9	27	1.8571762831986514	0.1050894910508949	chr1	173837092.0	173837206.0	antisense	0.27546184775461846	0.5599385436616937	0.05
JUN(var.2)	12	26	1.8544723163361911	0.14538546145385461	chr1	173837092.0	173837206.0	antisense	0.3460440319604403	0.4608686364073284	0.05
POU3F1	25	37	1.8436371430835712	0.13338666133386662	chr1	173837092.0	173837206.0	sense	0.32923830258483583	0.48248964601872946	0.05
EN2	23	33	1.837145795146636	0.1987801219878012	chr1	173837092.0	173837206.0	sense	0.4126675332466753	0.3843996980391479	0.05
Dlx2	24	32	1.835490785112919	0.065993400659934	chr1	173837092.0	173837206.0	sense	0.20632876471389003	0.6854402219265913	0.05
LBX2	23	33	1.833835345772444	0.3905609439056094	chr1	173837092.0	173837206.0	antisense	0.6179912496555222	0.20901767418824835	0.05
TFAP2B	20	32	1.8301988220356562	0.17248275172482752	chr1	173837092.0	173837206.0	antisense	0.3758049195080492	0.4250375390273632	0.05
NFIX	18	27	1.829740617502558	0.20787921207879212	chr1	173837092.0	173837206.0	antisense	0.42808090732428733	0.36847414153876873	0.05
Foxo1	41	52	1.8292244570950738	0.05499450054994501	chr1	173837092.0	173837206.0	antisense	0.18414287603497714	0.7348450781044524	0.05
HOXD13	24	34	1.8188590915910334	0.032996700329967	chr1	173837092.0	173837206.0	sense	0.1307273852767395	0.8836334252062816	0.05
Prrx2	24	32	1.8001208071169597	0.21427857214278573	chr1	173837092.0	173837206.0	sense	0.4322556116481375	0.36425935990019165	0.05
Nfe2l2	13	28	1.7970114651859304	0.15858414158584141	chr1	173837092.0	173837206.0	antisense	0.3618980207242434	0.44141379210840714	0.05
Rarg(var.2)	15	32	1.7862621862574866	0.028897110288971104	chr1	173837092.0	173837206.0	antisense	0.11809134047225199	0.9277819476278139	0.05
Arid5a	20	34	1.7853603336360906	0.4480551944805519	chr1	173837092.0	173837206.0	antisense	0.656894480043521	0.18250438754114942	0.05
RAX	24	34	1.7763971109889487	0.14588541145885411	chr1	173837092.0	173837206.0	sense	0.3460440319604403	0.4608686364073284	0.05
EGR3	13	28	1.7742037773178323	0.05729427057294271	chr1	173837092.0	173837206.0	antisense	0.18682131786821318	0.7285735686611176	0.05
HOXA13	24	34	1.7741991983425582	0.055694430556944306	chr1	173837092.0	173837206.0	sense	0.18477196866300633	0.7333639139512153	0.05
RAX2	24	32	1.7674644030778797	0.19838016198380162	chr1	173837092.0	173837206.0	sense	0.4126675332466753	0.3843996980391479	0.05
EN1	24	32	1.749672927501963	0.07539246075392461	chr1	173837092.0	173837206.0	antisense	0.22617738226177383	0.6455508266874261	0.05
SMAD2::SMAD3::SMAD4	22	35	1.749321239120192	0.16078392160783922	chr1	173837092.0	173837206.0	antisense	0.3637149328545406	0.4392388679769259	0.05
TP63	9	27	1.7451805623740406	0.0575942405759424	chr1	173837092.0	173837206.0	sense	0.18682131786821318	0.7285735686611176	0.05
POU2F1	17	29	1.7409545553844241	0.1690830916908309	chr1	173837092.0	173837206.0	antisense	0.3758049195080492	0.4250375390273632	0.05
SP3	18	29	1.7353071971189005	0.1344865513448655	chr1	173837092.0	173837206.0	antisense	0.32923830258483583	0.48248964601872946	0.05
LHX9	24	32	1.7343133020351331	0.14408559144085592	chr1	173837092.0	173837206.0	sense	0.3460440319604403	0.4608686364073284	0.05
T	12	28	1.7179710137333069	0.13208679132086792	chr1	173837092.0	173837206.0	antisense	0.3280049985432079	0.48411953792493156	0.05
ESR2	14	29	1.7124636382905714	0.37776222377762225	chr1	173837092.0	173837206.0	sense	0.6088776215546148	0.2154699875384209	0.05
Shox2	24	32	1.7122594707147656	0.07979202079792021	chr1	173837092.0	173837206.0	antisense	0.233956714825755	0.6308644855437282	0.05
BARHL2	17	27	1.7059053601354568	0.2812718728127187	chr1	173837092.0	173837206.0	sense	0.5140144436260599	0.28902467731024156	0.05
HLTF	36	46	1.702059112975136	0.3070692930706929	chr1	173837092.0	173837206.0	sense	0.5420713030737742	0.2659435833974933	0.05
SHOX	24	32	1.6991982715431502	0.19668033196680332	chr1	173837092.0	173837206.0	antisense	0.4116011785918182	0.3855233903352844	0.05
Mycn	19	27	1.689121804073776	0.030396960303969604	chr1	173837092.0	173837206.0	sense	0.1222947472694591	0.9125921961189001	0.05
HNF1A	23	38	1.6845228055556272	0.17028297170282972	chr1	173837092.0	173837206.0	antisense	0.3758049195080492	0.4250375390273632	0.05
Six3	12	29	1.6760379881687728	0.44345565443455653	chr1	173837092.0	173837206.0	antisense	0.6553741226443928	0.18351071067200847	0.05
GSC	23	33	1.652183694263071	0.24177582241775822	chr1	173837092.0	173837206.0	sense	0.4647468586474686	0.332783537062639	0.05
CEBPA	19	30	1.6489711358126855	0.09469053094690531	chr1	173837092.0	173837206.0	sense	0.2586546608497045	0.5872796913779603	0.05
MYBL2	13	28	1.6451911951061309	0.17198280171982802	chr1	173837092.0	173837206.0	antisense	0.3758049195080492	0.4250375390273632	0.05
SRY	24	33	1.6448800803763932	0.15898410158984103	chr1	173837092.0	173837206.0	sense	0.3618980207242434	0.44141379210840714	0.05
POU4F2	24	40	1.6442002488778975	0.0790920907909209	chr1	173837092.0	173837206.0	antisense	0.233956714825755	0.6308644855437282	0.05
KLF14	16	30	1.6389852894602026	0.102989701029897	chr1	173837092.0	173837206.0	antisense	0.27271252466590074	0.5642949160797086	0.05
TBR1	20	30	1.6310653385038156	0.11088891110888911	chr1	173837092.0	173837206.0	sense	0.2863250988334003	0.5431405806997336	0.05
FOXB1	40	51	1.6206706721429203	0.12018798120187982	chr1	173837092.0	173837206.0	antisense	0.30428079143305187	0.5167254628174384	0.05
ELF5	17	28	1.6178417583607638	0.2521747825217478	chr1	173837092.0	173837206.0	antisense	0.47267367126103277	0.32543858797527875	0.05
SMAD3	15	25	1.6177288065230513	0.045795420457954206	chr1	173837092.0	173837206.0	antisense	0.16391602219088436	0.7853785936595106	0.05
Foxq1	23	34	1.6161172385932205	0.06209379062093791	chr1	173837092.0	173837206.0	antisense	0.19893010698930108	0.7012994837944555	0.05
YY1	15	27	1.6131413356909876	0.1466853314668533	chr1	173837092.0	173837206.0	sense	0.3460440319604403	0.4608686364073284	0.05
DLX6	24	32	1.610414948480619	0.1725827417258274	chr1	173837092.0	173837206.0	antisense	0.3758049195080492	0.4250375390273632	0.05
LBX1	24	32	1.5998360704805752	0.0796920307969203	chr1	173837092.0	173837206.0	antisense	0.233956714825755	0.6308644855437282	0.05
Hand1::Tcf3	16	26	1.5974249384213903	0.22577742225777422	chr1	173837092.0	173837206.0	sense	0.44724611508314815	0.34945342315920125	0.05
Spz1	16	27	1.5807861724109191	0.16998300169983002	chr1	173837092.0	173837206.0	sense	0.3758049195080492	0.4250375390273632	0.05
PROP1	20	31	1.578678369068153	0.053594640535946404	chr1	173837092.0	173837206.0	sense	0.1818014277003672	0.7404027105532336	0.05
ELK3	17	27	1.5704341317912112	0.15848415158484153	chr1	173837092.0	173837206.0	antisense	0.3618980207242434	0.44141379210840714	0.05
SP4	10	27	1.5681268207580437	0.11988801119888011	chr1	173837092.0	173837206.0	antisense	0.30428079143305187	0.5167254628174384	0.05
HNF1B	24	37	1.5640288839989804	0.12488751124887511	chr1	173837092.0	173837206.0	sense	0.3146437783406125	0.5021808514234227	0.05
ETV4	17	27	1.5488205299164506	0.20317968203179682	chr1	173837092.0	173837206.0	antisense	0.42012053774702207	0.37662608729756136	0.05
Pou5f1::Sox2	24	39	1.5331060137927963	0.3468653134686531	chr1	173837092.0	173837206.0	antisense	0.5788524041486526	0.23743215861318256	0.05
MZF1	25	31	1.5326344779902685	0.054894510548945105	chr1	173837092.0	173837206.0	antisense	0.18414287603497714	0.7348450781044524	0.05
NFYB	22	37	1.5277893660340862	0.33456654334566543	chr1	173837092.0	173837206.0	sense	0.5696557795200872	0.24438749206832056	0.05
Pparg::Rxra	33	48	1.5126183592422353	0.6102389761023898	chr1	173837092.0	173837206.0	antisense	0.769500773893555	0.11379093905858241	0.05
ETV1	17	27	1.510454512444941	0.23527647235276472	chr1	173837092.0	173837206.0	antisense	0.45733516535986846	0.33976540361695884	0.05
mix-a	23	34	1.5057676188041003	0.1486851314868513	chr1	173837092.0	173837206.0	antisense	0.34760172631385505	0.4589180753570893	0.05
POU3F2	25	37	1.5026298870061738	0.1785821417858214	chr1	173837092.0	173837206.0	sense	0.383206720650249	0.4165668829031919	0.05
Neurog1	17	27	1.4914784061257902	0.6955304469553044	chr1	173837092.0	173837206.0	sense	0.8204097772040978	0.08596917258391738	0.05
Pou2f3	38	54	1.4890232234337684	0.41955804419558046	chr1	173837092.0	173837206.0	antisense	0.6461442876483865	0.18967049077822318	0.05
RARA	22	40	1.4875392908781937	0.06009399060093991	chr1	173837092.0	173837206.0	antisense	0.1937191374030299	0.712827473457515	0.05
RHOXF1	24	32	1.486022981744058	0.21157884211578842	chr1	173837092.0	173837206.0	sense	0.42894304319568044	0.3676003713771062	0.05
EHF	17	29	1.4825573697897072	0.17248275172482752	chr1	173837092.0	173837206.0	antisense	0.3758049195080492	0.4250375390273632	0.05
NFYA	25	43	1.4766373356286957	0.5075492450754925	chr1	173837092.0	173837206.0	antisense	0.7062146332283662	0.15106328781442524	0.05
ZBTB7C	12	24	1.4717463030948692	0.45985401459854014	chr1	173837092.0	173837206.0	antisense	0.6685272649205667	0.17488087596656046	0.05
EGR1	21	35	1.4705041235088736	0.1730826917308269	chr1	173837092.0	173837206.0	antisense	0.3758049195080492	0.4250375390273632	0.05
NFATC3	17	27	1.4699426028764737	0.39036096390360964	chr1	173837092.0	173837206.0	sense	0.6179912496555222	0.20901767418824835	0.05
Tcf7	23	35	1.469759398237894	0.0907909209079092	chr1	173837092.0	173837206.0	sense	0.25064089335747275	0.6009480701709995	0.05
HES5	13	25	1.4615287766496263	0.0675932406759324	chr1	173837092.0	173837206.0	antisense	0.21006522102280792	0.6776458446343522	0.05
NR4A2	24	32	1.4481400458886142	0.15658434156584342	chr1	173837092.0	173837206.0	antisense	0.3618980207242434	0.44141379210840714	0.05
MSX1	24	32	1.4468931184384715	0.2522747725227477	chr1	173837092.0	173837206.0	antisense	0.47267367126103277	0.32543858797527875	0.05
NFATC1	17	27	1.4465931824794014	0.49365063493650635	chr1	173837092.0	173837206.0	sense	0.7038590097034253	0.15251432585792965	0.05
GATA2	25	39	1.4456649695457284	0.35736426357364265	chr1	173837092.0	173837206.0	antisense	0.5906753273717215	0.22865116933199428	0.05
PRDM1	23	38	1.4416077754249204	0.33526647335266474	chr1	173837092.0	173837206.0	sense	0.5696557795200872	0.24438749206832056	0.05
Hic1	17	26	1.4395654027337272	0.2996700329967003	chr1	173837092.0	173837206.0	antisense	0.5344630485405067	0.27208231546866735	0.05
NOTO	23	33	1.4376303262542007	0.3324667533246675	chr1	173837092.0	173837206.0	antisense	0.5696557795200872	0.24438749206832056	0.05
HMBOX1	24	34	1.4355430665215854	0.39486051394860516	chr1	173837092.0	173837206.0	antisense	0.621007899210079	0.20690287556974807	0.05
BSX	24	32	1.4330569057494134	0.22007799220077992	chr1	173837092.0	173837206.0	sense	0.439309530585403	0.3572293748458748	0.05
ETV5	17	27	1.426119192038955	0.39216078392160786	chr1	173837092.0	173837206.0	sense	0.6186366165815029	0.20856437804661387	0.05
EGR2	15	26	1.425461468399795	0.10728927107289271	chr1	173837092.0	173837206.0	antisense	0.27981473209462976	0.5531294238721602	0.05
TGIF2	16	28	1.4252056686117012	0.103989601039896	chr1	173837092.0	173837206.0	sense	0.27396245147058895	0.5623089562912174	0.05
Foxa2	23	35	1.419549902401914	0.2303769623037696	chr1	173837092.0	173837206.0	antisense	0.4511911073043639	0.3456394686140382	0.05
GATA1::TAL1	16	34	1.4155408828284926	0.7366263373662634	chr1	173837092.0	173837206.0	antisense	0.8361961189501965	0.0776918524785306	0.05
OTX1	24	32	1.4130688915512635	0.2104789521047895	chr1	173837092.0	173837206.0	sense	0.42879359122911237	0.3677517142542598	0.05
Stat4	15	29	1.4108137133082665	0.3842615738426157	chr1	173837092.0	173837206.0	antisense	0.613636174844054	0.21208904594293052	0.05
FOXP1	23	38	1.3952837000115885	0.37336266373362664	chr1	173837092.0	173837206.0	sense	0.6088776215546148	0.2154699875384209	0.05
FIGLA	19	29	1.3778124426889231	0.34006599340065996	chr1	173837092.0	173837206.0	sense	0.5715146931908751	0.24297259975743002	0.05
BARX1	24	32	1.3757446677104996	0.24837516248375163	chr1	173837092.0	173837206.0	sense	0.4687516702875167	0.3290571717541249	0.05
OTX2	24	32	1.3733393761527586	0.2328767123287671	chr1	173837092.0	173837206.0	sense	0.4543722319497373	0.3425882175247912	0.05
Ahr::Arnt	21	27	1.3619013092215104	0.08159184081591841	chr1	173837092.0	173837206.0	sense	0.233956714825755	0.6308644855437282	0.05
ISL2	25	33	1.3572369723134932	0.408959104089591	chr1	173837092.0	173837206.0	sense	0.6354783683308316	0.19689922823262748	0.05
SPIC	21	35	1.3541923116736592	0.5263473652634737	chr1	173837092.0	173837206.0	antisense	0.7190555813528594	0.14323753834884573	0.05
Lhx8	24	32	1.349635438910005	0.22977702229777022	chr1	173837092.0	173837206.0	antisense	0.4511911073043639	0.3456394686140382	0.05
ZBTB7A	18	30	1.3476010142162569	0.37446255374462556	chr1	173837092.0	173837206.0	sense	0.6088776215546148	0.2154699875384209	0.05
TBX21	17	27	1.3473105643082042	0.18768123187681232	chr1	173837092.0	173837206.0	antisense	0.39757779324108405	0.400577881171591	0.05
POU3F3	25	38	1.343044302284217	0.38176182381761825	chr1	173837092.0	173837206.0	antisense	0.6134191534406931	0.21224266770185973	0.05
NFIC::TLX1	19	33	1.3395447144572077	0.18668133186681332	chr1	173837092.0	173837206.0	antisense	0.39708037392982015	0.4011215778180559	0.05
GBX1	23	33	1.3329412150400828	0.29427057294270575	chr1	173837092.0	173837206.0	antisense	0.5284651465649284	0.27698365008534165	0.05
LHX6	23	33	1.3307144722611555	0.31996800319968005	chr1	173837092.0	173837206.0	sense	0.5577399070724157	0.25356828001752896	0.05
NR2F1	21	34	1.3170548988429331	0.4420557944205579	chr1	173837092.0	173837206.0	antisense	0.6553741226443928	0.18351071067200847	0.05
ELF3	16	29	1.3091905995050905	0.2106789321067893	chr1	173837092.0	173837206.0	antisense	0.42879359122911237	0.3677517142542598	0.05
GLI2	12	24	1.308421563562731	0.33586641335866413	chr1	173837092.0	173837206.0	antisense	0.5696557795200872	0.24438749206832056	0.05
HESX1	24	34	1.2961445769491555	0.34506549345065496	chr1	173837092.0	173837206.0	antisense	0.5777064229060965	0.2382928039711906	0.05
Nr2e1	20	29	1.2922507796678504	0.24327567243275672	chr1	173837092.0	173837206.0	sense	0.4659043320760175	0.3317032513719921	0.05
FOXH1	38	49	1.289070116213909	0.2211778822117788	chr1	173837092.0	173837206.0	sense	0.4398134899153762	0.3567314541340252	0.05
ETV3	21	31	1.2764565270959243	0.3775622437756224	chr1	173837092.0	173837206.0	sense	0.6088776215546148	0.2154699875384209	0.05
Nr2f6(var.2)	25	40	1.272448666187145	0.09829017098290171	chr1	173837092.0	173837206.0	antisense	0.2643139831094611	0.577879860604043	0.05
Rarb	25	41	1.2708945323079142	0.09679032096790322	chr1	173837092.0	173837206.0	antisense	0.2616363363663634	0.5823019408235607	0.05
SOX9	26	35	1.2683914316299842	0.48085191480851913	chr1	173837092.0	173837206.0	antisense	0.6921703951488507	0.15978697987350945	0.05
Myog	23	34	1.265046698459551	0.2722727727227277	chr1	173837092.0	173837206.0	antisense	0.4993270990922109	0.3016148636127305	0.05
Gata1	37	48	1.2608955630339118	0.24747525247475252	chr1	173837092.0	173837206.0	sense	0.4687516702875167	0.3290571717541249	0.05
POU5F1B	18	27	1.2580398896595533	0.3224677532246775	chr1	173837092.0	173837206.0	antisense	0.5577399070724157	0.25356828001752896	0.05
VSX2	24	32	1.2562930030237471	0.31366863313668636	chr1	173837092.0	173837206.0	antisense	0.5499797993173656	0.2596532617895983	0.05
IRF1	25	46	1.2560933732307327	0.6256374362563744	chr1	173837092.0	173837206.0	antisense	0.777069449453159	0.10954016502609056	0.05
Gata4	38	49	1.2522265264182937	0.26277372262773724	chr1	173837092.0	173837206.0	sense	0.48453558899429205	0.31467431864169776	0.05
Tcf12	23	34	1.24784332121576	0.28457154284571545	chr1	173837092.0	173837206.0	antisense	0.5182197569716713	0.28548603368864944	0.05
TEAD1	16	26	1.2423647376522604	0.5047495250474953	chr1	173837092.0	173837206.0	sense	0.7046255051914163	0.1520416407979528	0.05
Arid3a	27	33	1.2359426170053982	0.08099190080991901	chr1	173837092.0	173837206.0	sense	0.233956714825755	0.6308644855437282	0.05
REST	24	45	1.2352777757420232	0.5557444255574443	chr1	173837092.0	173837206.0	sense	0.739966772553514	0.13078778137800365	0.05
Gfi1	22	32	1.2344766651499697	0.5786421357864213	chr1	173837092.0	173837206.0	antisense	0.7470529066496335	0.12664864014932795	0.05
SOX21	27	42	1.23241597387145	0.12818718128187181	chr1	173837092.0	173837206.0	sense	0.320101162960627	0.4947127480162379	0.05
Esrrg	19	29	1.2234097383937785	0.29027097290270976	chr1	173837092.0	173837206.0	sense	0.5249151043083845	0.2799109303307234	0.05
KLF16	13	24	1.2217792392978006	0.21737826217378262	chr1	173837092.0	173837206.0	antisense	0.43559582265711655	0.3609162937593809	0.05
Rarg	24	40	1.2203065027915463	0.14188581141885812	chr1	173837092.0	173837206.0	antisense	0.34410624358124936	0.46330744732012163	0.05
HOXB13	24	34	1.2176198722121765	0.2632736726327367	chr1	173837092.0	173837206.0	sense	0.48453558899429205	0.31467431864169776	0.05
TEAD4	16	26	1.2046033975880532	0.5216478352164784	chr1	173837092.0	173837206.0	sense	0.7162307578765934	0.14494703254325517	0.05
Foxd3	22	34	1.198594431079926	0.33356664333566644	chr1	173837092.0	173837206.0	antisense	0.5696557795200872	0.24438749206832056	0.05
SCRT1	23	38	1.1956981893118277	0.40875912408759124	chr1	173837092.0	173837206.0	sense	0.6354783683308316	0.19689922823262748	0.05
NR3C1	18	35	1.1917551999196134	0.45515448455154484	chr1	173837092.0	173837206.0	sense	0.6635538693321679	0.17812381401426525	0.05
POU2F2	25	38	1.1895071769363836	0.3832616738326167	chr1	173837092.0	173837206.0	antisense	0.613636174844054	0.21208904594293052	0.05
NKX3-2	24	33	1.188269403681794	0.42995700429957007	chr1	173837092.0	173837206.0	sense	0.6515184688427709	0.1860732686654173	0.05
MSX2	24	32	1.1845372661478233	0.2882711728827117	chr1	173837092.0	173837206.0	sense	0.5231214640773684	0.2813974601692401	0.05
RUNX1	26	37	1.1844516768992965	0.628937106289371	chr1	173837092.0	173837206.0	antisense	0.777069449453159	0.10954016502609056	0.05
BATF::JUN	13	24	1.1782193921386728	0.35006499350064996	chr1	173837092.0	173837206.0	antisense	0.5804592064755185	0.23622829620982075	0.05
RORA	18	28	1.1671327591629748	0.30656934306569344	chr1	173837092.0	173837206.0	sense	0.5420713030737742	0.2659435833974933	0.05
HES7	13	25	1.167050217561678	0.1486851314868513	chr1	173837092.0	173837206.0	antisense	0.34760172631385505	0.4589180753570893	0.05
KLF13	26	44	1.1620550215498036	0.4854514548545146	chr1	173837092.0	173837206.0	antisense	0.6959925554405886	0.15739540571754682	0.05
ISX	24	32	1.1601651547014833	0.22767723227677233	chr1	173837092.0	173837206.0	antisense	0.4492946142648093	0.34746878730301983	0.05
MAF::NFE2	9	24	1.159997443901825	0.5131486851314868	chr1	173837092.0	173837206.0	antisense	0.7120967047680258	0.14746102392599414	0.05
SP8	9	21	1.1583659422725836	0.49775022497750226	chr1	173837092.0	173837206.0	antisense	0.7046255051914163	0.1520416407979528	0.05
ESRRB	25	36	1.1543379732279866	0.24117588241175883	chr1	173837092.0	173837206.0	sense	0.4647468586474686	0.332783537062639	0.05
TFAP4	24	34	1.1539325901457385	0.26277372262773724	chr1	173837092.0	173837206.0	antisense	0.48453558899429205	0.31467431864169776	0.05
TFAP2A	20	31	1.1465885288807434	0.5636436356364364	chr1	173837092.0	173837206.0	sense	0.7424645860287068	0.1293242564337909	0.05
Sox17	24	33	1.1453136018391037	0.43355664433556645	chr1	173837092.0	173837206.0	sense	0.6515184688427709	0.1860732686654173	0.05
ESR1	15	32	1.1383667250868343	0.36906309369063095	chr1	173837092.0	173837206.0	antisense	0.6057122994325173	0.21773360757916135	0.05
FOXA1	37	52	1.1380228563402575	0.6973302669733027	chr1	173837092.0	173837206.0	sense	0.8206675931046352	0.08583271585628556	0.05
RORA(var.2)	15	29	1.1336898701054519	0.3762623737626237	chr1	173837092.0	173837206.0	sense	0.6088776215546148	0.2154699875384209	0.05
ONECUT2	24	38	1.1296944386620604	0.5048495150484952	chr1	173837092.0	173837206.0	antisense	0.7046255051914163	0.1520416407979528	0.05
MZF1(var.2)	24	34	1.1270439115492976	0.5760423957604239	chr1	173837092.0	173837206.0	antisense	0.7455511306724688	0.1275225668220605	0.05
Zfx	8	22	1.125008942573293	0.6758324167583242	chr1	173837092.0	173837206.0	sense	0.8079915120616085	0.09259320145829526	0.05
GLIS3	23	37	1.1242222059925362	0.2086791320867913	chr1	173837092.0	173837206.0	antisense	0.42808090732428733	0.36847414153876873	0.05
GBX2	23	33	1.1221465627481164	0.5591440855914409	chr1	173837092.0	173837206.0	antisense	0.7402953582192802	0.13059497371123704	0.05
GATA3	38	46	1.110378834376377	0.1282871712828717	chr1	173837092.0	173837206.0	antisense	0.320101162960627	0.4947127480162379	0.05
REL	14	24	1.1043370179355187	0.5500449955004499	chr1	173837092.0	173837206.0	sense	0.7357560635689008	0.13326615007284612	0.05
SOX4	26	42	1.1033481468192363	0.15328467153284672	chr1	173837092.0	173837206.0	sense	0.356747733298419	0.44763877762219034	0.05
TFAP2C(var.2)	20	31	1.1027700759400199	0.5885411458854115	chr1	173837092.0	173837206.0	sense	0.7523469327944053	0.12358184524200676	0.05
PAX4	24	32	1.1013213321459945	0.4330566943305669	chr1	173837092.0	173837206.0	antisense	0.6515184688427709	0.1860732686654173	0.05
FOS	23	34	1.1010373233121575	0.4062593740625937	chr1	173837092.0	173837206.0	antisense	0.635086190176163	0.1971673308060296	0.05
NEUROD2	17	27	1.1001569121826644	0.5735426457354265	chr1	173837092.0	173837206.0	antisense	0.7444310568943105	0.12817551684638762	0.05
NFIC	19	25	1.0982043028397819	0.43345665433456654	chr1	173837092.0	173837206.0	sense	0.6515184688427709	0.1860732686654173	0.05
ID4	24	34	1.0928484223987782	0.5050494950504949	chr1	173837092.0	173837206.0	antisense	0.7046255051914163	0.1520416407979528	0.05
NKX2-8	24	33	1.0875571281414596	0.6266373362663734	chr1	173837092.0	173837206.0	antisense	0.777069449453159	0.10954016502609056	0.05
E2F3	27	45	1.0867861536001933	0.43525647435256476	chr1	173837092.0	173837206.0	antisense	0.6515184688427709	0.1860732686654173	0.05
Sox1	27	42	1.0864305077502234	0.3210678932106789	chr1	173837092.0	173837206.0	sense	0.5577399070724157	0.25356828001752896	0.05
MEIS2	21	29	1.086009193125875	0.36236376362363765	chr1	173837092.0	173837206.0	antisense	0.5970374391132316	0.22399843421322982	0.05
Nkx3-1	24	33	1.0811013199411539	0.44555544445555445	chr1	173837092.0	173837206.0	sense	0.6553741226443928	0.18351071067200847	0.05
TBX20	16	27	1.0797780487914619	0.44575542445755423	chr1	173837092.0	173837206.0	antisense	0.6553741226443928	0.18351071067200847	0.05
Lhx3	25	38	1.0757970169097901	0.3234676532346765	chr1	173837092.0	173837206.0	sense	0.5577399070724157	0.25356828001752896	0.05
Bcl6	23	37	1.0738429267804062	0.7707229277072293	chr1	173837092.0	173837206.0	antisense	0.8528560279565265	0.06912427661830722	0.05
NRF1	8	19	1.0629753588136566	0.3865613438656134	chr1	173837092.0	173837206.0	sense	0.6154151456020043	0.21083181980380958	0.05
FEV	17	27	1.061253754561238	0.5205479452054794	chr1	173837092.0	173837206.0	antisense	0.7162307578765934	0.14494703254325517	0.05
Nobox	23	31	1.0585235063954441	0.4263573642635736	chr1	173837092.0	173837206.0	antisense	0.6489134077794566	0.18781325240238672	0.05
ONECUT3	22	36	1.058416019155617	0.41175882411758824	chr1	173837092.0	173837206.0	sense	0.6379188946776965	0.19523453418323744	0.05
Ddit3::Cebpa	24	36	1.0554242292597977	0.7756224377562244	chr1	173837092.0	173837206.0	antisense	0.8528560279565265	0.06912427661830722	0.05
TAL1::TCF3	27	39	1.0546919892070352	0.5266473352664733	chr1	173837092.0	173837206.0	antisense	0.7190555813528594	0.14323753834884573	0.05
SPDEF	41	52	1.0424118704840004	0.43685631436856315	chr1	173837092.0	173837206.0	antisense	0.6515184688427709	0.1860732686654173	0.05
ERG	17	27	1.0298431199986158	0.5156484351564844	chr1	173837092.0	173837206.0	antisense	0.7136574342565744	0.14651020574940882	0.05
FOSL1	23	34	1.0296800830114679	0.42405759424057593	chr1	173837092.0	173837206.0	antisense	0.6473114453260557	0.1888867140109503	0.05
RUNX2	25	34	1.0292190641100045	0.4507549245075492	chr1	173837092.0	173837206.0	sense	0.6589910023082198	0.18112051510943	0.05
ONECUT1	30	44	1.0273970063265903	0.5493450654934506	chr1	173837092.0	173837206.0	sense	0.7357560635689008	0.13326615007284612	0.05
Msx3	25	33	1.0173719761616946	0.42085791420857915	chr1	173837092.0	173837206.0	sense	0.6462285724090313	0.18961384395803718	0.05
DMRT3	16	27	1.0093048174462662	0.7392260773922608	chr1	173837092.0	173837206.0	sense	0.8361961189501965	0.0776918524785306	0.05
TFAP2B(var.2)	20	31	1.008532411628014	0.6095390460953904	chr1	173837092.0	173837206.0	antisense	0.769500773893555	0.11379093905858241	0.05
Dux	25	33	1.0072605489930782	0.30286971302869714	chr1	173837092.0	173837206.0	sense	0.5383197981571706	0.2689596475439674	0.05
GCM2	43	53	1.006698423686568	0.6782321767823217	chr1	173837092.0	173837206.0	sense	0.8079915120616085	0.09259320145829526	0.05
Esrra	24	35	0.9991825491744523	0.30856914308569144	chr1	173837092.0	173837206.0	sense	0.5428724924117758	0.26530216367943826	0.05
FOXP2	40	51	0.9902237324749723	0.42245775422457754	chr1	173837092.0	173837206.0	sense	0.6467716060252382	0.1892490543457758	0.05
SP2	14	29	0.9861870211361901	0.7131286871312869	chr1	173837092.0	173837206.0	sense	0.8279950528437089	0.08197225805702431	0.05
RUNX3	25	35	0.9744811188677976	0.583941605839416	chr1	173837092.0	173837206.0	sense	0.7520240531778087	0.12376826845711479	0.05
Gabpa	15	26	0.9701201160967017	0.6120387961203879	chr1	173837092.0	173837206.0	antisense	0.769500773893555	0.11379093905858241	0.05
LEF1	33	48	0.9681615593621617	0.6123387661233877	chr1	173837092.0	173837206.0	antisense	0.769500773893555	0.11379093905858241	0.05
Tcf21	25	39	0.9673799248667723	0.5292470752924707	chr1	173837092.0	173837206.0	sense	0.7190555813528594	0.14323753834884573	0.05
Klf1	23	34	0.967239307923671	0.5043495650434956	chr1	173837092.0	173837206.0	sense	0.7046255051914163	0.1520416407979528	0.05
ETS1	17	27	0.9669044336445121	0.5737426257374263	chr1	173837092.0	173837206.0	antisense	0.7444310568943105	0.12817551684638762	0.05
Mecom	23	37	0.964944250808701	0.5183481651834817	chr1	173837092.0	173837206.0	antisense	0.7154858982186888	0.14539892149352893	0.05
TBX1	25	33	0.9638436662084614	0.34026597340265974	chr1	173837092.0	173837206.0	antisense	0.5715146931908751	0.24297259975743002	0.05
NR3C2	18	35	0.9622718485882644	0.7205279472052795	chr1	173837092.0	173837206.0	sense	0.830201902204458	0.08081627587685236	0.05
ETV6	17	27	0.9569279090551698	0.5913408659134086	chr1	173837092.0	173837206.0	antisense	0.7540685734866316	0.12258915846352607	0.05
NR2C2	13	28	0.9548729752177064	0.6791320867913209	chr1	173837092.0	173837206.0	antisense	0.8079915120616085	0.09259320145829526	0.05
KLF5	14	24	0.9451103182005017	0.34936506349365065	chr1	173837092.0	173837206.0	antisense	0.5804592064755185	0.23622829620982075	0.05
Sox11	27	42	0.9443336528798413	0.21487851214878512	chr1	173837092.0	173837206.0	sense	0.4322556116481375	0.36425935990019165	0.05
TCF3	19	29	0.9441950283524677	0.654034596540346	chr1	173837092.0	173837206.0	sense	0.7931801225471858	0.10062817794661373	0.05
NKX2-3	24	34	0.9440092999133713	0.7267273272672733	chr1	173837092.0	173837206.0	antisense	0.8326081299154854	0.07955935280523994	0.05
NFAT5	26	36	0.9413917820661234	0.752024797520248	chr1	173837092.0	173837206.0	antisense	0.8429824404168654	0.074181471768479	0.05
SRF	25	41	0.9357098287975191	0.6232376762323768	chr1	173837092.0	173837206.0	sense	0.777069449453159	0.10954016502609056	0.05
E2F1	18	30	0.9320286066657049	0.8066193380661933	chr1	173837092.0	173837206.0	antisense	0.8703439427367035	0.06030908885927254	0.05
OLIG3	17	27	0.9312555493364228	0.7214278572142786	chr1	173837092.0	173837206.0	sense	0.830201902204458	0.08081627587685236	0.05
GLIS2	11	25	0.9294007485509367	0.6065393460653935	chr1	173837092.0	173837206.0	sense	0.769500773893555	0.11379093905858241	0.05
PAX3	25	35	0.9289083028550099	0.32216778322167783	chr1	173837092.0	173837206.0	antisense	0.5577399070724157	0.25356828001752896	0.05
FLI1	17	27	0.9274472105193865	0.5282471752824718	chr1	173837092.0	173837206.0	antisense	0.7190555813528594	0.14323753834884573	0.05
NFATC2	25	32	0.924777792154018	0.4814518548145185	chr1	173837092.0	173837206.0	sense	0.6921703951488507	0.15978697987350945	0.05
HOXA5	37	45	0.9210751409926081	0.6556344365563443	chr1	173837092.0	173837206.0	sense	0.7931801225471858	0.10062817794661373	0.05
GCM1	34	45	0.918588511541769	0.708929107089291	chr1	173837092.0	173837206.0	antisense	0.8268184417513303	0.08258984522626994	0.05
STAT3	18	29	0.9171723584083173	0.6523347665233477	chr1	173837092.0	173837206.0	antisense	0.7931801225471858	0.10062817794661373	0.05
RXRA::VDR	25	40	0.916845926160435	0.5006499350064993	chr1	173837092.0	173837206.0	antisense	0.7046255051914163	0.1520416407979528	0.05
ETV2	17	28	0.9113461551776317	0.541045895410459	chr1	173837092.0	173837206.0	antisense	0.7324428178943764	0.13522627519543104	0.05
Gfi1b	26	37	0.9107768792555696	0.6314368563143685	chr1	173837092.0	173837206.0	sense	0.777069449453159	0.10954016502609056	0.05
PAX7	25	35	0.9099445253493228	0.2990700929907009	chr1	173837092.0	173837206.0	antisense	0.5344630485405067	0.27208231546866735	0.05
Ar	8	25	0.9062231335335188	0.7997200279972003	chr1	173837092.0	173837206.0	sense	0.8701356279466393	0.06041304867101587	0.05
Nkx2-5	24	31	0.9060005012091777	0.5680431956804319	chr1	173837092.0	173837206.0	sense	0.7444310568943105	0.12817551684638762	0.05
HNF4G	11	26	0.9028127982161923	0.9171082891710829	chr1	173837092.0	173837206.0	antisense	0.9351261337520471	0.02912980570726235	0.05
SCRT2	25	38	0.9009697225755099	0.543945605439456	chr1	173837092.0	173837206.0	antisense	0.7324428178943764	0.13522627519543104	0.05
Nr2f6	13	27	0.8934092594279828	0.6223377662233777	chr1	173837092.0	173837206.0	antisense	0.777069449453159	0.10954016502609056	0.05
GRHL1	32	44	0.8906763391647324	0.7206279372062794	chr1	173837092.0	173837206.0	antisense	0.830201902204458	0.08081627587685236	0.05
ZBTB7B	25	37	0.8897377494717542	0.7106289371062894	chr1	173837092.0	173837206.0	sense	0.8269426420586641	0.08252461269811916	0.05
Sox2	27	35	0.8894724431844854	0.29327067293270676	chr1	173837092.0	173837206.0	antisense	0.5284651465649284	0.27698365008534165	0.05
TBX15	25	33	0.8873087512058767	0.36996300369963003	chr1	173837092.0	173837206.0	antisense	0.6057122994325173	0.21773360757916135	0.05
SNAI2	25	34	0.885318640999697	0.813918608139186	chr1	173837092.0	173837206.0	antisense	0.8763978373946837	0.0572987027780532	0.05
TEAD3	25	33	0.8790360742451121	0.47855214478552144	chr1	173837092.0	173837206.0	sense	0.6918344377261438	0.1599978237293054	0.05
HSF4	24	37	0.8780436748783926	0.8828117188281172	chr1	173837092.0	173837206.0	antisense	0.9181151467358234	0.03710284771383489	0.05
Sox5	26	33	0.8683200219181397	0.4400559944005599	chr1	173837092.0	173837206.0	antisense	0.6544099171744716	0.1841501278246396	0.05
STAT1::STAT2	25	40	0.8657538370293769	0.7073292670732927	chr1	173837092.0	173837206.0	sense	0.8268184417513303	0.08258984522626994	0.05
ERF	27	37	0.8647174713727489	0.650934906509349	chr1	173837092.0	173837206.0	sense	0.7931801225471858	0.10062817794661373	0.05
Atoh1	24	34	0.8605862012651124	0.7678232176782321	chr1	173837092.0	173837206.0	antisense	0.8514962606303472	0.06981725491356087	0.05
BHLHE23	26	38	0.8568069769115055	0.6546345365463454	chr1	173837092.0	173837206.0	sense	0.7931801225471858	0.10062817794661373	0.05
OLIG2	27	37	0.8502531474934307	0.684931506849315	chr1	173837092.0	173837206.0	sense	0.8115969224995307	0.09065960844007884	0.05
POU3F4	42	51	0.8492772749681602	0.47495250474952505	chr1	173837092.0	173837206.0	antisense	0.6885484635893953	0.16206548644741262	0.05
RREB1	26	46	0.8485558169105285	0.43685631436856315	chr1	173837092.0	173837206.0	sense	0.6515184688427709	0.1860732686654173	0.05
BHLHE22	17	27	0.8403612625748378	0.6494350564943505	chr1	173837092.0	173837206.0	sense	0.7931801225471858	0.10062817794661373	0.05
Myod1	42	55	0.8397635866822302	0.8583141685831417	chr1	173837092.0	173837206.0	antisense	0.9058386844242405	0.04294913643155405	0.05
STAT1	18	29	0.8377557127703893	0.638936106389361	chr1	173837092.0	173837206.0	antisense	0.783942882307514	0.10571557864504696	0.05
JUNB	22	33	0.8350412680071853	0.6993300669933007	chr1	173837092.0	173837206.0	sense	0.8211590605645318	0.08557271080427076	0.05
ZIC3	11	26	0.8315096491910502	0.7753224677532247	chr1	173837092.0	173837206.0	sense	0.8528560279565265	0.06912427661830722	0.05
NFE2	23	34	0.8265230168249287	0.5016498350164984	chr1	173837092.0	173837206.0	sense	0.7046255051914163	0.1520416407979528	0.05
ZIC1	8	22	0.8249630308629321	0.6212378762123788	chr1	173837092.0	173837206.0	sense	0.777069449453159	0.10954016502609056	0.05
IRF7	12	26	0.8219098930937667	0.6877312268773123	chr1	173837092.0	173837206.0	antisense	0.8130581019346812	0.08987841818453154	0.05
NHLH1	15	25	0.8152187604967621	0.7308269173082692	chr1	173837092.0	173837206.0	antisense	0.8336245496329489	0.07902950420154423	0.05
OLIG1	27	37	0.8120916181119678	0.5421457854214579	chr1	173837092.0	173837206.0	sense	0.7324428178943764	0.13522627519543104	0.05
Vdr	25	41	0.810506312100871	0.6801319868013199	chr1	173837092.0	173837206.0	antisense	0.8079915120616085	0.09259320145829526	0.05
FOSL2	22	33	0.8008792674553072	0.7213278672132787	chr1	173837092.0	173837206.0	sense	0.830201902204458	0.08081627587685236	0.05
LIN54	26	35	0.7999306559743725	0.6318368163183682	chr1	173837092.0	173837206.0	antisense	0.777069449453159	0.10954016502609056	0.05
GLIS1	7	23	0.7989749966052977	0.41925807419258077	chr1	173837092.0	173837206.0	antisense	0.6461442876483865	0.18967049077822318	0.05
ZBED1	17	30	0.7972640602116805	0.5865413458654135	chr1	173837092.0	173837206.0	sense	0.7523469327944053	0.12358184524200676	0.05
ZEB1	26	35	0.7931080968856881	0.5884411558844116	chr1	173837092.0	173837206.0	antisense	0.7523469327944053	0.12358184524200676	0.05
MEF2A	24	36	0.7894386203227762	0.5589441055894411	chr1	173837092.0	173837206.0	sense	0.7402953582192802	0.13059497371123704	0.05
Twist2	24	34	0.7875733541423213	0.8063193680631937	chr1	173837092.0	173837206.0	sense	0.8703439427367035	0.06030908885927254	0.05
Stat6	21	36	0.7817884008645081	0.9586041395860414	chr1	173837092.0	173837206.0	sense	0.9641774194673557	0.015843043684330753	0.05
MSC	32	42	0.7806235424360599	0.6653334666533347	chr1	173837092.0	173837206.0	sense	0.8030420213792575	0.0952617284751876	0.05
MEF2D	39	51	0.7742399521192149	0.48695130486951305	chr1	173837092.0	173837206.0	antisense	0.6962196342349236	0.157253733249883	0.05
E2F2	30	46	0.772163387231247	0.5709429057094291	chr1	173837092.0	173837206.0	antisense	0.7444310568943105	0.12817551684638762	0.05
E2F7	17	31	0.7617159693452222	0.39816018398160186	chr1	173837092.0	173837206.0	sense	0.6243055452762881	0.20460280751273277	0.05
INSM1	13	25	0.7563407085150246	0.7564243575642435	chr1	173837092.0	173837206.0	sense	0.846086727534143	0.07258511762408021	0.05
RELA	14	24	0.7535516492486838	0.5725427457254274	chr1	173837092.0	173837206.0	sense	0.7444310568943105	0.12817551684638762	0.05
VENTX	35	44	0.7523343239136824	0.8048195180481952	chr1	173837092.0	173837206.0	sense	0.8703439427367035	0.06030908885927254	0.05
CDX2	37	48	0.7505955521364788	0.7292270772922708	chr1	173837092.0	173837206.0	sense	0.8336245496329489	0.07902950420154423	0.05
IRF2	13	31	0.749832560610144	0.7737226277372263	chr1	173837092.0	173837206.0	antisense	0.8528560279565265	0.06912427661830722	0.05
Myc	26	36	0.7391327391838176	0.7461253874612539	chr1	173837092.0	173837206.0	antisense	0.8402016941163026	0.07561644712006897	0.05
MYF6	32	42	0.7330113282644475	0.6803319668033196	chr1	173837092.0	173837206.0	sense	0.8079915120616085	0.09259320145829526	0.05
JUND	23	34	0.7327018538882453	0.7648235176482352	chr1	173837092.0	173837206.0	antisense	0.8499858793563899	0.07058828907222447	0.05
Klf12	7	22	0.7318302236070082	0.8508149185081492	chr1	173837092.0	173837206.0	antisense	0.9011692708280191	0.04519362580013524	0.05
MEF2B	39	51	0.731693107939917	0.5608439156084392	chr1	173837092.0	173837206.0	sense	0.7406564687042746	0.1303831797943148	0.05
ELK1	27	37	0.7266833221180329	0.7463253674632536	chr1	173837092.0	173837206.0	sense	0.8402016941163026	0.07561644712006897	0.05
ZNF410	31	48	0.7240070113431094	0.6676332366763323	chr1	173837092.0	173837206.0	sense	0.8039481434687157	0.09477196335565384	0.05
Rxra	14	28	0.7202817272059842	0.5560443955604439	chr1	173837092.0	173837206.0	sense	0.739966772553514	0.13078778137800365	0.05
RXRB	14	28	0.7164120375246166	0.5447455254474552	chr1	173837092.0	173837206.0	sense	0.7324428178943764	0.13522627519543104	0.05
HIC2	42	51	0.7131666958775347	0.9673032696730327	chr1	173837092.0	173837206.0	sense	0.9710452552423675	0.01276052946991086	0.05
SOX10	15	21	0.7107237110051774	0.7615238476152385	chr1	173837092.0	173837206.0	sense	0.8483576535050358	0.07142101779347755	0.05
NR1H2::RXRA	13	30	0.7033066376684115	0.571042895710429	chr1	173837092.0	173837206.0	sense	0.7444310568943105	0.12817551684638762	0.05
RXRG	14	28	0.7017328536109345	0.5988401159884011	chr1	173837092.0	173837206.0	sense	0.7617598534264219	0.11818191943407606	0.05
NFIA	11	21	0.7016884236759103	0.8623137686231377	chr1	173837092.0	173837206.0	sense	0.9061632298308631	0.04279356454211887	0.05
Znf423	25	40	0.6996142738430837	0.7479252074792521	chr1	173837092.0	173837206.0	antisense	0.8402016941163026	0.07561644712006897	0.05
ZBTB18	26	39	0.6987949275854637	0.8897110288971103	chr1	173837092.0	173837206.0	antisense	0.9181151467358234	0.03710284771383489	0.05
IRF9	12	27	0.6894947123714367	0.503949605039496	chr1	173837092.0	173837206.0	antisense	0.7046255051914163	0.1520416407979528	0.05
CLOCK	19	29	0.6888639233657547	0.8898110188981102	chr1	173837092.0	173837206.0	sense	0.9181151467358234	0.03710284771383489	0.05
ELF4	9	21	0.6797507232923278	0.8479152084791521	chr1	173837092.0	173837206.0	antisense	0.8999345464226584	0.04578907629531123	0.05
TFCP2	44	54	0.6788302574543342	0.9027097290270973	chr1	173837092.0	173837206.0	sense	0.9277353452773536	0.032575897141341716	0.05
ELF1	9	21	0.6778615403739855	0.8587141285871412	chr1	173837092.0	173837206.0	antisense	0.9058386844242405	0.04294913643155405	0.05
SPIB	25	32	0.6727906322908856	0.8162183781621838	chr1	173837092.0	173837206.0	sense	0.8765290826289271	0.05723366974049362	0.05
Myb	25	35	0.6700492069465664	0.8174182581741826	chr1	173837092.0	173837206.0	sense	0.8765290826289271	0.05723366974049362	0.05
TCF4	45	55	0.668460808349755	0.8821117888211178	chr1	173837092.0	173837206.0	antisense	0.9181151467358234	0.03710284771383489	0.05
Stat5a::Stat5b	42	53	0.6677181355438904	0.8871112888711129	chr1	173837092.0	173837206.0	sense	0.9181151467358234	0.03710284771383489	0.05
NEUROG2	27	37	0.663286378875331	0.7395260473952605	chr1	173837092.0	173837206.0	sense	0.8361961189501965	0.0776918524785306	0.05
Nkx2-5(var.2)	11	22	0.662720436233033	0.9321067893210679	chr1	173837092.0	173837206.0	antisense	0.9424864906505459	0.025724866138583408	0.05
Sox3	26	36	0.6624818970687265	0.7348265173482652	chr1	173837092.0	173837206.0	antisense	0.8361961189501965	0.0776918524785306	0.05
JDP2	12	21	0.660814083565592	0.6284371562843716	chr1	173837092.0	173837206.0	antisense	0.777069449453159	0.10954016502609056	0.05
ZNF143	34	50	0.6567243294805593	0.8261173882611739	chr1	173837092.0	173837206.0	sense	0.8838134705048014	0.053639383491850275	0.05
SPI1	26	40	0.6330667452398475	0.7084291570842915	chr1	173837092.0	173837206.0	sense	0.8268184417513303	0.08258984522626994	0.05
ELK4	8	19	0.620434640477659	0.9306069393060694	chr1	173837092.0	173837206.0	sense	0.9424864906505459	0.025724866138583408	0.05
Crx	39	50	0.6204225047007402	0.9288071192880712	chr1	173837092.0	173837206.0	antisense	0.9424864906505459	0.025724866138583408	0.05
ZNF354C	42	48	0.6174354710694564	0.7842215778422158	chr1	173837092.0	173837206.0	sense	0.8604883697676744	0.06525499515612578	0.05
Klf4	14	24	0.6146114875087845	0.8031196880311969	chr1	173837092.0	173837206.0	sense	0.8703439427367035	0.06030908885927254	0.05
IRF8	12	26	0.6144231886435881	0.6744325567443256	chr1	173837092.0	173837206.0	antisense	0.8079915120616085	0.09259320145829526	0.05
Sox6	43	53	0.6003376485207959	0.8276172382761724	chr1	173837092.0	173837206.0	antisense	0.8838134705048014	0.053639383491850275	0.05
PLAG1	26	40	0.5813164819202705	0.7926207379262074	chr1	173837092.0	173837206.0	antisense	0.8642230314783648	0.06337416395549857	0.05
HSF2	35	48	0.5730239435755836	0.932006799320068	chr1	173837092.0	173837206.0	sense	0.9424864906505459	0.025724866138583408	0.05
Ascl2	27	37	0.5717814067853089	0.9159084091590841	chr1	173837092.0	173837206.0	sense	0.9351261337520471	0.02912980570726235	0.05
E2F4	14	25	0.5712991600604507	0.9069093090690931	chr1	173837092.0	173837206.0	sense	0.9302093506064413	0.0314192992081087	0.05
Bhlha15	40	48	0.5687714858419516	0.8471152884711529	chr1	173837092.0	173837206.0	antisense	0.8999345464226584	0.04578907629531123	0.05
HSF1	35	48	0.5674216801296909	0.8704129587041296	chr1	173837092.0	173837206.0	sense	0.9117615401437724	0.04011873112463532	0.05
Hnf4a	31	47	0.5491835615111672	0.9001099890010998	chr1	173837092.0	173837206.0	antisense	0.9268989767689898	0.032967597271469994	0.05
E2F6	15	26	0.5380033803435201	0.9154084591540846	chr1	173837092.0	173837206.0	antisense	0.9351261337520471	0.02912980570726235	0.05
ZNF740	12	22	0.5360491930882108	0.7873212678732127	chr1	173837092.0	173837206.0	antisense	0.8620669578611759	0.06445900064827913	0.05
SP1	13	24	0.5136807163652676	0.8886111388861114	chr1	173837092.0	173837206.0	antisense	0.9181151467358234	0.03710284771383489	0.05
E2F8	18	30	0.5130017832642805	0.7909209079092091	chr1	173837092.0	173837206.0	sense	0.8641851604313253	0.06339319555559482	0.05
BCL6B	24	41	0.5123224957382193	0.7265273472652735	chr1	173837092.0	173837206.0	antisense	0.8326081299154854	0.07955935280523994	0.05
EBF1	11	25	0.4874077717229859	0.9902009799020098	chr1	173837092.0	173837206.0	sense	0.9902009799020098	0.004276648226888684	0.05
SOX8	38	54	0.46800884369317614	0.7617238276172382	chr1	173837092.0	173837206.0	sense	0.8483576535050358	0.07142101779347755	0.05
NFKB2	12	25	0.4369588061742388	0.9831016898310169	chr1	173837092.0	173837206.0	antisense	0.9849995695411153	0.00656395929524019	0.05
PKNOX1	31	43	0.42371710279756436	0.8625137486251375	chr1	173837092.0	173837206.0	antisense	0.9061632298308631	0.04279356454211887	0.05
PKNOX2	31	43	0.4189185124423028	0.8731126887311269	chr1	173837092.0	173837206.0	antisense	0.9117615401437724	0.04011873112463532	0.05
Nr2e3	8	15	0.4174673229128131	0.9334066593340666	chr1	173837092.0	173837206.0	antisense	0.9424864906505459	0.025724866138583408	0.05
TGIF1	31	43	0.40884070094807734	0.8721127887211279	chr1	173837092.0	173837206.0	antisense	0.9117615401437724	0.04011873112463532	0.05
NFKB1	13	26	0.3509440173155774	0.9585041495850415	chr1	173837092.0	173837206.0	sense	0.9641774194673557	0.015843043684330753	0.05
EWSR1-FLI1	10	28	0.16633457278997785	0.8326167383261673	chr1	173837092.0	173837206.0	antisense	0.8873266677439032	0.051916465984741346	0.05
