motif	start	end	score	pval	tile_chr	tile_start	tile_end	strand	padj	neg_log_pval	fdr_cutoff
Gmeb1	41	58	1.017675308994324	0.0040995900409959	chrX	73164097.0	73164211.0	antisense	0.06811193880611939	1.1667767573504104	0.05
ELF5	43	54	0.8781602024817364	0.00029997000299970003	chrX	73164097.0	73164211.0	antisense	0.023588550235885502	1.627298750250611	0.05
GSC2	42	52	0.8512417115663915	0.0028997100289971	chrX	73164097.0	73164211.0	sense	0.0557388705573887	1.253841835688436	0.05
ETV4	43	53	0.8474011683699088	0.00039996000399960006	chrX	73164097.0	73164211.0	antisense	0.023588550235885502	1.627298750250611	0.05
SPDEF	43	54	0.8427696916392404	9.999000099990002e-05	chrX	73164097.0	73164211.0	antisense	0.023588550235885502	1.627298750250611	0.05
ETV1	43	53	0.8378398127950251	0.0004999500049995	chrX	73164097.0	73164211.0	antisense	0.023588550235885502	1.627298750250611	0.05
ETV5	43	53	0.7920389183570496	0.0014998500149985001	chrX	73164097.0	73164211.0	antisense	0.043245675432456755	1.3640573154760296	0.05
OTX1	43	51	0.7760279962259694	0.00029997000299970003	chrX	73164097.0	73164211.0	sense	0.023588550235885502	1.627298750250611	0.05
ELK3	43	53	0.7719974972828538	0.0004999500049995	chrX	73164097.0	73164211.0	antisense	0.023588550235885502	1.627298750250611	0.05
YY2	46	57	0.7435598633868826	0.0006999300069993001	chrX	73164097.0	73164211.0	sense	0.02965417743939892	1.5279141181146991	0.05
NRL	46	57	0.7429165094046077	0.007899210078992101	chrX	73164097.0	73164211.0	antisense	0.10249225077492252	0.9893089694659257	0.05
EHF	43	55	0.708997968955714	0.00039996000399960006	chrX	73164097.0	73164211.0	antisense	0.023588550235885502	1.627298750250611	0.05
SP2	45	60	0.7073243780576458	0.0007999200079992001	chrX	73164097.0	73164211.0	sense	0.02965417743939892	1.5279141181146991	0.05
HINFP	42	54	0.7046242839982917	0.0007999200079992001	chrX	73164097.0	73164211.0	sense	0.02965417743939892	1.5279141181146991	0.05
ELF3	42	55	0.7034168238545871	0.00029997000299970003	chrX	73164097.0	73164211.0	antisense	0.023588550235885502	1.627298750250611	0.05
ETV6	43	53	0.6938026344867487	0.000999900009999	chrX	73164097.0	73164211.0	antisense	0.03243425657434257	1.4889960520843295	0.05
EGR3	46	61	0.6933287038245004	0.00039996000399960006	chrX	73164097.0	73164211.0	sense	0.023588550235885502	1.627298750250611	0.05
EGR1	45	59	0.6907827099729966	0.00019998000199980003	chrX	73164097.0	73164211.0	sense	0.023588550235885502	1.627298750250611	0.05
ELK4	42	53	0.6809022154294747	0.0008999100089991	chrX	73164097.0	73164211.0	sense	0.031136886311368864	1.506724819044761	0.05
SPIC	43	57	0.64543886906824	0.0044995500449955	chrX	73164097.0	73164211.0	antisense	0.0707656507076565	1.1501774955309487	0.05
FEV	43	53	0.6442904315787806	0.0021997800219978004	chrX	73164097.0	73164211.0	antisense	0.0518948105189481	1.284876069428405	0.05
GCM2	45	55	0.6357672311730506	0.0026997300269973002	chrX	73164097.0	73164211.0	antisense	0.0557388705573887	1.253841835688436	0.05
ERG	43	53	0.6284507667137705	0.0022997700229977	chrX	73164097.0	73164211.0	antisense	0.0518948105189481	1.284876069428405	0.05
ETV3	43	53	0.6224117529195449	0.0028997100289971	chrX	73164097.0	73164211.0	antisense	0.0557388705573887	1.253841835688436	0.05
OTX2	43	51	0.6188241712901608	0.0046995300469953	chrX	73164097.0	73164211.0	sense	0.0711700258545574	1.1477028764030932	0.05
ETV2	43	54	0.6134527094163625	0.0013998600139986002	chrX	73164097.0	73164211.0	antisense	0.042736902780310206	1.3691969551284406	0.05
ETS1	43	53	0.6076526734416727	0.0022997700229977	chrX	73164097.0	73164211.0	antisense	0.0518948105189481	1.284876069428405	0.05
GSC	42	52	0.6057087631284254	0.0105989401059894	chrX	73164097.0	73164211.0	sense	0.12224110922241109	0.9127827179389782	0.05
Pitx1	43	51	0.598809675631508	0.009599040095990401	chrX	73164097.0	73164211.0	sense	0.11861670975759567	0.9258541267867368	0.05
Mafb	45	57	0.593556329888112	0.0117988201179882	chrX	73164097.0	73164211.0	antisense	0.1331214704616495	0.8757518938038535	0.05
MZF1(var.2)	46	56	0.5914406726994101	0.0071992800719928	chrX	73164097.0	73164211.0	antisense	0.09832700940432272	1.0073271696139465	0.05
PITX3	42	51	0.5875953608563115	0.013298670132986702	chrX	73164097.0	73164211.0	sense	0.13838616138386162	0.8589073371561237	0.05
Hes1	45	55	0.5866663314434158	0.1024897510248975	chrX	73164097.0	73164211.0	sense	0.3309095016424283	0.4802907624514152	0.05
FLI1	43	53	0.5726385832447839	0.0024997500249975004	chrX	73164097.0	73164211.0	antisense	0.05405709429057095	1.2671473024679731	0.05
ELF1	43	55	0.5718268873700992	0.0021997800219978004	chrX	73164097.0	73164211.0	antisense	0.0518948105189481	1.284876069428405	0.05
SPI1	43	57	0.5710463472885221	0.0004999500049995	chrX	73164097.0	73164211.0	antisense	0.023588550235885502	1.627298750250611	0.05
Gabpa	41	52	0.568042269465997	0.0047995200479952005	chrX	73164097.0	73164211.0	antisense	0.0711700258545574	1.1477028764030932	0.05
ERF	43	53	0.5674316199969734	0.0030996900309969004	chrX	73164097.0	73164211.0	antisense	0.0574549687888354	1.2406724069363513	0.05
NFATC1	43	53	0.5658763017304969	0.032396760323967606	chrX	73164097.0	73164211.0	sense	0.23973940634105603	0.6202605744358011	0.05
ELF4	43	55	0.5656186318909694	0.0021997800219978004	chrX	73164097.0	73164211.0	antisense	0.0518948105189481	1.284876069428405	0.05
GCM1	45	56	0.5616227869931104	0.0037996200379962005	chrX	73164097.0	73164211.0	sense	0.06573342665733427	1.182213727531257	0.05
GSX1	42	52	0.5517388878974026	0.07089291070892911	chrX	73164097.0	73164211.0	antisense	0.31811940757143803	0.4974098349980286	0.05
GSX2	42	52	0.5483969162078415	0.0770922907709229	chrX	73164097.0	73164211.0	antisense	0.3200871912808719	0.4947317043855043	0.05
RHOXF1	43	51	0.5463753716641541	0.013398660133986601	chrX	73164097.0	73164211.0	sense	0.13838616138386162	0.8589073371561237	0.05
HOXD12	43	54	0.5428859451726034	0.004199580041995801	chrX	73164097.0	73164211.0	antisense	0.06811193880611939	1.1667767573504104	0.05
ELK1	43	53	0.5417138297200343	0.0034996500349965005	chrX	73164097.0	73164211.0	antisense	0.06263166786769599	1.2032060229770853	0.05
TFAP2C(var.2)	43	54	0.5333554822836395	0.013298670132986702	chrX	73164097.0	73164211.0	antisense	0.13838616138386162	0.8589073371561237	0.05
Neurog1	43	53	0.5196344768863327	0.0841915808419158	chrX	73164097.0	73164211.0	sense	0.3213212925282814	0.49306049473747865	0.05
POU2F2	43	56	0.5116557455831886	0.010298970102989701	chrX	73164097.0	73164211.0	sense	0.12224110922241109	0.9127827179389782	0.05
NFATC3	43	53	0.5078493535167917	0.03849615038496151	chrX	73164097.0	73164211.0	sense	0.2684691530846915	0.5711056072258978	0.05
Pax6	41	55	0.5072870139796943	0.0188981101889811	chrX	73164097.0	73164211.0	antisense	0.16623930827256259	0.7792662768973049	0.05
SMAD2::SMAD3::SMAD4	48	61	0.5067334999191087	0.0163983601639836	chrX	73164097.0	73164211.0	sense	0.15474088954740892	0.8103949108749507	0.05
MAFK	42	57	0.5063149886470351	0.0254974502549745	chrX	73164097.0	73164211.0	sense	0.2051840969749179	0.6878563027399658	0.05
THAP1	47	56	0.5034998665805895	0.0628937106289371	chrX	73164097.0	73164211.0	antisense	0.31621884540517914	0.5000122513816943	0.05
ALX3	42	52	0.4997711089091291	0.070992900709929	chrX	73164097.0	73164211.0	antisense	0.31811940757143803	0.4974098349980286	0.05
SPIB	46	53	0.4989731593146446	0.007899210078992101	chrX	73164097.0	73164211.0	antisense	0.10249225077492252	0.9893089694659257	0.05
Tcfl5	43	53	0.49864533245274667	0.1317868213178682	chrX	73164097.0	73164211.0	sense	0.36189079504747934	0.441422463343658	0.05
BARHL2	47	57	0.4949310674236974	0.047995200479952004	chrX	73164097.0	73164211.0	antisense	0.28631619596661023	0.5431540846714361	0.05
TFAP2B(var.2)	43	54	0.4923914415126775	0.014198580141985802	chrX	73164097.0	73164211.0	antisense	0.14171275180174292	0.8485910686801474	0.05
MAFF	41	59	0.49114960579857986	0.050294970502949704	chrX	73164097.0	73164211.0	sense	0.29329314259585276	0.5326980910173902	0.05
EGR2	48	59	0.48435973589862286	0.0066993300669933005	chrX	73164097.0	73164211.0	sense	0.09397168391268981	1.0270029907945735	0.05
Crx	43	54	0.4827310748136484	0.0183981601839816	chrX	73164097.0	73164211.0	antisense	0.16623930827256259	0.7792662768973049	0.05
TFCP2	45	55	0.4800459923830628	0.0187981201879812	chrX	73164097.0	73164211.0	antisense	0.16623930827256259	0.7792662768973049	0.05
RUNX3	45	55	0.47680290524040586	0.015398460153984602	chrX	73164097.0	73164211.0	sense	0.15078869471543413	0.8216312181927308	0.05
Stat6	42	57	0.46199439743489673	0.03849615038496151	chrX	73164097.0	73164211.0	antisense	0.2684691530846915	0.5711056072258978	0.05
HOXD11	43	53	0.46034788717357394	0.017298270172982702	chrX	73164097.0	73164211.0	antisense	0.1603178967817504	0.7950179933058098	0.05
HOXC12	43	54	0.45035748752341614	0.015998400159984	chrX	73164097.0	73164211.0	antisense	0.153762401537624	0.8131498465954486	0.05
ZBTB18	42	55	0.44731283237792324	0.025697430256974303	chrX	73164097.0	73164211.0	antisense	0.2051840969749179	0.6878563027399658	0.05
NFIX	47	56	0.44693905365296727	0.08339166083391661	chrX	73164097.0	73164211.0	sense	0.3213212925282814	0.49306049473747865	0.05
Hand1::Tcf3	45	55	0.44637133418607855	0.04509549045095491	chrX	73164097.0	73164211.0	sense	0.27862570885768567	0.5549788136123259	0.05
NRF1	48	59	0.4457860888992859	0.013598640135986401	chrX	73164097.0	73164211.0	sense	0.13838616138386162	0.8589073371561237	0.05
ZBTB7A	47	59	0.4439622146533921	0.0327967203279672	chrX	73164097.0	73164211.0	antisense	0.23973940634105603	0.6202605744358011	0.05
POU2F1	45	57	0.44276421001113614	0.044195580441955803	chrX	73164097.0	73164211.0	antisense	0.2763554969804224	0.5585318924553869	0.05
TFAP4	46	56	0.44189520244486064	0.013398660133986601	chrX	73164097.0	73164211.0	antisense	0.13838616138386162	0.8589073371561237	0.05
TFAP2A	43	54	0.441244125736494	0.04179582041795821	chrX	73164097.0	73164211.0	antisense	0.2742096160754295	0.5619173192938826	0.05
ZBTB7C	46	58	0.44102462073739246	0.06829317068293171	chrX	73164097.0	73164211.0	antisense	0.31811940757143803	0.4974098349980286	0.05
Dmbx1	44	61	0.4403284008628266	0.07829217078292171	chrX	73164097.0	73164211.0	sense	0.3213212925282814	0.49306049473747865	0.05
Prrx2	43	51	0.43345919436798463	0.09019098090190981	chrX	73164097.0	73164211.0	antisense	0.3213212925282814	0.49306049473747865	0.05
E2F4	43	54	0.4331665539098945	0.027497250274972504	chrX	73164097.0	73164211.0	antisense	0.2162283771622838	0.6650873111400109	0.05
LBX2	42	52	0.4300555100142806	0.1526847315268473	chrX	73164097.0	73164211.0	antisense	0.3801539657355019	0.4200404746285977	0.05
E2F1	44	56	0.42808752864193506	0.04279572042795721	chrX	73164097.0	73164211.0	sense	0.2742096160754295	0.5619173192938826	0.05
Pou2f3	42	58	0.42616481091637365	0.0585941405859414	chrX	73164097.0	73164211.0	antisense	0.31621884540517914	0.5000122513816943	0.05
POU1F1	43	57	0.4230479563633401	0.042495750424957505	chrX	73164097.0	73164211.0	antisense	0.2742096160754295	0.5619173192938826	0.05
RAX2	43	51	0.42212278280450616	0.0867913208679132	chrX	73164097.0	73164211.0	antisense	0.3213212925282814	0.49306049473747865	0.05
TAL1::TCF3	41	53	0.42018649686398607	0.030996900309969003	chrX	73164097.0	73164211.0	sense	0.23657928324814578	0.6260232883003685	0.05
RUNX2	45	54	0.41769288744165717	0.024397560243975602	chrX	73164097.0	73164211.0	sense	0.20181315201813152	0.695050534517454	0.05
Pax2	48	56	0.4149827380312218	0.15308469153084692	chrX	73164097.0	73164211.0	antisense	0.3801539657355019	0.4200404746285977	0.05
Gata4	42	53	0.4148765013281665	0.029197080291970802	chrX	73164097.0	73164211.0	sense	0.22616842793332603	0.645568020680813	0.05
Hoxa11	42	54	0.4139417314284326	0.07479252074792521	chrX	73164097.0	73164211.0	antisense	0.31811940757143803	0.4974098349980286	0.05
TFAP2C	42	54	0.41372661533755484	0.08589141085891411	chrX	73164097.0	73164211.0	antisense	0.3213212925282814	0.49306049473747865	0.05
UNCX	43	51	0.4129098524131811	0.09169083091690831	chrX	73164097.0	73164211.0	antisense	0.32372477038010483	0.48982406850655985	0.05
SP1	45	56	0.41258299779675267	0.009599040095990401	chrX	73164097.0	73164211.0	sense	0.11861670975759567	0.9258541267867368	0.05
MIXL1	42	52	0.4116677443399495	0.15928407159284072	chrX	73164097.0	73164211.0	sense	0.38474571147536407	0.41482621228391664	0.05
MEIS1	48	55	0.41106044734186903	0.06319368063193681	chrX	73164097.0	73164211.0	antisense	0.31621884540517914	0.5000122513816943	0.05
E2F7	43	57	0.4095689096883355	0.0064993500649935	chrX	73164097.0	73164211.0	sense	0.09369896343698964	1.0282652135528365	0.05
TFAP2A(var.2)	42	54	0.4095277776501153	0.0761923807619238	chrX	73164097.0	73164211.0	sense	0.31890198076966497	0.4963427832510394	0.05
NEUROD2	43	53	0.4092427843802969	0.0603939606039396	chrX	73164097.0	73164211.0	antisense	0.31621884540517914	0.5000122513816943	0.05
Myod1	43	56	0.40792881659737035	0.0613938606139386	chrX	73164097.0	73164211.0	sense	0.31621884540517914	0.5000122513816943	0.05
POU5F1B	46	55	0.40742328736356115	0.041995800419958006	chrX	73164097.0	73164211.0	antisense	0.2742096160754295	0.5619173192938826	0.05
NFYB	43	58	0.40649299985733844	0.06329367063293671	chrX	73164097.0	73164211.0	antisense	0.31621884540517914	0.5000122513816943	0.05
Atf1	47	55	0.4054769364401438	0.038696130386961305	chrX	73164097.0	73164211.0	antisense	0.2684691530846915	0.5711056072258978	0.05
POU3F1	44	56	0.4051557459362169	0.07079292070792921	chrX	73164097.0	73164211.0	antisense	0.31811940757143803	0.4974098349980286	0.05
SREBF2	46	56	0.4035463029562795	0.0235976402359764	chrX	73164097.0	73164211.0	antisense	0.20077336528642217	0.6972939014690653	0.05
MEIS3	47	55	0.4003517784324404	0.06679332066793321	chrX	73164097.0	73164211.0	antisense	0.31811940757143803	0.4974098349980286	0.05
TFAP2B	42	54	0.395991258880767	0.08899110088991101	chrX	73164097.0	73164211.0	antisense	0.3213212925282814	0.49306049473747865	0.05
HOXC11	43	54	0.3955104683664009	0.052094790520947905	chrX	73164097.0	73164211.0	antisense	0.29882286496625066	0.5245861747657717	0.05
GRHL1	44	56	0.3937324556434958	0.04789521047895211	chrX	73164097.0	73164211.0	sense	0.28631619596661023	0.5431540846714361	0.05
E2F8	44	56	0.3930261372288158	0.010498950104989501	chrX	73164097.0	73164211.0	sense	0.12224110922241109	0.9127827179389782	0.05
IRF1	40	61	0.3902824730974931	0.0244975502449755	chrX	73164097.0	73164211.0	sense	0.20181315201813152	0.695050534517454	0.05
HOXC10	43	53	0.3899262646541336	0.0580941905809419	chrX	73164097.0	73164211.0	antisense	0.31621884540517914	0.5000122513816943	0.05
MYBL2	46	61	0.3893628932192477	0.0496950304969503	chrX	73164097.0	73164211.0	antisense	0.29308773668087734	0.5330023528452413	0.05
SHOX	43	51	0.3891037825440531	0.1004899510048995	chrX	73164097.0	73164211.0	sense	0.3300904086806509	0.48136709462631977	0.05
Zfx	47	61	0.3875385461527771	0.08849115088491151	chrX	73164097.0	73164211.0	sense	0.3213212925282814	0.49306049473747865	0.05
GATA5	42	50	0.38549730487944506	0.0817918208179182	chrX	73164097.0	73164211.0	antisense	0.3213212925282814	0.49306049473747865	0.05
NFATC2	44	51	0.3840626457288703	0.032096790320967905	chrX	73164097.0	73164211.0	sense	0.23973940634105603	0.6202605744358011	0.05
Hes2	45	58	0.383243121931134	0.2950704929507049	chrX	73164097.0	73164211.0	sense	0.5031761529729379	0.298279949593143	0.05
MAF::NFE2	42	57	0.38282458558653387	0.05299470052994701	chrX	73164097.0	73164211.0	sense	0.2989592345113315	0.524388027173171	0.05
NKX6-2	43	51	0.3812654338185604	0.11288871112888711	chrX	73164097.0	73164211.0	antisense	0.33866613338666135	0.47022823063223235	0.05
STAT3	45	56	0.37934112482761073	0.052394760523947606	chrX	73164097.0	73164211.0	sense	0.29882286496625066	0.5245861747657717	0.05
Pparg::Rxra	42	57	0.37882738506950586	0.16418358164183583	chrX	73164097.0	73164211.0	antisense	0.3926787044797825	0.4059626504935123	0.05
MYBL1	47	59	0.3784413209821864	0.0433956604339566	chrX	73164097.0	73164211.0	sense	0.27466277762467656	0.5612001922996108	0.05
TBP	46	61	0.3769124103945385	0.20087991200879912	chrX	73164097.0	73164211.0	antisense	0.4380532534981796	0.35847308973666764	0.05
TFE3	43	53	0.3755034621999733	0.13788621137886212	chrX	73164097.0	73164211.0	sense	0.3637905245008494	0.4391486170113664	0.05
E2F6	43	54	0.3754378284670758	0.0387961203879612	chrX	73164097.0	73164211.0	antisense	0.2684691530846915	0.5711056072258978	0.05
Pou5f1::Sox2	41	56	0.3742588307643832	0.0897910208979102	chrX	73164097.0	73164211.0	sense	0.3213212925282814	0.49306049473747865	0.05
NFIC	49	55	0.37315126365184675	0.0805919408059194	chrX	73164097.0	73164211.0	antisense	0.3213212925282814	0.49306049473747865	0.05
EGR4	44	60	0.3718285524186341	0.12478752124787522	chrX	73164097.0	73164211.0	antisense	0.3490344513935703	0.45713170395290115	0.05
NR2C2	42	57	0.3711730818575095	0.06079392060793921	chrX	73164097.0	73164211.0	antisense	0.31621884540517914	0.5000122513816943	0.05
TCF3	43	53	0.36861000938360733	0.07489251074892511	chrX	73164097.0	73164211.0	sense	0.31811940757143803	0.4974098349980286	0.05
IRF7	44	58	0.3670450292551658	0.041195880411958805	chrX	73164097.0	73164211.0	antisense	0.2742096160754295	0.5619173192938826	0.05
TCF4	43	53	0.3638781140525977	0.07539246075392461	chrX	73164097.0	73164211.0	sense	0.31811940757143803	0.4974098349980286	0.05
MEOX1	42	52	0.36313127467977846	0.11478852114788521	chrX	73164097.0	73164211.0	antisense	0.34042995700429957	0.4679722300527446	0.05
ID4	43	53	0.3625915100851407	0.0790920907909209	chrX	73164097.0	73164211.0	sense	0.3213212925282814	0.49306049473747865	0.05
GATA1::TAL1	43	61	0.36248415618979524	0.1401859814018598	chrX	73164097.0	73164211.0	sense	0.3656106751133932	0.4369811322074716	0.05
PAX5	40	59	0.36031938383000806	0.13888611138886112	chrX	73164097.0	73164211.0	sense	0.3640499586404996	0.43883901395232033	0.05
Rhox11	40	57	0.36009165957655004	0.2146785321467853	chrX	73164097.0	73164211.0	antisense	0.4474624826673959	0.34924337208789247	0.05
VENTX	47	56	0.3587519989198585	0.0744925507449255	chrX	73164097.0	73164211.0	sense	0.31811940757143803	0.4974098349980286	0.05
ATF4	40	53	0.35871137602977937	0.0683931606839316	chrX	73164097.0	73164211.0	antisense	0.31811940757143803	0.4974098349980286	0.05
PRRX1	43	51	0.3585271906127115	0.0999900009999	chrX	73164097.0	73164211.0	antisense	0.3300904086806509	0.48136709462631977	0.05
ZBTB7B	47	59	0.3555062416944657	0.066993300669933	chrX	73164097.0	73164211.0	antisense	0.31811940757143803	0.4974098349980286	0.05
SP8	45	57	0.35287285128086043	0.0847915208479152	chrX	73164097.0	73164211.0	sense	0.3213212925282814	0.49306049473747865	0.05
HOXC13	43	54	0.3528554353539275	0.06009399060093991	chrX	73164097.0	73164211.0	antisense	0.31621884540517914	0.5000122513816943	0.05
REL	50	60	0.35276137015656606	0.0968903109689031	chrX	73164097.0	73164211.0	antisense	0.3282178275678926	0.4838378333862523	0.05
GLIS2	46	60	0.35272283849687086	0.046795320467953205	chrX	73164097.0	73164211.0	antisense	0.28572672144550254	0.5440491420685735	0.05
Mitf	42	52	0.35156520911051115	0.25407459254074594	chrX	73164097.0	73164211.0	sense	0.47657356566501624	0.3218700505422308	0.05
Myb	44	54	0.3503539124552447	0.06179382061793821	chrX	73164097.0	73164211.0	sense	0.31621884540517914	0.5000122513816943	0.05
Gata1	41	52	0.3481644709891273	0.0638936106389361	chrX	73164097.0	73164211.0	sense	0.31621884540517914	0.5000122513816943	0.05
ESX1	42	52	0.34798818407837967	0.25037496250374963	chrX	73164097.0	73164211.0	antisense	0.47657356566501624	0.3218700505422308	0.05
CEBPE	45	55	0.34732495872021985	0.09529047095290472	chrX	73164097.0	73164211.0	antisense	0.32752155248051357	0.48476011608324776	0.05
KLF5	45	55	0.3459132891594888	0.023397660233976603	chrX	73164097.0	73164211.0	sense	0.20077336528642217	0.6972939014690653	0.05
Myog	42	53	0.34556117736202796	0.08769123087691232	chrX	73164097.0	73164211.0	antisense	0.3213212925282814	0.49306049473747865	0.05
TFAP2B(var.3)	42	55	0.34487753819524974	0.08809119088091191	chrX	73164097.0	73164211.0	antisense	0.3213212925282814	0.49306049473747865	0.05
TFAP2A(var.3)	42	55	0.3447755905098835	0.09659034096590341	chrX	73164097.0	73164211.0	antisense	0.3282178275678926	0.4838378333862523	0.05
GLI2	48	60	0.34290183050296186	0.0933906609339066	chrX	73164097.0	73164211.0	sense	0.3258994100589941	0.4869164256912087	0.05
TFAP2C(var.3)	42	55	0.34142652073492463	0.08969103089691031	chrX	73164097.0	73164211.0	antisense	0.3213212925282814	0.49306049473747865	0.05
Ascl2	43	53	0.3412191223221355	0.07439256074392561	chrX	73164097.0	73164211.0	sense	0.31811940757143803	0.4974098349980286	0.05
POU3F3	44	57	0.341095860040414	0.12488751124887511	chrX	73164097.0	73164211.0	antisense	0.3490344513935703	0.45713170395290115	0.05
Atoh1	43	53	0.34041505474878886	0.10728927107289271	chrX	73164097.0	73164211.0	antisense	0.3342272915565586	0.47595809038371706	0.05
Tcf21	44	58	0.33807420305255836	0.0644935506449355	chrX	73164097.0	73164211.0	antisense	0.31621884540517914	0.5000122513816943	0.05
Crem	46	56	0.337878847858132	0.09419058094190581	chrX	73164097.0	73164211.0	antisense	0.3258994100589941	0.4869164256912087	0.05
POU3F2	44	56	0.33665598286531967	0.09969003099690031	chrX	73164097.0	73164211.0	antisense	0.3300904086806509	0.48136709462631977	0.05
POU6F2	43	53	0.3361035079904172	0.10278972102789721	chrX	73164097.0	73164211.0	antisense	0.3309095016424283	0.4802907624514152	0.05
ZIC4	42	57	0.3360571894401783	0.1371862813718628	chrX	73164097.0	73164211.0	sense	0.3637905245008494	0.4391486170113664	0.05
Klf4	45	55	0.3360101851546512	0.0395960403959604	chrX	73164097.0	73164211.0	antisense	0.2703992758618875	0.5679944757836839	0.05
CEBPB	45	55	0.3335474448451402	0.08839116088391161	chrX	73164097.0	73164211.0	antisense	0.3213212925282814	0.49306049473747865	0.05
YY1	47	59	0.33188925504881406	0.10598940105989402	chrX	73164097.0	73164211.0	antisense	0.33338484333384844	0.47705414837754084	0.05
ESR2	44	59	0.33053600427497337	0.21347865213478653	chrX	73164097.0	73164211.0	sense	0.44675572765304117	0.3499298708935784	0.05
CEBPD	45	55	0.33036422488340766	0.0822917708229177	chrX	73164097.0	73164211.0	antisense	0.3213212925282814	0.49306049473747865	0.05
SREBF1	46	56	0.32784795328606514	0.0648935106489351	chrX	73164097.0	73164211.0	sense	0.31621884540517914	0.5000122513816943	0.05
NHLH1	49	59	0.32678270154616	0.09379062093790622	chrX	73164097.0	73164211.0	sense	0.3258994100589941	0.4869164256912087	0.05
HOXB3	42	52	0.32619219524064785	0.2890710928907109	chrX	73164097.0	73164211.0	sense	0.5014768523147685	0.2997491087930698	0.05
TP53	41	59	0.32602297412796744	0.07439256074392561	chrX	73164097.0	73164211.0	sense	0.31811940757143803	0.4974098349980286	0.05
FOXF2	41	55	0.3258371593463487	0.1171882811718828	chrX	73164097.0	73164211.0	antisense	0.34227251432160155	0.4656279748257031	0.05
OLIG3	43	53	0.3250731687172363	0.1250874912508749	chrX	73164097.0	73164211.0	sense	0.3490344513935703	0.45713170395290115	0.05
GMEB2	46	54	0.3245357960373627	0.11648835116488351	chrX	73164097.0	73164211.0	antisense	0.34227251432160155	0.4656279748257031	0.05
BSX	43	51	0.32428657767899005	0.1374862513748625	chrX	73164097.0	73164211.0	antisense	0.3637905245008494	0.4391486170113664	0.05
CENPB	41	56	0.32197833678853477	0.18568143185681432	chrX	73164097.0	73164211.0	sense	0.4226695751477484	0.3739990126890782	0.05
MEIS2	47	55	0.3215256211822455	0.0973902609739026	chrX	73164097.0	73164211.0	antisense	0.3282178275678926	0.4838378333862523	0.05
SMAD3	49	59	0.3209853189741645	0.056394360563943605	chrX	73164097.0	73164211.0	sense	0.31471691540523367	0.5020799139989977	0.05
RFX4	41	57	0.31841342263421446	0.1548845115488451	chrX	73164097.0	73164211.0	sense	0.3801539657355019	0.4200404746285977	0.05
EVX2	42	52	0.3183842720839816	0.3110688931106889	chrX	73164097.0	73164211.0	sense	0.5113497995994793	0.291281909917554	0.05
POU3F4	46	55	0.31827126617853213	0.06519348065193481	chrX	73164097.0	73164211.0	antisense	0.31621884540517914	0.5000122513816943	0.05
SP3	45	56	0.31807396466381643	0.14538546145385461	chrX	73164097.0	73164211.0	sense	0.3772752724727527	0.423341658569367	0.05
LHX9	43	51	0.31560003166116146	0.18168183181681832	chrX	73164097.0	73164211.0	antisense	0.417225091650127	0.37962958126777147	0.05
Tcf12	45	56	0.3144299041868065	0.1217878212178782	chrX	73164097.0	73164211.0	antisense	0.3490344513935703	0.45713170395290115	0.05
CEBPG	45	55	0.31299822127835253	0.07529247075292471	chrX	73164097.0	73164211.0	antisense	0.31811940757143803	0.4974098349980286	0.05
EVX1	42	52	0.31084617275996973	0.32956704329567044	chrX	73164097.0	73164211.0	sense	0.516631372577028	0.28681922471440696	0.05
Spz1	50	61	0.31042387415687667	0.15358464153584642	chrX	73164097.0	73164211.0	antisense	0.3801539657355019	0.4200404746285977	0.05
HLTF	44	54	0.3103826458035928	0.2812718728127187	chrX	73164097.0	73164211.0	antisense	0.5014768523147685	0.2997491087930698	0.05
TP73	41	59	0.3066831455601232	0.1371862813718628	chrX	73164097.0	73164211.0	sense	0.3637905245008494	0.4391486170113664	0.05
GATA2	47	61	0.30666203354415167	0.1805819418058194	chrX	73164097.0	73164211.0	antisense	0.4165423457654234	0.3803408415622803	0.05
RUNX1	46	57	0.30646437698059215	0.20577942205779423	chrX	73164097.0	73164211.0	sense	0.442169307659398	0.35441140643566504	0.05
Hoxb5	40	56	0.305534315945404	0.29547045295470453	chrX	73164097.0	73164211.0	sense	0.5031761529729379	0.298279949593143	0.05
DUXA	43	56	0.30458466954828856	0.19588041195880412	chrX	73164097.0	73164211.0	antisense	0.43631731247476113	0.36019755445968743	0.05
Myc	44	54	0.3042300271220236	0.11068893110688931	chrX	73164097.0	73164211.0	sense	0.33792679555573857	0.4711773699279559	0.05
HIC2	45	54	0.30400142455433055	0.2410758924107589	chrX	73164097.0	73164211.0	antisense	0.46860819536023923	0.32919012041552637	0.05
LHX2	42	52	0.29965819462482063	0.17998200179982002	chrX	73164097.0	73164211.0	antisense	0.4165423457654234	0.3803408415622803	0.05
PAX4	43	51	0.29904168819044025	0.15058494150584942	chrX	73164097.0	73164211.0	antisense	0.3801539657355019	0.4200404746285977	0.05
STAT1	45	56	0.297871706228649	0.1075892410758924	chrX	73164097.0	73164211.0	sense	0.3342272915565586	0.47595809038371706	0.05
ZBTB33	45	60	0.2976193511263124	0.19988001199880012	chrX	73164097.0	73164211.0	sense	0.43771192501003064	0.35881162132039174	0.05
TFEC	43	53	0.29664324361684613	0.2104789521047895	chrX	73164097.0	73164211.0	sense	0.44532497969715223	0.35132294322412755	0.05
VSX1	43	51	0.29649795422525943	0.21987801219878012	chrX	73164097.0	73164211.0	antisense	0.4476684627257118	0.34904349964521125	0.05
Ahr::Arnt	47	53	0.2962141165808209	0.07239276072392761	chrX	73164097.0	73164211.0	sense	0.31811940757143803	0.4974098349980286	0.05
HOXA2	42	52	0.2957510429570608	0.32996700329967005	chrX	73164097.0	73164211.0	antisense	0.516631372577028	0.28681922471440696	0.05
HOXB2	42	52	0.29566793714255973	0.36026397360263973	chrX	73164097.0	73164211.0	antisense	0.5281836223157346	0.2772150693316241	0.05
Bhlha15	44	52	0.29499848642897303	0.10028997100289971	chrX	73164097.0	73164211.0	antisense	0.3300904086806509	0.48136709462631977	0.05
FIGLA	46	56	0.29499528850308526	0.2216778322167783	chrX	73164097.0	73164211.0	antisense	0.4476684627257118	0.34904349964521125	0.05
HOXB13	41	51	0.29332807528380844	0.12038796120387961	chrX	73164097.0	73164211.0	antisense	0.3471186214711862	0.4595220876099051	0.05
USF2	43	54	0.2920770855754415	0.1488851114888511	chrX	73164097.0	73164211.0	sense	0.3801539657355019	0.4200404746285977	0.05
LMX1B	43	51	0.2910243706531836	0.27247275272472754	chrX	73164097.0	73164211.0	antisense	0.4944523030214461	0.3058755959447866	0.05
TCF7L2	43	57	0.2898854086381129	0.22287771222877711	chrX	73164097.0	73164211.0	antisense	0.44809172928860963	0.34863307205988076	0.05
MTF1	41	55	0.28979094237748815	0.08789121087891211	chrX	73164097.0	73164211.0	sense	0.3213212925282814	0.49306049473747865	0.05
TGIF2	42	54	0.2896046858515693	0.08969103089691031	chrX	73164097.0	73164211.0	sense	0.3213212925282814	0.49306049473747865	0.05
ZIC3	42	57	0.2875319689741226	0.12918708129187081	chrX	73164097.0	73164211.0	sense	0.3566388042046859	0.4477714050330194	0.05
Stat4	45	59	0.28730633717283977	0.20787921207879212	chrX	73164097.0	73164211.0	sense	0.442169307659398	0.35441140643566504	0.05
NOTO	42	52	0.2872316894621926	0.25207479252074794	chrX	73164097.0	73164211.0	antisense	0.47657356566501624	0.3218700505422308	0.05
Lhx8	43	51	0.28651965799768664	0.1790820917908209	chrX	73164097.0	73164211.0	antisense	0.4165423457654234	0.3803408415622803	0.05
Hic1	48	57	0.28647634959402235	0.24347565243475652	chrX	73164097.0	73164211.0	sense	0.4715069537822337	0.32651189790654056	0.05
ZNF263	40	61	0.28582322992662107	0.10818918108189181	chrX	73164097.0	73164211.0	antisense	0.3342272915565586	0.47595809038371706	0.05
TEAD4	42	52	0.28569871968643296	0.2552744725527447	chrX	73164097.0	73164211.0	sense	0.47657356566501624	0.3218700505422308	0.05
MSC	46	56	0.28448399424522386	0.11408859114088592	chrX	73164097.0	73164211.0	antisense	0.3402987287478149	0.4681396732927898	0.05
LHX6	42	52	0.28439803136420255	0.19888011198880112	chrX	73164097.0	73164211.0	sense	0.43771192501003064	0.35881162132039174	0.05
KLF13	43	61	0.28236454504574754	0.1090890910908909	chrX	73164097.0	73164211.0	sense	0.33501324423770634	0.4749380234537366	0.05
BHLHE22	43	53	0.2801434937891705	0.1536846315368463	chrX	73164097.0	73164211.0	sense	0.3801539657355019	0.4200404746285977	0.05
RARA::RXRA	42	59	0.27902801923447634	0.24777522247775222	chrX	73164097.0	73164211.0	antisense	0.4745215515348834	0.3237440582627659	0.05
LBX1	43	51	0.27802149033844586	0.14808519148085192	chrX	73164097.0	73164211.0	sense	0.3801539657355019	0.4200404746285977	0.05
TEAD1	42	52	0.27616562884140083	0.27617238276172384	chrX	73164097.0	73164211.0	sense	0.49768564810185656	0.30304488294502313	0.05
JUN	41	54	0.27615782259214944	0.17898210178982102	chrX	73164097.0	73164211.0	antisense	0.4165423457654234	0.3803408415622803	0.05
NEUROG2	43	53	0.275130268334249	0.11888811118888111	chrX	73164097.0	73164211.0	sense	0.3447091045085436	0.4625472457896064	0.05
IRF8	42	56	0.2748115007609535	0.0705929407059294	chrX	73164097.0	73164211.0	sense	0.31811940757143803	0.4974098349980286	0.05
Gfi1	41	51	0.2742596135721946	0.3154684531546845	chrX	73164097.0	73164211.0	antisense	0.5113497995994793	0.291281909917554	0.05
RELA	50	60	0.27361058420313844	0.10278972102789721	chrX	73164097.0	73164211.0	antisense	0.3309095016424283	0.4802907624514152	0.05
HOXA13	41	51	0.27357242761051753	0.16668333166683333	chrX	73164097.0	73164211.0	antisense	0.39682866575727754	0.4013969632050043	0.05
NFKB2	48	61	0.27336496361724766	0.13488651134886512	chrX	73164097.0	73164211.0	antisense	0.3637905245008494	0.4391486170113664	0.05
ZNF354C	46	52	0.2720003382643859	0.12478752124787522	chrX	73164097.0	73164211.0	sense	0.3490344513935703	0.45713170395290115	0.05
NFYA	42	60	0.27100435583007865	0.22447755224477553	chrX	73164097.0	73164211.0	sense	0.44809172928860963	0.34863307205988076	0.05
SNAI2	44	53	0.27053951110662094	0.285971402859714	chrX	73164097.0	73164211.0	antisense	0.5014768523147685	0.2997491087930698	0.05
ZEB1	42	51	0.27039474641326633	0.1324867513248675	chrX	73164097.0	73164211.0	sense	0.3618980207242434	0.44141379210840714	0.05
OLIG2	43	53	0.26793266312062053	0.18988101189881013	chrX	73164097.0	73164211.0	sense	0.42661577998044353	0.36996308458353155	0.05
KLF14	44	58	0.26690545577016983	0.1586841315868413	chrX	73164097.0	73164211.0	sense	0.38474571147536407	0.41482621228391664	0.05
ZIC1	42	56	0.2665516860799479	0.12418758124187582	chrX	73164097.0	73164211.0	sense	0.3490344513935703	0.45713170395290115	0.05
EMX1	42	52	0.2657498758792485	0.43115688431156884	chrX	73164097.0	73164211.0	antisense	0.5650768256507683	0.24789250317523479	0.05
FOS::JUN	47	54	0.2655767556050683	0.19268073192680732	chrX	73164097.0	73164211.0	antisense	0.43104008564660773	0.3654823396638516	0.05
BHLHE23	42	54	0.2652746362626864	0.1787821217878212	chrX	73164097.0	73164211.0	sense	0.4165423457654234	0.3803408415622803	0.05
PHOX2A	44	55	0.26462955444872205	0.22817718228177183	chrX	73164097.0	73164211.0	antisense	0.4519998381841205	0.3448617206659545	0.05
EOMES	43	56	0.26342604923049423	0.3076692330766923	chrX	73164097.0	73164211.0	sense	0.5113497995994793	0.291281909917554	0.05
TEF	44	56	0.263125606387846	0.18748125187481252	chrX	73164097.0	73164211.0	antisense	0.4249029245547061	0.37171027970455517	0.05
NFIA	47	57	0.26241438378721416	0.22127787221277873	chrX	73164097.0	73164211.0	sense	0.4476684627257118	0.34904349964521125	0.05
DBP	44	56	0.26089079209448623	0.21297870212978703	chrX	73164097.0	73164211.0	antisense	0.44675572765304117	0.3499298708935784	0.05
Foxj3	44	61	0.25913919724894596	0.3157684231576842	chrX	73164097.0	73164211.0	antisense	0.5113497995994793	0.291281909917554	0.05
EN2	42	52	0.2588536874114523	0.39416058394160586	chrX	73164097.0	73164211.0	sense	0.538459469979895	0.26884698062323115	0.05
RAX	42	52	0.2582885001706551	0.31726827317268275	chrX	73164097.0	73164211.0	antisense	0.5113733968218085	0.2912618690238235	0.05
MZF1	47	53	0.25776540816006627	0.1267873212678732	chrX	73164097.0	73164211.0	antisense	0.3518856670482684	0.4535984224191899	0.05
HOXD13	41	51	0.2572958114524878	0.1630836916308369	chrX	73164097.0	73164211.0	antisense	0.3918538701685387	0.4068758595390599	0.05
FOXC1	47	58	0.2568708882505185	0.23217678232176783	chrX	73164097.0	73164211.0	sense	0.4547160378301793	0.3422597279626576	0.05
PROX1	44	56	0.256214802820096	0.1708829117088291	chrX	73164097.0	73164211.0	sense	0.40496909213188265	0.3925781215477864	0.05
PLAG1	41	55	0.2558015960240053	0.0903909609039096	chrX	73164097.0	73164211.0	antisense	0.3213212925282814	0.49306049473747865	0.05
CEBPA	44	55	0.25437726062050037	0.22547745225477453	chrX	73164097.0	73164211.0	antisense	0.44836320965604587	0.34837003055270643	0.05
TEAD3	43	51	0.2531363857005271	0.15458454154584542	chrX	73164097.0	73164211.0	sense	0.3801539657355019	0.4200404746285977	0.05
Rfx1	42	56	0.2525501842416885	0.2856714328567143	chrX	73164097.0	73164211.0	antisense	0.5014768523147685	0.2997491087930698	0.05
Hoxd9	42	52	0.2521637159275004	0.3190680931906809	chrX	73164097.0	73164211.0	antisense	0.5126821683156761	0.2901517875659973	0.05
Phox2b	44	55	0.25121578956844426	0.21927807219278073	chrX	73164097.0	73164211.0	antisense	0.4476684627257118	0.34904349964521125	0.05
CREB1	42	50	0.25047831758142997	0.24627537246275372	chrX	73164097.0	73164211.0	antisense	0.47339599373395996	0.3247754217482889	0.05
Dlx1	42	52	0.24976823069939555	0.4928507149285071	chrX	73164097.0	73164211.0	antisense	0.5875107250095035	0.23098420093719416	0.05
Klf12	44	59	0.24858862629120512	0.21657834216578342	chrX	73164097.0	73164211.0	sense	0.4476684627257118	0.34904349964521125	0.05
PAX1	44	61	0.2476071736862771	0.20707929207079293	chrX	73164097.0	73164211.0	sense	0.442169307659398	0.35441140643566504	0.05
SP4	42	59	0.2471816413358315	0.15528447155284472	chrX	73164097.0	73164211.0	sense	0.3801539657355019	0.4200404746285977	0.05
PKNOX1	42	54	0.2448091752582259	0.10328967103289671	chrX	73164097.0	73164211.0	antisense	0.3309095016424283	0.4802907624514152	0.05
MEOX2	42	52	0.2440985984442244	0.519048095190481	chrX	73164097.0	73164211.0	antisense	0.5973081184121056	0.22380158242751605	0.05
NFIC::TLX1	47	61	0.24252252344423106	0.18448155184481552	chrX	73164097.0	73164211.0	antisense	0.42178821765400554	0.3749055561264484	0.05
INSM1	45	57	0.24229075436390377	0.18968103189681032	chrX	73164097.0	73164211.0	sense	0.42661577998044353	0.36996308458353155	0.05
Twist2	43	53	0.2422022322001193	0.277972202779722	chrX	73164097.0	73164211.0	antisense	0.49919575516496795	0.3017291162668764	0.05
Dlx3	43	51	0.2421392005722214	0.43545645435456454	chrX	73164097.0	73164211.0	antisense	0.5678439693719071	0.24577098215841062	0.05
PKNOX2	42	54	0.2416261417931165	0.1126887311268873	chrX	73164097.0	73164211.0	antisense	0.33866613338666135	0.47022823063223235	0.05
VAX1	43	51	0.2413935934347331	0.4433556644335566	chrX	73164097.0	73164211.0	antisense	0.5709716869504117	0.24338542679104486	0.05
HOXA5	49	57	0.2413825011366961	0.2870712928707129	chrX	73164097.0	73164211.0	sense	0.5014768523147685	0.2997491087930698	0.05
DMRT3	41	52	0.24124432691896802	0.38746125387461255	chrX	73164097.0	73164211.0	sense	0.538459469979895	0.26884698062323115	0.05
RORA(var.2)	41	55	0.2408782916063604	0.2186781321867813	chrX	73164097.0	73164211.0	sense	0.4476684627257118	0.34904349964521125	0.05
VSX2	43	51	0.24076000681402976	0.28987101289871015	chrX	73164097.0	73164211.0	antisense	0.5014768523147685	0.2997491087930698	0.05
ZNF410	43	60	0.23972995319323878	0.11738826117388261	chrX	73164097.0	73164211.0	sense	0.34227251432160155	0.4656279748257031	0.05
FOXP2	47	58	0.23963309339245115	0.21107889211078892	chrX	73164097.0	73164211.0	antisense	0.44532497969715223	0.35132294322412755	0.05
Arid5a	41	55	0.2394911051707165	0.4988501149885011	chrX	73164097.0	73164211.0	sense	0.5884163856341639	0.23031524197541053	0.05
Gfi1b	44	55	0.2390305450577078	0.2536746325367463	chrX	73164097.0	73164211.0	antisense	0.47657356566501624	0.3218700505422308	0.05
Atf3	48	56	0.23849829780493612	0.23497650234976503	chrX	73164097.0	73164211.0	antisense	0.4584691906749175	0.33868984378773553	0.05
VAX2	43	51	0.2382250529555493	0.41755824417558246	chrX	73164097.0	73164211.0	antisense	0.5514318797127921	0.2585081298096258	0.05
MSX1	43	51	0.23715598668156165	0.3434656534346565	chrX	73164097.0	73164211.0	antisense	0.5227527100662368	0.28170370702533326	0.05
GLIS3	46	60	0.23697340080582172	0.1361863813618638	chrX	73164097.0	73164211.0	antisense	0.3637905245008494	0.4391486170113664	0.05
MAX::MYC	47	58	0.23696080090677138	0.26687331266873315	chrX	73164097.0	73164211.0	antisense	0.4872649577147548	0.31223482034112954	0.05
LIN54	46	55	0.2355309260881624	0.20767923207679231	chrX	73164097.0	73164211.0	sense	0.442169307659398	0.35441140643566504	0.05
Foxo1	46	57	0.23534787952448152	0.2645735426457354	chrX	73164097.0	73164211.0	sense	0.4869279029543854	0.31253533789628374	0.05
FOXP1	46	61	0.2347574057291534	0.31426857314268575	chrX	73164097.0	73164211.0	antisense	0.5113497995994793	0.291281909917554	0.05
HEY2	43	53	0.23471693384288514	0.3107689231076892	chrX	73164097.0	73164211.0	sense	0.5113497995994793	0.291281909917554	0.05
GLIS1	45	61	0.23412996518013976	0.10468953104689531	chrX	73164097.0	73164211.0	antisense	0.3313040647154797	0.4797732357972604	0.05
EN1	43	51	0.2340644812370375	0.2966703329667033	chrX	73164097.0	73164211.0	sense	0.5031761529729379	0.298279949593143	0.05
NR2F1	45	58	0.2335751475147206	0.36626337366263373	chrX	73164097.0	73164211.0	sense	0.5302233007896983	0.2755411910087404	0.05
FOXB1	47	58	0.23332288067903645	0.2896710328967103	chrX	73164097.0	73164211.0	sense	0.5014768523147685	0.2997491087930698	0.05
JUN(var.2)	42	56	0.23208356015954362	0.37946205379462056	chrX	73164097.0	73164211.0	antisense	0.5350775733237487	0.2715832512045005	0.05
TGIF1	42	54	0.23206980306922695	0.11288871112888711	chrX	73164097.0	73164211.0	antisense	0.33866613338666135	0.47022823063223235	0.05
Nkx2-5(var.2)	45	56	0.23194788118291343	0.31426857314268575	chrX	73164097.0	73164211.0	antisense	0.5113497995994793	0.291281909917554	0.05
MSX2	43	51	0.2316538914163231	0.26717328267173285	chrX	73164097.0	73164211.0	antisense	0.4872649577147548	0.31223482034112954	0.05
PBX1	40	52	0.22962111215777428	0.2645735426457354	chrX	73164097.0	73164211.0	sense	0.4869279029543854	0.31253533789628374	0.05
CREB3	46	60	0.2290533816920723	0.3310668933106689	chrX	73164097.0	73164211.0	antisense	0.516631372577028	0.28681922471440696	0.05
EBF1	42	56	0.22868626399334824	0.2883711628837116	chrX	73164097.0	73164211.0	sense	0.5014768523147685	0.2997491087930698	0.05
XBP1	42	56	0.2286259950209196	0.34926507349265073	chrX	73164097.0	73164211.0	sense	0.524316533863855	0.2804064469732514	0.05
Klf1	49	60	0.22838052675791298	0.23077692230776922	chrX	73164097.0	73164211.0	antisense	0.45368644953686454	0.343244191814542	0.05
NFAT5	46	56	0.22755939890288915	0.3581641835816418	chrX	73164097.0	73164211.0	antisense	0.5280886684058866	0.2772931513935231	0.05
Dlx4	43	51	0.22702965761043437	0.44245575442455753	chrX	73164097.0	73164211.0	antisense	0.5709716869504117	0.24338542679104486	0.05
ARNT::HIF1A	46	54	0.22674199520463406	0.3134686531346865	chrX	73164097.0	73164211.0	antisense	0.5113497995994793	0.291281909917554	0.05
EMX2	42	52	0.22671555877826208	0.396960303969603	chrX	73164097.0	73164211.0	sense	0.538459469979895	0.26884698062323115	0.05
TFEB	43	53	0.22668319692552627	0.3812618738126187	chrX	73164097.0	73164211.0	sense	0.5350775733237487	0.2715832512045005	0.05
Nr2f6	42	56	0.2266528272737659	0.2675732426757324	chrX	73164097.0	73164211.0	antisense	0.4872649577147548	0.31223482034112954	0.05
Hmx2	44	61	0.22646200026188607	0.41385861413858616	chrX	73164097.0	73164211.0	sense	0.547940359025322	0.26126671004810204	0.05
USF1	42	53	0.22569301782081116	0.3271672832716728	chrX	73164097.0	73164211.0	antisense	0.516631372577028	0.28681922471440696	0.05
Barhl1	42	52	0.2255723981718552	0.6571342865713429	chrX	73164097.0	73164211.0	antisense	0.7017545159064341	0.15381478392767403	0.05
Lhx4	43	51	0.22515395658956014	0.33366663333666635	chrX	73164097.0	73164211.0	sense	0.516631372577028	0.28681922471440696	0.05
Shox2	43	51	0.22423510401870764	0.3000699930006999	chrX	73164097.0	73164211.0	antisense	0.50563742327066	0.2961607905039964	0.05
Creb5	44	56	0.22357173532106425	0.26137386261373863	chrX	73164097.0	73164211.0	antisense	0.4844751239161798	0.31472851752609854	0.05
NFKB1	48	61	0.22316360937172877	0.1593840615938406	chrX	73164097.0	73164211.0	sense	0.38474571147536407	0.41482621228391664	0.05
HSF4	47	60	0.22278229468209856	0.4413558644135586	chrX	73164097.0	73164211.0	sense	0.5709716869504117	0.24338542679104486	0.05
MNX1	42	52	0.22218719004740228	0.45545445455454453	chrX	73164097.0	73164211.0	antisense	0.5729738620340864	0.24186518925997305	0.05
BATF::JUN	47	58	0.22213703282947228	0.31216878312168783	chrX	73164097.0	73164211.0	antisense	0.5113497995994793	0.291281909917554	0.05
KLF16	45	56	0.22208063146213458	0.22377762223777622	chrX	73164097.0	73164211.0	sense	0.44809172928860963	0.34863307205988076	0.05
Hmx3	44	61	0.22144575434387345	0.45615438456154384	chrX	73164097.0	73164211.0	sense	0.5729738620340864	0.24186518925997305	0.05
ESRRB	47	58	0.22130879570372994	0.25247475252474755	chrX	73164097.0	73164211.0	antisense	0.47657356566501624	0.3218700505422308	0.05
CUX2	45	55	0.21987578249516407	0.37516248375162486	chrX	73164097.0	73164211.0	antisense	0.534785213576735	0.2718206091714732	0.05
Hoxc9	46	59	0.21952984164512673	0.38336166383361664	chrX	73164097.0	73164211.0	sense	0.5352698601107632	0.2714272101119859	0.05
DLX6	43	51	0.21924988755726796	0.40085991400859916	chrX	73164097.0	73164211.0	antisense	0.5417872275272473	0.266171237545414	0.05
Foxa2	45	57	0.21873880606923043	0.3508649135086491	chrX	73164097.0	73164211.0	antisense	0.524316533863855	0.2804064469732514	0.05
Ddit3::Cebpa	46	58	0.2178445977105575	0.48465153484651535	chrX	73164097.0	73164211.0	sense	0.5871801708718017	0.23122861900881905	0.05
E2F3	41	59	0.21746624649580187	0.1780821917808219	chrX	73164097.0	73164211.0	antisense	0.4165423457654234	0.3803408415622803	0.05
JUNB	42	53	0.21743391897868408	0.3220677932206779	chrX	73164097.0	73164211.0	antisense	0.5127398303114474	0.2901029446766524	0.05
Npas2	43	53	0.21723584035361268	0.39506049395060494	chrX	73164097.0	73164211.0	antisense	0.538459469979895	0.26884698062323115	0.05
HES5	49	61	0.2167809345350077	0.19918008199180082	chrX	73164097.0	73164211.0	sense	0.43771192501003064	0.35881162132039174	0.05
FOSL2	40	51	0.2166971798896286	0.3214678532146785	chrX	73164097.0	73164211.0	sense	0.5127398303114474	0.2901029446766524	0.05
FOSL1	41	52	0.216077370737454	0.31626837316268375	chrX	73164097.0	73164211.0	antisense	0.5113497995994793	0.291281909917554	0.05
CLOCK	45	55	0.21587396766883096	0.37816218378162186	chrX	73164097.0	73164211.0	sense	0.534785213576735	0.2718206091714732	0.05
Sox3	45	55	0.21519772563687767	0.21847815218478153	chrX	73164097.0	73164211.0	sense	0.4476684627257118	0.34904349964521125	0.05
CUX1	45	55	0.2145405233157425	0.39366063393660633	chrX	73164097.0	73164211.0	antisense	0.538459469979895	0.26884698062323115	0.05
Sox17	50	59	0.21446831987849205	0.38146185381461856	chrX	73164097.0	73164211.0	antisense	0.5350775733237487	0.2715832512045005	0.05
Stat5a::Stat5b	46	57	0.21446156883907078	0.32726727327267274	chrX	73164097.0	73164211.0	antisense	0.516631372577028	0.28681922471440696	0.05
Hmx1	44	61	0.2143558423488183	0.4948505149485051	chrX	73164097.0	73164211.0	sense	0.5875107250095035	0.23098420093719416	0.05
FOS	47	58	0.21428544803736507	0.3364663533646635	chrX	73164097.0	73164211.0	sense	0.5175744190286854	0.2860271966925736	0.05
OLIG1	43	53	0.21417701870102748	0.25517448255174485	chrX	73164097.0	73164211.0	sense	0.47657356566501624	0.3218700505422308	0.05
TBX5	46	54	0.21204003554422815	0.44965503449655037	chrX	73164097.0	73164211.0	antisense	0.5729738620340864	0.24186518925997305	0.05
RARA(var.2)	42	59	0.21094107348323518	0.2293770622937706	chrX	73164097.0	73164211.0	antisense	0.4526490316747793	0.3442384043529138	0.05
HOXA10	40	51	0.21066659618259595	0.48835116488351166	chrX	73164097.0	73164211.0	antisense	0.5871801708718017	0.23122861900881905	0.05
Bcl6	45	59	0.21036026259998247	0.45535446455354467	chrX	73164097.0	73164211.0	sense	0.5729738620340864	0.24186518925997305	0.05
Arid3b	40	51	0.20991554511196892	0.39216078392160786	chrX	73164097.0	73164211.0	sense	0.538459469979895	0.26884698062323115	0.05
ATF7	43	57	0.20952541503288916	0.33266673332666735	chrX	73164097.0	73164211.0	antisense	0.516631372577028	0.28681922471440696	0.05
HLF	44	56	0.20942664189281376	0.4527547245275472	chrX	73164097.0	73164211.0	antisense	0.5729738620340864	0.24186518925997305	0.05
IRF9	44	59	0.20922541757896376	0.15408459154084592	chrX	73164097.0	73164211.0	antisense	0.3801539657355019	0.4200404746285977	0.05
MYF6	46	56	0.20921510775104493	0.2843715628437156	chrX	73164097.0	73164211.0	antisense	0.5014768523147685	0.2997491087930698	0.05
GBX1	42	52	0.20767515201673192	0.41185881411858816	chrX	73164097.0	73164211.0	sense	0.547940359025322	0.26126671004810204	0.05
NR1H2::RXRA	40	57	0.20749959377848956	0.14858514148585142	chrX	73164097.0	73164211.0	antisense	0.3801539657355019	0.4200404746285977	0.05
TP63	41	59	0.2059306867343978	0.20257974202579743	chrX	73164097.0	73164211.0	sense	0.4399116573698279	0.35663452935228085	0.05
Foxk1	44	61	0.2055783220704509	0.3955604439556044	chrX	73164097.0	73164211.0	antisense	0.538459469979895	0.26884698062323115	0.05
Esrrg	48	58	0.20516061866289903	0.3768623137686231	chrX	73164097.0	73164211.0	antisense	0.534785213576735	0.2718206091714732	0.05
HES7	48	60	0.20501253021866253	0.20717928207179281	chrX	73164097.0	73164211.0	antisense	0.442169307659398	0.35441140643566504	0.05
T	40	56	0.20389342000080243	0.35066493350664935	chrX	73164097.0	73164211.0	antisense	0.524316533863855	0.2804064469732514	0.05
HEY1	43	53	0.2017887698308613	0.40975902409759024	chrX	73164097.0	73164211.0	sense	0.547940359025322	0.26126671004810204	0.05
LMX1A	43	51	0.20146794537793708	0.43695630436956306	chrX	73164097.0	73164211.0	antisense	0.568371734255146	0.24536752814473117	0.05
GBX2	42	52	0.2013449434815277	0.47255274472552744	chrX	73164097.0	73164211.0	antisense	0.581172688418362	0.23569480309372842	0.05
MEF2B	40	52	0.20105620575352537	0.24587541245875413	chrX	73164097.0	73164211.0	antisense	0.47339599373395996	0.3247754217482889	0.05
HESX1	42	52	0.19960639508108421	0.45485451454854514	chrX	73164097.0	73164211.0	sense	0.5729738620340864	0.24186518925997305	0.05
Nr5a2	40	55	0.19898570749291675	0.5136486351364864	chrX	73164097.0	73164211.0	antisense	0.5948832733653138	0.22556824218155846	0.05
SRY	47	56	0.1985779169615316	0.49065093490650935	chrX	73164097.0	73164211.0	antisense	0.5875107250095035	0.23098420093719416	0.05
SOX9	40	49	0.19855197839138541	0.5523447655234477	chrX	73164097.0	73164211.0	sense	0.6245388476336748	0.20444054241680568	0.05
DUX4	44	55	0.19844390415778035	0.2956704329567043	chrX	73164097.0	73164211.0	antisense	0.5031761529729379	0.298279949593143	0.05
Msx3	43	51	0.19837869439328584	0.35766423357664234	chrX	73164097.0	73164211.0	antisense	0.5280886684058866	0.2772931513935231	0.05
GATA3	42	50	0.19762029012249765	0.1967803219678032	chrX	73164097.0	73164211.0	antisense	0.43644866282602507	0.360066832743225	0.05
FOXH1	42	53	0.1972950287136036	0.35106489351064896	chrX	73164097.0	73164211.0	sense	0.524316533863855	0.2804064469732514	0.05
RXRA::VDR	43	58	0.19717713555113378	0.28847115288471153	chrX	73164097.0	73164211.0	antisense	0.5014768523147685	0.2997491087930698	0.05
Nfe2l2	44	59	0.19698937368293937	0.49695030496950304	chrX	73164097.0	73164211.0	sense	0.5875107250095035	0.23098420093719416	0.05
Nr1h3::Rxra	42	61	0.19686761601948066	0.5164483551644835	chrX	73164097.0	73164211.0	sense	0.595637102956371	0.22501825734810915	0.05
JDP2(var.2)	40	52	0.19649513589580533	0.32166783321667836	chrX	73164097.0	73164211.0	antisense	0.5127398303114474	0.2901029446766524	0.05
SCRT1	42	57	0.19621584295373337	0.3701629837016298	chrX	73164097.0	73164211.0	antisense	0.5336516348365163	0.2727421557788068	0.05
HNF4G	42	57	0.19581717736871365	0.5687431256874312	chrX	73164097.0	73164211.0	antisense	0.638912732103413	0.19455845726282042	0.05
ISL2	42	50	0.19574891244083006	0.5914408559144085	chrX	73164097.0	73164211.0	antisense	0.6544942520673306	0.18409416317953892	0.05
ZBED1	44	57	0.19556162935793633	0.30296970302969706	chrX	73164097.0	73164211.0	antisense	0.5088714429527922	0.29339192035093437	0.05
MAFG	40	61	0.19549384378738305	0.22077792220777923	chrX	73164097.0	73164211.0	sense	0.4476684627257118	0.34904349964521125	0.05
PAX9	44	61	0.19518843028350935	0.2960703929607039	chrX	73164097.0	73164211.0	sense	0.5031761529729379	0.298279949593143	0.05
CTCF	41	60	0.19427664744417394	0.35696430356964304	chrX	73164097.0	73164211.0	sense	0.5280886684058866	0.2772931513935231	0.05
ISX	43	51	0.19416961651482026	0.30786921307869214	chrX	73164097.0	73164211.0	antisense	0.5113497995994793	0.291281909917554	0.05
Nr2e1	46	55	0.1941693006693632	0.40345965403459655	chrX	73164097.0	73164211.0	sense	0.5424755451915948	0.2656198350420706	0.05
Bach1::Mafk	45	60	0.19204552114865664	0.40205979402059794	chrX	73164097.0	73164211.0	sense	0.541997488562832	0.26600272583399437	0.05
Srebf1(var.2)	43	53	0.19178095811533144	0.34456554344565543	chrX	73164097.0	73164211.0	sense	0.5228933247026174	0.2815869023725302	0.05
JUND	47	58	0.18966619728402728	0.39206079392060794	chrX	73164097.0	73164211.0	sense	0.538459469979895	0.26884698062323115	0.05
TBX2	46	57	0.18963983939080428	0.5740425957404259	chrX	73164097.0	73164211.0	antisense	0.6434732336701534	0.19146951357873873	0.05
Znf423	40	55	0.18926678925790613	0.2836716328367163	chrX	73164097.0	73164211.0	antisense	0.5014768523147685	0.2997491087930698	0.05
MAFG::NFE2L1	43	49	0.1885818567393836	0.4570542945705429	chrX	73164097.0	73164211.0	antisense	0.5729738620340864	0.24186518925997305	0.05
FOXC2	47	59	0.1880518450719847	0.48625137486251374	chrX	73164097.0	73164211.0	antisense	0.5871801708718017	0.23122861900881905	0.05
FOXP3	49	56	0.18795961255556734	0.42815718428157185	chrX	73164097.0	73164211.0	antisense	0.5639938544216644	0.24872562829555944	0.05
mix-a	41	52	0.18709281551048718	0.3905609439056094	chrX	73164097.0	73164211.0	sense	0.538459469979895	0.26884698062323115	0.05
Arntl	42	52	0.18698437572602059	0.5547445255474452	chrX	73164097.0	73164211.0	sense	0.6245388476336748	0.20444054241680568	0.05
BARX1	43	51	0.18673880586448405	0.5122487751224878	chrX	73164097.0	73164211.0	antisense	0.5948832733653138	0.22556824218155846	0.05
CDX2	44	55	0.18659781687409968	0.36026397360263973	chrX	73164097.0	73164211.0	antisense	0.5281836223157346	0.2772150693316241	0.05
RFX3	41	57	0.18659127404951173	0.48025197480251974	chrX	73164097.0	73164211.0	antisense	0.5837254682025942	0.23379135781446655	0.05
SREBF2(var.2)	43	53	0.18348498910056665	0.35276472352764726	chrX	73164097.0	73164211.0	sense	0.5245985430110285	0.2801729199278025	0.05
SCRT2	42	55	0.1832311989539528	0.37746225377462256	chrX	73164097.0	73164211.0	sense	0.534785213576735	0.2718206091714732	0.05
Foxq1	46	57	0.18045170730080634	0.3755624437556244	chrX	73164097.0	73164211.0	sense	0.534785213576735	0.2718206091714732	0.05
Vdr	40	56	0.17990992662337432	0.36596340365963403	chrX	73164097.0	73164211.0	sense	0.5302233007896983	0.2755411910087404	0.05
Nobox	44	52	0.1797514009611413	0.4537546245375462	chrX	73164097.0	73164211.0	sense	0.5729738620340864	0.24186518925997305	0.05
Dlx2	43	51	0.17924839513566018	0.505949405059494	chrX	73164097.0	73164211.0	antisense	0.5927488515256827	0.22712927881167522	0.05
REST	40	61	0.17847029624674376	0.13808619138086192	chrX	73164097.0	73164211.0	antisense	0.3637905245008494	0.4391486170113664	0.05
HSF2	47	60	0.17832514109949632	0.44625537446255376	chrX	73164097.0	73164211.0	sense	0.5729738620340864	0.24186518925997305	0.05
FOXD2	49	56	0.1779035232669059	0.4547545245475452	chrX	73164097.0	73164211.0	antisense	0.5729738620340864	0.24186518925997305	0.05
Dux	43	51	0.17672705260688162	0.35156484351564843	chrX	73164097.0	73164211.0	sense	0.524316533863855	0.2804064469732514	0.05
EWSR1-FLI1	40	58	0.17635887987949	0.10468953104689531	chrX	73164097.0	73164211.0	antisense	0.3313040647154797	0.4797732357972604	0.05
STAT1::STAT2	42	57	0.17603475874000007	0.4303569643035696	chrX	73164097.0	73164211.0	sense	0.5650768256507683	0.24789250317523479	0.05
Tcf7	45	57	0.17594226503796598	0.37376262373762625	chrX	73164097.0	73164211.0	antisense	0.534785213576735	0.2718206091714732	0.05
RORA	49	59	0.17548067505714188	0.48775122487751227	chrX	73164097.0	73164211.0	antisense	0.5871801708718017	0.23122861900881905	0.05
E2F2	42	58	0.17508832451120196	0.25877412258774124	chrX	73164097.0	73164211.0	sense	0.4813755183621423	0.3175160007053396	0.05
HMBOX1	46	56	0.1744084780063705	0.6622337766223377	chrX	73164097.0	73164211.0	sense	0.7043019058749862	0.1522411363842273	0.05
HSF1	47	60	0.17346836189166195	0.41125887411258877	chrX	73164097.0	73164211.0	sense	0.547940359025322	0.26126671004810204	0.05
Mlxip	46	54	0.17073617493626664	0.39336066393360664	chrX	73164097.0	73164211.0	sense	0.538459469979895	0.26884698062323115	0.05
JDP2	46	55	0.17034066804750275	0.36676332366763326	chrX	73164097.0	73164211.0	antisense	0.5302233007896983	0.2755411910087404	0.05
CREB3L1	43	57	0.17014542488146978	0.531046895310469	chrX	73164097.0	73164211.0	sense	0.6070778384716595	0.21675562086637148	0.05
Arid3a	42	48	0.1695311599702097	0.2946705329467053	chrX	73164097.0	73164211.0	antisense	0.5031761529729379	0.298279949593143	0.05
NR4A2	48	56	0.1692053314270164	0.5514448555144486	chrX	73164097.0	73164211.0	antisense	0.6245388476336748	0.20444054241680568	0.05
PPARG	41	61	0.16853000478362146	0.32896710328967105	chrX	73164097.0	73164211.0	antisense	0.516631372577028	0.28681922471440696	0.05
Creb3l2	46	55	0.16852118036771918	0.44295570442955706	chrX	73164097.0	73164211.0	antisense	0.5709716869504117	0.24338542679104486	0.05
Rxra	42	56	0.16824700115255176	0.33336666333366666	chrX	73164097.0	73164211.0	antisense	0.516631372577028	0.28681922471440696	0.05
RXRG	42	56	0.16810150286751316	0.33866613338666135	chrX	73164097.0	73164211.0	antisense	0.5175744190286854	0.2860271966925736	0.05
MEF2A	40	52	0.16809251070548417	0.37816218378162186	chrX	73164097.0	73164211.0	antisense	0.534785213576735	0.2718206091714732	0.05
TBR1	46	56	0.16743404013977434	0.5134486551344866	chrX	73164097.0	73164211.0	antisense	0.5948832733653138	0.22556824218155846	0.05
MAX	43	53	0.16681137613881517	0.5956404359564044	chrX	73164097.0	73164211.0	sense	0.656342645990178	0.1828693764584563	0.05
PROP1	44	55	0.16606339520568383	0.3651634836516348	chrX	73164097.0	73164211.0	antisense	0.5302233007896983	0.2755411910087404	0.05
RXRB	42	56	0.16505646201866309	0.3344665533446655	chrX	73164097.0	73164211.0	antisense	0.516631372577028	0.28681922471440696	0.05
MEF2C	41	56	0.16431431175207034	0.5543445655434457	chrX	73164097.0	73164211.0	antisense	0.6245388476336748	0.20444054241680568	0.05
PDX1	43	51	0.16419954461698952	0.5008499150084992	chrX	73164097.0	73164211.0	sense	0.5894356142617031	0.22956362720672904	0.05
LEF1	42	57	0.16373669814009656	0.47895210478952105	chrX	73164097.0	73164211.0	antisense	0.5837254682025942	0.23379135781446655	0.05
Hoxa9	42	53	0.16373128446524127	0.5085491450854914	chrX	73164097.0	73164211.0	antisense	0.593116868088472	0.2268597245696464	0.05
TBX20	47	58	0.16261077459879433	0.49695030496950304	chrX	73164097.0	73164211.0	sense	0.5875107250095035	0.23098420093719416	0.05
Ar	41	58	0.161723002232175	0.46005399460054	chrX	73164097.0	73164211.0	antisense	0.5739615942251929	0.2411171667903514	0.05
ONECUT2	42	56	0.16044062204443166	0.535946405359464	chrX	73164097.0	73164211.0	sense	0.6101054368247386	0.2145951048675331	0.05
SOX4	44	60	0.1598313032327704	0.27507249275072493	chrX	73164097.0	73164211.0	antisense	0.497430744730405	0.3032673757727136	0.05
PAX7	45	55	0.15975291414228288	0.3635636436356364	chrX	73164097.0	73164211.0	antisense	0.5302233007896983	0.2755411910087404	0.05
NFE2	45	56	0.15934003635235627	0.44715528447155284	chrX	73164097.0	73164211.0	antisense	0.5729738620340864	0.24186518925997305	0.05
Hoxd3	40	56	0.15817094367376125	0.7521247875212479	chrX	73164097.0	73164211.0	antisense	0.7745094538165231	0.11097327678754977	0.05
RFX2	41	57	0.15793082377870948	0.47965203479652035	chrX	73164097.0	73164211.0	sense	0.5837254682025942	0.23379135781446655	0.05
ZNF740	42	52	0.1578604506053868	0.31296870312968705	chrX	73164097.0	73164211.0	sense	0.5113497995994793	0.291281909917554	0.05
Rarg	40	56	0.15764535407385366	0.33836616338366166	chrX	73164097.0	73164211.0	antisense	0.5175744190286854	0.2860271966925736	0.05
ONECUT1	42	56	0.15680236173681766	0.5281471852814719	chrX	73164097.0	73164211.0	sense	0.6050957818125473	0.21817587457033139	0.05
Mycn	45	53	0.1562016370924616	0.43395660433956607	chrX	73164097.0	73164211.0	antisense	0.5673135457235133	0.24617684667900916	0.05
NKX2-8	47	56	0.1558254642484399	0.7079292070792921	chrX	73164097.0	73164211.0	antisense	0.7366151160435058	0.13275937325340534	0.05
NKX2-3	43	53	0.15582405862638504	0.6497350264973503	chrX	73164097.0	73164211.0	antisense	0.6967199974217454	0.15694172406385332	0.05
Sox6	41	51	0.15582234393176242	0.4647535246475352	chrX	73164097.0	73164211.0	sense	0.5771745791927984	0.23869280502035295	0.05
FOXO3	42	50	0.15508611942477027	0.38366163383661633	chrX	73164097.0	73164211.0	antisense	0.5352698601107632	0.2714272101119859	0.05
CDX1	44	53	0.15355562728870667	0.6088391160883911	chrX	73164097.0	73164211.0	antisense	0.6666402979955169	0.17610843704796728	0.05
Mecom	43	57	0.15352641863031027	0.47255274472552744	chrX	73164097.0	73164211.0	sense	0.581172688418362	0.23569480309372842	0.05
SOX10	46	52	0.15307240564495417	0.5278472152784721	chrX	73164097.0	73164211.0	sense	0.6050957818125473	0.21817587457033139	0.05
MNT	43	53	0.15234798946445668	0.6739326067393261	chrX	73164097.0	73164211.0	sense	0.7120769630354038	0.14747306420694486	0.05
RFX5	41	57	0.15019261145527707	0.5025497450254974	chrX	73164097.0	73164211.0	sense	0.5900980037742832	0.2290758545209395	0.05
TBX21	47	57	0.14976113226409696	0.5402459754024598	chrX	73164097.0	73164211.0	antisense	0.6135397401178919	0.21215730195905927	0.05
Foxj2	48	56	0.14939077997463776	0.47805219478052197	chrX	73164097.0	73164211.0	antisense	0.5837254682025942	0.23379135781446655	0.05
Hnf4a	40	56	0.14828027788058648	0.46485351464853514	chrX	73164097.0	73164211.0	antisense	0.5771745791927984	0.23869280502035295	0.05
Rarb	41	57	0.14773484887851782	0.34706529347065296	chrX	73164097.0	73164211.0	antisense	0.524316533863855	0.2804064469732514	0.05
ESR1	43	60	0.1456988766324547	0.48875112488751127	chrX	73164097.0	73164211.0	antisense	0.5871801708718017	0.23122861900881905	0.05
BHLHE40	43	53	0.14444662903308592	0.654034596540346	chrX	73164097.0	73164211.0	sense	0.6998844445452362	0.1549736588987031	0.05
POU6F1	42	52	0.14368844849680007	0.6135386461353864	chrX	73164097.0	73164211.0	sense	0.6689633557652638	0.17459767120797343	0.05
PAX3	45	55	0.1420489879490194	0.46955304469553044	chrX	73164097.0	73164211.0	sense	0.5802334052309055	0.2363972715867472	0.05
TBX4	46	54	0.1419987383394426	0.646935306469353	chrX	73164097.0	73164211.0	antisense	0.6951540870757644	0.15791891951121662	0.05
FOXD1	48	56	0.1413664649592799	0.5840415958404159	chrX	73164097.0	73164211.0	antisense	0.6504669275561714	0.18677477987871088	0.05
BCL6B	42	59	0.1410937766295372	0.2990700929907009	chrX	73164097.0	73164211.0	antisense	0.5055940660005661	0.29619803187427307	0.05
Sox2	45	53	0.14080353870938808	0.41145885411458855	chrX	73164097.0	73164211.0	sense	0.547940359025322	0.26126671004810204	0.05
SOX8	44	60	0.13936243419695768	0.33906609339066096	chrX	73164097.0	73164211.0	antisense	0.5175744190286854	0.2860271966925736	0.05
Id2	44	52	0.1386031694864645	0.5869413058694131	chrX	73164097.0	73164211.0	antisense	0.6515681765156818	0.18604013538430997	0.05
POU4F1	40	54	0.13800928023381512	0.7079292070792921	chrX	73164097.0	73164211.0	antisense	0.7366151160435058	0.13275937325340534	0.05
NKX6-1	43	51	0.13796584861580552	0.6343365663433657	chrX	73164097.0	73164211.0	antisense	0.6860688151559065	0.16363232081862308	0.05
NKX3-2	46	55	0.1360421623466342	0.7082291770822917	chrX	73164097.0	73164211.0	antisense	0.7366151160435058	0.13275937325340534	0.05
FOXO6	49	56	0.13529635200489581	0.5146485351464853	chrX	73164097.0	73164211.0	antisense	0.5948832733653138	0.22556824218155846	0.05
Rarb(var.2)	42	59	0.134357721014927	0.45995400459954006	chrX	73164097.0	73164211.0	antisense	0.5739615942251929	0.2411171667903514	0.05
FOXO4	49	56	0.13289110511784916	0.5785421457854215	chrX	73164097.0	73164211.0	antisense	0.6471193397901589	0.18901562067132158	0.05
Nr2e3	47	54	0.13220872627839908	0.5875412458754125	chrX	73164097.0	73164211.0	sense	0.6515681765156818	0.18604013538430997	0.05
HNF1A	41	56	0.13205745886540712	0.6607339266073393	chrX	73164097.0	73164211.0	antisense	0.7041497082324623	0.1523349963307133	0.05
MGA	44	52	0.13190379551125206	0.6358364163583642	chrX	73164097.0	73164211.0	sense	0.6860688151559065	0.16363232081862308	0.05
MEF2D	40	52	0.1315181833697989	0.49255074492550743	chrX	73164097.0	73164211.0	antisense	0.5875107250095035	0.23098420093719416	0.05
Lhx3	40	53	0.13142932637316765	0.47865213478652135	chrX	73164097.0	73164211.0	sense	0.5837254682025942	0.23379135781446655	0.05
Arnt	47	53	0.1305526496025912	0.536046395360464	chrX	73164097.0	73164211.0	antisense	0.6101054368247386	0.2145951048675331	0.05
BATF3	43	57	0.1298326994059507	0.49675032496750327	chrX	73164097.0	73164211.0	antisense	0.5875107250095035	0.23098420093719416	0.05
FOXG1	42	50	0.12940302360327827	0.5081491850814919	chrX	73164097.0	73164211.0	antisense	0.593116868088472	0.2268597245696464	0.05
Esrra	48	59	0.12921681592160625	0.607039296070393	chrX	73164097.0	73164211.0	antisense	0.6660748301491204	0.17647697729326745	0.05
Rarg(var.2)	43	60	0.1272871511655776	0.46615338466153383	chrX	73164097.0	73164211.0	sense	0.5774071757502054	0.23851782321014223	0.05
Nkx3-1	46	55	0.12725841676357733	0.6990300969903009	chrX	73164097.0	73164211.0	antisense	0.734406114044466	0.13406371622304386	0.05
NFIL3	46	57	0.124967551865257	0.6715328467153284	chrX	73164097.0	73164211.0	sense	0.7112766274392968	0.14796146199090737	0.05
Sox11	40	55	0.12436474815683062	0.412958704129587	chrX	73164097.0	73164211.0	sense	0.547940359025322	0.26126671004810204	0.05
FOXL1	49	56	0.12415582970040225	0.5980401959804019	chrX	73164097.0	73164211.0	antisense	0.6575908087157386	0.18204426565038556	0.05
FOXI1	43	50	0.12340483621498907	0.5935406459354065	chrX	73164097.0	73164211.0	antisense	0.655420415405268	0.18348003509315164	0.05
TBX1	44	52	0.12206992474201174	0.6215378462153784	chrX	73164097.0	73164211.0	sense	0.6762644490267954	0.1698834426756609	0.05
Nkx2-5	43	50	0.12102471740213488	0.706029397060294	chrX	73164097.0	73164211.0	sense	0.7366151160435058	0.13275937325340534	0.05
RARA	40	58	0.12017769273362343	0.39736026397360263	chrX	73164097.0	73164211.0	sense	0.538459469979895	0.26884698062323115	0.05
Foxd3	46	58	0.11905168146141301	0.6466353364663534	chrX	73164097.0	73164211.0	sense	0.6951540870757644	0.15791891951121662	0.05
TBX15	44	52	0.1181585400311867	0.6105389461053895	chrX	73164097.0	73164211.0	sense	0.667094132691994	0.17581287909062834	0.05
BHLHE41	43	53	0.11804739636288133	0.677032296770323	chrX	73164097.0	73164211.0	sense	0.7127378540036463	0.14707017490821034	0.05
TBX19	40	60	0.11768996483224346	0.5826417358264173	chrX	73164097.0	73164211.0	antisense	0.650303356761098	0.18688400422820878	0.05
FOXA1	45	60	0.11731227013289414	0.7823217678232177	chrX	73164097.0	73164211.0	sense	0.8008382593693294	0.09645518698219573	0.05
JUND(var.2)	40	55	0.10959766794517736	0.835016498350165	chrX	73164097.0	73164211.0	antisense	0.8480891636863711	0.07155848587851883	0.05
MLXIPL	45	55	0.10906979170398873	0.8274172582741726	chrX	73164097.0	73164211.0	sense	0.8453337737092432	0.07297177926456773	0.05
PRDM1	45	60	0.1090260863323024	0.7496250374962504	chrX	73164097.0	73164211.0	sense	0.773469969106469	0.11155654363821978	0.05
SRF	45	61	0.108613982693863	0.6654334566543346	chrX	73164097.0	73164211.0	antisense	0.7062575950993858	0.15103686874133113	0.05
HNF1B	42	55	0.10521218596889877	0.7313268673132687	chrX	73164097.0	73164211.0	antisense	0.7576020841029669	0.120558839293625	0.05
Six3	44	61	0.10064875405227483	0.8600139986001399	chrX	73164097.0	73164211.0	sense	0.8717720024872513	0.059597082738088634	0.05
Nr2f6(var.2)	41	56	0.09845060829036248	0.6352364763523648	chrX	73164097.0	73164211.0	antisense	0.6860688151559065	0.16363232081862308	0.05
MLX	45	55	0.09754703864090179	0.832016798320168	chrX	73164097.0	73164211.0	antisense	0.8466994477022886	0.07227072351631843	0.05
Sox5	42	49	0.09567278148441714	0.7678232176782321	chrX	73164097.0	73164211.0	sense	0.789109405891094	0.10286277995809825	0.05
ONECUT3	44	58	0.09433844464519554	0.7027297270272973	chrX	73164097.0	73164211.0	antisense	0.7366151160435058	0.13275937325340534	0.05
NR3C1	44	61	0.08840596336756099	0.7363263673632636	chrX	73164097.0	73164211.0	sense	0.7612617224333342	0.11846600674144714	0.05
IRF2	43	61	0.08160470169899821	0.675032496750325	chrX	73164097.0	73164211.0	sense	0.7120769630354038	0.14747306420694486	0.05
NR3C2	44	61	0.08035966159973582	0.7712228777122287	chrX	73164097.0	73164211.0	sense	0.7910369042147168	0.1018032549056809	0.05
POU4F3	42	58	0.07993355094060173	0.9104089591040896	chrX	73164097.0	73164211.0	sense	0.9192650773833122	0.03655923829274175	0.05
SOX21	44	59	0.07437118088437861	0.7249275072492751	chrX	73164097.0	73164211.0	antisense	0.7524747525247476	0.12350806719342988	0.05
Hoxd8	44	61	0.06675844695566076	0.9258074192580742	chrX	73164097.0	73164211.0	antisense	0.93299815649503	0.030119214372285465	0.05
Sox1	44	59	0.06507582289574092	0.831016898310169	chrX	73164097.0	73164211.0	antisense	0.8466994477022886	0.07227072351631843	0.05
ZNF143	41	57	0.0539433787678218	0.889011098890111	chrX	73164097.0	73164211.0	antisense	0.8994088895204047	0.046042824294672935	0.05
RREB1	41	61	0.03222257681794179	0.6248375162483751	chrX	73164097.0	73164211.0	antisense	0.678432365968424	0.16849344137311542	0.05
POU4F2	40	56	-0.0029271334045407353	0.975002499750025	chrX	73164097.0	73164211.0	sense	0.9806711189346182	0.008476614617395834	0.05
Arx	44	61	-0.014605723885219116	0.9844015598440156	chrX	73164097.0	73164211.0	sense	0.986802864115133	0.005769598676026076	0.05
Alx4	44	61	-0.018710477622578364	0.9849015098490151	chrX	73164097.0	73164211.0	antisense	0.986802864115133	0.005769598676026076	0.05
Alx1	44	61	-0.02182754656090338	0.9884011598840116	chrX	73164097.0	73164211.0	antisense	0.9884011598840116	0.005066753627171583	0.05
