motif	start	end	score	pval	tile_chr	tile_start	tile_end	strand	padj	neg_log_pval	fdr_cutoff
YY1	78	90	10.786306823178107	9.999000099990002e-05	chrX	73164097.0	73164211.0	sense	0.051894810518948106	1.2848760694284047	0.1
YY2	80	91	6.786617739507286	0.00019998000199980003	chrX	73164097.0	73164211.0	antisense	0.051894810518948106	1.2848760694284047	0.1
THAP1	80	89	5.751669914761799	0.0029997000299970002	chrX	73164097.0	73164211.0	antisense	0.2298198751553416	0.638612415608389	0.1
Neurog1	77	87	5.342548477796855	0.007099290070992901	chrX	73164097.0	73164211.0	sense	0.44629537046295376	0.35037761818483704	0.1
CTCF	72	91	5.082103088876636	0.0014998500149985001	chrX	73164097.0	73164211.0	sense	0.2298198751553416	0.638612415608389	0.1
NEUROD2	77	87	4.692682288998286	0.001999800019998	chrX	73164097.0	73164211.0	antisense	0.2298198751553416	0.638612415608389	0.1
TBP	75	90	4.679113363555946	0.019198080191980802	chrX	73164097.0	73164211.0	sense	0.47516185881411854	0.32315842739420136	0.1
GSX1	76	86	4.594164764159608	0.037696230376962306	chrX	73164097.0	73164211.0	antisense	0.5463370329633704	0.26253936022761964	0.1
Hic1	80	89	4.448177628489058	0.0030996900309969004	chrX	73164097.0	73164211.0	antisense	0.2298198751553416	0.638612415608389	0.1
Arid5a	77	91	4.349250815933137	0.025197480251974803	chrX	73164097.0	73164211.0	sense	0.47516185881411854	0.32315842739420136	0.1
Hes1	80	90	4.288661178839539	0.10968903109689031	chrX	73164097.0	73164211.0	sense	0.6307558085393178	0.20013874143669236	0.1
NFIX	81	90	4.1394195574802675	0.011898810118988102	chrX	73164097.0	73164211.0	antisense	0.47516185881411854	0.32315842739420136	0.1
NFIC	82	88	4.079431739907964	0.0026997300269973002	chrX	73164097.0	73164211.0	sense	0.2298198751553416	0.638612415608389	0.1
HLTF	78	88	3.9516395508246065	0.021397860213978603	chrX	73164097.0	73164211.0	antisense	0.47516185881411854	0.32315842739420136	0.1
GSX2	76	86	3.702022894431905	0.11478852114788521	chrX	73164097.0	73164211.0	antisense	0.6307558085393178	0.20013874143669236	0.1
OLIG3	77	87	3.5352400223350102	0.008599140085991401	chrX	73164097.0	73164211.0	antisense	0.44629537046295376	0.35037761818483704	0.1
SP2	77	92	3.510095936771629	0.019098090190980903	chrX	73164097.0	73164211.0	antisense	0.47516185881411854	0.32315842739420136	0.1
Nr1h3::Rxra	73	92	3.4355676430027184	0.046295370462953706	chrX	73164097.0	73164211.0	sense	0.5860316407383652	0.23207893513018713	0.1
GATA2	73	87	3.432479246153317	0.017298270172982702	chrX	73164097.0	73164211.0	antisense	0.47516185881411854	0.32315842739420136	0.1
Arid3b	73	84	3.430435307954323	0.0287971202879712	chrX	73164097.0	73164211.0	antisense	0.47516185881411854	0.32315842739420136	0.1
RUNX3	82	92	3.423529218255269	0.013498650134986502	chrX	73164097.0	73164211.0	antisense	0.47516185881411854	0.32315842739420136	0.1
TAL1::TCF3	77	89	3.41669887534493	0.008099190080991902	chrX	73164097.0	73164211.0	antisense	0.44629537046295376	0.35037761818483704	0.1
Hes2	73	86	3.3289511876342734	0.18288171182881713	chrX	73164097.0	73164211.0	sense	0.6307558085393178	0.20013874143669236	0.1
FOXA1	72	87	3.316234491291521	0.025097490250974904	chrX	73164097.0	73164211.0	antisense	0.47516185881411854	0.32315842739420136	0.1
NRL	80	91	3.2090004020470366	0.1040895910408959	chrX	73164097.0	73164211.0	sense	0.6307558085393178	0.20013874143669236	0.1
RUNX2	83	92	3.146049425114837	0.015398460153984602	chrX	73164097.0	73164211.0	antisense	0.47516185881411854	0.32315842739420136	0.1
MAFG	71	92	3.1371182416316783	0.0206979302069793	chrX	73164097.0	73164211.0	sense	0.47516185881411854	0.32315842739420136	0.1
ALX3	76	86	3.1363949743469655	0.1254874512548745	chrX	73164097.0	73164211.0	antisense	0.6307558085393178	0.20013874143669236	0.1
Pparg::Rxra	71	86	3.076817609568457	0.0882911708829117	chrX	73164097.0	73164211.0	sense	0.6307558085393178	0.20013874143669236	0.1
ESX1	76	86	3.048598121438577	0.12498750124987501	chrX	73164097.0	73164211.0	antisense	0.6307558085393178	0.20013874143669236	0.1
Mitf	78	88	3.020577825935627	0.11098890110988902	chrX	73164097.0	73164211.0	antisense	0.6307558085393178	0.20013874143669236	0.1
Dlx1	78	88	2.9758938664506758	0.1394860513948605	chrX	73164097.0	73164211.0	antisense	0.6307558085393178	0.20013874143669236	0.1
Atoh1	77	87	2.9623479667357535	0.025897410258974102	chrX	73164097.0	73164211.0	sense	0.47516185881411854	0.32315842739420136	0.1
MEIS3	82	90	2.949693478777123	0.031096890310968902	chrX	73164097.0	73164211.0	sense	0.48906927489069274	0.3106296202794548	0.1
Prrx2	77	85	2.896032475290134	0.1055894410558944	chrX	73164097.0	73164211.0	antisense	0.6307558085393178	0.20013874143669236	0.1
HIC2	80	89	2.872802306196538	0.06829317068293171	chrX	73164097.0	73164211.0	antisense	0.6111061307662338	0.2138833593098095	0.1
TCF7L2	71	85	2.8607717192333264	0.050794920507949204	chrX	73164097.0	73164211.0	sense	0.5990664091485589	0.2225250314869407	0.1
CEBPE	82	92	2.857944800220191	0.023797620237976203	chrX	73164097.0	73164211.0	antisense	0.47516185881411854	0.32315842739420136	0.1
NFATC1	74	84	2.8404755309549543	0.10638936106389361	chrX	73164097.0	73164211.0	antisense	0.6307558085393178	0.20013874143669236	0.1
Gata1	73	84	2.7901054642130827	0.020997900209979003	chrX	73164097.0	73164211.0	antisense	0.47516185881411854	0.32315842739420136	0.1
RAX2	77	85	2.7784887083293874	0.10718928107189281	chrX	73164097.0	73164211.0	antisense	0.6307558085393178	0.20013874143669236	0.1
UNCX	77	85	2.744857078968584	0.11638836116388361	chrX	73164097.0	73164211.0	antisense	0.6307558085393178	0.20013874143669236	0.1
NFATC3	74	84	2.7418679940434805	0.0993900609939006	chrX	73164097.0	73164211.0	antisense	0.6307558085393178	0.20013874143669236	0.1
Gata4	72	83	2.7358505442681245	0.022397760223977603	chrX	73164097.0	73164211.0	antisense	0.47516185881411854	0.32315842739420136	0.1
GSC2	76	86	2.7246926711552573	0.16348365163483652	chrX	73164097.0	73164211.0	sense	0.6307558085393178	0.20013874143669236	0.1
SRF	73	89	2.6911531690464403	0.012698730126987301	chrX	73164097.0	73164211.0	sense	0.47516185881411854	0.32315842739420136	0.1
GATA5	75	83	2.673722663236814	0.06579342065793421	chrX	73164097.0	73164211.0	sense	0.5990664091485589	0.2225250314869407	0.1
ELK4	74	85	2.595049676931157	0.037896210378962104	chrX	73164097.0	73164211.0	antisense	0.5463370329633704	0.26253936022761964	0.1
SREBF2	82	92	2.544368829962224	0.025597440255974404	chrX	73164097.0	73164211.0	sense	0.47516185881411854	0.32315842739420136	0.1
CREB1	83	91	2.5091240523925076	0.041195880411958805	chrX	73164097.0	73164211.0	antisense	0.5626489982580689	0.2497624500120804	0.1
Atf3	81	89	2.4861996886708986	0.028997100289971003	chrX	73164097.0	73164211.0	sense	0.47516185881411854	0.32315842739420136	0.1
SP1	81	92	2.484719776921146	0.034896510348965105	chrX	73164097.0	73164211.0	antisense	0.5326849667974379	0.27352955951148006	0.1
TFAP2A(var.3)	75	88	2.4790776706846085	0.0643935606439356	chrX	73164097.0	73164211.0	sense	0.5990664091485589	0.2225250314869407	0.1
Hoxd9	77	87	2.4790353287697613	0.12138786121387861	chrX	73164097.0	73164211.0	antisense	0.6307558085393178	0.20013874143669236	0.1
MEOX2	78	88	2.4545042617280295	0.2568743125687431	chrX	73164097.0	73164211.0	antisense	0.6307558085393178	0.20013874143669236	0.1
SP3	81	92	2.391256738736532	0.11638836116388361	chrX	73164097.0	73164211.0	antisense	0.6307558085393178	0.20013874143669236	0.1
Hand1::Tcf3	82	92	2.3912436116175746	0.10928907109289071	chrX	73164097.0	73164211.0	antisense	0.6307558085393178	0.20013874143669236	0.1
Dlx3	79	87	2.3905134554804093	0.1792820717928207	chrX	73164097.0	73164211.0	antisense	0.6307558085393178	0.20013874143669236	0.1
Bhlha15	78	86	2.3885450829993164	0.023697630236976304	chrX	73164097.0	73164211.0	antisense	0.47516185881411854	0.32315842739420136	0.1
HOXB2	78	88	2.3729740621512	0.25917408259174085	chrX	73164097.0	73164211.0	antisense	0.6307558085393178	0.20013874143669236	0.1
GATA3	75	83	2.3521333224379384	0.013298670132986702	chrX	73164097.0	73164211.0	sense	0.47516185881411854	0.32315842739420136	0.1
OLIG2	77	87	2.3385343922956014	0.04079592040795921	chrX	73164097.0	73164211.0	antisense	0.5626489982580689	0.2497624500120804	0.1
Gabpa	75	86	2.335520136873694	0.0633936606339366	chrX	73164097.0	73164211.0	sense	0.5990664091485589	0.2225250314869407	0.1
HOXB3	76	86	2.327802728936109	0.2776722327767223	chrX	73164097.0	73164211.0	antisense	0.6307558085393178	0.20013874143669236	0.1
ELF5	73	84	2.324230084348356	0.1274872512748725	chrX	73164097.0	73164211.0	sense	0.6307558085393178	0.20013874143669236	0.1
CDX1	78	87	2.2985446297341015	0.1126887311268873	chrX	73164097.0	73164211.0	antisense	0.6307558085393178	0.20013874143669236	0.1
Hoxd8	72	89	2.292159865832886	0.22407759224077592	chrX	73164097.0	73164211.0	sense	0.6307558085393178	0.20013874143669236	0.1
Dlx4	79	87	2.2683600279893286	0.17698230176982302	chrX	73164097.0	73164211.0	antisense	0.6307558085393178	0.20013874143669236	0.1
USF1	76	87	2.2647422256206484	0.06369363063693631	chrX	73164097.0	73164211.0	antisense	0.5990664091485589	0.2225250314869407	0.1
MZF1(var.2)	80	90	2.2597044293435222	0.136986301369863	chrX	73164097.0	73164211.0	sense	0.6307558085393178	0.20013874143669236	0.1
MEIS1	82	89	2.238512371927021	0.1116888311168883	chrX	73164097.0	73164211.0	antisense	0.6307558085393178	0.20013874143669236	0.1
VAX1	76	84	2.2379423248580648	0.22427757224277572	chrX	73164097.0	73164211.0	sense	0.6307558085393178	0.20013874143669236	0.1
Foxj3	71	88	2.2280369477827158	0.13588641135886412	chrX	73164097.0	73164211.0	sense	0.6307558085393178	0.20013874143669236	0.1
DBP	71	83	2.2252310121226415	0.062493750624937505	chrX	73164097.0	73164211.0	sense	0.5990664091485589	0.2225250314869407	0.1
PITX3	76	85	2.219955387252894	0.1494850514948505	chrX	73164097.0	73164211.0	sense	0.6307558085393178	0.20013874143669236	0.1
NFIA	80	90	2.2078810433356466	0.05549445055494451	chrX	73164097.0	73164211.0	antisense	0.5990664091485589	0.2225250314869407	0.1
EOMES	71	84	2.202793232318032	0.15208479152084792	chrX	73164097.0	73164211.0	sense	0.6307558085393178	0.20013874143669236	0.1
ESR2	74	89	2.194392177840302	0.1718828117188281	chrX	73164097.0	73164211.0	sense	0.6307558085393178	0.20013874143669236	0.1
Nkx2-5	77	84	2.1884767562667835	0.07229277072292771	chrX	73164097.0	73164211.0	sense	0.6305219478052195	0.2002997914940738	0.1
HOXA2	78	88	2.185216258171129	0.28317168283171684	chrX	73164097.0	73164211.0	antisense	0.6307558085393178	0.20013874143669236	0.1
Mecom	74	88	2.1833243304524044	0.050094990500949906	chrX	73164097.0	73164211.0	sense	0.5990664091485589	0.2225250314869407	0.1
CEBPD	82	92	2.182145398096623	0.045795420457954206	chrX	73164097.0	73164211.0	sense	0.5860316407383652	0.23207893513018713	0.1
HOXA10	77	88	2.171926605416298	0.2206779322067793	chrX	73164097.0	73164211.0	antisense	0.6307558085393178	0.20013874143669236	0.1
EMX1	78	88	2.1692771050753703	0.2896710328967103	chrX	73164097.0	73164211.0	sense	0.6374084110576284	0.19558220999969791	0.1
CEBPB	82	92	2.168629982306358	0.055594440555944404	chrX	73164097.0	73164211.0	sense	0.5990664091485589	0.2225250314869407	0.1
CENPB	75	90	2.1628137624322767	0.1396860313968603	chrX	73164097.0	73164211.0	antisense	0.6307558085393178	0.20013874143669236	0.1
LBX2	78	88	2.1619826271213127	0.42215778422157785	chrX	73164097.0	73164211.0	antisense	0.6650398596503986	0.17715232415939192	0.1
GCM2	78	88	2.1600964684100656	0.12378762123787622	chrX	73164097.0	73164211.0	sense	0.6307558085393178	0.20013874143669236	0.1
JUN	79	92	2.1567162946978495	0.05979402059794021	chrX	73164097.0	73164211.0	sense	0.5990664091485589	0.2225250314869407	0.1
NEUROG2	77	87	2.1445497675858904	0.0292970702929707	chrX	73164097.0	73164211.0	sense	0.47516185881411854	0.32315842739420136	0.1
ZIC4	75	90	2.1414900843878386	0.1416858314168583	chrX	73164097.0	73164211.0	antisense	0.6307558085393178	0.20013874143669236	0.1
Barhl1	76	86	2.1250888427826458	0.42045795420457954	chrX	73164097.0	73164211.0	sense	0.6650398596503986	0.17715232415939192	0.1
CEBPG	82	92	2.1248814480974656	0.029197080291970802	chrX	73164097.0	73164211.0	sense	0.47516185881411854	0.32315842739420136	0.1
LEF1	71	86	2.115051589845495	0.050294970502949704	chrX	73164097.0	73164211.0	sense	0.5990664091485589	0.2225250314869407	0.1
SHOX	79	87	2.1007355042800095	0.22247775222477753	chrX	73164097.0	73164211.0	sense	0.6307558085393178	0.20013874143669236	0.1
LHX9	79	87	2.0941015288479834	0.18948105189481051	chrX	73164097.0	73164211.0	antisense	0.6307558085393178	0.20013874143669236	0.1
VAX2	76	84	2.0862342536253062	0.23077692230776922	chrX	73164097.0	73164211.0	sense	0.6307558085393178	0.20013874143669236	0.1
RARA::RXRA	74	91	2.0843221995975707	0.14408559144085592	chrX	73164097.0	73164211.0	sense	0.6307558085393178	0.20013874143669236	0.1
HLF	71	83	2.0823224048955558	0.11818818118188182	chrX	73164097.0	73164211.0	antisense	0.6307558085393178	0.20013874143669236	0.1
Pax2	81	89	2.0805297918958057	0.41255874412558746	chrX	73164097.0	73164211.0	sense	0.6650398596503986	0.17715232415939192	0.1
NFIL3	73	84	2.0788884189662884	0.06459354064593541	chrX	73164097.0	73164211.0	sense	0.5990664091485589	0.2225250314869407	0.1
FOXP3	76	83	2.0747646091384966	0.10268973102689731	chrX	73164097.0	73164211.0	sense	0.6307558085393178	0.20013874143669236	0.1
Foxk1	71	88	2.0604229131355734	0.11828817118288171	chrX	73164097.0	73164211.0	sense	0.6307558085393178	0.20013874143669236	0.1
TEF	71	83	2.0398281645478322	0.059694030596940305	chrX	73164097.0	73164211.0	sense	0.5990664091485589	0.2225250314869407	0.1
Tcf7	71	83	2.0297290387331013	0.045495450454954504	chrX	73164097.0	73164211.0	sense	0.5860316407383652	0.23207893513018713	0.1
FIGLA	77	87	2.0172119760436575	0.1558844115588441	chrX	73164097.0	73164211.0	antisense	0.6307558085393178	0.20013874143669236	0.1
DLX6	79	87	2.0142952124503672	0.1775822417758224	chrX	73164097.0	73164211.0	antisense	0.6307558085393178	0.20013874143669236	0.1
PBX1	78	90	1.9995408154779781	0.1014898510148985	chrX	73164097.0	73164211.0	antisense	0.6307558085393178	0.20013874143669236	0.1
SREBF1	82	92	1.9840360897774914	0.055594440555944404	chrX	73164097.0	73164211.0	antisense	0.5990664091485589	0.2225250314869407	0.1
ZBTB7A	78	90	1.9769265363513595	0.15658434156584342	chrX	73164097.0	73164211.0	antisense	0.6307558085393178	0.20013874143669236	0.1
TFEC	77	87	1.9488167857473029	0.1451854814518548	chrX	73164097.0	73164211.0	sense	0.6307558085393178	0.20013874143669236	0.1
BARHL2	77	87	1.91231439861979	0.2999700029997	chrX	73164097.0	73164211.0	sense	0.6374285365581088	0.19556849782447225	0.1
POU4F3	72	88	1.8675996864146829	0.23727627237276272	chrX	73164097.0	73164211.0	antisense	0.6307558085393178	0.20013874143669236	0.1
ISL2	73	81	1.8414098079139511	0.27377262273772623	chrX	73164097.0	73164211.0	sense	0.6307558085393178	0.20013874143669236	0.1
TFE3	74	84	1.8156801769985482	0.31386861313868614	chrX	73164097.0	73164211.0	antisense	0.6374285365581088	0.19556849782447225	0.1
POU1F1	73	87	1.8066597902528752	0.18898110188981102	chrX	73164097.0	73164211.0	sense	0.6307558085393178	0.20013874143669236	0.1
NKX3-2	77	86	1.8028577540860216	0.18718128187181282	chrX	73164097.0	73164211.0	antisense	0.6307558085393178	0.20013874143669236	0.1
OTX2	77	85	1.7980439850056136	0.1817818218178182	chrX	73164097.0	73164211.0	sense	0.6307558085393178	0.20013874143669236	0.1
Pitx1	77	85	1.7885546620028576	0.24987501249875013	chrX	73164097.0	73164211.0	sense	0.6307558085393178	0.20013874143669236	0.1
HOXA13	73	83	1.7774133803456693	0.1471852814718528	chrX	73164097.0	73164211.0	sense	0.6307558085393178	0.20013874143669236	0.1
HMBOX1	72	82	1.773760946373679	0.29657034296570345	chrX	73164097.0	73164211.0	sense	0.6374285365581088	0.19556849782447225	0.1
Hoxa9	76	87	1.7703179535815539	0.11798820117988201	chrX	73164097.0	73164211.0	antisense	0.6307558085393178	0.20013874143669236	0.1
FOXP1	71	86	1.763376722305844	0.16318368163183683	chrX	73164097.0	73164211.0	sense	0.6307558085393178	0.20013874143669236	0.1
TBX5	83	91	1.7580234195046376	0.30086991300869914	chrX	73164097.0	73164211.0	sense	0.6374285365581088	0.19556849782447225	0.1
ZNF740	82	92	1.7566182030549822	0.09119088091190881	chrX	73164097.0	73164211.0	antisense	0.6307558085393178	0.20013874143669236	0.1
ETV5	74	84	1.7398986801283378	0.2820717928207179	chrX	73164097.0	73164211.0	sense	0.6307558085393178	0.20013874143669236	0.1
PRDM1	71	86	1.7367624442047978	0.19058094190580943	chrX	73164097.0	73164211.0	sense	0.6307558085393178	0.20013874143669236	0.1
LMX1B	73	81	1.698650948098062	0.40115988401159886	chrX	73164097.0	73164211.0	sense	0.6580982280320863	0.18170927856168628	0.1
ETV3	74	84	1.6945615924483315	0.22857714228577142	chrX	73164097.0	73164211.0	antisense	0.6307558085393178	0.20013874143669236	0.1
GLIS2	77	91	1.6904511690010104	0.09819018098190181	chrX	73164097.0	73164211.0	antisense	0.6307558085393178	0.20013874143669236	0.1
KLF5	82	92	1.689302638871983	0.1085891410858914	chrX	73164097.0	73164211.0	antisense	0.6307558085393178	0.20013874143669236	0.1
Nkx2-5(var.2)	71	82	1.6760080664760206	0.16298370162983702	chrX	73164097.0	73164211.0	sense	0.6307558085393178	0.20013874143669236	0.1
EN2	78	88	1.6699593202959773	0.3655634436556344	chrX	73164097.0	73164211.0	antisense	0.6451787253707062	0.19031996181382574	0.1
VSX1	79	87	1.6687596873735384	0.32486751324867513	chrX	73164097.0	73164211.0	antisense	0.6374285365581088	0.19556849782447225	0.1
TCF3	77	87	1.6622255873866076	0.1790820917908209	chrX	73164097.0	73164211.0	antisense	0.6307558085393178	0.20013874143669236	0.1
POU3F1	74	86	1.6508571301660677	0.2793720627937206	chrX	73164097.0	73164211.0	sense	0.6307558085393178	0.20013874143669236	0.1
Sox3	73	83	1.6470705838269168	0.09929007099290071	chrX	73164097.0	73164211.0	antisense	0.6307558085393178	0.20013874143669236	0.1
Rfx1	76	90	1.6433972493919262	0.21777822217778223	chrX	73164097.0	73164211.0	antisense	0.6307558085393178	0.20013874143669236	0.1
mix-a	72	83	1.6388662993082928	0.15158484151584842	chrX	73164097.0	73164211.0	antisense	0.6307558085393178	0.20013874143669236	0.1
NKX6-2	73	81	1.638441847447767	0.38976102389761025	chrX	73164097.0	73164211.0	sense	0.6525353916221281	0.18539592848107486	0.1
SPIC	73	87	1.6356424254995148	0.34596540345965404	chrX	73164097.0	73164211.0	sense	0.6451787253707062	0.19031996181382574	0.1
MNX1	72	82	1.6268375438366354	0.36366363363663634	chrX	73164097.0	73164211.0	sense	0.6451787253707062	0.19031996181382574	0.1
MIXL1	72	82	1.6228841775469924	0.5705429457054294	chrX	73164097.0	73164211.0	sense	0.7351336648513367	0.13363368863062072	0.1
Nkx3-1	72	81	1.6103156179816784	0.19018098190180982	chrX	73164097.0	73164211.0	sense	0.6307558085393178	0.20013874143669236	0.1
Hoxa11	73	85	1.6030383726860784	0.30916908309169083	chrX	73164097.0	73164211.0	sense	0.6374285365581088	0.19556849782447225	0.1
ELK3	74	84	1.5998309441274368	0.22697730226977303	chrX	73164097.0	73164211.0	sense	0.6307558085393178	0.20013874143669236	0.1
ETV4	74	84	1.5975922563803744	0.24397560243975602	chrX	73164097.0	73164211.0	sense	0.6307558085393178	0.20013874143669236	0.1
HOXD13	73	83	1.596145727330699	0.1601839816018398	chrX	73164097.0	73164211.0	sense	0.6307558085393178	0.20013874143669236	0.1
POU4F1	74	88	1.5940572773069086	0.30856914308569144	chrX	73164097.0	73164211.0	antisense	0.6374285365581088	0.19556849782447225	0.1
ETV1	74	84	1.5887434022383198	0.2763723627637236	chrX	73164097.0	73164211.0	sense	0.6307558085393178	0.20013874143669236	0.1
TCF4	77	87	1.5859278973691806	0.1608839116088391	chrX	73164097.0	73164211.0	antisense	0.6307558085393178	0.20013874143669236	0.1
Twist2	77	87	1.5820729670359166	0.18908109189081093	chrX	73164097.0	73164211.0	antisense	0.6307558085393178	0.20013874143669236	0.1
Dlx2	79	87	1.5778695612412885	0.2528747125287471	chrX	73164097.0	73164211.0	antisense	0.6307558085393178	0.20013874143669236	0.1
Foxo1	75	86	1.573594023772934	0.16698330166983302	chrX	73164097.0	73164211.0	antisense	0.6307558085393178	0.20013874143669236	0.1
RFX3	75	91	1.5664071314567654	0.1274872512748725	chrX	73164097.0	73164211.0	antisense	0.6307558085393178	0.20013874143669236	0.1
FOXC1	73	84	1.5659362319036247	0.196980301969803	chrX	73164097.0	73164211.0	sense	0.6307558085393178	0.20013874143669236	0.1
GATA1::TAL1	71	89	1.5626842776971648	0.23867613238676133	chrX	73164097.0	73164211.0	sense	0.6307558085393178	0.20013874143669236	0.1
CEBPA	81	92	1.5591188194555856	0.1658834116588341	chrX	73164097.0	73164211.0	antisense	0.6307558085393178	0.20013874143669236	0.1
TFAP2A	80	91	1.5458987947077576	0.271972802719728	chrX	73164097.0	73164211.0	antisense	0.6307558085393178	0.20013874143669236	0.1
GCM1	78	89	1.545887313951628	0.20077992200779923	chrX	73164097.0	73164211.0	sense	0.6307558085393178	0.20013874143669236	0.1
FOSL2	80	91	1.5435974672719452	0.137986201379862	chrX	73164097.0	73164211.0	sense	0.6307558085393178	0.20013874143669236	0.1
TBX2	81	92	1.53755977801054	0.4056594340565943	chrX	73164097.0	73164211.0	antisense	0.6601540472911956	0.18035470978825877	0.1
Hoxd3	73	89	1.5333772451609635	0.42445755424457554	chrX	73164097.0	73164211.0	antisense	0.6655391862626426	0.17682636862415207	0.1
Bcl6	74	88	1.528891607330467	0.2612738726127387	chrX	73164097.0	73164211.0	sense	0.6307558085393178	0.20013874143669236	0.1
MAX::MYC	76	87	1.525335071314221	0.20017998200179982	chrX	73164097.0	73164211.0	sense	0.6307558085393178	0.20013874143669236	0.1
Zfx	72	86	1.5208648991582745	0.253974602539746	chrX	73164097.0	73164211.0	antisense	0.6307558085393178	0.20013874143669236	0.1
FEV	74	84	1.5078367603339133	0.24087591240875914	chrX	73164097.0	73164211.0	sense	0.6307558085393178	0.20013874143669236	0.1
POU6F1	72	82	1.5022958557422006	0.32326767323267674	chrX	73164097.0	73164211.0	sense	0.6374285365581088	0.19556849782447225	0.1
HOXC10	74	84	1.500013716265027	0.2522747725227477	chrX	73164097.0	73164211.0	sense	0.6307558085393178	0.20013874143669236	0.1
NR2F1	71	84	1.4975821373185623	0.2675732426757324	chrX	73164097.0	73164211.0	sense	0.6307558085393178	0.20013874143669236	0.1
RFX2	75	91	1.4970076236122616	0.0654934506549345	chrX	73164097.0	73164211.0	antisense	0.5990664091485589	0.2225250314869407	0.1
Mafb	76	88	1.4911965954883448	0.37046295370462956	chrX	73164097.0	73164211.0	sense	0.6452022582976602	0.19030412118931306	0.1
FOXC2	73	85	1.4820146794903462	0.25137486251374863	chrX	73164097.0	73164211.0	sense	0.6307558085393178	0.20013874143669236	0.1
RFX4	75	91	1.4746794644164418	0.1825817418258174	chrX	73164097.0	73164211.0	sense	0.6307558085393178	0.20013874143669236	0.1
Ascl2	77	87	1.4723849200371948	0.17198280171982802	chrX	73164097.0	73164211.0	antisense	0.6307558085393178	0.20013874143669236	0.1
MAFG::NFE2L1	81	87	1.4697011125902069	0.23347665233476653	chrX	73164097.0	73164211.0	sense	0.6307558085393178	0.20013874143669236	0.1
Nr2e1	72	81	1.4682766248528167	0.23917608239176083	chrX	73164097.0	73164211.0	sense	0.6307558085393178	0.20013874143669236	0.1
Ddit3::Cebpa	79	91	1.4679082614548045	0.3454654534546545	chrX	73164097.0	73164211.0	antisense	0.6451787253707062	0.19031996181382574	0.1
Foxd3	74	86	1.4657074925402886	0.1867813218678132	chrX	73164097.0	73164211.0	antisense	0.6307558085393178	0.20013874143669236	0.1
FOXB1	73	84	1.4655074343516408	0.22047795220477953	chrX	73164097.0	73164211.0	sense	0.6307558085393178	0.20013874143669236	0.1
FOXF2	71	85	1.4628801287860347	0.1944805519448055	chrX	73164097.0	73164211.0	sense	0.6307558085393178	0.20013874143669236	0.1
STAT3	74	85	1.462352638369175	0.1917808219178082	chrX	73164097.0	73164211.0	antisense	0.6307558085393178	0.20013874143669236	0.1
Tcfl5	74	84	1.4615277621213039	0.813918608139186	chrX	73164097.0	73164211.0	sense	0.8874448689584822	0.05185861725969679	0.1
TBX20	71	82	1.4611802591523166	0.19688031196880312	chrX	73164097.0	73164211.0	sense	0.6307558085393178	0.20013874143669236	0.1
NKX6-1	73	81	1.44702344857743	0.26247375262473754	chrX	73164097.0	73164211.0	sense	0.6307558085393178	0.20013874143669236	0.1
Znf423	72	87	1.4458250594286755	0.062193780621937804	chrX	73164097.0	73164211.0	sense	0.5990664091485589	0.2225250314869407	0.1
USF2	76	87	1.438644287032303	0.20077992200779923	chrX	73164097.0	73164211.0	antisense	0.6307558085393178	0.20013874143669236	0.1
FOXD1	76	84	1.4340004525662267	0.19288071192880712	chrX	73164097.0	73164211.0	sense	0.6307558085393178	0.20013874143669236	0.1
LMX1A	73	81	1.4317736018688798	0.41975802419758024	chrX	73164097.0	73164211.0	sense	0.6650398596503986	0.17715232415939192	0.1
LHX2	72	82	1.4200478987139906	0.32356764323567644	chrX	73164097.0	73164211.0	sense	0.6374285365581088	0.19556849782447225	0.1
RFX5	75	91	1.414207402146294	0.07289271072892711	chrX	73164097.0	73164211.0	antisense	0.6305219478052195	0.2002997914940738	0.1
PPARG	71	91	1.4132695082205926	0.12138786121387861	chrX	73164097.0	73164211.0	antisense	0.6307558085393178	0.20013874143669236	0.1
Klf4	82	92	1.3968516774342103	0.16028397160283972	chrX	73164097.0	73164211.0	sense	0.6307558085393178	0.20013874143669236	0.1
EGR4	75	91	1.3932236062884369	0.30756924307569244	chrX	73164097.0	73164211.0	antisense	0.6374285365581088	0.19556849782447225	0.1
MEF2C	73	88	1.391512683571176	0.29427057294270575	chrX	73164097.0	73164211.0	sense	0.6374285365581088	0.19556849782447225	0.1
Spz1	74	85	1.391021196635765	0.29047095290470953	chrX	73164097.0	73164211.0	sense	0.6374084110576284	0.19558220999969791	0.1
TEAD1	78	88	1.387581368094014	0.3842615738426157	chrX	73164097.0	73164211.0	antisense	0.6485166418423093	0.18807887483425814	0.1
NFATC2	76	83	1.385624410822613	0.25937406259374063	chrX	73164097.0	73164211.0	antisense	0.6307558085393178	0.20013874143669236	0.1
EGR1	78	92	1.380600594188016	0.2562743725627437	chrX	73164097.0	73164211.0	antisense	0.6307558085393178	0.20013874143669236	0.1
NKX2-3	72	82	1.3734814416524512	0.30996900309969005	chrX	73164097.0	73164211.0	sense	0.6374285365581088	0.19556849782447225	0.1
POU2F2	74	87	1.3666119551294695	0.17848215178482152	chrX	73164097.0	73164211.0	antisense	0.6307558085393178	0.20013874143669236	0.1
ETS1	74	84	1.3624868908723509	0.25137486251374863	chrX	73164097.0	73164211.0	sense	0.6307558085393178	0.20013874143669236	0.1
HOXC11	73	84	1.3612301609389204	0.22147785221477853	chrX	73164097.0	73164211.0	sense	0.6307558085393178	0.20013874143669236	0.1
T	75	91	1.3537951855805315	0.14258574142585742	chrX	73164097.0	73164211.0	antisense	0.6307558085393178	0.20013874143669236	0.1
CDX2	72	83	1.3522009471619725	0.17268273172682733	chrX	73164097.0	73164211.0	sense	0.6307558085393178	0.20013874143669236	0.1
SPIB	77	84	1.3470438700355238	0.26407359264073593	chrX	73164097.0	73164211.0	sense	0.6307558085393178	0.20013874143669236	0.1
SNAI2	77	86	1.345625501008432	0.417958204179582	chrX	73164097.0	73164211.0	sense	0.6650398596503986	0.17715232415939192	0.1
Foxq1	72	83	1.3447208374661297	0.18118188181181882	chrX	73164097.0	73164211.0	antisense	0.6307558085393178	0.20013874143669236	0.1
GMEB2	73	81	1.3413401405194307	0.27817218278172184	chrX	73164097.0	73164211.0	sense	0.6307558085393178	0.20013874143669236	0.1
ZNF263	71	92	1.3396255057082798	0.20187981201879812	chrX	73164097.0	73164211.0	sense	0.6307558085393178	0.20013874143669236	0.1
NHLH1	77	87	1.3368713928948213	0.26447355264473554	chrX	73164097.0	73164211.0	sense	0.6307558085393178	0.20013874143669236	0.1
HOXD12	73	84	1.3360756649985832	0.192980701929807	chrX	73164097.0	73164211.0	sense	0.6307558085393178	0.20013874143669236	0.1
PRRX1	73	81	1.335502449069959	0.43145685431456854	chrX	73164097.0	73164211.0	sense	0.6744762270760876	0.17103335308121273	0.1
DUXA	79	92	1.33478697465762	0.32736726327367266	chrX	73164097.0	73164211.0	antisense	0.6374285365581088	0.19556849782447225	0.1
Stat6	72	87	1.333755923494266	0.24617538246175383	chrX	73164097.0	73164211.0	antisense	0.6307558085393178	0.20013874143669236	0.1
RAX	72	82	1.3303343131370635	0.3555644435556444	chrX	73164097.0	73164211.0	sense	0.6451787253707062	0.19031996181382574	0.1
MAFF	74	92	1.324870851016465	0.41025897410258977	chrX	73164097.0	73164211.0	antisense	0.6650398596503986	0.17715232415939192	0.1
BHLHE22	77	87	1.3242320053672731	0.18788121187881213	chrX	73164097.0	73164211.0	antisense	0.6307558085393178	0.20013874143669236	0.1
Lhx4	73	81	1.2984334531303996	0.41995800419958	chrX	73164097.0	73164211.0	sense	0.6650398596503986	0.17715232415939192	0.1
Arid3a	76	82	1.2932599633076676	0.1673832616738326	chrX	73164097.0	73164211.0	sense	0.6307558085393178	0.20013874143669236	0.1
Crem	73	83	1.293231603566617	0.25577442255774424	chrX	73164097.0	73164211.0	antisense	0.6307558085393178	0.20013874143669236	0.1
SOX9	77	86	1.28567375103974	0.49775022497750226	chrX	73164097.0	73164211.0	antisense	0.7171834063131083	0.14436976739488108	0.1
NFAT5	74	84	1.2844824303934432	0.40185981401859816	chrX	73164097.0	73164211.0	antisense	0.6580982280320863	0.18170927856168628	0.1
ZBTB33	74	89	1.2692864505532142	0.33536646335366466	chrX	73164097.0	73164211.0	sense	0.6375648149470767	0.1954756581990939	0.1
HOXB13	73	83	1.262124490126416	0.24497550244975502	chrX	73164097.0	73164211.0	sense	0.6307558085393178	0.20013874143669236	0.1
NKX2-8	73	82	1.2610551093260765	0.44995500449955006	chrX	73164097.0	73164211.0	sense	0.6888691661807271	0.16186325385614325	0.1
GLIS3	71	85	1.2577817943398757	0.0744925507449255	chrX	73164097.0	73164211.0	sense	0.6307558085393178	0.20013874143669236	0.1
GBX2	72	82	1.2534422419048745	0.35226477352264773	chrX	73164097.0	73164211.0	sense	0.6451787253707062	0.19031996181382574	0.1
BSX	73	81	1.2512705504063686	0.3758624137586241	chrX	73164097.0	73164211.0	sense	0.6454417058294171	0.19014297567462293	0.1
HOXD11	73	83	1.2446694126906668	0.2552744725527447	chrX	73164097.0	73164211.0	sense	0.6307558085393178	0.20013874143669236	0.1
HOXC12	73	84	1.24377366711747	0.22877712228777122	chrX	73164097.0	73164211.0	sense	0.6307558085393178	0.20013874143669236	0.1
POU3F3	74	87	1.240118619702851	0.35976402359764026	chrX	73164097.0	73164211.0	antisense	0.6451787253707062	0.19031996181382574	0.1
SOX10	76	82	1.209479053007285	0.34196580341965804	chrX	73164097.0	73164211.0	antisense	0.6451787253707062	0.19031996181382574	0.1
RUNX1	72	83	1.2052783069602413	0.5089491050894911	chrX	73164097.0	73164211.0	antisense	0.7255481998969915	0.13933373104986566	0.1
Nr5a2	72	87	1.2016434575304198	0.35406459354064596	chrX	73164097.0	73164211.0	sense	0.6451787253707062	0.19031996181382574	0.1
MEOX1	72	82	1.2007387034019605	0.5153484651534846	chrX	73164097.0	73164211.0	sense	0.7255481998969915	0.13933373104986566	0.1
Myc	76	86	1.19139123642767	0.22107789221077892	chrX	73164097.0	73164211.0	antisense	0.6307558085393178	0.20013874143669236	0.1
POU2F1	75	87	1.186449665089433	0.45935406459354067	chrX	73164097.0	73164211.0	antisense	0.6923273288716973	0.15968852474575265	0.1
Shox2	73	81	1.1762542537877039	0.3805619438056194	chrX	73164097.0	73164211.0	sense	0.6475791765085785	0.18870712482418908	0.1
Nfe2l2	73	88	1.1733651031548589	0.3037696230376962	chrX	73164097.0	73164211.0	sense	0.6374285365581088	0.19556849782447225	0.1
Sox6	73	83	1.1672787656091532	0.19088091190880913	chrX	73164097.0	73164211.0	antisense	0.6307558085393178	0.20013874143669236	0.1
LBX1	73	81	1.1601294937382565	0.33166683331666835	chrX	73164097.0	73164211.0	antisense	0.6374285365581088	0.19556849782447225	0.1
ETV2	72	83	1.1586846528320847	0.2258774122587741	chrX	73164097.0	73164211.0	sense	0.6307558085393178	0.20013874143669236	0.1
TBR1	72	82	1.1485800679321607	0.37806219378062195	chrX	73164097.0	73164211.0	sense	0.6454417058294171	0.19014297567462293	0.1
EVX1	78	88	1.1484374159774766	0.7221277872212779	chrX	73164097.0	73164211.0	antisense	0.8291688530262018	0.08135702014897912	0.1
OTX1	73	81	1.1479655850137822	0.39436056394360564	chrX	73164097.0	73164211.0	antisense	0.6560036304061901	0.183093757177674	0.1
TBX4	83	91	1.1460942691349745	0.43645635436456354	chrX	73164097.0	73164211.0	sense	0.6788151035642704	0.16824850324056354	0.1
EN1	79	87	1.143010288562449	0.41685831416858316	chrX	73164097.0	73164211.0	antisense	0.6650398596503986	0.17715232415939192	0.1
Dmbx1	73	90	1.1421944757255749	0.43775622437756223	chrX	73164097.0	73164211.0	antisense	0.6788151035642704	0.16824850324056354	0.1
ONECUT3	71	85	1.1393183014441983	0.1805819418058194	chrX	73164097.0	73164211.0	sense	0.6307558085393178	0.20013874143669236	0.1
Pou5f1::Sox2	75	90	1.1240991301795558	0.38216178382161786	chrX	73164097.0	73164211.0	sense	0.6481763588347048	0.1883068131909907	0.1
EVX2	78	88	1.1219180576162846	0.7915208479152085	chrX	73164097.0	73164211.0	antisense	0.8662609528520833	0.06235126120189857	0.1
Atf1	84	92	1.1216817127377912	0.33296670332966705	chrX	73164097.0	73164211.0	antisense	0.6374285365581088	0.19556849782447225	0.1
MSX2	73	81	1.1147762388321736	0.3274672532746725	chrX	73164097.0	73164211.0	sense	0.6374285365581088	0.19556849782447225	0.1
MSX1	79	87	1.1091556555343924	0.5547445255474452	chrX	73164097.0	73164211.0	antisense	0.7258737602310298	0.13913890271895332	0.1
TFAP2C(var.2)	80	91	1.1083098436879764	0.4016598340165983	chrX	73164097.0	73164211.0	antisense	0.6580982280320863	0.18170927856168628	0.1
FOXD2	76	83	1.1036995345212415	0.37536246375362464	chrX	73164097.0	73164211.0	sense	0.6454417058294171	0.19014297567462293	0.1
DUX4	80	91	1.1025232114364283	0.22027797220277973	chrX	73164097.0	73164211.0	antisense	0.6307558085393178	0.20013874143669236	0.1
MSC	77	87	1.1016533842128682	0.2780721927807219	chrX	73164097.0	73164211.0	antisense	0.6307558085393178	0.20013874143669236	0.1
Stat4	71	85	1.0983157283545841	0.3137686231376862	chrX	73164097.0	73164211.0	sense	0.6374285365581088	0.19556849782447225	0.1
Hmx3	74	91	1.0945010789695413	0.5050494950504949	chrX	73164097.0	73164211.0	antisense	0.7220955590391372	0.1414053259521679	0.1
E2F6	72	83	1.0883304473130333	0.24077592240775922	chrX	73164097.0	73164211.0	sense	0.6307558085393178	0.20013874143669236	0.1
Msx3	73	81	1.08832532716602	0.3124687531246875	chrX	73164097.0	73164211.0	sense	0.6374285365581088	0.19556849782447225	0.1
MZF1	83	89	1.087737327728695	0.3300669933006699	chrX	73164097.0	73164211.0	sense	0.6374285365581088	0.19556849782447225	0.1
SRY	73	82	1.0873896576219648	0.5257474252574742	chrX	73164097.0	73164211.0	sense	0.7258737602310298	0.13913890271895332	0.1
E2F4	72	83	1.0730421654574427	0.2598740125987401	chrX	73164097.0	73164211.0	sense	0.6307558085393178	0.20013874143669236	0.1
LHX6	72	82	1.0714478088626886	0.45645435456454353	chrX	73164097.0	73164211.0	sense	0.6923273288716973	0.15968852474575265	0.1
ISX	73	81	1.0680232938433272	0.2765723427657234	chrX	73164097.0	73164211.0	sense	0.6307558085393178	0.20013874143669236	0.1
MAFK	76	91	1.0650122882925914	0.45985401459854014	chrX	73164097.0	73164211.0	antisense	0.6923273288716973	0.15968852474575265	0.1
TFAP2B(var.2)	80	91	1.062430544066517	0.3848615138486151	chrX	73164097.0	73164211.0	antisense	0.6485166418423093	0.18807887483425814	0.1
GBX1	72	82	1.0620002401322344	0.36796320367963203	chrX	73164097.0	73164211.0	sense	0.6451787253707062	0.19031996181382574	0.1
Foxa2	71	83	1.0585622682079143	0.32736726327367266	chrX	73164097.0	73164211.0	antisense	0.6374285365581088	0.19556849782447225	0.1
MGA	83	91	1.0560587526038294	0.3554644535546445	chrX	73164097.0	73164211.0	sense	0.6451787253707062	0.19031996181382574	0.1
MAF::NFE2	77	92	1.0528039406492828	0.26877312268773124	chrX	73164097.0	73164211.0	sense	0.6307558085393178	0.20013874143669236	0.1
Hmx2	74	91	1.0520581480611197	0.43995600439956006	chrX	73164097.0	73164211.0	antisense	0.6795748996528919	0.16776267033206144	0.1
HOXC13	72	83	1.0499379850809403	0.2910708929107089	chrX	73164097.0	73164211.0	sense	0.6374084110576284	0.19558220999969791	0.1
ZBTB7C	78	90	1.0472653177351157	0.5496450354964504	chrX	73164097.0	73164211.0	antisense	0.7258737602310298	0.13913890271895332	0.1
Sox2	78	86	1.042859551798749	0.17538246175382463	chrX	73164097.0	73164211.0	antisense	0.6307558085393178	0.20013874143669236	0.1
FOS	72	83	1.0368868163236993	0.32016798320167983	chrX	73164097.0	73164211.0	antisense	0.6374285365581088	0.19556849782447225	0.1
Foxj2	76	84	1.0349000319668975	0.26417358264173585	chrX	73164097.0	73164211.0	sense	0.6307558085393178	0.20013874143669236	0.1
Ahr::Arnt	84	90	1.0329364385728532	0.32896710328967105	chrX	73164097.0	73164211.0	sense	0.6374285365581088	0.19556849782447225	0.1
TFEB	74	84	1.0325248643082496	0.46255374462553744	chrX	73164097.0	73164211.0	sense	0.6923273288716973	0.15968852474575265	0.1
FOXL1	76	83	1.02719956750444	0.2625737426257374	chrX	73164097.0	73164211.0	sense	0.6307558085393178	0.20013874143669236	0.1
MEF2B	75	87	1.0231793667079958	0.11458854114588542	chrX	73164097.0	73164211.0	sense	0.6307558085393178	0.20013874143669236	0.1
GSC	72	82	1.021453691319474	0.6201379862013798	chrX	73164097.0	73164211.0	antisense	0.7661248093200159	0.11570047373090904	0.1
FOXO4	76	83	1.0180891194319999	0.2673732626737326	chrX	73164097.0	73164211.0	sense	0.6307558085393178	0.20013874143669236	0.1
FOXG1	76	84	1.0114205723038783	0.1842815718428157	chrX	73164097.0	73164211.0	sense	0.6307558085393178	0.20013874143669236	0.1
FOXO3	76	84	1.0081115592316718	0.1892810718928107	chrX	73164097.0	73164211.0	sense	0.6307558085393178	0.20013874143669236	0.1
Creb5	71	83	1.006445061531921	0.21037896210378962	chrX	73164097.0	73164211.0	antisense	0.6307558085393178	0.20013874143669236	0.1
JDP2(var.2)	71	83	1.0015677179063007	0.20057994200579943	chrX	73164097.0	73164211.0	sense	0.6307558085393178	0.20013874143669236	0.1
Hoxb5	73	89	0.9994454847100794	0.5986401359864013	chrX	73164097.0	73164211.0	sense	0.75116175129475	0.12426653419314226	0.1
Hmx1	74	91	0.9983729149734779	0.5580441955804419	chrX	73164097.0	73164211.0	antisense	0.7258770363565147	0.13913694259849263	0.1
Sox17	75	84	0.9965078746596904	0.4921507849215078	chrX	73164097.0	73164211.0	antisense	0.7159454445616891	0.14512006991073098	0.1
BHLHE23	76	88	0.9874596016565084	0.2525747425257474	chrX	73164097.0	73164211.0	sense	0.6307558085393178	0.20013874143669236	0.1
TFAP2A(var.2)	79	91	0.9848438660724312	0.5295470452954705	chrX	73164097.0	73164211.0	antisense	0.7258737602310298	0.13913890271895332	0.1
Esrra	76	87	0.978666465736323	0.17468253174682533	chrX	73164097.0	73164211.0	sense	0.6307558085393178	0.20013874143669236	0.1
NR2C2	73	88	0.9759820366247343	0.26917308269173085	chrX	73164097.0	73164211.0	sense	0.6307558085393178	0.20013874143669236	0.1
Pou2f3	72	88	0.9665321749873858	0.35996400359964004	chrX	73164097.0	73164211.0	antisense	0.6451787253707062	0.19031996181382574	0.1
NOTO	72	82	0.9658232897670691	0.5395460453954605	chrX	73164097.0	73164211.0	sense	0.7258737602310298	0.13913890271895332	0.1
TBX21	71	81	0.9627488316227627	0.38916108389161086	chrX	73164097.0	73164211.0	sense	0.6525353916221281	0.18539592848107486	0.1
EMX2	72	82	0.9623943840069143	0.5115488451154885	chrX	73164097.0	73164211.0	sense	0.7255481998969915	0.13933373104986566	0.1
HINFP	73	85	0.9612152496562306	0.46405359464053597	chrX	73164097.0	73164211.0	antisense	0.6923273288716973	0.15968852474575265	0.1
Gfi1b	73	84	0.9579518694069474	0.36706329367063295	chrX	73164097.0	73164211.0	sense	0.6451787253707062	0.19031996181382574	0.1
OLIG1	77	87	0.9519607062734479	0.21997800219978003	chrX	73164097.0	73164211.0	sense	0.6307558085393178	0.20013874143669236	0.1
FOXI1	76	83	0.9506093139586601	0.25997400259974	chrX	73164097.0	73164211.0	sense	0.6307558085393178	0.20013874143669236	0.1
POU5F1B	76	85	0.9442803849921173	0.49365063493650635	chrX	73164097.0	73164211.0	antisense	0.7159454445616891	0.14512006991073098	0.1
Nr2f6	72	86	0.9405612736441076	0.24647535246475352	chrX	73164097.0	73164211.0	sense	0.6307558085393178	0.20013874143669236	0.1
FOS::JUN	73	80	0.9383274832857822	0.5460453954604539	chrX	73164097.0	73164211.0	sense	0.7258737602310298	0.13913890271895332	0.1
BARX1	73	81	0.9378389827414886	0.5313468653134686	chrX	73164097.0	73164211.0	sense	0.7258737602310298	0.13913890271895332	0.1
MEF2D	75	87	0.931144884645474	0.1352864713528647	chrX	73164097.0	73164211.0	sense	0.6307558085393178	0.20013874143669236	0.1
POU3F2	71	83	0.9262782438732968	0.37696230376962303	chrX	73164097.0	73164211.0	sense	0.6454417058294171	0.19014297567462293	0.1
Crx	80	91	0.9234107526267055	0.3999600039996	chrX	73164097.0	73164211.0	sense	0.6580982280320863	0.18170927856168628	0.1
FOXO6	76	83	0.9221149071221953	0.2618738126187381	chrX	73164097.0	73164211.0	sense	0.6307558085393178	0.20013874143669236	0.1
ONECUT1	71	85	0.9192916648787306	0.29087091290870914	chrX	73164097.0	73164211.0	sense	0.6374084110576284	0.19558220999969791	0.1
DMRT3	71	82	0.9165121648343019	0.5722427757224278	chrX	73164097.0	73164211.0	sense	0.7351336648513367	0.13363368863062072	0.1
Myog	77	88	0.9064294201807968	0.3564643535646435	chrX	73164097.0	73164211.0	sense	0.6451787253707062	0.19031996181382574	0.1
Nobox	72	80	0.8997823943584221	0.48405159484051596	chrX	73164097.0	73164211.0	antisense	0.7116792570034782	0.14771569217533767	0.1
HESX1	72	82	0.8972255392066569	0.46925307469253075	chrX	73164097.0	73164211.0	antisense	0.6938528369385283	0.15873263168173424	0.1
ONECUT2	71	85	0.8935312335369986	0.35256474352564743	chrX	73164097.0	73164211.0	sense	0.6451787253707062	0.19031996181382574	0.1
Tcf12	77	88	0.886302897642405	0.36276372362763726	chrX	73164097.0	73164211.0	sense	0.6451787253707062	0.19031996181382574	0.1
PAX5	73	92	0.8738470230630448	0.40575942405759424	chrX	73164097.0	73164211.0	sense	0.6601540472911956	0.18035470978825877	0.1
PDX1	73	81	0.8665683853683457	0.44985501449855014	chrX	73164097.0	73164211.0	sense	0.6888691661807271	0.16186325385614325	0.1
RHOXF1	73	81	0.8664956141703422	0.6599340065993401	chrX	73164097.0	73164211.0	antisense	0.7882046278130809	0.10336101957472418	0.1
HSF4	78	91	0.8626390139054152	0.553944605539446	chrX	73164097.0	73164211.0	antisense	0.7258737602310298	0.13913890271895332	0.1
HOXA5	76	84	0.8615487503999965	0.6002399760023998	chrX	73164097.0	73164211.0	antisense	0.75116175129475	0.12426653419314226	0.1
LIN54	73	82	0.8580725735210841	0.37376262373762625	chrX	73164097.0	73164211.0	antisense	0.6454417058294171	0.19014297567462293	0.1
POU6F2	76	86	0.8564638494732456	0.49755024497550243	chrX	73164097.0	73164211.0	antisense	0.7171834063131083	0.14436976739488108	0.1
EGR2	78	89	0.8545075548883874	0.3210678932106789	chrX	73164097.0	73164211.0	antisense	0.6374285365581088	0.19556849782447225	0.1
MEF2A	75	87	0.8476636417892198	0.22997700229977003	chrX	73164097.0	73164211.0	sense	0.6307558085393178	0.20013874143669236	0.1
Dux	73	81	0.8341323680077097	0.35806419358064195	chrX	73164097.0	73164211.0	sense	0.6451787253707062	0.19031996181382574	0.1
MEIS2	82	90	0.8279579206412101	0.5215478452154785	chrX	73164097.0	73164211.0	sense	0.7258737602310298	0.13913890271895332	0.1
HSF2	71	84	0.8201229405217328	0.2773722627737226	chrX	73164097.0	73164211.0	antisense	0.6307558085393178	0.20013874143669236	0.1
INSM1	76	88	0.8178818895045021	0.3340665933406659	chrX	73164097.0	73164211.0	sense	0.6374285365581088	0.19556849782447225	0.1
Tcf21	75	89	0.8154972971915467	0.24227577242275772	chrX	73164097.0	73164211.0	antisense	0.6307558085393178	0.20013874143669236	0.1
Pax6	72	86	0.7893941512515051	0.5912408759124088	chrX	73164097.0	73164211.0	sense	0.7466034418455966	0.1269100123053683	0.1
Alx1	71	88	0.7825051516656981	0.45695430456954306	chrX	73164097.0	73164211.0	antisense	0.6923273288716973	0.15968852474575265	0.1
ELF3	72	85	0.780188966381219	0.31416858314168583	chrX	73164097.0	73164211.0	sense	0.6374285365581088	0.19556849782447225	0.1
VSX2	73	81	0.7785780802375897	0.5780421957804219	chrX	73164097.0	73164211.0	antisense	0.7399484189512083	0.13079855343879543	0.1
ESR1	73	90	0.7738369562091709	0.1483851614838516	chrX	73164097.0	73164211.0	sense	0.6307558085393178	0.20013874143669236	0.1
VENTX	72	81	0.7697134813081858	0.5181481851814819	chrX	73164097.0	73164211.0	sense	0.7255481998969915	0.13933373104986566	0.1
FOXP2	71	82	0.7678120925338229	0.32856714328567144	chrX	73164097.0	73164211.0	sense	0.6374285365581088	0.19556849782447225	0.1
Lhx8	73	81	0.749708495138175	0.6052394760523948	chrX	73164097.0	73164211.0	sense	0.7532836644393115	0.1230414504896103	0.1
Gfi1	77	87	0.7444869403015193	0.7503249675032497	chrX	73164097.0	73164211.0	antisense	0.8453362007211805	0.07297053237675659	0.1
SP8	80	92	0.7442622087853218	0.5026497350264973	chrX	73164097.0	73164211.0	antisense	0.720649758228597	0.14227575473349527	0.1
BATF::JUN	79	90	0.7369901753375091	0.46915308469153083	chrX	73164097.0	73164211.0	sense	0.6938528369385283	0.15873263168173424	0.1
SCRT1	73	88	0.7361898595911869	0.30446955304469553	chrX	73164097.0	73164211.0	sense	0.6374285365581088	0.19556849782447225	0.1
ERG	77	87	0.7360387823056134	0.53004699530047	chrX	73164097.0	73164211.0	sense	0.7258737602310298	0.13913890271895332	0.1
ZEB1	74	83	0.7289413368801279	0.401959804019598	chrX	73164097.0	73164211.0	antisense	0.6580982280320863	0.18170927856168628	0.1
TGIF2	80	92	0.7262522799378789	0.2763723627637236	chrX	73164097.0	73164211.0	antisense	0.6307558085393178	0.20013874143669236	0.1
REL	76	86	0.7250331417399413	0.7194280571942806	chrX	73164097.0	73164211.0	antisense	0.8291688530262018	0.08135702014897912	0.1
NRF1	79	90	0.7201316886151675	0.4647535246475352	chrX	73164097.0	73164211.0	sense	0.6923273288716973	0.15968852474575265	0.1
Stat5a::Stat5b	73	84	0.7184925389167722	0.46165383461653836	chrX	73164097.0	73164211.0	sense	0.6923273288716973	0.15968852474575265	0.1
HSF1	71	84	0.7171111731829629	0.21627837216278373	chrX	73164097.0	73164211.0	antisense	0.6307558085393178	0.20013874143669236	0.1
PAX4	73	81	0.715561820923624	0.6083391660833917	chrX	73164097.0	73164211.0	sense	0.7553302086059337	0.1218631458224792	0.1
PLAG1	76	90	0.707471612895334	0.22907709229077092	chrX	73164097.0	73164211.0	antisense	0.6307558085393178	0.20013874143669236	0.1
Esrrg	79	89	0.6983708140422551	0.5515448455154485	chrX	73164097.0	73164211.0	sense	0.7258737602310298	0.13913890271895332	0.1
EHF	72	84	0.6714668891880913	0.49165083491650835	chrX	73164097.0	73164211.0	sense	0.7159454445616891	0.14512006991073098	0.1
CUX2	71	81	0.6710269100841957	0.599040095990401	chrX	73164097.0	73164211.0	sense	0.75116175129475	0.12426653419314226	0.1
PHOX2A	80	91	0.6681905370484249	0.6694330566943306	chrX	73164097.0	73164211.0	antisense	0.7932323206035561	0.10059959858447656	0.1
TFAP2C	79	91	0.646815592592697	0.6934306569343066	chrX	73164097.0	73164211.0	antisense	0.812393929907235	0.0902333302421707	0.1
Hoxc9	75	88	0.6465903421070313	0.5513448655134486	chrX	73164097.0	73164211.0	antisense	0.7258737602310298	0.13913890271895332	0.1
ZIC3	72	87	0.6421176546438462	0.36946305369463056	chrX	73164097.0	73164211.0	antisense	0.6452022582976602	0.19030412118931306	0.1
TFAP2B	79	91	0.6316534162962422	0.659034096590341	chrX	73164097.0	73164211.0	antisense	0.7882046278130809	0.10336101957472418	0.1
ELF4	72	84	0.630692250141663	0.43815618438156184	chrX	73164097.0	73164211.0	sense	0.6788151035642704	0.16824850324056354	0.1
Phox2b	80	91	0.6299014805159902	0.583041695830417	chrX	73164097.0	73164211.0	antisense	0.7416633336666333	0.12979319109724038	0.1
ERF	77	87	0.6284852913978459	0.5421457854214579	chrX	73164097.0	73164211.0	sense	0.7258737602310298	0.13913890271895332	0.1
JUNB	71	82	0.6283590489088667	0.5367463253674633	chrX	73164097.0	73164211.0	sense	0.7258737602310298	0.13913890271895332	0.1
MAX	77	87	0.6283445201458296	0.6592340765923408	chrX	73164097.0	73164211.0	antisense	0.7882046278130809	0.10336101957472418	0.1
PROX1	78	90	0.6193270406589922	0.32796720327967205	chrX	73164097.0	73164211.0	sense	0.6374285365581088	0.19556849782447225	0.1
ZBTB18	76	89	0.6183553459250409	0.4226577342265773	chrX	73164097.0	73164211.0	antisense	0.6650398596503986	0.17715232415939192	0.1
TEAD3	83	91	0.6150441236907207	0.5398460153984601	chrX	73164097.0	73164211.0	antisense	0.7258737602310298	0.13913890271895332	0.1
Myod1	74	87	0.6135020610836759	0.5477452254774523	chrX	73164097.0	73164211.0	antisense	0.7258737602310298	0.13913890271895332	0.1
Rhox11	75	92	0.6115197339926052	0.7323267673232676	chrX	73164097.0	73164211.0	antisense	0.8371753133056739	0.07718358665584987	0.1
Arntl	73	83	0.6096058224511179	0.7853214678532147	chrX	73164097.0	73164211.0	sense	0.8662609528520833	0.06235126120189857	0.1
ELF1	72	84	0.5946636677357865	0.48665133486651335	chrX	73164097.0	73164211.0	sense	0.7134803468805662	0.14661798521068622	0.1
HNF1A	74	89	0.5750853936379692	0.557944205579442	chrX	73164097.0	73164211.0	sense	0.7258770363565147	0.13913694259849263	0.1
FLI1	77	87	0.5717857460592654	0.5658434156584341	chrX	73164097.0	73164211.0	sense	0.7341818318168182	0.13419636682103925	0.1
SCRT2	73	86	0.5619556223182619	0.34496550344965504	chrX	73164097.0	73164211.0	sense	0.6451787253707062	0.19031996181382574	0.1
NFIC::TLX1	75	89	0.5593091479969455	0.3260673932606739	chrX	73164097.0	73164211.0	sense	0.6374285365581088	0.19556849782447225	0.1
NR4A2	73	81	0.5565121003020982	0.767023297670233	chrX	73164097.0	73164211.0	sense	0.8542598529846587	0.06841000337240706	0.1
POU4F2	71	87	0.5556230676634787	0.24527547245275472	chrX	73164097.0	73164211.0	sense	0.6307558085393178	0.20013874143669236	0.1
ETV6	74	84	0.5542981456770737	0.6431356864313569	chrX	73164097.0	73164211.0	sense	0.7812108976018286	0.10723170709523058	0.1
CUX1	71	81	0.5507925327715283	0.6277372262773723	chrX	73164097.0	73164211.0	sense	0.7674326684978561	0.11495971745673982	0.1
Npas2	77	87	0.5466028734751887	0.7530246975302469	chrX	73164097.0	73164211.0	sense	0.8453362007211805	0.07297053237675659	0.1
Rarb(var.2)	72	89	0.5389000597912378	0.140985901409859	chrX	73164097.0	73164211.0	antisense	0.6307558085393178	0.20013874143669236	0.1
HNF4G	71	86	0.5358700252446958	0.6519348065193481	chrX	73164097.0	73164211.0	antisense	0.786870150194283	0.1040969292760711	0.1
TFAP2C(var.3)	75	88	0.5232372458926585	0.5476452354764524	chrX	73164097.0	73164211.0	sense	0.7258737602310298	0.13913890271895332	0.1
TBX1	83	91	0.4980600984588439	0.6006399360063993	chrX	73164097.0	73164211.0	antisense	0.75116175129475	0.12426653419314226	0.1
TFAP4	77	87	0.49738887780004054	0.549045095490451	chrX	73164097.0	73164211.0	antisense	0.7258737602310298	0.13913890271895332	0.1
ID4	77	87	0.49428554601350005	0.7713228677132287	chrX	73164097.0	73164211.0	antisense	0.8572089257883634	0.06691331546449389	0.1
RORA	73	83	0.48827730693356325	0.6476352364763523	chrX	73164097.0	73164211.0	antisense	0.7835027686042585	0.1059594645592358	0.1
STAT1	71	82	0.47930520248420616	0.5715428457154285	chrX	73164097.0	73164211.0	antisense	0.7351336648513367	0.13363368863062072	0.1
ELK1	74	84	0.4785439074131824	0.5804419558044196	chrX	73164097.0	73164211.0	sense	0.7401704546990019	0.13066825457903217	0.1
CREB3L1	75	89	0.4778094950063588	0.5909409059094091	chrX	73164097.0	73164211.0	antisense	0.7466034418455966	0.1269100123053683	0.1
TEAD4	72	82	0.47772533080255714	0.7310268973102689	chrX	73164097.0	73164211.0	sense	0.8371753133056739	0.07718358665584987	0.1
MYBL1	72	84	0.47720486664011513	0.5513448655134486	chrX	73164097.0	73164211.0	antisense	0.7258737602310298	0.13913890271895332	0.1
JUND(var.2)	75	90	0.47580288269267096	0.5788421157884212	chrX	73164097.0	73164211.0	sense	0.7399484189512083	0.13079855343879543	0.1
TBX15	83	91	0.47486359955317614	0.5172482751724827	chrX	73164097.0	73164211.0	antisense	0.7255481998969915	0.13933373104986566	0.1
ZIC1	73	87	0.46213423251425256	0.35066493350664935	chrX	73164097.0	73164211.0	antisense	0.6451787253707062	0.19031996181382574	0.1
RARA(var.2)	72	89	0.4545334500190391	0.1601839816018398	chrX	73164097.0	73164211.0	antisense	0.6307558085393178	0.20013874143669236	0.1
GLI2	71	83	0.4213739114574194	0.6674332566743326	chrX	73164097.0	73164211.0	sense	0.7926724490022394	0.1009062363622138	0.1
FOXH1	72	83	0.41122421566401823	0.5527447255274472	chrX	73164097.0	73164211.0	sense	0.7258737602310298	0.13913890271895332	0.1
POU3F4	72	81	0.4079246257245527	0.4988501149885011	chrX	73164097.0	73164211.0	sense	0.7171834063131083	0.14436976739488108	0.1
KLF16	81	92	0.4018404325573199	0.4938506149385061	chrX	73164097.0	73164211.0	antisense	0.7159454445616891	0.14512006991073098	0.1
ESRRB	71	82	0.3993960398080498	0.5186481351864813	chrX	73164097.0	73164211.0	sense	0.7255481998969915	0.13933373104986566	0.1
TFAP2B(var.3)	75	88	0.38418756757479106	0.5541445855414459	chrX	73164097.0	73164211.0	antisense	0.7258737602310298	0.13913890271895332	0.1
Vdr	72	88	0.3805944179994768	0.30896910308969106	chrX	73164097.0	73164211.0	sense	0.6374285365581088	0.19556849782447225	0.1
CLOCK	77	87	0.37920868258157164	0.7928207179282072	chrX	73164097.0	73164211.0	sense	0.8662609528520833	0.06235126120189857	0.1
ZNF143	73	89	0.3752883284627018	0.2796720327967203	chrX	73164097.0	73164211.0	antisense	0.6307558085393178	0.20013874143669236	0.1
NR3C2	73	90	0.3729813936115107	0.36006399360063995	chrX	73164097.0	73164211.0	sense	0.6451787253707062	0.19031996181382574	0.1
JUN(var.2)	77	91	0.3588860546750131	0.7541245875412459	chrX	73164097.0	73164211.0	sense	0.8453362007211805	0.07297053237675659	0.1
HEY2	77	87	0.3444731669926572	0.8468153184681532	chrX	73164097.0	73164211.0	antisense	0.9043151240431513	0.04368020582411639	0.1
FOSL1	72	83	0.34398210049931705	0.6051394860513949	chrX	73164097.0	73164211.0	sense	0.7532836644393115	0.1230414504896103	0.1
ZBTB7B	78	90	0.3387785066607421	0.6129387061293871	chrX	73164097.0	73164211.0	antisense	0.7592247935111023	0.11962961787628512	0.1
ZBED1	79	92	0.33794830464494063	0.37546245375462456	chrX	73164097.0	73164211.0	antisense	0.6454417058294171	0.19014297567462293	0.1
MNT	77	87	0.33236156780031284	0.8385161483851615	chrX	73164097.0	73164211.0	antisense	0.9030989017280844	0.04426468587394819	0.1
Sox1	73	88	0.33198218106291766	0.3261673832616738	chrX	73164097.0	73164211.0	sense	0.6374285365581088	0.19556849782447225	0.1
NFYA	73	91	0.31863677967974324	0.5158484151584841	chrX	73164097.0	73164211.0	antisense	0.7255481998969915	0.13933373104986566	0.1
TFCP2	75	85	0.3140340076720153	0.8720127987201279	chrX	73164097.0	73164211.0	antisense	0.9157599391575993	0.038218359043023814	0.1
NR3C1	73	90	0.2974138591406434	0.33756624337566243	chrX	73164097.0	73164211.0	sense	0.639404672671419	0.19422419429517535	0.1
RORA(var.2)	71	85	0.29141883327262585	0.46555344465553444	chrX	73164097.0	73164211.0	antisense	0.6923273288716973	0.15968852474575265	0.1
EBF1	73	87	0.2839763795899575	0.5704429557044296	chrX	73164097.0	73164211.0	sense	0.7351336648513367	0.13363368863062072	0.1
Sox5	75	82	0.27361574152674095	0.8295170482951705	chrX	73164097.0	73164211.0	antisense	0.8969153084691531	0.04724856342300747	0.1
JUND	72	83	0.26371026125022945	0.7010298970102989	chrX	73164097.0	73164211.0	sense	0.8194471093431197	0.08647907243113534	0.1
MYF6	77	87	0.254739738990094	0.6599340065993401	chrX	73164097.0	73164211.0	antisense	0.7882046278130809	0.10336101957472418	0.1
Myb	71	81	0.2529028146711508	0.7533246675332467	chrX	73164097.0	73164211.0	antisense	0.8453362007211805	0.07297053237675659	0.1
HNF1B	74	87	0.25043212778458335	0.6832316768323168	chrX	73164097.0	73164211.0	sense	0.8059028188090283	0.09371732519190504	0.1
Klf1	79	90	0.2260580561812873	0.6887311268873113	chrX	73164097.0	73164211.0	antisense	0.8087136987658701	0.09220520033189833	0.1
BHLHE40	71	81	0.21829207503487486	0.7868213178682132	chrX	73164097.0	73164211.0	antisense	0.8662609528520833	0.06235126120189857	0.1
Nr2f6(var.2)	73	88	0.21190449641259337	0.22097790220977903	chrX	73164097.0	73164211.0	sense	0.6307558085393178	0.20013874143669236	0.1
Mycn	77	85	0.20572605253465187	0.7445255474452555	chrX	73164097.0	73164211.0	sense	0.8436872469958244	0.07381851554990056	0.1
PKNOX1	76	88	0.20403418979639837	0.3197680231976802	chrX	73164097.0	73164211.0	sense	0.6374285365581088	0.19556849782447225	0.1
Nr2e3	73	80	0.20135032387994234	0.7869213078692131	chrX	73164097.0	73164211.0	antisense	0.8662609528520833	0.06235126120189857	0.1
MLX	71	81	0.1933554480475837	0.7431256874312568	chrX	73164097.0	73164211.0	antisense	0.8436872469958244	0.07381851554990056	0.1
PAX9	71	88	0.19012833091043194	0.36326367363263673	chrX	73164097.0	73164211.0	sense	0.6451787253707062	0.19031996181382574	0.1
PKNOX2	76	88	0.1883557269086511	0.32736726327367266	chrX	73164097.0	73164211.0	sense	0.6374285365581088	0.19556849782447225	0.1
TGIF1	76	88	0.1865710159455484	0.33086691330866913	chrX	73164097.0	73164211.0	sense	0.6374285365581088	0.19556849782447225	0.1
MLXIPL	71	81	0.18620909191361615	0.8433156684331566	chrX	73164097.0	73164211.0	antisense	0.9031837022483319	0.044223907760986246	0.1
E2F8	71	83	0.18287390931919514	0.42175782421757824	chrX	73164097.0	73164211.0	antisense	0.6650398596503986	0.17715232415939192	0.1
GRHL1	74	86	0.169948957201078	0.8518148185181482	chrX	73164097.0	73164211.0	sense	0.9046040181257947	0.04354148750986073	0.1
RELA	71	81	0.16533354704278397	0.6423357664233577	chrX	73164097.0	73164211.0	antisense	0.7812108976018286	0.10723170709523058	0.1
NFE2	81	92	0.14537723250382867	0.622937706229377	chrX	73164097.0	73164211.0	sense	0.7661248093200159	0.11570047373090904	0.1
Rarb	72	88	0.12804288511007014	0.20017998200179982	chrX	73164097.0	73164211.0	sense	0.6307558085393178	0.20013874143669236	0.1
ATF4	71	84	0.12452862973911245	0.7195280471952805	chrX	73164097.0	73164211.0	antisense	0.8291688530262018	0.08135702014897912	0.1
CREB3	75	89	0.11550792645925824	0.7908209179082092	chrX	73164097.0	73164211.0	antisense	0.8662609528520833	0.06235126120189857	0.1
Id2	72	80	0.11506334177534816	0.8515148485151485	chrX	73164097.0	73164211.0	sense	0.9046040181257947	0.04354148750986073	0.1
MYBL2	72	87	0.11476785826232971	0.7481251874812519	chrX	73164097.0	73164211.0	sense	0.8453362007211805	0.07297053237675659	0.1
ZNF354C	85	91	0.10777620940997806	0.9041095890410958	chrX	73164097.0	73164211.0	antisense	0.940346446317292	0.02671211235351933	0.1
Ar	73	90	0.09162838702596279	0.5244475552444755	chrX	73164097.0	73164211.0	sense	0.7258737602310298	0.13913890271895332	0.1
STAT1::STAT2	71	86	0.087758991200596	0.5334466553344666	chrX	73164097.0	73164211.0	antisense	0.7258737602310298	0.13913890271895332	0.1
Six3	71	88	0.08750820083563272	0.8654134586541345	chrX	73164097.0	73164211.0	sense	0.9157599391575993	0.038218359043023814	0.1
HEY1	71	81	0.08517125857363157	0.9087091290870913	chrX	73164097.0	73164211.0	sense	0.9432400759924008	0.02537775539747996	0.1
Creb3l2	72	81	0.08194595774229574	0.8166183381661833	chrX	73164097.0	73164211.0	antisense	0.8885218396399353	0.05133189288001645	0.1
Rarg	73	89	0.07791462414548476	0.27187281271872815	chrX	73164097.0	73164211.0	sense	0.6307558085393178	0.20013874143669236	0.1
Arnt	79	85	0.06187544373729651	0.9126087391260874	chrX	73164097.0	73164211.0	sense	0.9453970770587612	0.02438574476550739	0.1
Mlxip	72	80	0.05629911989568454	0.8882111788821118	chrX	73164097.0	73164211.0	antisense	0.9275283739231711	0.0326727960527753	0.1
SMAD2::SMAD3::SMAD4	71	84	0.05266337720054587	0.9372062793720628	chrX	73164097.0	73164211.0	sense	0.9612847015693687	0.017147969241938135	0.1
NFYB	71	86	0.048391208625513035	0.7908209179082092	chrX	73164097.0	73164211.0	antisense	0.8662609528520833	0.06235126120189857	0.1
XBP1	71	85	0.04201147553215775	0.8387161283871613	chrX	73164097.0	73164211.0	antisense	0.9030989017280844	0.04426468587394819	0.1
PROP1	80	91	0.041999897317274715	0.7207279272072793	chrX	73164097.0	73164211.0	sense	0.8291688530262018	0.08135702014897912	0.1
ARNT::HIF1A	78	86	0.03954965441176829	0.950904909509049	chrX	73164097.0	73164211.0	sense	0.9714953701480245	0.012559264774910192	0.1
PAX1	74	91	0.03802316392587629	0.5552444755524447	chrX	73164097.0	73164211.0	sense	0.7258737602310298	0.13913890271895332	0.1
SMAD3	75	85	0.024596931870680797	0.7387261273872613	chrX	73164097.0	73164211.0	antisense	0.8407869739341856	0.07531402532463598	0.1
JDP2	82	91	0.012555664327412125	0.7343265673432656	chrX	73164097.0	73164211.0	sense	0.8376164581344063	0.0769547978923312	0.1
SPDEF	73	84	0.009505553640578793	0.8523147685231477	chrX	73164097.0	73164211.0	sense	0.9046040181257947	0.04354148750986073	0.1
SREBF2(var.2)	73	83	-0.0	0.8732126787321268	chrX	73164097.0	73164211.0	antisense	0.9157599391575993	0.038218359043023814	0.1
Srebf1(var.2)	73	83	-0.0	0.9334066593340666	chrX	73164097.0	73164211.0	antisense	0.9592832795928329	0.018053125261969043	0.1
BHLHE41	73	83	-0.0	0.8734126587341265	chrX	73164097.0	73164211.0	sense	0.9157599391575993	0.038218359043023814	0.1
NR1H2::RXRA	72	89	-0.0	0.28077192280771923	chrX	73164097.0	73164211.0	antisense	0.6307558085393178	0.20013874143669236	0.1
E2F7	73	87	-0.0	0.36736326367363265	chrX	73164097.0	73164211.0	sense	0.6451787253707062	0.19031996181382574	0.1
HES7	74	86	-0.0	0.676932306769323	chrX	73164097.0	73164211.0	sense	0.800291269278539	0.09675192098538193	0.1
E2F1	74	86	-0.0	0.9598040195980402	chrX	73164097.0	73164211.0	sense	0.9756427488366624	0.010709178861455029	0.1
Bach1::Mafk	71	86	-0.0	0.763023697630237	chrX	73164097.0	73164211.0	sense	0.8516329012260064	0.06974756876390749	0.1
HES5	74	86	-0.0	0.7057294270572942	chrX	73164097.0	73164211.0	sense	0.8224047550401911	0.08491438730582021	0.1
IRF7	77	91	-0.0	0.7139286071392861	chrX	73164097.0	73164211.0	antisense	0.8289238190274932	0.0814853807841669	0.1
KLF14	72	86	-0.0	0.7199280071992801	chrX	73164097.0	73164211.0	sense	0.8291688530262018	0.08135702014897912	0.1
BATF3	76	90	-0.0	0.5143485651434857	chrX	73164097.0	73164211.0	sense	0.7255481998969915	0.13933373104986566	0.1
SPI1	76	90	-0.0	0.5486451354864513	chrX	73164097.0	73164211.0	antisense	0.7258737602310298	0.13913890271895332	0.1
RXRA::VDR	77	92	-0.027316084316503043	0.5863413658634137	chrX	73164097.0	73164211.0	antisense	0.7440370877337694	0.1284054158026751	0.1
SOX21	73	88	-0.05609181362776486	0.3922607739226077	chrX	73164097.0	73164211.0	antisense	0.6546088156457666	0.18401815032570645	0.1
TBX19	71	91	-0.09215369190587715	0.6442355764423557	chrX	73164097.0	73164211.0	sense	0.7812108976018286	0.10723170709523058	0.1
Lhx3	71	84	-0.09774783571734683	0.8295170482951705	chrX	73164097.0	73164211.0	sense	0.8969153084691531	0.04724856342300747	0.1
IRF2	71	89	-0.10201806868194081	0.42285771422857715	chrX	73164097.0	73164211.0	sense	0.6650398596503986	0.17715232415939192	0.1
EWSR1-FLI1	72	90	-0.10461952622749983	0.09099090090990901	chrX	73164097.0	73164211.0	sense	0.6307558085393178	0.20013874143669236	0.1
MTF1	75	89	-0.13760484481562443	0.6864313568643136	chrX	73164097.0	73164211.0	sense	0.8078409846090221	0.09267411732346943	0.1
Arx	71	88	-0.1424620295467534	0.758024197580242	chrX	73164097.0	73164211.0	antisense	0.8478762037589345	0.07166755334370849	0.1
TP73	74	92	-0.1874014008974273	0.7067293270672933	chrX	73164097.0	73164211.0	antisense	0.8224047550401911	0.08491438730582021	0.1
RXRB	72	86	-0.20818561524703427	0.6280371962803719	chrX	73164097.0	73164211.0	sense	0.7674326684978561	0.11495971745673982	0.1
Rxra	72	86	-0.21246334561982308	0.6284371562843716	chrX	73164097.0	73164211.0	sense	0.7674326684978561	0.11495971745673982	0.1
RXRG	72	86	-0.21988749539176486	0.6641335866413358	chrX	73164097.0	73164211.0	sense	0.790562686850581	0.10206368743462443	0.1
Rarg(var.2)	71	88	-0.23541766169152195	0.44515548445155484	chrX	73164097.0	73164211.0	sense	0.6855658647785072	0.16395081463707278	0.1
BCL6B	71	88	-0.23647746318630378	0.24327567243275672	chrX	73164097.0	73164211.0	antisense	0.6307558085393178	0.20013874143669236	0.1
PAX7	73	83	-0.24337812868745026	0.9214078592140786	chrX	73164097.0	73164211.0	sense	0.9507170555310274	0.021948714929239617	0.1
PAX3	73	83	-0.28502206776010586	0.9448055194480552	chrX	73164097.0	73164211.0	sense	0.9671677802633938	0.014498179772273448	0.1
Hnf4a	72	88	-0.2943599199911794	0.6223377662233777	chrX	73164097.0	73164211.0	sense	0.7661248093200159	0.11570047373090904	0.1
ZNF410	75	92	-0.3265002687486691	0.4801519848015198	chrX	73164097.0	73164211.0	antisense	0.7079513639545136	0.1499965771855273	0.1
Alx4	71	88	-0.3797568326514023	0.8292170782921707	chrX	73164097.0	73164211.0	sense	0.8969153084691531	0.04724856342300747	0.1
EGR3	72	87	-0.4968870574152432	0.8406159384061593	chrX	73164097.0	73164211.0	sense	0.9031837022483319	0.044223907760986246	0.1
NFKB2	74	87	-0.5094001998338095	0.9899010098990101	chrX	73164097.0	73164211.0	sense	0.991812015709626	0.00357063457608792	0.1
ATF7	72	86	-0.5377086761589376	0.9539046095390461	chrX	73164097.0	73164211.0	antisense	0.972645368076159	0.012045477061068451	0.1
IRF8	71	85	-0.5503477449065025	0.8911108889111089	chrX	73164097.0	73164211.0	antisense	0.9286878541061557	0.03213023435846863	0.1
Klf12	72	87	-0.5836256655238027	0.8726127387261274	chrX	73164097.0	73164211.0	sense	0.9157599391575993	0.038218359043023814	0.1
Gmeb1	73	90	-0.6045275367234773	0.9986001399860014	chrX	73164097.0	73164211.0	antisense	0.9986001399860014	0.0006083774005328553	0.1
SOX8	76	92	-0.6208167364515906	0.6606339366063394	chrX	73164097.0	73164211.0	sense	0.7882046278130809	0.10336101957472418	0.1
RARA	73	91	-0.6222686198585725	0.5440455954404559	chrX	73164097.0	73164211.0	sense	0.7258737602310298	0.13913890271895332	0.1
IRF9	71	86	-0.6772444280294745	0.8822117788221178	chrX	73164097.0	73164211.0	antisense	0.9231207927594337	0.03474146669187051	0.1
NFKB1	74	87	-0.6814028820591657	0.9781021897810219	chrX	73164097.0	73164211.0	antisense	0.9856990999929133	0.006255639984332322	0.1
RREB1	72	92	-0.8269500801871021	0.45885411458854114	chrX	73164097.0	73164211.0	sense	0.6923273288716973	0.15968852474575265	0.1
KLF13	71	89	-0.8299519582480368	0.844015598440156	chrX	73164097.0	73164211.0	sense	0.9031837022483319	0.044223907760986246	0.1
TP53	74	92	-0.856408423699058	0.9674032596740326	chrX	73164097.0	73164211.0	antisense	0.9787179176819161	0.009342460849272056	0.1
SP4	73	90	-1.0629420388910467	0.9243075692430757	chrX	73164097.0	73164211.0	antisense	0.9518167230895959	0.021446669066858375	0.1
GLIS1	75	91	-1.064350533427827	0.9195080491950804	chrX	73164097.0	73164211.0	sense	0.9506467679925233	0.02198082397618277	0.1
SOX4	76	92	-1.089618480754496	0.9606039396060394	chrX	73164097.0	73164211.0	antisense	0.9756427488366624	0.010709178861455029	0.1
E2F2	75	91	-1.095961118076724	0.966003399660034	chrX	73164097.0	73164211.0	sense	0.9787179176819161	0.009342460849272056	0.1
Sox11	76	91	-1.099812187831528	0.9878012198780122	chrX	73164097.0	73164211.0	antisense	0.991812015709626	0.00357063457608792	0.1
TP63	73	91	-1.5712020271703102	0.9893010698930107	chrX	73164097.0	73164211.0	antisense	0.991812015709626	0.00357063457608792	0.1
E2F3	74	92	-1.7388055282882053	0.9775022497750225	chrX	73164097.0	73164211.0	antisense	0.9856990999929133	0.006255639984332322	0.1
REST	71	92	-1.7811362986417052	0.7872212778722127	chrX	73164097.0	73164211.0	sense	0.8662609528520833	0.06235126120189857	0.1
IRF1	71	92	-2.212420341950914	0.8689131086891311	chrX	73164097.0	73164211.0	antisense	0.9157599391575993	0.038218359043023814	0.1
