motif	start	end	score	pval	tile_chr	tile_start	tile_end	strand	padj	neg_log_pval	fdr_cutoff
Gmeb1	72	89	0.7143262238226014	0.022297770222977704	chr1	211556065.0	211556179.0	sense	0.38958712824369734	0.4093954004204271	0.15
BARHL2	79	89	0.5696024465285451	0.010198980101989802	chr1	211556065.0	211556179.0	sense	0.38958712824369734	0.4093954004204271	0.15
Foxj3	72	89	0.520581205359027	0.010198980101989802	chr1	211556065.0	211556179.0	antisense	0.38958712824369734	0.4093954004204271	0.15
GSC2	79	89	0.5121393407330431	0.0374962503749625	chr1	211556065.0	211556179.0	sense	0.38958712824369734	0.4093954004204271	0.15
MZF1(var.2)	74	84	0.5120309036898639	0.004399560043995601	chr1	211556065.0	211556179.0	antisense	0.38958712824369734	0.4093954004204271	0.15
Hoxb5	73	89	0.5057634618685314	0.0192980701929807	chr1	211556065.0	211556179.0	sense	0.38958712824369734	0.4093954004204271	0.15
MEOX2	75	85	0.4968538538490253	0.0435956404359564	chr1	211556065.0	211556179.0	antisense	0.38958712824369734	0.4093954004204271	0.15
Barhl1	79	89	0.4954736552885343	0.07879212078792121	chr1	211556065.0	211556179.0	sense	0.38958712824369734	0.4093954004204271	0.15
TBP	78	93	0.47811386430992747	0.05299470052994701	chr1	211556065.0	211556179.0	sense	0.38958712824369734	0.4093954004204271	0.15
Six3	73	90	0.47659946672741615	0.0216978302169783	chr1	211556065.0	211556179.0	antisense	0.38958712824369734	0.4093954004204271	0.15
VENTX	80	89	0.473277608463551	0.0072992700729927005	chr1	211556065.0	211556179.0	antisense	0.38958712824369734	0.4093954004204271	0.15
LBX2	79	89	0.47276363827364015	0.07069293070692931	chr1	211556065.0	211556179.0	antisense	0.38958712824369734	0.4093954004204271	0.15
EMX1	75	85	0.4631352351381261	0.061493850614938506	chr1	211556065.0	211556179.0	antisense	0.38958712824369734	0.4093954004204271	0.15
NFIL3	73	84	0.4599986443069723	0.004999500049995001	chr1	211556065.0	211556179.0	antisense	0.38958712824369734	0.4093954004204271	0.15
Neurog1	77	87	0.45624197979746495	0.09559044095590441	chr1	211556065.0	211556179.0	antisense	0.38958712824369734	0.4093954004204271	0.15
ELF5	77	88	0.455773401496492	0.0268973102689731	chr1	211556065.0	211556179.0	antisense	0.38958712824369734	0.4093954004204271	0.15
HOXB3	79	89	0.44905445150306855	0.0680931906809319	chr1	211556065.0	211556179.0	antisense	0.38958712824369734	0.4093954004204271	0.15
THAP1	80	89	0.44880896524413927	0.067993200679932	chr1	211556065.0	211556179.0	sense	0.38958712824369734	0.4093954004204271	0.15
ESX1	79	89	0.4434569369872971	0.07799220077992201	chr1	211556065.0	211556179.0	antisense	0.38958712824369734	0.4093954004204271	0.15
Dlx1	75	85	0.4341304266030051	0.0852914708529147	chr1	211556065.0	211556179.0	antisense	0.38958712824369734	0.4093954004204271	0.15
HINFP	76	88	0.4275851408860489	0.021897810218978103	chr1	211556065.0	211556179.0	sense	0.38958712824369734	0.4093954004204271	0.15
GBX2	79	89	0.4258120160416316	0.033996600339966	chr1	211556065.0	211556179.0	antisense	0.38958712824369734	0.4093954004204271	0.15
MIXL1	75	85	0.4231349517338741	0.09709029097090291	chr1	211556065.0	211556179.0	antisense	0.38958712824369734	0.4093954004204271	0.15
CENPB	72	87	0.42144450901854225	0.0365963403659634	chr1	211556065.0	211556179.0	antisense	0.38958712824369734	0.4093954004204271	0.15
FOXP1	74	89	0.4200032718083471	0.014598540145985401	chr1	211556065.0	211556179.0	antisense	0.38958712824369734	0.4093954004204271	0.15
Hmx1	75	92	0.4174200312285936	0.05419458054194581	chr1	211556065.0	211556179.0	antisense	0.38958712824369734	0.4093954004204271	0.15
HLF	78	90	0.4150351584969301	0.032396760323967606	chr1	211556065.0	211556179.0	sense	0.38958712824369734	0.4093954004204271	0.15
HOXB2	75	85	0.41321117838718585	0.10268973102689731	chr1	211556065.0	211556179.0	antisense	0.38958712824369734	0.4093954004204271	0.15
FOXA1	73	88	0.41291551043278146	0.029197080291970802	chr1	211556065.0	211556179.0	sense	0.38958712824369734	0.4093954004204271	0.15
GSX2	79	89	0.40747253441988024	0.1481851814818518	chr1	211556065.0	211556179.0	antisense	0.38958712824369734	0.4093954004204271	0.15
POU2F1	73	85	0.4047291798113594	0.04079592040795921	chr1	211556065.0	211556179.0	antisense	0.38958712824369734	0.4093954004204271	0.15
Hes1	75	85	0.40472637991156535	0.25607439256074394	chr1	211556065.0	211556179.0	antisense	0.46146739492717403	0.3358589787192059	0.15
POU3F1	72	84	0.40447825953193906	0.0410958904109589	chr1	211556065.0	211556179.0	antisense	0.38958712824369734	0.4093954004204271	0.15
Hmx3	75	92	0.399745539532122	0.05849415058494151	chr1	211556065.0	211556179.0	antisense	0.38958712824369734	0.4093954004204271	0.15
Rhox11	75	92	0.396950106592668	0.10918908109189081	chr1	211556065.0	211556179.0	antisense	0.38958712824369734	0.4093954004204271	0.15
Foxk1	72	89	0.39552951702529315	0.029897010298970104	chr1	211556065.0	211556179.0	antisense	0.38958712824369734	0.4093954004204271	0.15
EN2	79	89	0.3922821518553435	0.08919108089191082	chr1	211556065.0	211556179.0	antisense	0.38958712824369734	0.4093954004204271	0.15
Hmx2	75	92	0.38882812353468044	0.058894110588941104	chr1	211556065.0	211556179.0	antisense	0.38958712824369734	0.4093954004204271	0.15
EVX2	75	85	0.38339764722525954	0.1366863313668633	chr1	211556065.0	211556179.0	sense	0.38958712824369734	0.4093954004204271	0.15
HMBOX1	75	85	0.3833083165458923	0.0740925907409259	chr1	211556065.0	211556179.0	antisense	0.38958712824369734	0.4093954004204271	0.15
EHF	77	89	0.38134936958991394	0.029397060293970604	chr1	211556065.0	211556179.0	antisense	0.38958712824369734	0.4093954004204271	0.15
EVX1	75	85	0.38085695509763906	0.13958604139586042	chr1	211556065.0	211556179.0	sense	0.38958712824369734	0.4093954004204271	0.15
GMEB2	76	84	0.3780710118261663	0.0428957104289571	chr1	211556065.0	211556179.0	antisense	0.38958712824369734	0.4093954004204271	0.15
ELF3	76	89	0.37415774284668724	0.0217978202179782	chr1	211556065.0	211556179.0	antisense	0.38958712824369734	0.4093954004204271	0.15
GCM1	79	90	0.37303098847882865	0.0400959904009599	chr1	211556065.0	211556179.0	sense	0.38958712824369734	0.4093954004204271	0.15
Nobox	81	89	0.372876118080978	0.029797020297970205	chr1	211556065.0	211556179.0	sense	0.38958712824369734	0.4093954004204271	0.15
ETV4	77	87	0.3726783195511814	0.0565943405659434	chr1	211556065.0	211556179.0	antisense	0.38958712824369734	0.4093954004204271	0.15
MSX1	80	88	0.3723850025893352	0.057194280571942806	chr1	211556065.0	211556179.0	antisense	0.38958712824369734	0.4093954004204271	0.15
Hoxd3	73	89	0.3712082274581151	0.11658834116588342	chr1	211556065.0	211556179.0	antisense	0.38958712824369734	0.4093954004204271	0.15
IRF7	78	92	0.3711244324373633	0.016998300169983	chr1	211556065.0	211556179.0	antisense	0.38958712824369734	0.4093954004204271	0.15
HOXA2	75	85	0.3684534638173771	0.1351864813518648	chr1	211556065.0	211556179.0	sense	0.38958712824369734	0.4093954004204271	0.15
TEAD1	72	82	0.36804712595461375	0.08359164083591641	chr1	211556065.0	211556179.0	sense	0.38958712824369734	0.4093954004204271	0.15
FOXF2	75	89	0.366630037798189	0.035896410358964105	chr1	211556065.0	211556179.0	antisense	0.38958712824369734	0.4093954004204271	0.15
LMX1B	76	84	0.3665077974004637	0.0902909709029097	chr1	211556065.0	211556179.0	antisense	0.38958712824369734	0.4093954004204271	0.15
ETV1	77	87	0.36389248046316786	0.06419358064193581	chr1	211556065.0	211556179.0	antisense	0.38958712824369734	0.4093954004204271	0.15
ISL2	76	84	0.3632069111135881	0.1090890910908909	chr1	211556065.0	211556179.0	antisense	0.38958712824369734	0.4093954004204271	0.15
Arx	72	89	0.3622934996436447	0.0673932606739326	chr1	211556065.0	211556179.0	antisense	0.38958712824369734	0.4093954004204271	0.15
GSX1	75	85	0.36222436043603795	0.21927807219278073	chr1	211556065.0	211556179.0	antisense	0.44805243885060314	0.34867115437081997	0.15
NKX3-2	80	89	0.3619084249755991	0.05879412058794121	chr1	211556065.0	211556179.0	antisense	0.38958712824369734	0.4093954004204271	0.15
MNX1	75	85	0.36145663298705416	0.08559144085591441	chr1	211556065.0	211556179.0	antisense	0.38958712824369734	0.4093954004204271	0.15
FOXP3	77	84	0.3592357522403216	0.03569643035696431	chr1	211556065.0	211556179.0	antisense	0.38958712824369734	0.4093954004204271	0.15
HOXC13	77	88	0.3585180871081066	0.036396360363963605	chr1	211556065.0	211556179.0	antisense	0.38958712824369734	0.4093954004204271	0.15
SPIC	72	86	0.3572641483126264	0.052894710528947106	chr1	211556065.0	211556179.0	antisense	0.38958712824369734	0.4093954004204271	0.15
Dlx3	80	88	0.3562417363791274	0.12738726127387262	chr1	211556065.0	211556179.0	antisense	0.38958712824369734	0.4093954004204271	0.15
Prrx2	80	88	0.3540310700251317	0.1307869213078692	chr1	211556065.0	211556179.0	antisense	0.38958712824369734	0.4093954004204271	0.15
ELF4	78	90	0.34988868835551695	0.0316968303169683	chr1	211556065.0	211556179.0	antisense	0.38958712824369734	0.4093954004204271	0.15
ELF1	78	90	0.34981149039325404	0.031996800319968	chr1	211556065.0	211556179.0	antisense	0.38958712824369734	0.4093954004204271	0.15
TEAD4	72	82	0.34697757661895606	0.10938906109389061	chr1	211556065.0	211556179.0	sense	0.38958712824369734	0.4093954004204271	0.15
ELK3	77	87	0.34676779830734883	0.0638936106389361	chr1	211556065.0	211556179.0	antisense	0.38958712824369734	0.4093954004204271	0.15
PRDM1	76	91	0.3453725355240752	0.0486951304869513	chr1	211556065.0	211556179.0	antisense	0.38958712824369734	0.4093954004204271	0.15
POU6F2	74	84	0.3452295250763772	0.05779422057794221	chr1	211556065.0	211556179.0	sense	0.38958712824369734	0.4093954004204271	0.15
POU5F1B	74	83	0.34424256170824585	0.06469353064693531	chr1	211556065.0	211556179.0	antisense	0.38958712824369734	0.4093954004204271	0.15
FOXD2	77	84	0.343635378821739	0.044295570442955706	chr1	211556065.0	211556179.0	antisense	0.38958712824369734	0.4093954004204271	0.15
MEOX1	75	85	0.34363330158449634	0.098990100989901	chr1	211556065.0	211556179.0	antisense	0.38958712824369734	0.4093954004204271	0.15
HLTF	76	86	0.3429468674347974	0.1576842315768423	chr1	211556065.0	211556179.0	sense	0.3934524816749094	0.4051077110622635	0.15
FOXO3	76	84	0.34244569908682376	0.0164983501649835	chr1	211556065.0	211556179.0	antisense	0.38958712824369734	0.4093954004204271	0.15
POU4F3	72	88	0.34241874725747307	0.0973902609739026	chr1	211556065.0	211556179.0	antisense	0.38958712824369734	0.4093954004204271	0.15
DMRT3	76	87	0.33995794108228555	0.11078892110788921	chr1	211556065.0	211556179.0	antisense	0.38958712824369734	0.4093954004204271	0.15
NEUROD2	77	87	0.3389248693338555	0.0893910608939106	chr1	211556065.0	211556179.0	sense	0.38958712824369734	0.4093954004204271	0.15
BSX	80	88	0.3388985681343299	0.08139186081391861	chr1	211556065.0	211556179.0	antisense	0.38958712824369734	0.4093954004204271	0.15
Nkx3-1	80	89	0.33880087138478965	0.05649435056494351	chr1	211556065.0	211556179.0	antisense	0.38958712824369734	0.4093954004204271	0.15
SHOX	80	88	0.3386531532650336	0.11698830116988301	chr1	211556065.0	211556179.0	sense	0.38958712824369734	0.4093954004204271	0.15
VAX1	76	84	0.3368992307323492	0.15328467153284672	chr1	211556065.0	211556179.0	sense	0.38958712824369734	0.4093954004204271	0.15
RAX2	80	88	0.33683035602169475	0.13538646135386462	chr1	211556065.0	211556179.0	antisense	0.38958712824369734	0.4093954004204271	0.15
GATA2	74	88	0.3367011532245502	0.0877912208779122	chr1	211556065.0	211556179.0	sense	0.38958712824369734	0.4093954004204271	0.15
LMX1A	76	84	0.3357807890282007	0.0810918908109189	chr1	211556065.0	211556179.0	antisense	0.38958712824369734	0.4093954004204271	0.15
Bcl6	76	90	0.33515204666714915	0.11288871112888711	chr1	211556065.0	211556179.0	sense	0.38958712824369734	0.4093954004204271	0.15
Dlx4	80	88	0.3339032199521383	0.1322867713228677	chr1	211556065.0	211556179.0	antisense	0.38958712824369734	0.4093954004204271	0.15
CEBPE	79	89	0.33363182978458394	0.07739226077392261	chr1	211556065.0	211556179.0	sense	0.38958712824369734	0.4093954004204271	0.15
UNCX	76	84	0.333287461382753	0.13788621137886212	chr1	211556065.0	211556179.0	antisense	0.38958712824369734	0.4093954004204271	0.15
Ddit3::Cebpa	73	85	0.33310337173697685	0.12368763123687632	chr1	211556065.0	211556179.0	sense	0.38958712824369734	0.4093954004204271	0.15
GBX1	79	89	0.33270529140220323	0.07729227077292271	chr1	211556065.0	211556179.0	antisense	0.38958712824369734	0.4093954004204271	0.15
SPDEF	77	88	0.32984494879100995	0.05599440055994401	chr1	211556065.0	211556179.0	antisense	0.38958712824369734	0.4093954004204271	0.15
FOXG1	76	84	0.32962679660132993	0.018598140185981403	chr1	211556065.0	211556179.0	antisense	0.38958712824369734	0.4093954004204271	0.15
IRF2	73	91	0.32931220432763225	0.016798320167983202	chr1	211556065.0	211556179.0	antisense	0.38958712824369734	0.4093954004204271	0.15
ETV5	77	87	0.32924400395149656	0.14358564143585642	chr1	211556065.0	211556179.0	antisense	0.38958712824369734	0.4093954004204271	0.15
Dmbx1	76	93	0.32780055182094076	0.1488851114888511	chr1	211556065.0	211556179.0	antisense	0.38958712824369734	0.4093954004204271	0.15
FOXP2	75	86	0.32736979445282127	0.0410958904109589	chr1	211556065.0	211556179.0	antisense	0.38958712824369734	0.4093954004204271	0.15
ETV3	72	82	0.32628602111763105	0.0897910208979102	chr1	211556065.0	211556179.0	antisense	0.38958712824369734	0.4093954004204271	0.15
MYBL2	75	90	0.3261163363649143	0.0761923807619238	chr1	211556065.0	211556179.0	sense	0.38958712824369734	0.4093954004204271	0.15
Lhx4	76	84	0.32593784335130055	0.07529247075292471	chr1	211556065.0	211556179.0	sense	0.38958712824369734	0.4093954004204271	0.15
BARX1	80	88	0.32511431014334996	0.10138986101389862	chr1	211556065.0	211556179.0	antisense	0.38958712824369734	0.4093954004204271	0.15
HESX1	79	89	0.32472287763912927	0.10088991100889912	chr1	211556065.0	211556179.0	sense	0.38958712824369734	0.4093954004204271	0.15
DBP	74	86	0.3244472099406506	0.06769323067693231	chr1	211556065.0	211556179.0	antisense	0.38958712824369734	0.4093954004204271	0.15
OLIG3	77	87	0.32438547526255485	0.0882911708829117	chr1	211556065.0	211556179.0	sense	0.38958712824369734	0.4093954004204271	0.15
Atf1	81	89	0.3232102926791093	0.08389161083891611	chr1	211556065.0	211556179.0	antisense	0.38958712824369734	0.4093954004204271	0.15
LHX2	75	85	0.322587938770538	0.1004899510048995	chr1	211556065.0	211556179.0	antisense	0.38958712824369734	0.4093954004204271	0.15
ETV6	77	87	0.3220311691468415	0.0665933406659334	chr1	211556065.0	211556179.0	antisense	0.38958712824369734	0.4093954004204271	0.15
Alx4	72	89	0.3192915032053983	0.13638636136386362	chr1	211556065.0	211556179.0	sense	0.38958712824369734	0.4093954004204271	0.15
HOXA10	74	85	0.3191978968837182	0.14088591140885912	chr1	211556065.0	211556179.0	antisense	0.38958712824369734	0.4093954004204271	0.15
CEBPB	79	89	0.3191389047814604	0.07169283071692831	chr1	211556065.0	211556179.0	sense	0.38958712824369734	0.4093954004204271	0.15
ZNF143	72	88	0.31842062393086984	0.0282971702829717	chr1	211556065.0	211556179.0	sense	0.38958712824369734	0.4093954004204271	0.15
ALX3	75	85	0.3181145219439183	0.22227777222277773	chr1	211556065.0	211556179.0	antisense	0.45240064228871235	0.3444767871633693	0.15
VAX2	76	84	0.3170464398086869	0.1596840315968403	chr1	211556065.0	211556179.0	sense	0.3946476780893339	0.40379044802384123	0.15
DLX6	80	88	0.3163043901550575	0.1232876712328767	chr1	211556065.0	211556179.0	antisense	0.38958712824369734	0.4093954004204271	0.15
Pou2f3	76	92	0.31388553268722563	0.12458754124587541	chr1	211556065.0	211556179.0	sense	0.38958712824369734	0.4093954004204271	0.15
NOTO	75	85	0.3129926812543107	0.14978502149785022	chr1	211556065.0	211556179.0	sense	0.38958712824369734	0.4093954004204271	0.15
ERF	72	82	0.312951548483949	0.07069293070692931	chr1	211556065.0	211556179.0	antisense	0.38958712824369734	0.4093954004204271	0.15
E2F4	79	90	0.31183843216374535	0.058894110588941104	chr1	211556065.0	211556179.0	antisense	0.38958712824369734	0.4093954004204271	0.15
LHX9	80	88	0.3115143938986395	0.13358664133586642	chr1	211556065.0	211556179.0	antisense	0.38958712824369734	0.4093954004204271	0.15
POU3F2	72	84	0.3108818293804856	0.08739126087391261	chr1	211556065.0	211556179.0	antisense	0.38958712824369734	0.4093954004204271	0.15
LHX6	79	89	0.31071150704741585	0.10268973102689731	chr1	211556065.0	211556179.0	antisense	0.38958712824369734	0.4093954004204271	0.15
PRRX1	76	84	0.31066879712042644	0.11448855114488551	chr1	211556065.0	211556179.0	antisense	0.38958712824369734	0.4093954004204271	0.15
Hoxd8	73	90	0.3097520884427872	0.1723827617238276	chr1	211556065.0	211556179.0	sense	0.4116678018296825	0.38545309956684237	0.15
CEBPD	79	89	0.30913196649766417	0.0746925307469253	chr1	211556065.0	211556179.0	sense	0.38958712824369734	0.4093954004204271	0.15
Foxj2	76	84	0.30868565242306745	0.036696330366963306	chr1	211556065.0	211556179.0	antisense	0.38958712824369734	0.4093954004204271	0.15
Alx1	72	89	0.3082389864680396	0.14278572142785723	chr1	211556065.0	211556179.0	sense	0.38958712824369734	0.4093954004204271	0.15
YY2	72	83	0.30751574053723235	0.13858614138586142	chr1	211556065.0	211556179.0	sense	0.38958712824369734	0.4093954004204271	0.15
TEF	74	86	0.306501597311861	0.07489251074892511	chr1	211556065.0	211556179.0	antisense	0.38958712824369734	0.4093954004204271	0.15
HOXD11	77	87	0.3052739015729295	0.08099190080991901	chr1	211556065.0	211556179.0	antisense	0.38958712824369734	0.4093954004204271	0.15
Pparg::Rxra	74	89	0.30414369098674604	0.22527747225277472	chr1	211556065.0	211556179.0	antisense	0.4551076967774921	0.34188581964691955	0.15
ELK4	77	88	0.3039745580402091	0.08739126087391261	chr1	211556065.0	211556179.0	sense	0.38958712824369734	0.4093954004204271	0.15
Dlx2	76	84	0.3017811078156358	0.11198880111988802	chr1	211556065.0	211556179.0	antisense	0.38958712824369734	0.4093954004204271	0.15
FOXC2	75	87	0.30175381239436194	0.100989901009899	chr1	211556065.0	211556179.0	antisense	0.38958712824369734	0.4093954004204271	0.15
HOXC12	77	88	0.3006664958857612	0.07739226077392261	chr1	211556065.0	211556179.0	antisense	0.38958712824369734	0.4093954004204271	0.15
FOXD1	76	84	0.30008003757459273	0.0603939606039396	chr1	211556065.0	211556179.0	antisense	0.38958712824369734	0.4093954004204271	0.15
GSC	79	89	0.2994230677382811	0.18808119188081193	chr1	211556065.0	211556179.0	sense	0.41737621109683903	0.37947230774730956	0.15
Foxa2	77	89	0.2992374134390252	0.0983901609839016	chr1	211556065.0	211556179.0	sense	0.38958712824369734	0.4093954004204271	0.15
FOXH1	76	87	0.2989579676898011	0.07429257074292571	chr1	211556065.0	211556179.0	sense	0.38958712824369734	0.4093954004204271	0.15
OLIG2	77	87	0.298810753234205	0.09069093090690931	chr1	211556065.0	211556179.0	sense	0.38958712824369734	0.4093954004204271	0.15
FOXI1	77	84	0.29827783471351854	0.044495550444955505	chr1	211556065.0	211556179.0	antisense	0.38958712824369734	0.4093954004204271	0.15
Gabpa	75	86	0.2982688838465195	0.09569043095690431	chr1	211556065.0	211556179.0	antisense	0.38958712824369734	0.4093954004204271	0.15
HOXD12	77	88	0.29623794817036314	0.0821917808219178	chr1	211556065.0	211556179.0	antisense	0.38958712824369734	0.4093954004204271	0.15
BHLHE22	77	87	0.2961367637272599	0.08899110088991101	chr1	211556065.0	211556179.0	sense	0.38958712824369734	0.4093954004204271	0.15
POU4F1	74	88	0.29563826325962994	0.1362863713628637	chr1	211556065.0	211556179.0	antisense	0.38958712824369734	0.4093954004204271	0.15
NRL	73	84	0.2955395214536439	0.35106489351064896	chr1	211556065.0	211556179.0	sense	0.502075202315834	0.29923122806470437	0.15
PITX3	79	88	0.29550156567020297	0.17898210178982102	chr1	211556065.0	211556179.0	sense	0.41469513762909427	0.3822710567826744	0.15
OTX1	80	88	0.29532198491903927	0.12988701129887012	chr1	211556065.0	211556179.0	sense	0.38958712824369734	0.4093954004204271	0.15
Arid5a	73	87	0.2951999458662282	0.25307469253074694	chr1	211556065.0	211556179.0	antisense	0.46146739492717403	0.3358589787192059	0.15
STAT3	80	91	0.29482968181519215	0.11018898110188981	chr1	211556065.0	211556179.0	antisense	0.38958712824369734	0.4093954004204271	0.15
FEV	72	82	0.2943542718924887	0.1227877212278772	chr1	211556065.0	211556179.0	antisense	0.38958712824369734	0.4093954004204271	0.15
Stat4	77	91	0.2942016550989016	0.15058494150584942	chr1	211556065.0	211556179.0	antisense	0.38958712824369734	0.4093954004204271	0.15
RAX	75	85	0.29336190454223976	0.1750824917508249	chr1	211556065.0	211556179.0	antisense	0.4116678018296825	0.38545309956684237	0.15
CEBPG	79	89	0.29276030881359816	0.07019298070192981	chr1	211556065.0	211556179.0	sense	0.38958712824369734	0.4093954004204271	0.15
E2F6	79	90	0.29246794584300667	0.056694330566943306	chr1	211556065.0	211556179.0	antisense	0.38958712824369734	0.4093954004204271	0.15
FOXL1	77	84	0.2924160288896294	0.0463953604639536	chr1	211556065.0	211556179.0	antisense	0.38958712824369734	0.4093954004204271	0.15
POU4F2	72	88	0.29181286077891644	0.051294870512948704	chr1	211556065.0	211556179.0	antisense	0.38958712824369734	0.4093954004204271	0.15
HIC2	80	89	0.29135185241568917	0.20827917208279173	chr1	211556065.0	211556179.0	sense	0.43587455770551975	0.36063848030687523	0.15
FOXO4	77	84	0.2904936809928643	0.05799420057994201	chr1	211556065.0	211556179.0	antisense	0.38958712824369734	0.4093954004204271	0.15
NR4A2	75	83	0.2892452391746414	0.11678832116788321	chr1	211556065.0	211556179.0	antisense	0.38958712824369734	0.4093954004204271	0.15
ERG	72	82	0.2890817145753676	0.12368763123687632	chr1	211556065.0	211556179.0	antisense	0.38958712824369734	0.4093954004204271	0.15
NKX6-1	76	84	0.28900957039575786	0.1045895410458954	chr1	211556065.0	211556179.0	antisense	0.38958712824369734	0.4093954004204271	0.15
Shox2	76	84	0.28802062789568134	0.10748925107489252	chr1	211556065.0	211556179.0	antisense	0.38958712824369734	0.4093954004204271	0.15
Arntl	74	84	0.28691069998174756	0.18488151184881513	chr1	211556065.0	211556179.0	sense	0.41737621109683903	0.37947230774730956	0.15
EMX2	75	85	0.28673444429309475	0.17378262173782622	chr1	211556065.0	211556179.0	sense	0.4116678018296825	0.38545309956684237	0.15
POU6F1	75	85	0.286087584065235	0.1366863313668633	chr1	211556065.0	211556179.0	sense	0.38958712824369734	0.4093954004204271	0.15
ETS1	72	82	0.28494219071675164	0.12018798120187982	chr1	211556065.0	211556179.0	antisense	0.38958712824369734	0.4093954004204271	0.15
TCF7L2	76	90	0.2838853905899959	0.1541845815418458	chr1	211556065.0	211556179.0	antisense	0.38958712824369734	0.4093954004204271	0.15
EN1	80	88	0.2834977539107301	0.1272872712728727	chr1	211556065.0	211556179.0	antisense	0.38958712824369734	0.4093954004204271	0.15
MEF2D	73	85	0.2827515819096527	0.043195680431956804	chr1	211556065.0	211556179.0	sense	0.38958712824369734	0.4093954004204271	0.15
NFYA	73	91	0.2813628955825917	0.1513848615138486	chr1	211556065.0	211556179.0	antisense	0.38958712824369734	0.4093954004204271	0.15
Arid3b	76	87	0.280478173129829	0.1553844615538446	chr1	211556065.0	211556179.0	antisense	0.38958712824369734	0.4093954004204271	0.15
MSX2	80	88	0.2799656161479558	0.11238876112388761	chr1	211556065.0	211556179.0	antisense	0.38958712824369734	0.4093954004204271	0.15
Msx3	80	88	0.27987060928076685	0.11148885111488852	chr1	211556065.0	211556179.0	antisense	0.38958712824369734	0.4093954004204271	0.15
FLI1	72	82	0.27957015311252076	0.10488951104889511	chr1	211556065.0	211556179.0	antisense	0.38958712824369734	0.4093954004204271	0.15
Crem	80	90	0.27931818720096985	0.14608539146085392	chr1	211556065.0	211556179.0	antisense	0.38958712824369734	0.4093954004204271	0.15
GCM2	79	89	0.27818320588076145	0.17688231176882313	chr1	211556065.0	211556179.0	sense	0.4116678018296825	0.38545309956684237	0.15
MAFK	77	92	0.2774233067702948	0.22727727227277272	chr1	211556065.0	211556179.0	antisense	0.4551076967774921	0.34188581964691955	0.15
FOXO6	77	84	0.27702263769576263	0.05579442055794421	chr1	211556065.0	211556179.0	antisense	0.38958712824369734	0.4093954004204271	0.15
SRF	75	91	0.277002389316078	0.08539146085391461	chr1	211556065.0	211556179.0	antisense	0.38958712824369734	0.4093954004204271	0.15
NRF1	76	87	0.27680353184176715	0.08609139086091391	chr1	211556065.0	211556179.0	sense	0.38958712824369734	0.4093954004204271	0.15
NKX6-2	76	84	0.27363802409607985	0.22907709229077092	chr1	211556065.0	211556179.0	sense	0.4551076967774921	0.34188581964691955	0.15
SMAD3	77	87	0.27311917452237133	0.08699130086991301	chr1	211556065.0	211556179.0	antisense	0.38958712824369734	0.4093954004204271	0.15
CUX1	74	84	0.2725831512466094	0.1665833416658334	chr1	211556065.0	211556179.0	sense	0.4021244387189188	0.3956395322732414	0.15
ZEB1	74	83	0.2724839131996215	0.0888911108889111	chr1	211556065.0	211556179.0	sense	0.38958712824369734	0.4093954004204271	0.15
YY1	72	84	0.2721731987984103	0.1464853514648535	chr1	211556065.0	211556179.0	antisense	0.38958712824369734	0.4093954004204271	0.15
ELK1	72	82	0.27216303459022545	0.1040895910408959	chr1	211556065.0	211556179.0	antisense	0.38958712824369734	0.4093954004204271	0.15
NEUROG2	72	82	0.2707905988371833	0.09299070092990701	chr1	211556065.0	211556179.0	antisense	0.38958712824369734	0.4093954004204271	0.15
NFATC1	73	83	0.2699001134935957	0.27517248275172485	chr1	211556065.0	211556179.0	sense	0.4685647940060363	0.3292303455796419	0.15
Lhx3	73	86	0.26947362206555514	0.0638936106389361	chr1	211556065.0	211556179.0	sense	0.38958712824369734	0.4093954004204271	0.15
NFATC3	73	83	0.26930927283507067	0.2395760423957604	chr1	211556065.0	211556179.0	sense	0.4551646653516466	0.3418314597905538	0.15
SPI1	77	91	0.268936122614149	0.044995500449955005	chr1	211556065.0	211556179.0	antisense	0.38958712824369734	0.4093954004204271	0.15
mix-a	74	85	0.2681095102144784	0.12378762123787622	chr1	211556065.0	211556179.0	sense	0.38958712824369734	0.4093954004204271	0.15
GATA1::TAL1	74	92	0.2677708846061448	0.24037596240375964	chr1	211556065.0	211556179.0	antisense	0.4551646653516466	0.3418314597905538	0.15
ISX	76	84	0.2661429183122846	0.09579042095790422	chr1	211556065.0	211556179.0	antisense	0.38958712824369734	0.4093954004204271	0.15
GATA5	78	86	0.2657931142821028	0.21637836216378362	chr1	211556065.0	211556179.0	sense	0.44510568705975256	0.3515368567556932	0.15
Gata1	77	88	0.2657580570396993	0.11868813118688132	chr1	211556065.0	211556179.0	sense	0.38958712824369734	0.4093954004204271	0.15
NFIA	79	89	0.26562567928727754	0.18098190180981902	chr1	211556065.0	211556179.0	sense	0.4149298726515014	0.3820252972493962	0.15
MAFF	75	93	0.2654092688523066	0.278972102789721	chr1	211556065.0	211556179.0	antisense	0.4685647940060363	0.3292303455796419	0.15
MYBL1	77	89	0.26433724409506276	0.15298470152984703	chr1	211556065.0	211556179.0	antisense	0.38958712824369734	0.4093954004204271	0.15
Bach1::Mafk	73	88	0.2642703899448063	0.13588641135886412	chr1	211556065.0	211556179.0	sense	0.38958712824369734	0.4093954004204271	0.15
NR2F1	72	85	0.263637222232167	0.21327867213278673	chr1	211556065.0	211556179.0	antisense	0.44276652334766525	0.3538252226510137	0.15
Hoxc9	72	85	0.2633642389001557	0.20477952204779523	chr1	211556065.0	211556179.0	sense	0.4343553449533096	0.36215482991375253	0.15
TFAP2C	81	93	0.26272554292894995	0.26247375262473754	chr1	211556065.0	211556179.0	antisense	0.4645821132172497	0.33293751489864426	0.15
PHOX2A	72	83	0.262103691401483	0.13838616138386162	chr1	211556065.0	211556179.0	sense	0.38958712824369734	0.4093954004204271	0.15
TP73	72	90	0.2612176819924959	0.17368263173682633	chr1	211556065.0	211556179.0	antisense	0.4116678018296825	0.38545309956684237	0.15
POU3F3	72	85	0.2610961045480694	0.19758024197580243	chr1	211556065.0	211556179.0	antisense	0.4299235348431684	0.36660878011501136	0.15
HNF4G	74	89	0.2604974189685874	0.26317368263173685	chr1	211556065.0	211556179.0	antisense	0.4645821132172497	0.33293751489864426	0.15
Hoxd9	74	84	0.25972652605940505	0.21577842215778423	chr1	211556065.0	211556179.0	antisense	0.44510568705975256	0.3515368567556932	0.15
TFAP2A(var.2)	81	93	0.25972020936382056	0.22877712228777122	chr1	211556065.0	211556179.0	antisense	0.4551076967774921	0.34188581964691955	0.15
EGR2	81	92	0.2593460184347489	0.0943905609439056	chr1	211556065.0	211556179.0	antisense	0.38958712824369734	0.4093954004204271	0.15
EWSR1-FLI1	74	92	0.2589991783543781	0.007699230076992301	chr1	211556065.0	211556179.0	antisense	0.38958712824369734	0.4093954004204271	0.15
ZNF410	72	89	0.2589307866897414	0.054394560543945605	chr1	211556065.0	211556179.0	sense	0.38958712824369734	0.4093954004204271	0.15
NFAT5	73	83	0.25870976595243284	0.20567943205679431	chr1	211556065.0	211556179.0	sense	0.4343553449533096	0.36215482991375253	0.15
CUX2	74	84	0.2587067829156105	0.1917808219178082	chr1	211556065.0	211556179.0	sense	0.41997572394659266	0.3767758126038639	0.15
Gfi1	74	84	0.2582935224074106	0.2943705629437056	chr1	211556065.0	211556179.0	antisense	0.4810877402825755	0.3177757102258236	0.15
SPIB	80	87	0.2570453858671119	0.1354864513548645	chr1	211556065.0	211556179.0	antisense	0.38958712824369734	0.4093954004204271	0.15
NFIX	79	88	0.256126602584938	0.34506549345065496	chr1	211556065.0	211556179.0	sense	0.5016498350164984	0.2995993262491111	0.15
Foxo1	74	85	0.25492138249451396	0.1640835916408359	chr1	211556065.0	211556179.0	sense	0.4021244387189188	0.3956395322732414	0.15
VSX2	80	88	0.2544431790752941	0.20257974202579743	chr1	211556065.0	211556179.0	antisense	0.4343553449533096	0.36215482991375253	0.15
SRY	75	84	0.25398030791548437	0.22907709229077092	chr1	211556065.0	211556179.0	antisense	0.4551076967774921	0.34188581964691955	0.15
MZF1	81	87	0.2533397577939005	0.10118988101189881	chr1	211556065.0	211556179.0	antisense	0.38958712824369734	0.4093954004204271	0.15
CEBPA	79	90	0.25178203619304534	0.17668233176682333	chr1	211556065.0	211556179.0	sense	0.4116678018296825	0.38545309956684237	0.15
RUNX1	72	83	0.2516456118403848	0.24097590240975902	chr1	211556065.0	211556179.0	sense	0.4551646653516466	0.3418314597905538	0.15
Phox2b	72	83	0.2509891831657319	0.13068693130686931	chr1	211556065.0	211556179.0	sense	0.38958712824369734	0.4093954004204271	0.15
HNF1B	72	85	0.25053004800468076	0.14538546145385461	chr1	211556065.0	211556179.0	antisense	0.38958712824369734	0.4093954004204271	0.15
TFAP2A	77	88	0.24963315278968226	0.258974102589741	chr1	211556065.0	211556179.0	antisense	0.4645821132172497	0.33293751489864426	0.15
Myod1	72	85	0.2494901090741963	0.24787521247875213	chr1	211556065.0	211556179.0	antisense	0.46110120170778623	0.3362037459341809	0.15
VSX1	76	84	0.24938470797864243	0.24627537246275372	chr1	211556065.0	211556179.0	sense	0.4599597594197415	0.33728016185409326	0.15
Nfe2l2	72	87	0.2486798137830992	0.2400759924007599	chr1	211556065.0	211556179.0	sense	0.4551646653516466	0.3418314597905538	0.15
Gata4	74	85	0.24813663854252616	0.15528447155284472	chr1	211556065.0	211556179.0	sense	0.38958712824369734	0.4093954004204271	0.15
Atoh1	77	87	0.2480722663515479	0.23837616238376164	chr1	211556065.0	211556179.0	antisense	0.4551646653516466	0.3418314597905538	0.15
TFAP2B	81	93	0.24697102813854466	0.28047195280471954	chr1	211556065.0	211556179.0	antisense	0.4695562598081028	0.3283123653565154	0.15
NR2C2	74	89	0.24641925690216268	0.18818118188181182	chr1	211556065.0	211556179.0	antisense	0.41737621109683903	0.37947230774730956	0.15
HES5	74	86	0.24587398762966808	0.09809019098090191	chr1	211556065.0	211556179.0	sense	0.38958712824369734	0.4093954004204271	0.15
ZBTB7C	76	88	0.24571515720578505	0.30296970302969706	chr1	211556065.0	211556179.0	antisense	0.4868150955802253	0.31263596325720266	0.15
STAT1::STAT2	76	91	0.2450838517348776	0.15898410158984103	chr1	211556065.0	211556179.0	sense	0.3946476780893339	0.40379044802384123	0.15
Hoxa11	76	88	0.244602879549932	0.3060693930606939	chr1	211556065.0	211556179.0	antisense	0.4887026634759838	0.3109552940191572	0.15
POU3F4	74	83	0.24360755591837394	0.1361863813618638	chr1	211556065.0	211556179.0	antisense	0.38958712824369734	0.4093954004204271	0.15
INSM1	74	86	0.24353558402357947	0.12518748125187482	chr1	211556065.0	211556179.0	antisense	0.38958712824369734	0.4093954004204271	0.15
TFEC	75	85	0.24144493899785754	0.2873712628737126	chr1	211556065.0	211556179.0	antisense	0.4734783664490694	0.32469985941979845	0.15
Stat6	74	89	0.24141992031362886	0.2726727327267273	chr1	211556065.0	211556179.0	sense	0.4685647940060363	0.3292303455796419	0.15
RORA(var.2)	75	89	0.24135119172314995	0.16448355164483552	chr1	211556065.0	211556179.0	antisense	0.4021244387189188	0.3956395322732414	0.15
Bhlha15	78	86	0.24131823341467928	0.1486851314868513	chr1	211556065.0	211556179.0	sense	0.38958712824369734	0.4093954004204271	0.15
Nr5a2	78	93	0.2408804489212708	0.28587141285871415	chr1	211556065.0	211556179.0	sense	0.4730030181695207	0.32513608807786215	0.15
TP63	72	90	0.2406792628809857	0.09989001099890012	chr1	211556065.0	211556179.0	antisense	0.38958712824369734	0.4093954004204271	0.15
OLIG1	72	82	0.24048637084241786	0.1456854314568543	chr1	211556065.0	211556179.0	antisense	0.38958712824369734	0.4093954004204271	0.15
PDX1	76	84	0.24023620009375685	0.18498150184981502	chr1	211556065.0	211556179.0	sense	0.41737621109683903	0.37947230774730956	0.15
HOXC10	77	87	0.23941928106397392	0.24637536246375363	chr1	211556065.0	211556179.0	antisense	0.4599597594197415	0.33728016185409326	0.15
Pax2	78	86	0.23813427953744654	0.5130486951304869	chr1	211556065.0	211556179.0	antisense	0.5877975116395645	0.23077225678585192	0.15
Spz1	76	87	0.23798628797244722	0.2646735326467353	chr1	211556065.0	211556179.0	antisense	0.46564597777510386	0.33194414410521955	0.15
Pitx1	77	85	0.23790724157348547	0.2813718628137186	chr1	211556065.0	211556179.0	sense	0.4695562598081028	0.3283123653565154	0.15
Npas2	75	85	0.23762806757020505	0.2616738326167383	chr1	211556065.0	211556179.0	antisense	0.4645821132172497	0.33293751489864426	0.15
FOXB1	76	87	0.23740334616542022	0.20567943205679431	chr1	211556065.0	211556179.0	antisense	0.4343553449533096	0.36215482991375253	0.15
Foxq1	74	85	0.23566829467241598	0.13608639136086392	chr1	211556065.0	211556179.0	sense	0.38958712824369734	0.4093954004204271	0.15
ETV2	72	83	0.2355387375817914	0.16648335166483352	chr1	211556065.0	211556179.0	sense	0.4021244387189188	0.3956395322732414	0.15
HOXC11	77	88	0.23445696018104648	0.25507449255074494	chr1	211556065.0	211556179.0	antisense	0.46146739492717403	0.3358589787192059	0.15
Twist2	77	87	0.23413377869064741	0.25437456254374563	chr1	211556065.0	211556179.0	sense	0.46146739492717403	0.3358589787192059	0.15
TCF3	75	85	0.23391937954856262	0.26587341265873415	chr1	211556065.0	211556179.0	sense	0.46617669314149673	0.3314494431557763	0.15
Hes2	77	90	0.23367734396009987	0.6133386661333866	chr1	211556065.0	211556179.0	sense	0.6641454604539546	0.1777367914844287	0.15
PAX4	80	88	0.23305205097514903	0.24587541245875413	chr1	211556065.0	211556179.0	antisense	0.4599597594197415	0.33728016185409326	0.15
FOXC1	76	87	0.23288298092768023	0.21157884211578842	chr1	211556065.0	211556179.0	antisense	0.4410016829642337	0.35555975316099303	0.15
RUNX3	79	89	0.2328505583499595	0.197980201979802	chr1	211556065.0	211556179.0	antisense	0.4299235348431684	0.36660878011501136	0.15
PROX1	81	93	0.23281037290214765	0.17078292170782922	chr1	211556065.0	211556179.0	antisense	0.4103534091035341	0.3868419542263495	0.15
LBX1	76	84	0.2327864953876398	0.18798120187981202	chr1	211556065.0	211556179.0	antisense	0.41737621109683903	0.37947230774730956	0.15
HOXA13	77	87	0.23156353998807622	0.18148185181481852	chr1	211556065.0	211556179.0	antisense	0.4149298726515014	0.3820252972493962	0.15
PROP1	72	83	0.23144026214138172	0.1105889411058894	chr1	211556065.0	211556179.0	sense	0.38958712824369734	0.4093954004204271	0.15
Lhx8	80	88	0.23118491046521886	0.24027597240275972	chr1	211556065.0	211556179.0	sense	0.4551646653516466	0.3418314597905538	0.15
HOXB13	75	85	0.23096614043606653	0.17568243175682433	chr1	211556065.0	211556179.0	antisense	0.4116678018296825	0.38545309956684237	0.15
Stat5a::Stat5b	81	92	0.23007457714773505	0.23347665233476653	chr1	211556065.0	211556179.0	antisense	0.4551646653516466	0.3418314597905538	0.15
RUNX2	80	89	0.22968168739638395	0.18808119188081193	chr1	211556065.0	211556179.0	antisense	0.41737621109683903	0.37947230774730956	0.15
Tcfl5	72	82	0.22947765125849168	0.5744425557444256	chr1	211556065.0	211556179.0	sense	0.6356837663781597	0.19675887911918402	0.15
MEF2B	73	85	0.22810906216683421	0.1274872512748725	chr1	211556065.0	211556179.0	sense	0.38958712824369734	0.4093954004204271	0.15
REL	74	84	0.2279178527891881	0.28487151284871515	chr1	211556065.0	211556179.0	sense	0.4730030181695207	0.32513608807786215	0.15
MEF2A	73	85	0.22695149402401502	0.1354864513548645	chr1	211556065.0	211556179.0	antisense	0.38958712824369734	0.4093954004204271	0.15
MEF2C	72	87	0.22663834960372495	0.271972802719728	chr1	211556065.0	211556179.0	antisense	0.4685647940060363	0.3292303455796419	0.15
NHLH1	75	85	0.22584747920057913	0.2323767623237676	chr1	211556065.0	211556179.0	sense	0.4551076967774921	0.34188581964691955	0.15
OTX2	77	85	0.2256293169825373	0.27047295270472954	chr1	211556065.0	211556179.0	sense	0.4685647940060363	0.3292303455796419	0.15
CDX1	77	86	0.22550668100168275	0.2772722727727227	chr1	211556065.0	211556179.0	sense	0.4685647940060363	0.3292303455796419	0.15
SOX9	74	83	0.22475398654393067	0.3802619738026197	chr1	211556065.0	211556179.0	sense	0.5196185807775812	0.28431532760498707	0.15
TCF4	75	85	0.2245225940716371	0.2672732726727327	chr1	211556065.0	211556179.0	sense	0.4670532946705329	0.33063355998907995	0.15
HOXD13	77	87	0.22334059702932968	0.1655834416558344	chr1	211556065.0	211556179.0	antisense	0.4021244387189188	0.3956395322732414	0.15
Id2	76	84	0.22102282390269265	0.19118088191180882	chr1	211556065.0	211556179.0	antisense	0.41997572394659266	0.3767758126038639	0.15
TFAP2C(var.2)	77	88	0.22061278314285837	0.34896510348965104	chr1	211556065.0	211556179.0	antisense	0.502075202315834	0.29923122806470437	0.15
Klf4	72	82	0.2203543411444011	0.12758724127587243	chr1	211556065.0	211556179.0	antisense	0.38958712824369734	0.4093954004204271	0.15
TEAD3	78	86	0.22017079144204282	0.201979802019798	chr1	211556065.0	211556179.0	sense	0.4343553449533096	0.36215482991375253	0.15
DUXA	76	89	0.2201359626748592	0.32596740325967405	chr1	211556065.0	211556179.0	antisense	0.49390584197394216	0.3063558369240123	0.15
GLIS3	76	90	0.2199967893540657	0.11698830116988301	chr1	211556065.0	211556179.0	antisense	0.38958712824369734	0.4093954004204271	0.15
IRF8	78	92	0.21937996509013544	0.11818818118188182	chr1	211556065.0	211556179.0	antisense	0.38958712824369734	0.4093954004204271	0.15
HEY2	75	85	0.2191912478788072	0.30056994300569945	chr1	211556065.0	211556179.0	sense	0.48462017152322034	0.3145985130237182	0.15
XBP1	72	86	0.21795468648316504	0.3177682231776822	chr1	211556065.0	211556179.0	sense	0.49083841615838414	0.30906145394688816	0.15
Nr2f6	76	90	0.21743326545461145	0.2323767623237676	chr1	211556065.0	211556179.0	antisense	0.4551076967774921	0.34188581964691955	0.15
POU1F1	79	93	0.2171968978461202	0.3174682531746825	chr1	211556065.0	211556179.0	sense	0.49083841615838414	0.30906145394688816	0.15
Crx	80	91	0.21535191145732	0.2518748125187481	chr1	211556065.0	211556179.0	antisense	0.46146739492717403	0.3358589787192059	0.15
Hand1::Tcf3	80	90	0.21533199556524438	0.3935606439356064	chr1	211556065.0	211556179.0	antisense	0.5223989110040402	0.2819977370649677	0.15
TFE3	75	85	0.21508592722394357	0.46505349465053497	chr1	211556065.0	211556179.0	antisense	0.5665792575672011	0.24673932901960724	0.15
STAT1	80	91	0.2150829117113387	0.2323767623237676	chr1	211556065.0	211556179.0	antisense	0.4551076967774921	0.34188581964691955	0.15
NKX2-8	77	86	0.21500786798580954	0.39886011398860116	chr1	211556065.0	211556179.0	sense	0.5267389291605191	0.2784045834939919	0.15
ARNT::HIF1A	76	84	0.2149375375140721	0.30696930306969306	chr1	211556065.0	211556179.0	sense	0.4887026634759838	0.3109552940191572	0.15
ATF4	78	91	0.2143766381791993	0.27407259274072593	chr1	211556065.0	211556179.0	antisense	0.4685647940060363	0.3292303455796419	0.15
ZBTB7B	80	92	0.21321702418125535	0.25407459254074594	chr1	211556065.0	211556179.0	antisense	0.46146739492717403	0.3358589787192059	0.15
Pou5f1::Sox2	74	89	0.213196497745187	0.35336466353364665	chr1	211556065.0	211556179.0	antisense	0.502075202315834	0.29923122806470437	0.15
CDX2	78	89	0.2129789168701157	0.20587941205879412	chr1	211556065.0	211556179.0	antisense	0.4343553449533096	0.36215482991375253	0.15
SNAI2	76	85	0.21275696579412023	0.3962603739626037	chr1	211556065.0	211556179.0	antisense	0.5246406481800799	0.2801380641146724	0.15
Nr2e1	76	85	0.21257665380123297	0.2780721927807219	chr1	211556065.0	211556179.0	antisense	0.4685647940060363	0.3292303455796419	0.15
PAX7	81	91	0.2123588234341811	0.1416858314168583	chr1	211556065.0	211556179.0	antisense	0.38958712824369734	0.4093954004204271	0.15
PAX3	81	91	0.21204477625560908	0.15358464153584642	chr1	211556065.0	211556179.0	antisense	0.38958712824369734	0.4093954004204271	0.15
Mafb	79	91	0.21106654261200147	0.46735326467353266	chr1	211556065.0	211556179.0	antisense	0.5670841794325241	0.2463524685330727	0.15
Gfi1b	72	83	0.2104865753646752	0.2770722927707229	chr1	211556065.0	211556179.0	antisense	0.4685647940060363	0.3292303455796419	0.15
CREB3L1	73	87	0.2103719181091176	0.2947705229477052	chr1	211556065.0	211556179.0	sense	0.4810877402825755	0.3177757102258236	0.15
JUND(var.2)	74	89	0.21021342081056285	0.33996600339966004	chr1	211556065.0	211556179.0	antisense	0.4956245948438864	0.3048471503590249	0.15
SP2	72	87	0.21015325963619577	0.23147685231476853	chr1	211556065.0	211556179.0	sense	0.4551076967774921	0.34188581964691955	0.15
Myog	75	86	0.20996731843450706	0.3006699330066993	chr1	211556065.0	211556179.0	sense	0.48462017152322034	0.3145985130237182	0.15
Mitf	76	86	0.20957792564273262	0.581941805819418	chr1	211556065.0	211556179.0	antisense	0.6426123345112297	0.19205094271423384	0.15
Nkx2-5	80	87	0.20910955304693238	0.25607439256074394	chr1	211556065.0	211556179.0	sense	0.46146739492717403	0.3358589787192059	0.15
TP53	72	90	0.20885356045276274	0.24117588241175883	chr1	211556065.0	211556179.0	sense	0.4551646653516466	0.3418314597905538	0.15
ZNF263	72	93	0.2087321873493744	0.11548845115488451	chr1	211556065.0	211556179.0	antisense	0.38958712824369734	0.4093954004204271	0.15
BHLHE40	75	85	0.20836858514321355	0.3154684531546845	chr1	211556065.0	211556179.0	antisense	0.49083841615838414	0.30906145394688816	0.15
HSF4	76	89	0.20806219316437874	0.412958704129587	chr1	211556065.0	211556179.0	antisense	0.5331481777195415	0.27315207085647386	0.15
TFEB	75	85	0.20787511604270756	0.3838616138386161	chr1	211556065.0	211556179.0	antisense	0.5196185807775812	0.28431532760498707	0.15
MAF::NFE2	77	92	0.2073481553060811	0.32156784321567844	chr1	211556065.0	211556179.0	antisense	0.49390584197394216	0.3063558369240123	0.15
HOXA5	74	82	0.2070886530439308	0.33186681331866813	chr1	211556065.0	211556179.0	sense	0.4941032808900413	0.30618226234674994	0.15
EGR1	73	87	0.20700522788468687	0.18938106189381063	chr1	211556065.0	211556179.0	sense	0.4182500898846286	0.3785639570328865	0.15
GLIS1	75	91	0.2068156313688422	0.10628937106289371	chr1	211556065.0	211556179.0	antisense	0.38958712824369734	0.4093954004204271	0.15
Hoxa9	77	88	0.20669910514229162	0.2755724427557244	chr1	211556065.0	211556179.0	sense	0.4685647940060363	0.3292303455796419	0.15
Esrra	81	92	0.20666579420460762	0.20527947205279473	chr1	211556065.0	211556179.0	sense	0.4343553449533096	0.36215482991375253	0.15
HEY1	75	85	0.2042089178585573	0.3360663933606639	chr1	211556065.0	211556179.0	sense	0.4941032808900413	0.30618226234674994	0.15
TFAP2B(var.2)	77	88	0.20390753776829715	0.35256474352564743	chr1	211556065.0	211556179.0	antisense	0.502075202315834	0.29923122806470437	0.15
ZNF354C	80	86	0.20181709441477566	0.23997600239976002	chr1	211556065.0	211556179.0	sense	0.4551646653516466	0.3418314597905538	0.15
TAL1::TCF3	72	84	0.20119741705253724	0.33836616338366166	chr1	211556065.0	211556179.0	antisense	0.49526652968505963	0.30516102082482965	0.15
RARA::RXRA	74	91	0.20114086120890254	0.41035896410358963	chr1	211556065.0	211556179.0	antisense	0.5331481777195415	0.27315207085647386	0.15
GATA3	74	82	0.20090154746675487	0.1483851614838516	chr1	211556065.0	211556179.0	antisense	0.38958712824369734	0.4093954004204271	0.15
Esrrg	75	85	0.20076500311710696	0.3337666233376662	chr1	211556065.0	211556179.0	antisense	0.4941032808900413	0.30618226234674994	0.15
POU2F2	77	90	0.20060088332268564	0.3231676832316768	chr1	211556065.0	211556179.0	sense	0.49390584197394216	0.3063558369240123	0.15
ZBTB7A	77	89	0.20055411821516997	0.35326467353264673	chr1	211556065.0	211556179.0	antisense	0.502075202315834	0.29923122806470437	0.15
JUND	75	86	0.20012246730535554	0.3040695930406959	chr1	211556065.0	211556179.0	sense	0.4870744407040777	0.31240465949088486	0.15
SMAD2::SMAD3::SMAD4	76	89	0.19996977979422886	0.40275972402759724	chr1	211556065.0	211556179.0	sense	0.529195688026134	0.2763837031732847	0.15
IRF9	78	93	0.19957471096103294	0.1287871212878712	chr1	211556065.0	211556179.0	antisense	0.38958712824369734	0.4093954004204271	0.15
SP8	73	85	0.1974039018825836	0.33486651334866513	chr1	211556065.0	211556179.0	sense	0.4941032808900413	0.30618226234674994	0.15
TBX19	72	92	0.1957895338198585	0.26277372262773724	chr1	211556065.0	211556179.0	sense	0.4645821132172497	0.33293751489864426	0.15
LEF1	76	91	0.19517970350005168	0.29357064293570645	chr1	211556065.0	211556179.0	antisense	0.4810877402825755	0.3177757102258236	0.15
KLF5	72	82	0.19496604587611427	0.1498850114988501	chr1	211556065.0	211556179.0	sense	0.38958712824369734	0.4093954004204271	0.15
EGR3	74	89	0.19466854181478524	0.25477452254774524	chr1	211556065.0	211556179.0	sense	0.46146739492717403	0.3358589787192059	0.15
SP3	73	84	0.19385377211541127	0.34806519348065196	chr1	211556065.0	211556179.0	sense	0.502075202315834	0.29923122806470437	0.15
ZIC4	72	87	0.19323741073747663	0.38166183381661833	chr1	211556065.0	211556179.0	sense	0.5196185807775812	0.28431532760498707	0.15
USF1	74	85	0.19299740512906938	0.38706129387061294	chr1	211556065.0	211556179.0	antisense	0.5196185807775812	0.28431532760498707	0.15
MAX::MYC	75	86	0.1926811610763693	0.35026497350264973	chr1	211556065.0	211556179.0	antisense	0.502075202315834	0.29923122806470437	0.15
BHLHE23	76	88	0.19261643708336923	0.31366863313668636	chr1	211556065.0	211556179.0	sense	0.49083841615838414	0.30906145394688816	0.15
Sox3	79	89	0.19237354695500214	0.21697830216978303	chr1	211556065.0	211556179.0	sense	0.44510568705975256	0.3515368567556932	0.15
Myc	73	83	0.1923102067857303	0.33486651334866513	chr1	211556065.0	211556179.0	sense	0.4941032808900413	0.30618226234674994	0.15
EGR4	74	90	0.19220222804022646	0.45485451454854514	chr1	211556065.0	211556179.0	antisense	0.5649680314987369	0.24797612587346246	0.15
MYF6	72	82	0.19072512173226447	0.2977702229777022	chr1	211556065.0	211556179.0	antisense	0.48408127937206286	0.31508171228292287	0.15
Nr1h3::Rxra	74	93	0.18986249034282318	0.45865413458654136	chr1	211556065.0	211556179.0	antisense	0.5649680314987369	0.24797612587346246	0.15
Ahr::Arnt	81	87	0.18969144216207573	0.26077392260773924	chr1	211556065.0	211556179.0	sense	0.4645821132172497	0.33293751489864426	0.15
SREBF2	72	82	0.18939433086618457	0.29847015298470153	chr1	211556065.0	211556179.0	antisense	0.48408127937206286	0.31508171228292287	0.15
NFE2	72	83	0.18919923576651285	0.273972602739726	chr1	211556065.0	211556179.0	antisense	0.4685647940060363	0.3292303455796419	0.15
ATF7	73	87	0.18852987704803884	0.35406459354064596	chr1	211556065.0	211556179.0	sense	0.502075202315834	0.29923122806470437	0.15
USF2	74	85	0.18851450303159015	0.40405959404059594	chr1	211556065.0	211556179.0	antisense	0.5295629527956296	0.276082404911269	0.15
Arid3a	76	82	0.18847376480654063	0.18088191180881913	chr1	211556065.0	211556179.0	antisense	0.4149298726515014	0.3820252972493962	0.15
MEIS3	79	87	0.18778420147355857	0.5091490850914908	chr1	211556065.0	211556179.0	antisense	0.5859165746396535	0.2321642163247476	0.15
Nkx2-5(var.2)	79	90	0.18770900751834385	0.4012598740125987	chr1	211556065.0	211556179.0	antisense	0.5285631335343622	0.2769031315201403	0.15
JUNB	74	85	0.1876185292031274	0.3818618138186181	chr1	211556065.0	211556179.0	sense	0.5196185807775812	0.28431532760498707	0.15
FIGLA	73	83	0.1872354519537177	0.47315268473152683	chr1	211556065.0	211556179.0	sense	0.5684403781844037	0.24531508028742416	0.15
Rfx1	79	93	0.1863264088848752	0.45545445455454453	chr1	211556065.0	211556179.0	antisense	0.5649680314987369	0.24797612587346246	0.15
PBX1	74	86	0.1848994997239677	0.3337666233376662	chr1	211556065.0	211556179.0	sense	0.4941032808900413	0.30618226234674994	0.15
RHOXF1	80	88	0.18396607863719658	0.44495550444955506	chr1	211556065.0	211556179.0	sense	0.5578065381867611	0.2535163995683722	0.15
FOSL2	74	85	0.18390566074692666	0.38976102389761025	chr1	211556065.0	211556179.0	sense	0.5200153506500249	0.28398383597251	0.15
HES7	74	86	0.18374149995965236	0.23917608239176083	chr1	211556065.0	211556179.0	sense	0.4551646653516466	0.3418314597905538	0.15
CREB1	76	84	0.18349640530368322	0.44375562443755623	chr1	211556065.0	211556179.0	antisense	0.5576493198137813	0.2536388231888163	0.15
TFAP2B(var.3)	76	89	0.18312027496148853	0.38746125387461255	chr1	211556065.0	211556179.0	antisense	0.5196185807775812	0.28431532760498707	0.15
ZNF740	74	84	0.18188843424630918	0.1553844615538446	chr1	211556065.0	211556179.0	sense	0.38958712824369734	0.4093954004204271	0.15
Sox2	74	82	0.18156888708548052	0.206979302069793	chr1	211556065.0	211556179.0	sense	0.43490792621142743	0.3616026772311528	0.15
MSC	72	82	0.18135248697622045	0.3351664833516648	chr1	211556065.0	211556179.0	sense	0.4941032808900413	0.30618226234674994	0.15
T	74	90	0.18094797022760892	0.36776322367763226	chr1	211556065.0	211556179.0	sense	0.5164234927858565	0.28699400932740393	0.15
MNT	75	85	0.17978921179476712	0.48195180481951805	chr1	211556065.0	211556179.0	sense	0.5723866972570477	0.2423104681599771	0.15
HSF2	76	89	0.17973518404813482	0.3795620437956204	chr1	211556065.0	211556179.0	antisense	0.5196185807775812	0.28431532760498707	0.15
RORA	76	86	0.17960827660974096	0.41205879412058793	chr1	211556065.0	211556179.0	antisense	0.5331481777195415	0.27315207085647386	0.15
Sox6	73	83	0.17955713654997688	0.31386861313868614	chr1	211556065.0	211556179.0	sense	0.49083841615838414	0.30906145394688816	0.15
BCL6B	74	91	0.17937897856564766	0.15158484151584842	chr1	211556065.0	211556179.0	sense	0.38958712824369734	0.4093954004204271	0.15
Ascl2	72	82	0.17935601705669177	0.39116088391160886	chr1	211556065.0	211556179.0	antisense	0.5205448685900641	0.28354183033934016	0.15
SCRT1	72	87	0.17795850363312657	0.3628637136286371	chr1	211556065.0	211556179.0	antisense	0.5117561613403877	0.29093691990136594	0.15
CLOCK	72	82	0.17748560976512778	0.45615438456154384	chr1	211556065.0	211556179.0	antisense	0.5649680314987369	0.24797612587346246	0.15
PAX5	72	91	0.1771287969700962	0.5125487451254874	chr1	211556065.0	211556179.0	antisense	0.5877975116395645	0.23077225678585192	0.15
KLF14	72	86	0.17706646250536864	0.33286671332866713	chr1	211556065.0	211556179.0	antisense	0.4941032808900413	0.30618226234674994	0.15
NFKB2	74	87	0.17627052935027207	0.3243675632436756	chr1	211556065.0	211556179.0	sense	0.49390584197394216	0.3063558369240123	0.15
Tcf12	74	85	0.17608229563183442	0.43095690430956907	chr1	211556065.0	211556179.0	antisense	0.5482025326879076	0.26105896235755316	0.15
Tcf7	79	91	0.17528809692791578	0.31656834316568344	chr1	211556065.0	211556179.0	antisense	0.49083841615838414	0.30906145394688816	0.15
Dux	76	84	0.17499645476291395	0.3150684931506849	chr1	211556065.0	211556179.0	antisense	0.49083841615838414	0.30906145394688816	0.15
MTF1	75	89	0.17461494264828603	0.32226777322267774	chr1	211556065.0	211556179.0	antisense	0.49390584197394216	0.3063558369240123	0.15
LIN54	80	89	0.17399081556993787	0.3261673832616738	chr1	211556065.0	211556179.0	sense	0.49390584197394216	0.3063558369240123	0.15
TBX21	72	82	0.17390705483711663	0.3802619738026197	chr1	211556065.0	211556179.0	antisense	0.5196185807775812	0.28431532760498707	0.15
EBF1	75	89	0.17298405150890733	0.4066593340665933	chr1	211556065.0	211556179.0	antisense	0.5302919456798039	0.2754849690975051	0.15
HNF1A	78	93	0.17278980709078307	0.42195780421957807	chr1	211556065.0	211556179.0	antisense	0.5407311120739778	0.2670186416813995	0.15
NKX2-3	76	86	0.172523022228896	0.5032496750324967	chr1	211556065.0	211556179.0	sense	0.5856201375378157	0.23238399774340723	0.15
TBX5	74	82	0.17245742745973444	0.5182481751824818	chr1	211556065.0	211556179.0	antisense	0.5896931094636707	0.2293739469031987	0.15
RARA	72	90	0.17193477178262828	0.18438156184381563	chr1	211556065.0	211556179.0	antisense	0.41737621109683903	0.37947230774730956	0.15
ID4	75	85	0.17159522142372163	0.48705129487051296	chr1	211556065.0	211556179.0	sense	0.5763988521421206	0.2392768927241819	0.15
Pax6	75	89	0.17080361627541235	0.5914408559144085	chr1	211556065.0	211556179.0	antisense	0.6462269562517432	0.18961493008932226	0.15
Sox5	76	83	0.17060895349262387	0.3330666933306669	chr1	211556065.0	211556179.0	sense	0.4941032808900413	0.30618226234674994	0.15
MAX	75	85	0.1705663493985409	0.5078492150784921	chr1	211556065.0	211556179.0	sense	0.5859165746396535	0.2321642163247476	0.15
CREB3	73	87	0.1699418981179412	0.49705029497050296	chr1	211556065.0	211556179.0	sense	0.58101149344525	0.23581527640402544	0.15
SOX21	76	91	0.16885421859510644	0.2552744725527447	chr1	211556065.0	211556179.0	antisense	0.46146739492717403	0.3358589787192059	0.15
Hic1	80	89	0.16844535843412156	0.5652434756524347	chr1	211556065.0	211556179.0	sense	0.6281827919991726	0.20191396453439833	0.15
ZBTB33	72	87	0.16837026435029	0.5148485151484852	chr1	211556065.0	211556179.0	sense	0.5885603069648982	0.230209030458274	0.15
Sox17	72	81	0.16831483834189173	0.5075492450754925	chr1	211556065.0	211556179.0	antisense	0.5859165746396535	0.2321642163247476	0.15
Mecom	73	87	0.16809878083867394	0.32686731326867313	chr1	211556065.0	211556179.0	antisense	0.49390584197394216	0.3063558369240123	0.15
TFAP4	72	82	0.16782456691552916	0.41185881411858816	chr1	211556065.0	211556179.0	sense	0.5331481777195415	0.27315207085647386	0.15
HSF1	76	89	0.16728994993583793	0.38176182381761825	chr1	211556065.0	211556179.0	antisense	0.5196185807775812	0.28431532760498707	0.15
TBX20	80	91	0.16695841481352652	0.41985801419858015	chr1	211556065.0	211556179.0	antisense	0.5393720528937206	0.26811155990107005	0.15
TFAP2A(var.3)	76	89	0.1668617313508597	0.47005299470052997	chr1	211556065.0	211556179.0	sense	0.5684348038514014	0.24531933915788146	0.15
BHLHE41	75	85	0.1668182126395162	0.3681631836816318	chr1	211556065.0	211556179.0	antisense	0.5164234927858565	0.28699400932740393	0.15
NFATC2	78	85	0.1666571303654582	0.36126387361263873	chr1	211556065.0	211556179.0	sense	0.5108881482423965	0.29167417211247193	0.15
CTCF	74	93	0.16633139037344383	0.37446255374462556	chr1	211556065.0	211556179.0	sense	0.5196185807775812	0.28431532760498707	0.15
FOSL1	75	86	0.1648637656004604	0.46155384461553844	chr1	211556065.0	211556179.0	sense	0.5649680314987369	0.24797612587346246	0.15
Mlxip	76	84	0.16382671791768647	0.38666133386661333	chr1	211556065.0	211556179.0	antisense	0.5196185807775812	0.28431532760498707	0.15
SCRT2	73	86	0.16361173578889382	0.3892610738926107	chr1	211556065.0	211556179.0	antisense	0.5200153506500249	0.28398383597251	0.15
Creb5	74	86	0.1632779362626108	0.43385661433856615	chr1	211556065.0	211556179.0	sense	0.5491989825407704	0.2602702760189283	0.15
ZBED1	80	93	0.16205455413663059	0.38216178382161786	chr1	211556065.0	211556179.0	sense	0.5196185807775812	0.28431532760498707	0.15
RELA	75	85	0.16200785411423888	0.3504649535046495	chr1	211556065.0	211556179.0	sense	0.502075202315834	0.29923122806470437	0.15
TBX4	74	82	0.161817875424835	0.49875012498750126	chr1	211556065.0	211556179.0	antisense	0.5816883480191307	0.23530963560283136	0.15
TFAP2C(var.3)	76	89	0.16140445798808264	0.47205279472052797	chr1	211556065.0	211556179.0	sense	0.5684348038514014	0.24531933915788146	0.15
Tcf21	73	87	0.16124429695424	0.41415858414158585	chr1	211556065.0	211556179.0	antisense	0.5333704842915212	0.27297102101208043	0.15
ESRRB	74	85	0.16097367850229694	0.42355764423557646	chr1	211556065.0	211556179.0	antisense	0.5414443777297148	0.26644615157015145	0.15
SOX8	76	92	0.1606891989542307	0.22597740225977403	chr1	211556065.0	211556179.0	antisense	0.4551076967774921	0.34188581964691955	0.15
NFYB	76	91	0.15958598978745592	0.5513448655134486	chr1	211556065.0	211556179.0	antisense	0.6153720111859781	0.2108622605486039	0.15
Foxd3	72	84	0.15905970968802993	0.40515948405159485	chr1	211556065.0	211556179.0	sense	0.5296669325510774	0.27599713950327703	0.15
NFKB1	74	87	0.15874297168212181	0.3080691930806919	chr1	211556065.0	211556179.0	antisense	0.4887288710153375	0.31093200483863326	0.15
ONECUT2	73	87	0.15660719291571829	0.46765323467653236	chr1	211556065.0	211556179.0	antisense	0.5670841794325241	0.2463524685330727	0.15
PAX1	73	90	0.15580179595817292	0.47725227477252274	chr1	211556065.0	211556179.0	antisense	0.5708429157084292	0.24348338427017976	0.15
ESR2	72	87	0.15551088566122964	0.6976302369763023	chr1	211556065.0	211556179.0	sense	0.7255913687188396	0.13930789207265096	0.15
Atf3	78	86	0.15429540323405871	0.5192480751924807	chr1	211556065.0	211556179.0	antisense	0.5896931094636707	0.2293739469031987	0.15
ONECUT1	73	87	0.15383581909565855	0.46065393460653936	chr1	211556065.0	211556179.0	antisense	0.5649680314987369	0.24797612587346246	0.15
TBX2	72	83	0.15366701070317496	0.6357364263573643	chr1	211556065.0	211556179.0	antisense	0.6761213222940001	0.16997536785236134	0.15
NFIC	81	87	0.15116461375327986	0.5893410658934106	chr1	211556065.0	211556179.0	sense	0.6462269562517432	0.18961493008932226	0.15
JDP2(var.2)	74	86	0.15036348146885412	0.45935406459354067	chr1	211556065.0	211556179.0	sense	0.5649680314987369	0.24797612587346246	0.15
Srebf1(var.2)	72	82	0.14982143826165978	0.48755124487551244	chr1	211556065.0	211556179.0	antisense	0.5763988521421206	0.2392768927241819	0.15
JUN	75	88	0.14930029115017476	0.5452454754524547	chr1	211556065.0	211556179.0	antisense	0.6111930923538316	0.21382156275953668	0.15
SREBF2(var.2)	72	82	0.14907337825525707	0.4717528247175283	chr1	211556065.0	211556179.0	antisense	0.5684348038514014	0.24531933915788146	0.15
SOX10	76	82	0.14892558430738775	0.47965203479652035	chr1	211556065.0	211556179.0	sense	0.5711999900927338	0.24321180876456944	0.15
MLXIPL	75	85	0.14876876526040167	0.5726427357264273	chr1	211556065.0	211556179.0	sense	0.635046110773538	0.19719473938919965	0.15
Rxra	76	90	0.1480626110686168	0.37336266373362664	chr1	211556065.0	211556179.0	antisense	0.5196185807775812	0.28431532760498707	0.15
NR1H2::RXRA	74	91	0.14779357712627295	0.28617138286171384	chr1	211556065.0	211556179.0	antisense	0.4730030181695207	0.32513608807786215	0.15
SP1	73	84	0.14769671386475533	0.30886911308869114	chr1	211556065.0	211556179.0	sense	0.4887288710153375	0.31093200483863326	0.15
E2F8	80	92	0.14760285150459632	0.3177682231776822	chr1	211556065.0	211556179.0	sense	0.49083841615838414	0.30906145394688816	0.15
RXRG	76	90	0.1474263869058495	0.38336166383361664	chr1	211556065.0	211556179.0	antisense	0.5196185807775812	0.28431532760498707	0.15
MEIS1	78	85	0.14648608225244134	0.685031496850315	chr1	211556065.0	211556179.0	antisense	0.7167970702929707	0.1446037783992189	0.15
Myb	76	86	0.14622065374926652	0.524047595240476	chr1	211556065.0	211556179.0	sense	0.592550548866682	0.22727459526307264	0.15
JDP2	73	82	0.14568622622238922	0.44795520447955206	chr1	211556065.0	211556179.0	antisense	0.5588671902040565	0.25269138605700353	0.15
GRHL1	73	85	0.14549773374164685	0.5083491650834917	chr1	211556065.0	211556179.0	sense	0.5859165746396535	0.2321642163247476	0.15
TBR1	80	90	0.1442820784557708	0.5534446555344466	chr1	211556065.0	211556179.0	antisense	0.6163900777304244	0.21014436090366334	0.15
RXRB	76	90	0.14323606817599704	0.38676132386761325	chr1	211556065.0	211556179.0	antisense	0.5196185807775812	0.28431532760498707	0.15
Hnf4a	74	90	0.14318987690672716	0.43255674432556745	chr1	211556065.0	211556179.0	antisense	0.5488922990341553	0.26051286233267396	0.15
Klf1	72	83	0.14313458319510894	0.4477552244775522	chr1	211556065.0	211556179.0	sense	0.5588671902040565	0.25269138605700353	0.15
MAFG::NFE2L1	79	85	0.14226122406853714	0.6386361363863614	chr1	211556065.0	211556179.0	sense	0.6764329689480032	0.16977523329893343	0.15
BATF::JUN	73	84	0.14142558969146327	0.5902409759024098	chr1	211556065.0	211556179.0	sense	0.6462269562517432	0.18961493008932226	0.15
GLIS2	72	86	0.13921224136649754	0.43965603439656037	chr1	211556065.0	211556179.0	sense	0.5538385481840166	0.25661681984183315	0.15
FOS::JUN	77	84	0.13917674845636432	0.6142385761423858	chr1	211556065.0	211556179.0	sense	0.6641454604539546	0.1777367914844287	0.15
Mycn	75	83	0.13894127879232307	0.507949205079492	chr1	211556065.0	211556179.0	sense	0.5859165746396535	0.2321642163247476	0.15
PAX9	76	93	0.1388754094718107	0.48885111488851113	chr1	211556065.0	211556179.0	antisense	0.5766221105162211	0.23910870865075665	0.15
Znf423	75	90	0.13857651931521173	0.42715728427157285	chr1	211556065.0	211556179.0	sense	0.544704251933529	0.26383923463312486	0.15
PLAG1	76	90	0.13722624430155683	0.3387661233876612	chr1	211556065.0	211556179.0	antisense	0.49526652968505963	0.30516102082482965	0.15
JUN(var.2)	73	87	0.13708126195678508	0.6904309569043096	chr1	211556065.0	211556179.0	antisense	0.7209932930248223	0.14206877524708683	0.15
Arnt	72	78	0.13569614295972263	0.46395360463953605	chr1	211556065.0	211556179.0	antisense	0.5665692254303981	0.24674701892383552	0.15
ZIC1	72	86	0.13548715044291024	0.43515648435156484	chr1	211556065.0	211556179.0	sense	0.5495041736702242	0.2600290046143505	0.15
ZBTB18	74	87	0.13500107177118814	0.6083391660833917	chr1	211556065.0	211556179.0	antisense	0.6605188853499587	0.1801147606595629	0.15
DUX4	77	88	0.1329249621089339	0.49445055494450557	chr1	211556065.0	211556179.0	antisense	0.5792772867182808	0.23711349971827614	0.15
ZIC3	72	87	0.13266284975082596	0.49395060493950604	chr1	211556065.0	211556179.0	sense	0.5792772867182808	0.23711349971827614	0.15
E2F1	80	92	0.13228689413566677	0.6283371662833717	chr1	211556065.0	211556179.0	sense	0.6710020355989093	0.17327616232276247	0.15
RARA(var.2)	76	93	0.13198627313021954	0.49035096490350966	chr1	211556065.0	211556179.0	antisense	0.5770797069952869	0.23876419738588472	0.15
E2F7	79	93	0.1311553258058536	0.32736726327367266	chr1	211556065.0	211556179.0	sense	0.49390584197394216	0.3063558369240123	0.15
Creb3l2	75	84	0.12990402622305944	0.5841415858414158	chr1	211556065.0	211556179.0	sense	0.6436719385386301	0.1913354239197701	0.15
SREBF1	72	82	0.1298299921575071	0.5367463253674633	chr1	211556065.0	211556179.0	sense	0.6042762318128274	0.2187644876571173	0.15
KLF16	73	84	0.12773881169506004	0.47735226477352266	chr1	211556065.0	211556179.0	sense	0.5708429157084292	0.24348338427017976	0.15
EOMES	78	91	0.1277243264842787	0.714928507149285	chr1	211556065.0	211556179.0	antisense	0.7391392334870098	0.13127374477234355	0.15
SOX4	74	90	0.126721412903273	0.3785621437856214	chr1	211556065.0	211556179.0	sense	0.5196185807775812	0.28431532760498707	0.15
TFCP2	80	90	0.12585337402736868	0.6481351864813518	chr1	211556065.0	211556179.0	sense	0.685096052512875	0.16424853485518212	0.15
MLX	75	85	0.12565410574650512	0.6274372562743725	chr1	211556065.0	211556179.0	antisense	0.6710020355989093	0.17327616232276247	0.15
Sox11	75	90	0.12542251238501476	0.38366163383661633	chr1	211556065.0	211556179.0	sense	0.5196185807775812	0.28431532760498707	0.15
FOS	75	86	0.1242236367168306	0.6667333266673333	chr1	211556065.0	211556179.0	sense	0.7033223506917602	0.15284558103979734	0.15
GLI2	73	85	0.12380446896353771	0.6687331266873313	chr1	211556065.0	211556179.0	antisense	0.7040009994943711	0.15242672427467482	0.15
Rarg(var.2)	75	92	0.12268191743787724	0.461053894610539	chr1	211556065.0	211556179.0	antisense	0.5649680314987369	0.24797612587346246	0.15
ONECUT3	79	93	0.12234441572108379	0.5263473652634737	chr1	211556065.0	211556179.0	antisense	0.5938571360255279	0.2263180205040798	0.15
RFX4	73	89	0.11961597171578427	0.7577242275772422	chr1	211556065.0	211556179.0	sense	0.7741316419539148	0.11118518077334971	0.15
RFX3	73	89	0.11527503428659482	0.7314268573142686	chr1	211556065.0	211556179.0	sense	0.7517040375170404	0.12395311708573654	0.15
Rarg	74	90	0.1124349659747175	0.5182481751824818	chr1	211556065.0	211556179.0	antisense	0.5896931094636707	0.2293739469031987	0.15
NR3C1	74	91	0.11172724152932365	0.5906409359064093	chr1	211556065.0	211556179.0	sense	0.6462269562517432	0.18961493008932226	0.15
Rarb(var.2)	75	92	0.11170493081718612	0.5401459854014599	chr1	211556065.0	211556179.0	antisense	0.6067873732107308	0.21696346513309825	0.15
MGA	81	89	0.11150400800936702	0.6714328567143286	chr1	211556065.0	211556179.0	antisense	0.7054122522970375	0.1515570013473176	0.15
TBX15	74	82	0.11017634389490202	0.595040495950405	chr1	211556065.0	211556179.0	antisense	0.647433998738491	0.18880449820372425	0.15
PKNOX1	81	93	0.10918832195228816	0.6216378362163784	chr1	211556065.0	211556179.0	sense	0.6707485176638261	0.17344027843408075	0.15
Nr2e3	76	83	0.1083931558988166	0.6260373962603739	chr1	211556065.0	211556179.0	antisense	0.6710020355989093	0.17327616232276247	0.15
PKNOX2	81	93	0.1083178781278149	0.6315368463153684	chr1	211556065.0	211556179.0	sense	0.6730341339582674	0.17196290930678254	0.15
TBX1	74	82	0.10722715484280601	0.6283371662833717	chr1	211556065.0	211556179.0	antisense	0.6710020355989093	0.17327616232276247	0.15
Sox1	76	91	0.10707039720468743	0.5944405559444056	chr1	211556065.0	211556179.0	sense	0.647433998738491	0.18880449820372425	0.15
RFX2	73	89	0.10354998192665509	0.694930506949305	chr1	211556065.0	211556179.0	sense	0.7242348054351191	0.1401206075980085	0.15
Rarb	75	91	0.10287244776697603	0.5473452654734526	chr1	211556065.0	211556179.0	antisense	0.6122245534067282	0.2130892569091809	0.15
MEIS2	79	87	0.10214226373912232	0.8053194680531947	chr1	211556065.0	211556179.0	antisense	0.8163296951554845	0.0881344051328228	0.15
REST	72	93	0.10075355125481679	0.27247275272472754	chr1	211556065.0	211556179.0	sense	0.4685647940060363	0.3292303455796419	0.15
TGIF2	74	86	0.0980374879811908	0.7791220877912208	chr1	211556065.0	211556179.0	antisense	0.7944290050366278	0.09994490789460453	0.15
RFX5	73	89	0.09791460959197912	0.7097290270972902	chr1	211556065.0	211556179.0	sense	0.7352282735798276	0.1335778002840766	0.15
Nr2f6(var.2)	76	91	0.09720795829747884	0.6263373662633737	chr1	211556065.0	211556179.0	antisense	0.6710020355989093	0.17327616232276247	0.15
Zfx	75	89	0.09683802535913513	0.8112188781121887	chr1	211556065.0	211556179.0	antisense	0.8207068182070681	0.08581195856236827	0.15
Vdr	72	88	0.093894239770117	0.7306269373062694	chr1	211556065.0	211556179.0	antisense	0.7517040375170404	0.12395311708573654	0.15
NFIC::TLX1	72	86	0.09328671121346548	0.7462253774622538	chr1	211556065.0	211556179.0	antisense	0.7638875165737864	0.11697058714134549	0.15
NR3C2	74	91	0.09142295093156819	0.6779322067793221	chr1	211556065.0	211556179.0	antisense	0.7108016471080165	0.14825157449491017	0.15
BATF3	73	87	0.08372249452312763	0.734026597340266	chr1	211556065.0	211556179.0	antisense	0.7528849881810238	0.12327136219675232	0.15
RXRA::VDR	78	93	0.08266806036202073	0.7902209779022098	chr1	211556065.0	211556179.0	sense	0.804166053982837	0.09465426358711648	0.15
TGIF1	81	93	0.08010852189113518	0.7924207579242076	chr1	211556065.0	211556179.0	sense	0.8048265623535494	0.0942976986733284	0.15
PPARG	73	93	0.07104475578795384	0.6374362563743625	chr1	211556065.0	211556179.0	antisense	0.6764329689480032	0.16977523329893343	0.15
Klf12	78	93	0.06395416387549269	0.8184181581841816	chr1	211556065.0	211556179.0	antisense	0.8263794243143779	0.08282050467572029	0.15
IRF1	72	93	0.0625516129412273	0.47985201479852013	chr1	211556065.0	211556179.0	sense	0.5711999900927338	0.24321180876456944	0.15
Ar	74	91	0.05362904013598282	0.8783121687831217	chr1	211556065.0	211556179.0	antisense	0.883418634880698	0.05383344394959944	0.15
RREB1	73	93	0.046977926844356026	0.5223477652234777	chr1	211556065.0	211556179.0	sense	0.5919181007663427	0.22773837916525647	0.15
E2F3	75	93	0.040682338726476704	0.7231276872312768	chr1	211556065.0	211556179.0	antisense	0.746129760781377	0.12718563701702534	0.15
ESR1	74	91	0.03419470895802552	0.9567043295670433	chr1	211556065.0	211556179.0	antisense	0.958551249122192	0.018384662529302216	0.15
MAFG	72	93	0.02971533365617085	0.6993300669933007	chr1	211556065.0	211556179.0	sense	0.7259046095390461	0.13912044579119764	0.15
E2F2	77	93	0.017969046135982228	0.8853114688531147	chr1	211556065.0	211556179.0	antisense	0.8887362714405543	0.051227094879518126	0.15
KLF13	75	93	0.012253789559148558	0.8745125487451255	chr1	211556065.0	211556179.0	antisense	0.8813048792208158	0.05487382546075763	0.15
SP4	74	91	-0.025062400220526995	0.9748025197480252	chr1	211556065.0	211556179.0	sense	0.9748025197480252	0.011083356886524617	0.15
