motif	start	end	score	pval	tile_chr	tile_start	tile_end	strand	padj	neg_log_pval	fdr_cutoff
Hes1	54	64	5.671190037527568	0.00039996000399960006	chr1	211556065.0	211556179.0	antisense	0.051894810518948106	1.2848760694284047	0.1
Tcfl5	54	64	5.142414068518891	0.0005999400059994001	chr1	211556065.0	211556179.0	sense	0.051894810518948106	1.2848760694284047	0.1
NRF1	55	66	4.72589604406622	9.999000099990002e-05	chr1	211556065.0	211556179.0	sense	0.051894810518948106	1.2848760694284047	0.1
Gmeb1	50	67	4.284882862398735	0.0026997300269973002	chr1	211556065.0	211556179.0	antisense	0.10008284885797135	0.9996403409476555	0.1
HINFP	55	67	3.480881369810824	0.00019998000199980003	chr1	211556065.0	211556179.0	sense	0.051894810518948106	1.2848760694284047	0.1
Hes2	55	68	3.228345652129702	0.006299370062993701	chr1	211556065.0	211556179.0	antisense	0.16346865313468656	0.7865655156388043	0.1
EGR4	51	67	3.181997489544833	0.0040995900409959	chr1	211556065.0	211556179.0	antisense	0.12017745593861667	0.9201769938950464	0.1
Mitf	55	65	3.1027771082453004	0.0032996700329967	chr1	211556065.0	211556179.0	antisense	0.11416858314168583	0.9424533886061985	0.1
Arntl	55	65	2.920842679315731	0.0004999500049995	chr1	211556065.0	211556179.0	antisense	0.051894810518948106	1.2848760694284047	0.1
EGR3	54	69	2.7173572011878067	0.0010998900109989002	chr1	211556065.0	211556179.0	antisense	0.06342699063426992	1.1977258937095046	0.1
ARNT::HIF1A	55	63	2.6611535624541016	0.00029997000299970003	chr1	211556065.0	211556179.0	sense	0.051894810518948106	1.2848760694284047	0.1
EGR2	56	67	2.639840962627007	0.0015998400159984002	chr1	211556065.0	211556179.0	antisense	0.08303169683031698	1.08075608677248	0.1
ZBTB33	50	65	2.6264727564756836	0.004399560043995601	chr1	211556065.0	211556179.0	sense	0.12017745593861667	0.9201769938950464	0.1
HEY1	54	64	2.48702032309478	0.0021997800219978004	chr1	211556065.0	211556179.0	antisense	0.09181389553352357	1.0370915857176488	0.1
HEY2	54	64	2.432208313753387	0.0022997700229977	chr1	211556065.0	211556179.0	sense	0.09181389553352357	1.0370915857176488	0.1
MAX::MYC	54	65	2.3438787756895265	0.0007999200079992001	chr1	211556065.0	211556179.0	antisense	0.05930835487879784	1.226884122450718	0.1
EGR1	56	70	2.252540458537308	0.0375962403759624	chr1	211556065.0	211556179.0	antisense	0.5134854935559076	0.28947182111755393	0.1
ETV5	56	66	2.245683618707706	0.0160983901609839	chr1	211556065.0	211556179.0	antisense	0.28810567219140154	0.5404481912955112	0.1
TFE3	54	64	2.192498591265586	0.012598740125987402	chr1	211556065.0	211556179.0	antisense	0.25149023559182543	0.5994788722816599	0.1
PAX5	52	71	2.1725106903301814	0.0476952304769523	chr1	211556065.0	211556179.0	antisense	0.5381266221203966	0.269115522069865	0.1
TBX19	51	71	2.1684098063180404	0.010298970102989701	chr1	211556065.0	211556179.0	sense	0.22003399660033995	0.6575102128356722	0.1
Ahr::Arnt	56	62	2.110235378399971	0.0018998100189981002	chr1	211556065.0	211556179.0	sense	0.08963649089636491	1.047515153633801	0.1
Zfx	57	71	2.0983306315267316	0.043695630436956304	chr1	211556065.0	211556179.0	sense	0.5298098097167027	0.27588000476587005	0.1
E2F4	58	69	2.026071448131319	0.019698030196980302	chr1	211556065.0	211556179.0	antisense	0.3194774272572743	0.49555982158671785	0.1
SP2	55	70	2.0076575067474893	0.08149185081491851	chr1	211556065.0	211556179.0	antisense	0.7292115616024605	0.13714645425136546	0.1
MNT	54	64	2.005221851309266	0.008999100089991	chr1	211556065.0	211556179.0	antisense	0.2122969521229695	0.6730562408112862	0.1
E2F1	51	63	1.983503679797537	0.013898610138986101	chr1	211556065.0	211556179.0	antisense	0.2576206665047781	0.589019300516529	0.1
THAP1	56	65	1.9604622406670527	0.12808719128087193	chr1	211556065.0	211556179.0	antisense	0.8015559889794153	0.09606613662168013	0.1
MAX	54	64	1.9099534301244496	0.008399160083991601	chr1	211556065.0	211556179.0	antisense	0.20757924207579243	0.6828160781004424	0.1
SP3	53	64	1.8736257629062076	0.09909009099090091	chr1	211556065.0	211556179.0	antisense	0.7935581441855815	0.10042124688792149	0.1
Npas2	54	64	1.8492821941911772	0.0105989401059894	chr1	211556065.0	211556179.0	sense	0.22003399660033995	0.6575102128356722	0.1
ZBTB7C	53	65	1.8333929834812048	0.12338766123387661	chr1	211556065.0	211556179.0	antisense	0.8004774522547745	0.09665089672312552	0.1
TFEC	54	64	1.8082372249876606	0.018198180181981802	chr1	211556065.0	211556179.0	antisense	0.30467275853059855	0.5161663752776027	0.1
ETV6	56	66	1.799161573900136	0.024297570242975703	chr1	211556065.0	211556179.0	antisense	0.38213451382134517	0.4177837357079801	0.1
GCM1	52	63	1.7952802397023113	0.0170982901709829	chr1	211556065.0	211556179.0	sense	0.29580041995800416	0.5290012137559135	0.1
TFAP2A(var.2)	54	66	1.7803200556498686	0.10368963103689631	chr1	211556065.0	211556179.0	antisense	0.7935581441855815	0.10042124688792149	0.1
CLOCK	54	64	1.7298165157736816	0.009499050094990502	chr1	211556065.0	211556179.0	sense	0.21434813040435088	0.6688803001571499	0.1
NFIX	51	60	1.6832858259283825	0.07639236076392361	chr1	211556065.0	211556179.0	antisense	0.6955725480083571	0.15765756652520624	0.1
Arnt	56	62	1.6818081126864377	0.000999900009999	chr1	211556065.0	211556179.0	sense	0.06342699063426992	1.1977258937095046	0.1
GLI2	53	65	1.6664119647871964	0.047295270472952705	chr1	211556065.0	211556179.0	antisense	0.5381266221203966	0.269115522069865	0.1
Klf1	54	65	1.6589978255386766	0.056694330566943306	chr1	211556065.0	211556179.0	antisense	0.6004970931478281	0.2214890905640119	0.1
Id2	55	63	1.6506230189335362	0.003999600039996	chr1	211556065.0	211556179.0	antisense	0.12017745593861667	0.9201769938950464	0.1
Mlxip	55	63	1.6354816551361049	0.004199580041995801	chr1	211556065.0	211556179.0	antisense	0.12017745593861667	0.9201769938950464	0.1
BHLHE40	54	64	1.587380823366386	0.013598640135986401	chr1	211556065.0	211556179.0	antisense	0.2576206665047781	0.589019300516529	0.1
TFAP2C	54	66	1.5738685255692575	0.1451854814518548	chr1	211556065.0	211556179.0	antisense	0.838389494383895	0.07655417234471064	0.1
TFAP2B	54	66	1.5520023250510646	0.1367863213678632	chr1	211556065.0	211556179.0	sense	0.8352011857637766	0.07820889775860013	0.1
ETV1	56	66	1.532230837643088	0.06979302069793021	chr1	211556065.0	211556179.0	antisense	0.6746325367463254	0.17093271712156805	0.1
ZBTB7A	54	66	1.522750833249222	0.11788821117888211	chr1	211556065.0	211556179.0	antisense	0.8004774522547745	0.09665089672312552	0.1
Gabpa	54	65	1.4759915006840396	0.06179382061793821	chr1	211556065.0	211556179.0	antisense	0.6414198580141985	0.1928575986756078	0.1
NHLH1	54	64	1.4589417956243482	0.040195980401959805	chr1	211556065.0	211556179.0	antisense	0.5215428457154285	0.2827100076718971	0.1
ELK4	55	66	1.4412166608816255	0.07069293070692931	chr1	211556065.0	211556179.0	sense	0.6746325367463254	0.17093271712156805	0.1
YY2	59	70	1.4201270702891606	0.08999100089991001	chr1	211556065.0	211556179.0	sense	0.7784221577842216	0.10878481037272354	0.1
ELF5	56	67	1.414323908917284	0.1404859514048595	chr1	211556065.0	211556179.0	antisense	0.838389494383895	0.07655417234471064	0.1
T	53	69	1.4141011503735674	0.031296870312968704	chr1	211556065.0	211556179.0	sense	0.46408787692659303	0.333399776232232	0.1
GCM2	52	62	1.4041883290282247	0.1090890910908909	chr1	211556065.0	211556179.0	sense	0.7935581441855815	0.10042124688792149	0.1
TFAP2A	56	67	1.3899520297759873	0.14088591140885912	chr1	211556065.0	211556179.0	antisense	0.838389494383895	0.07655417234471064	0.1
Pax2	59	67	1.3798660146300654	0.23827617238276172	chr1	211556065.0	211556179.0	sense	0.9298145373432581	0.03160366804903451	0.1
TBX2	51	62	1.37621740939061	0.20007999200079993	chr1	211556065.0	211556179.0	antisense	0.9043234806954088	0.043676192586808354	0.1
Neurog1	56	66	1.3652449276363314	0.32696730326967305	chr1	211556065.0	211556179.0	antisense	1.0	-0.0	0.1
SPIC	56	70	1.35576370012925	0.23197680231976803	chr1	211556065.0	211556179.0	antisense	0.9223123142231232	0.03512199285474421	0.1
CENPB	51	66	1.3358589776145104	0.1693830616938306	chr1	211556065.0	211556179.0	antisense	0.8879778688797787	0.05159785803126662	0.1
ELF4	56	68	1.3296241790831334	0.0438956104389561	chr1	211556065.0	211556179.0	antisense	0.5298098097167027	0.27588000476587005	0.1
KLF14	55	69	1.3181200555303558	0.10218978102189781	chr1	211556065.0	211556179.0	antisense	0.7935581441855815	0.10042124688792149	0.1
TBX5	55	63	1.314725426828741	0.19618038196180382	chr1	211556065.0	211556179.0	sense	0.9043234806954088	0.043676192586808354	0.1
E2F6	55	66	1.3141184940120991	0.12818718128187181	chr1	211556065.0	211556179.0	sense	0.8015559889794153	0.09606613662168013	0.1
ELF1	56	68	1.3129380160181856	0.0504949505049495	chr1	211556065.0	211556179.0	antisense	0.5459766523347666	0.2628259286853306	0.1
ETV3	56	66	1.3045315326208096	0.0943905609439056	chr1	211556065.0	211556179.0	antisense	0.7901403408046291	0.10229576462858976	0.1
EOMES	57	70	1.3044125658177448	0.202979702029797	chr1	211556065.0	211556179.0	antisense	0.9081591840815918	0.0418380207421104	0.1
MZF1(var.2)	53	63	1.3019106805064145	0.21347865213478653	chr1	211556065.0	211556179.0	antisense	0.9223123142231232	0.03512199285474421	0.1
TFEB	54	64	1.2990736417874287	0.07279272072792721	chr1	211556065.0	211556179.0	antisense	0.6746325367463254	0.17093271712156805	0.1
MLXIPL	54	64	1.2719021176682068	0.0423957604239576	chr1	211556065.0	211556179.0	sense	0.5298098097167027	0.27588000476587005	0.1
FEV	56	66	1.2585505298851254	0.1085891410858914	chr1	211556065.0	211556179.0	antisense	0.7935581441855815	0.10042124688792149	0.1
Myc	55	65	1.2546226121718351	0.039696030396960305	chr1	211556065.0	211556179.0	sense	0.5215428457154285	0.2827100076718971	0.1
TP53	50	68	1.2360833859735483	0.0456954304569543	chr1	211556065.0	211556179.0	antisense	0.5381266221203966	0.269115522069865	0.1
TCF3	54	64	1.2316399253667816	0.08899110088991101	chr1	211556065.0	211556179.0	sense	0.7784221577842216	0.10878481037272354	0.1
NRL	59	70	1.2223052316569463	0.39886011398860116	chr1	211556065.0	211556179.0	antisense	1.0	-0.0	0.1
ETS1	56	66	1.22176747241226	0.10638936106389361	chr1	211556065.0	211556179.0	antisense	0.7935581441855815	0.10042124688792149	0.1
ERG	56	66	1.2200515187190215	0.103989601039896	chr1	211556065.0	211556179.0	antisense	0.7935581441855815	0.10042124688792149	0.1
GATA1::TAL1	53	71	1.2080376291421278	0.19618038196180382	chr1	211556065.0	211556179.0	antisense	0.9043234806954088	0.043676192586808354	0.1
HES5	53	65	1.1979643056436293	0.034996500349965	chr1	211556065.0	211556179.0	sense	0.4908968562603199	0.3090097491451242	0.1
HSF4	50	63	1.1915931891144298	0.14538546145385461	chr1	211556065.0	211556179.0	sense	0.838389494383895	0.07655417234471064	0.1
Mycn	56	64	1.1884430939804858	0.030796920307969204	chr1	211556065.0	211556179.0	antisense	0.46408787692659303	0.333399776232232	0.1
ID4	54	64	1.1874361476490138	0.11458854114588542	chr1	211556065.0	211556179.0	sense	0.8004774522547745	0.09665089672312552	0.1
IRF7	51	65	1.176623973572124	0.11688831116888311	chr1	211556065.0	211556179.0	antisense	0.8004774522547745	0.09665089672312552	0.1
RARA::RXRA	53	70	1.1755772026116633	0.23257674232576742	chr1	211556065.0	211556179.0	antisense	0.9223123142231232	0.03512199285474421	0.1
SP8	52	64	1.1685690656210885	0.24767523247675233	chr1	211556065.0	211556179.0	antisense	0.9382733259520762	0.027670629998974638	0.1
TBX4	53	61	1.1586235320599862	0.16318368163183683	chr1	211556065.0	211556179.0	antisense	0.8795367885891823	0.0557459904906181	0.1
Klf4	54	64	1.1560082073894942	0.1785821417858214	chr1	211556065.0	211556179.0	sense	0.9043234806954088	0.043676192586808354	0.1
ELK1	56	66	1.137377179920902	0.06819318068193181	chr1	211556065.0	211556179.0	antisense	0.6746325367463254	0.17093271712156805	0.1
Mafb	58	70	1.1336345280737237	0.23357664233576642	chr1	211556065.0	211556179.0	antisense	0.9223123142231232	0.03512199285474421	0.1
TBR1	51	61	1.1318391704181443	0.1573842615738426	chr1	211556065.0	211556179.0	antisense	0.8783057178153152	0.0563542899592942	0.1
EHF	56	68	1.130293303383596	0.1192880711928807	chr1	211556065.0	211556179.0	antisense	0.8004774522547745	0.09665089672312552	0.1
SP1	58	69	1.1298255911277835	0.20687931206879312	chr1	211556065.0	211556179.0	sense	0.9147559820289157	0.03869474177176866	0.1
TFAP2A(var.3)	51	64	1.1287525600363064	0.19318068193180682	chr1	211556065.0	211556179.0	sense	0.9043234806954088	0.043676192586808354	0.1
BHLHE41	54	64	1.1180483299926076	0.0327967203279672	chr1	211556065.0	211556179.0	antisense	0.4728193847281939	0.32530472648401293	0.1
ETV4	56	66	1.1103148361501782	0.19368063193680632	chr1	211556065.0	211556179.0	antisense	0.9043234806954088	0.043676192586808354	0.1
TFAP2C(var.3)	51	64	1.1013986195946441	0.17938206179382063	chr1	211556065.0	211556179.0	sense	0.9043234806954088	0.043676192586808354	0.1
ERF	56	66	1.070493335556365	0.1262873712628737	chr1	211556065.0	211556179.0	antisense	0.8015559889794153	0.09606613662168013	0.1
USF2	54	65	1.0638930371841466	0.10518948105189481	chr1	211556065.0	211556179.0	sense	0.7935581441855815	0.10042124688792149	0.1
HIC2	58	67	1.0609451614902186	0.3127687231276872	chr1	211556065.0	211556179.0	antisense	1.0	-0.0	0.1
ZIC4	55	70	1.0558915720163073	0.27997200279972	chr1	211556065.0	211556179.0	sense	1.0	-0.0	0.1
KLF16	59	70	1.0506528361380914	0.2303769623037696	chr1	211556065.0	211556179.0	antisense	0.9223123142231232	0.03512199285474421	0.1
Pax6	50	64	1.0482651326744585	0.23397660233976603	chr1	211556065.0	211556179.0	antisense	0.9223123142231232	0.03512199285474421	0.1
FLI1	56	66	1.04771791269796	0.12338766123387661	chr1	211556065.0	211556179.0	antisense	0.8004774522547745	0.09665089672312552	0.1
MAFK	55	70	1.042107042064175	0.2793720627937206	chr1	211556065.0	211556179.0	sense	1.0	-0.0	0.1
ELK3	56	66	1.0325335428965268	0.19968003199680032	chr1	211556065.0	211556179.0	antisense	0.9043234806954088	0.043676192586808354	0.1
MGA	53	61	1.0236206511946158	0.15428457154284572	chr1	211556065.0	211556179.0	antisense	0.8703662242471405	0.06029797071081182	0.1
INSM1	58	70	0.997648262063389	0.19688031196880312	chr1	211556065.0	211556179.0	antisense	0.9043234806954088	0.043676192586808354	0.1
HES7	53	65	0.9968009370814621	0.0494950504949505	chr1	211556065.0	211556179.0	sense	0.5459766523347666	0.2628259286853306	0.1
GMEB2	55	63	0.9844578900838225	0.14378562143785623	chr1	211556065.0	211556179.0	antisense	0.838389494383895	0.07655417234471064	0.1
CREB3L1	52	66	0.9771916873293408	0.1623837616238376	chr1	211556065.0	211556179.0	sense	0.8795367885891823	0.0557459904906181	0.1
NEUROD2	56	66	0.9766960881929652	0.21647835216478353	chr1	211556065.0	211556179.0	antisense	0.9223123142231232	0.03512199285474421	0.1
TBX21	60	70	0.9597210016107226	0.1987801219878012	chr1	211556065.0	211556179.0	antisense	0.9043234806954088	0.043676192586808354	0.1
TCF4	54	64	0.9503333564336229	0.1832816718328167	chr1	211556065.0	211556179.0	antisense	0.9043234806954088	0.043676192586808354	0.1
XBP1	51	65	0.9421798391631991	0.1977802219778022	chr1	211556065.0	211556179.0	sense	0.9043234806954088	0.043676192586808354	0.1
RUNX2	53	62	0.9324632759990378	0.24347565243475652	chr1	211556065.0	211556179.0	antisense	0.9360286193602863	0.02871087237275777	0.1
Hic1	58	67	0.9263831697529403	0.34226577342265774	chr1	211556065.0	211556179.0	antisense	1.0	-0.0	0.1
ZIC3	55	70	0.9189512851469058	0.21537846215378462	chr1	211556065.0	211556179.0	antisense	0.9223123142231232	0.03512199285474421	0.1
IRF8	51	65	0.916360995929418	0.0715928407159284	chr1	211556065.0	211556179.0	antisense	0.6746325367463254	0.17093271712156805	0.1
CEBPE	58	68	0.9068599695132175	0.21887811218878112	chr1	211556065.0	211556179.0	sense	0.9223123142231232	0.03512199285474421	0.1
PLAG1	54	68	0.9040502839809237	0.18288171182881713	chr1	211556065.0	211556179.0	antisense	0.9043234806954088	0.043676192586808354	0.1
IRF2	52	70	0.9011261328073442	0.13058694130586943	chr1	211556065.0	211556179.0	antisense	0.806840744496979	0.09321217855123132	0.1
ZBED1	58	71	0.9006245324428971	0.0685931406859314	chr1	211556065.0	211556179.0	sense	0.6746325367463254	0.17093271712156805	0.1
POU6F2	50	60	0.8992366722733108	0.2558744125587441	chr1	211556065.0	211556179.0	antisense	0.9623102907100595	0.016684869942455844	0.1
CEBPB	58	68	0.8925044770490048	0.16828317168283172	chr1	211556065.0	211556179.0	sense	0.8879778688797787	0.05159785803126662	0.1
ZBTB7B	53	65	0.8819938178523267	0.2906709329067093	chr1	211556065.0	211556179.0	antisense	1.0	-0.0	0.1
CEBPG	52	62	0.8753204891712909	0.09269073092690731	chr1	211556065.0	211556179.0	sense	0.788630972968277	0.10312617029467475	0.1
TFAP2C(var.2)	56	67	0.8667214109855876	0.3247675232476752	chr1	211556065.0	211556179.0	antisense	1.0	-0.0	0.1
Rfx1	52	66	0.8643824934583305	0.3184681531846815	chr1	211556065.0	211556179.0	antisense	1.0	-0.0	0.1
RUNX3	52	62	0.8454175235302706	0.29527047295270475	chr1	211556065.0	211556179.0	antisense	1.0	-0.0	0.1
GLIS2	55	69	0.8432022444387511	0.23457654234576542	chr1	211556065.0	211556179.0	sense	0.9223123142231232	0.03512199285474421	0.1
TFAP2B(var.3)	54	67	0.8414876561483978	0.26477352264773524	chr1	211556065.0	211556179.0	sense	0.9815532732441041	0.008086124338980533	0.1
TFAP2B(var.2)	56	67	0.8370991580260702	0.3066693330666933	chr1	211556065.0	211556179.0	antisense	1.0	-0.0	0.1
Klf12	56	71	0.8362812113541858	0.2216778322167783	chr1	211556065.0	211556179.0	antisense	0.9223123142231232	0.03512199285474421	0.1
CEBPD	58	68	0.8337957163705408	0.1807819218078192	chr1	211556065.0	211556179.0	sense	0.9043234806954088	0.043676192586808354	0.1
SP4	54	71	0.8252273044838025	0.1820817918208179	chr1	211556065.0	211556179.0	antisense	0.9043234806954088	0.043676192586808354	0.1
OLIG3	56	66	0.823183370622863	0.31556844315568444	chr1	211556065.0	211556179.0	sense	1.0	-0.0	0.1
FIGLA	54	64	0.8228401464205958	0.36326367363263673	chr1	211556065.0	211556179.0	sense	1.0	-0.0	0.1
NKX2-8	54	63	0.813269750822349	0.41855814418558146	chr1	211556065.0	211556179.0	antisense	1.0	-0.0	0.1
NFIC	52	58	0.8115488171273395	0.2973702629737026	chr1	211556065.0	211556179.0	sense	1.0	-0.0	0.1
PAX1	54	71	0.7910187567841623	0.1643835616438356	chr1	211556065.0	211556179.0	antisense	0.8795367885891823	0.0557459904906181	0.1
PAX9	54	71	0.7881736665406487	0.1100889911008899	chr1	211556065.0	211556179.0	antisense	0.7935581441855815	0.10042124688792149	0.1
ZEB1	50	59	0.7858911988006152	0.21747825217478253	chr1	211556065.0	211556179.0	antisense	0.9223123142231232	0.03512199285474421	0.1
MTF1	54	68	0.7821986018399733	0.1197880211978802	chr1	211556065.0	211556179.0	antisense	0.8004774522547745	0.09665089672312552	0.1
Srebf1(var.2)	60	70	0.7735818976457973	0.1504849515048495	chr1	211556065.0	211556179.0	antisense	0.8582603278133725	0.06638096181963626	0.1
SREBF2(var.2)	60	70	0.7687999024890304	0.1227877212278772	chr1	211556065.0	211556179.0	antisense	0.8004774522547745	0.09665089672312552	0.1
BHLHE22	56	66	0.7669885163367243	0.20037996200379962	chr1	211556065.0	211556179.0	sense	0.9043234806954088	0.043676192586808354	0.1
IRF9	51	66	0.7622853642845226	0.10258974102589741	chr1	211556065.0	211556179.0	antisense	0.7935581441855815	0.10042124688792149	0.1
SPDEF	56	67	0.7615130286311315	0.207979202079792	chr1	211556065.0	211556179.0	antisense	0.9147559820289157	0.03869474177176866	0.1
PRDM1	55	70	0.7396946112493847	0.40685931406859316	chr1	211556065.0	211556179.0	antisense	1.0	-0.0	0.1
ESR2	51	66	0.7321905217435974	0.5624437556244376	chr1	211556065.0	211556179.0	sense	1.0	-0.0	0.1
POU2F1	58	70	0.731235734756528	0.47655234476552344	chr1	211556065.0	211556179.0	sense	1.0	-0.0	0.1
ELF3	55	68	0.7300626294718091	0.24227577242275772	chr1	211556065.0	211556179.0	antisense	0.9360286193602863	0.02871087237275777	0.1
Pparg::Rxra	54	69	0.7290069708869503	0.5782421757824218	chr1	211556065.0	211556179.0	antisense	1.0	-0.0	0.1
LBX2	55	65	0.723708784914384	0.8415158484151585	chr1	211556065.0	211556179.0	sense	1.0	-0.0	0.1
PITX3	50	59	0.7172678754287771	0.5141485851414859	chr1	211556065.0	211556179.0	sense	1.0	-0.0	0.1
TP73	50	68	0.7136330589335982	0.26417358264173585	chr1	211556065.0	211556179.0	sense	0.9815532732441041	0.008086124338980533	0.1
NKX2-3	54	64	0.7079164851264387	0.42725727427257276	chr1	211556065.0	211556179.0	antisense	1.0	-0.0	0.1
HSF1	55	68	0.7076795759508586	0.16318368163183683	chr1	211556065.0	211556179.0	antisense	0.8795367885891823	0.0557459904906181	0.1
Nkx2-5(var.2)	50	61	0.683226025329126	0.39606039396060394	chr1	211556065.0	211556179.0	antisense	1.0	-0.0	0.1
USF1	53	64	0.6828080297240432	0.37706229377062295	chr1	211556065.0	211556179.0	antisense	1.0	-0.0	0.1
OLIG2	56	66	0.6824457980361857	0.3240675932406759	chr1	211556065.0	211556179.0	sense	1.0	-0.0	0.1
RUNX1	57	68	0.6760488069000334	0.5364463553644635	chr1	211556065.0	211556179.0	sense	1.0	-0.0	0.1
SMAD2::SMAD3::SMAD4	51	64	0.6747118778649894	0.47385261473852613	chr1	211556065.0	211556179.0	antisense	1.0	-0.0	0.1
HSF2	55	68	0.6491730989216921	0.28247175282471754	chr1	211556065.0	211556179.0	antisense	1.0	-0.0	0.1
KLF5	54	64	0.6487279135996079	0.4046595340465953	chr1	211556065.0	211556179.0	antisense	1.0	-0.0	0.1
Myod1	54	67	0.6468353351889302	0.43625637436256376	chr1	211556065.0	211556179.0	sense	1.0	-0.0	0.1
GSX2	51	61	0.6403158801490435	0.7704229577042295	chr1	211556065.0	211556179.0	antisense	1.0	-0.0	0.1
NFIA	58	68	0.6335284595266137	0.3625637436256374	chr1	211556065.0	211556179.0	antisense	1.0	-0.0	0.1
Ddit3::Cebpa	57	69	0.6329712949875226	0.6123387661233877	chr1	211556065.0	211556179.0	antisense	1.0	-0.0	0.1
EVX2	55	65	0.6164279211742931	0.7957204279572043	chr1	211556065.0	211556179.0	sense	1.0	-0.0	0.1
SPI1	56	70	0.609506929001994	0.22277772222777723	chr1	211556065.0	211556179.0	antisense	0.9223123142231232	0.03512199285474421	0.1
SNAI2	55	64	0.6084048901274933	0.595040495950405	chr1	211556065.0	211556179.0	antisense	1.0	-0.0	0.1
HOXB3	55	65	0.5969728343720532	0.7925207479252074	chr1	211556065.0	211556179.0	sense	1.0	-0.0	0.1
GSC2	61	71	0.5967733653541688	0.8141185881411859	chr1	211556065.0	211556179.0	antisense	1.0	-0.0	0.1
TBX1	57	65	0.5957248013184656	0.34036596340365965	chr1	211556065.0	211556179.0	sense	1.0	-0.0	0.1
HOXA5	62	70	0.5941931761524082	0.5000499950005	chr1	211556065.0	211556179.0	sense	1.0	-0.0	0.1
CREB3	52	66	0.5882473002131758	0.45485451454854514	chr1	211556065.0	211556179.0	sense	1.0	-0.0	0.1
Barhl1	54	64	0.5793648729050461	0.8493150684931506	chr1	211556065.0	211556179.0	antisense	1.0	-0.0	0.1
Atoh1	56	66	0.5792266296801667	0.5183481651834817	chr1	211556065.0	211556179.0	antisense	1.0	-0.0	0.1
ZIC1	51	65	0.5772162524967247	0.29387061293870614	chr1	211556065.0	211556179.0	antisense	1.0	-0.0	0.1
MLX	54	64	0.5729092152539216	0.2999700029997	chr1	211556065.0	211556179.0	antisense	1.0	-0.0	0.1
CTCF	50	69	0.5680367446095671	0.390960903909609	chr1	211556065.0	211556179.0	sense	1.0	-0.0	0.1
CREB1	55	63	0.5663842530177865	0.5181481851814819	chr1	211556065.0	211556179.0	antisense	1.0	-0.0	0.1
Atf1	56	64	0.5663251307691011	0.44325567443255676	chr1	211556065.0	211556179.0	antisense	1.0	-0.0	0.1
ZNF263	50	71	0.5564577989976064	0.4253574642535746	chr1	211556065.0	211556179.0	sense	1.0	-0.0	0.1
MEIS3	52	60	0.5551694461112836	0.6419358064193581	chr1	211556065.0	211556179.0	sense	1.0	-0.0	0.1
ISL2	63	71	0.5516283765972189	0.6617338266173383	chr1	211556065.0	211556179.0	sense	1.0	-0.0	0.1
MEIS1	57	64	0.5353273115480075	0.6928307169283072	chr1	211556065.0	211556179.0	antisense	1.0	-0.0	0.1
E2F8	59	71	0.5332059875882712	0.2328767123287671	chr1	211556065.0	211556179.0	antisense	0.9223123142231232	0.03512199285474421	0.1
BARHL2	54	64	0.530517348028168	0.767023297670233	chr1	211556065.0	211556179.0	antisense	1.0	-0.0	0.1
CEBPA	52	63	0.525009115716429	0.5045495450454954	chr1	211556065.0	211556179.0	sense	1.0	-0.0	0.1
Pitx1	51	59	0.5205269494848167	0.662033796620338	chr1	211556065.0	211556179.0	sense	1.0	-0.0	0.1
Stat4	56	70	0.510368343921452	0.5311468853114688	chr1	211556065.0	211556179.0	antisense	1.0	-0.0	0.1
GSX1	51	61	0.5059593122298935	0.8597140285971403	chr1	211556065.0	211556179.0	antisense	1.0	-0.0	0.1
Gfi1	61	71	0.5046093043824506	0.708029197080292	chr1	211556065.0	211556179.0	antisense	1.0	-0.0	0.1
Hand1::Tcf3	61	71	0.5008413778295542	0.7392260773922608	chr1	211556065.0	211556179.0	antisense	1.0	-0.0	0.1
ETV2	56	67	0.489251034063192	0.45385461453854614	chr1	211556065.0	211556179.0	antisense	1.0	-0.0	0.1
SREBF1	60	70	0.4771296349820864	0.42655734426557346	chr1	211556065.0	211556179.0	antisense	1.0	-0.0	0.1
HOXA2	55	65	0.4733617932503319	0.8336166383361664	chr1	211556065.0	211556179.0	sense	1.0	-0.0	0.1
POU5F1B	60	69	0.4722010256535569	0.5924407559244076	chr1	211556065.0	211556179.0	sense	1.0	-0.0	0.1
ZNF740	55	65	0.4691593798865846	0.44255574442555745	chr1	211556065.0	211556179.0	sense	1.0	-0.0	0.1
Pou2f3	55	71	0.46006972602196927	0.593940605939406	chr1	211556065.0	211556179.0	antisense	1.0	-0.0	0.1
TBX20	60	71	0.4544045689824632	0.52994700529947	chr1	211556065.0	211556179.0	sense	1.0	-0.0	0.1
HLF	57	69	0.4520699251711897	0.661033896610339	chr1	211556065.0	211556179.0	sense	1.0	-0.0	0.1
REL	53	63	0.4509984037845457	0.7141285871412859	chr1	211556065.0	211556179.0	sense	1.0	-0.0	0.1
Six3	52	69	0.4505179533637936	0.7414258574142586	chr1	211556065.0	211556179.0	sense	1.0	-0.0	0.1
Nfe2l2	56	71	0.44894772348990697	0.6638336166383362	chr1	211556065.0	211556179.0	antisense	1.0	-0.0	0.1
TBX15	61	69	0.4283765893249358	0.42985701429857015	chr1	211556065.0	211556179.0	antisense	1.0	-0.0	0.1
STAT1::STAT2	55	70	0.42824783148500056	0.45135486451354867	chr1	211556065.0	211556179.0	sense	1.0	-0.0	0.1
SREBF2	60	70	0.4280856991276385	0.5092490750924907	chr1	211556065.0	211556179.0	sense	1.0	-0.0	0.1
Ascl2	56	66	0.42409955607140476	0.601039896010399	chr1	211556065.0	211556179.0	sense	1.0	-0.0	0.1
NFATC1	50	60	0.4213153209901005	0.7512248775122488	chr1	211556065.0	211556179.0	sense	1.0	-0.0	0.1
SOX10	58	64	0.42081212495028053	0.5648435156484352	chr1	211556065.0	211556179.0	sense	1.0	-0.0	0.1
Esrrg	51	61	0.4173154028819555	0.6406359364063594	chr1	211556065.0	211556179.0	sense	1.0	-0.0	0.1
SPIB	59	66	0.4172495532821733	0.5686431356864313	chr1	211556065.0	211556179.0	antisense	1.0	-0.0	0.1
Bcl6	56	70	0.41234454914441765	0.7387261273872613	chr1	211556065.0	211556179.0	antisense	1.0	-0.0	0.1
Twist2	54	64	0.4119099092418393	0.6782321767823217	chr1	211556065.0	211556179.0	sense	1.0	-0.0	0.1
KLF13	52	70	0.40937498612941214	0.3418658134186581	chr1	211556065.0	211556179.0	sense	1.0	-0.0	0.1
FOXP3	56	63	0.40278551814049657	0.6332366763323668	chr1	211556065.0	211556179.0	antisense	1.0	-0.0	0.1
MZF1	60	66	0.40049527486354597	0.5089491050894911	chr1	211556065.0	211556179.0	antisense	1.0	-0.0	0.1
Bach1::Mafk	55	70	0.3983721985138432	0.5402459754024598	chr1	211556065.0	211556179.0	antisense	1.0	-0.0	0.1
BARX1	63	71	0.3914642227065652	0.704029597040296	chr1	211556065.0	211556179.0	sense	1.0	-0.0	0.1
Creb3l2	60	69	0.3909446826539693	0.5163483651634837	chr1	211556065.0	211556179.0	sense	1.0	-0.0	0.1
VENTX	62	71	0.3907665935568394	0.6495350464953504	chr1	211556065.0	211556179.0	sense	1.0	-0.0	0.1
NKX3-2	51	60	0.387722115303446	0.6843315668433156	chr1	211556065.0	211556179.0	antisense	1.0	-0.0	0.1
ZNF354C	59	65	0.3873812526114509	0.521947805219478	chr1	211556065.0	211556179.0	sense	1.0	-0.0	0.1
Myog	58	69	0.3788049801769263	0.6149385061493851	chr1	211556065.0	211556179.0	antisense	1.0	-0.0	0.1
MIXL1	55	65	0.3780359083863626	0.8771122887711229	chr1	211556065.0	211556179.0	sense	1.0	-0.0	0.1
Crem	59	69	0.36828705904552744	0.7172282771722828	chr1	211556065.0	211556179.0	antisense	1.0	-0.0	0.1
MAFF	50	68	0.3629060702192191	0.8447155284471553	chr1	211556065.0	211556179.0	antisense	1.0	-0.0	0.1
Atf3	63	71	0.3625939471051783	0.7045295470452955	chr1	211556065.0	211556179.0	antisense	1.0	-0.0	0.1
NFATC3	50	60	0.35721477503765814	0.7677232276772322	chr1	211556065.0	211556179.0	sense	1.0	-0.0	0.1
TEAD1	56	66	0.3545046312754577	0.7196280371962803	chr1	211556065.0	211556179.0	sense	1.0	-0.0	0.1
FOXD2	58	65	0.35445615457049223	0.5991400859914009	chr1	211556065.0	211556179.0	antisense	1.0	-0.0	0.1
NFIC::TLX1	52	66	0.35165462587108176	0.48265173482651735	chr1	211556065.0	211556179.0	antisense	1.0	-0.0	0.1
Nkx3-1	51	60	0.3502430742722448	0.6774322567743226	chr1	211556065.0	211556179.0	antisense	1.0	-0.0	0.1
Tcf21	57	71	0.3489897518225546	0.5021497850214979	chr1	211556065.0	211556179.0	sense	1.0	-0.0	0.1
POU1F1	56	70	0.34269608100683957	0.7357264273572642	chr1	211556065.0	211556179.0	antisense	1.0	-0.0	0.1
OTX1	51	59	0.3358266288871882	0.7628237176282372	chr1	211556065.0	211556179.0	sense	1.0	-0.0	0.1
Nobox	50	58	0.32562984933449907	0.6847315268473153	chr1	211556065.0	211556179.0	sense	1.0	-0.0	0.1
FOS::JUN	51	58	0.32545663765363286	0.8607139286071392	chr1	211556065.0	211556179.0	antisense	1.0	-0.0	0.1
GSC	55	65	0.32385420189725495	0.8558144185581442	chr1	211556065.0	211556179.0	antisense	1.0	-0.0	0.1
Stat6	56	71	0.3230208268818574	0.7093290670932907	chr1	211556065.0	211556179.0	sense	1.0	-0.0	0.1
EMX1	56	66	0.32182837990173135	0.9127087291270873	chr1	211556065.0	211556179.0	antisense	1.0	-0.0	0.1
ATF4	56	69	0.3187376573956068	0.6366363363663634	chr1	211556065.0	211556179.0	sense	1.0	-0.0	0.1
E2F7	50	64	0.317873904033336	0.2455754424557544	chr1	211556065.0	211556179.0	antisense	0.9371592252539451	0.028186615329492293	0.1
EN2	50	60	0.31557167149859616	0.914008599140086	chr1	211556065.0	211556179.0	antisense	1.0	-0.0	0.1
MEIS2	63	71	0.31533898497240725	0.818018198180182	chr1	211556065.0	211556179.0	antisense	1.0	-0.0	0.1
HNF4G	53	68	0.3114218169660317	0.7967203279672033	chr1	211556065.0	211556179.0	antisense	1.0	-0.0	0.1
TEAD4	56	66	0.30805079774783467	0.7452254774522548	chr1	211556065.0	211556179.0	sense	1.0	-0.0	0.1
DBP	57	69	0.30138082472607114	0.7279272072792721	chr1	211556065.0	211556179.0	antisense	1.0	-0.0	0.1
POU3F1	57	69	0.2985965420514922	0.8142185781421858	chr1	211556065.0	211556179.0	antisense	1.0	-0.0	0.1
POU2F2	56	69	0.2945576502596845	0.6338366163383662	chr1	211556065.0	211556179.0	sense	1.0	-0.0	0.1
MSC	51	61	0.28982410471852366	0.7707229277072293	chr1	211556065.0	211556179.0	antisense	1.0	-0.0	0.1
NKX6-2	50	58	0.2873054493541653	0.8433156684331566	chr1	211556065.0	211556179.0	antisense	1.0	-0.0	0.1
HOXB2	55	65	0.2866441990634365	0.9108089191080891	chr1	211556065.0	211556179.0	sense	1.0	-0.0	0.1
Tcf12	53	64	0.2846451721258644	0.7205279472052795	chr1	211556065.0	211556179.0	antisense	1.0	-0.0	0.1
Rhox11	52	69	0.2836251617959457	0.9085091490850915	chr1	211556065.0	211556179.0	sense	1.0	-0.0	0.1
HLTF	56	66	0.28348501201883375	0.9097090290970903	chr1	211556065.0	211556179.0	sense	1.0	-0.0	0.1
OTX2	51	59	0.2822966519411513	0.8093190680931907	chr1	211556065.0	211556179.0	sense	1.0	-0.0	0.1
Spz1	56	67	0.28029388846049563	0.7846215378462154	chr1	211556065.0	211556179.0	antisense	1.0	-0.0	0.1
Nkx2-5	51	58	0.2786304531613537	0.7618238176182381	chr1	211556065.0	211556179.0	sense	1.0	-0.0	0.1
NR2C2	55	70	0.27816137184602097	0.5985401459854015	chr1	211556065.0	211556179.0	antisense	1.0	-0.0	0.1
NFKB2	53	66	0.2768857506402498	0.5903409659034097	chr1	211556065.0	211556179.0	antisense	1.0	-0.0	0.1
MEOX2	50	60	0.2746433073239293	0.9556044395560443	chr1	211556065.0	211556179.0	antisense	1.0	-0.0	0.1
Hoxa11	59	71	0.272879465474728	0.8828117188281172	chr1	211556065.0	211556179.0	sense	1.0	-0.0	0.1
ESX1	50	60	0.27130858829579696	0.8942105789421058	chr1	211556065.0	211556179.0	antisense	1.0	-0.0	0.1
TEF	57	69	0.27129693559954327	0.6732326767323268	chr1	211556065.0	211556179.0	sense	1.0	-0.0	0.1
RHOXF1	59	67	0.2706515400097734	0.9009099090090991	chr1	211556065.0	211556179.0	sense	1.0	-0.0	0.1
POU3F3	58	71	0.2690136393237306	0.7689231076892311	chr1	211556065.0	211556179.0	sense	1.0	-0.0	0.1
HOXC11	59	70	0.267179490426994	0.7441255874412559	chr1	211556065.0	211556179.0	sense	1.0	-0.0	0.1
Dlx3	55	63	0.2658424044878729	0.899010098990101	chr1	211556065.0	211556179.0	sense	1.0	-0.0	0.1
NR2F1	56	69	0.2648975432920958	0.8526147385261473	chr1	211556065.0	211556179.0	antisense	1.0	-0.0	0.1
Dlx4	55	63	0.26481009564284363	0.8904109589041096	chr1	211556065.0	211556179.0	sense	1.0	-0.0	0.1
Bhlha15	57	65	0.26383689801102833	0.7284271572842715	chr1	211556065.0	211556179.0	antisense	1.0	-0.0	0.1
SOX9	50	59	0.2618309908214622	0.9164083591640836	chr1	211556065.0	211556179.0	sense	1.0	-0.0	0.1
PROX1	51	63	0.26008417692712243	0.6188381161883811	chr1	211556065.0	211556179.0	sense	1.0	-0.0	0.1
Sox17	62	71	0.25939406792802416	0.8253174682531746	chr1	211556065.0	211556179.0	sense	1.0	-0.0	0.1
POU3F2	59	71	0.25884517398101925	0.7195280471952805	chr1	211556065.0	211556179.0	sense	1.0	-0.0	0.1
Nr5a2	52	67	0.2552761158867394	0.8678132186781322	chr1	211556065.0	211556179.0	antisense	1.0	-0.0	0.1
FOXD1	59	67	0.2539544946261774	0.7099290070992901	chr1	211556065.0	211556179.0	sense	1.0	-0.0	0.1
PPARG	51	71	0.24852644693407652	0.5707429257074292	chr1	211556065.0	211556179.0	sense	1.0	-0.0	0.1
TFAP4	59	69	0.2402320109544501	0.7907209279072093	chr1	211556065.0	211556179.0	antisense	1.0	-0.0	0.1
MSX1	63	71	0.23939378693500868	0.9298070192980702	chr1	211556065.0	211556179.0	sense	1.0	-0.0	0.1
SRY	50	59	0.23720629639499444	0.8207179282071793	chr1	211556065.0	211556179.0	antisense	1.0	-0.0	0.1
Prrx2	51	59	0.2335602072642757	0.9399060093990601	chr1	211556065.0	211556179.0	antisense	1.0	-0.0	0.1
DMRT3	60	71	0.23244881344843885	0.9075092490750925	chr1	211556065.0	211556179.0	antisense	1.0	-0.0	0.1
TGIF2	58	70	0.23209990695423857	0.668933106689331	chr1	211556065.0	211556179.0	antisense	1.0	-0.0	0.1
NFYA	50	68	0.2250809605458147	0.704029597040296	chr1	211556065.0	211556179.0	sense	1.0	-0.0	0.1
DLX6	55	63	0.2214191608009985	0.8513148685131486	chr1	211556065.0	211556179.0	sense	1.0	-0.0	0.1
VAX2	63	71	0.22136555100923955	0.92000799920008	chr1	211556065.0	211556179.0	antisense	1.0	-0.0	0.1
VAX1	63	71	0.21765253905994322	0.926007399260074	chr1	211556065.0	211556179.0	antisense	1.0	-0.0	0.1
RAX2	51	59	0.2162396572747156	0.9444055594440556	chr1	211556065.0	211556179.0	antisense	1.0	-0.0	0.1
ALX3	55	65	0.21572308397374387	0.916108389161084	chr1	211556065.0	211556179.0	sense	1.0	-0.0	0.1
TEAD3	63	71	0.2155470987427047	0.7470252974702529	chr1	211556065.0	211556179.0	sense	1.0	-0.0	0.1
Nr1h3::Rxra	51	70	0.21548705926610046	0.831916808319168	chr1	211556065.0	211556179.0	sense	1.0	-0.0	0.1
GATA5	56	64	0.21420809948846362	0.8966103389661034	chr1	211556065.0	211556179.0	antisense	1.0	-0.0	0.1
Sox3	50	60	0.21341831558139787	0.5593440655934406	chr1	211556065.0	211556179.0	sense	1.0	-0.0	0.1
Nr2e3	61	68	0.2121551529978667	0.7634236576342366	chr1	211556065.0	211556179.0	antisense	1.0	-0.0	0.1
HOXC12	59	70	0.20991047553671657	0.781021897810219	chr1	211556065.0	211556179.0	sense	1.0	-0.0	0.1
SHOX	50	58	0.20072599791373172	0.9241075892410759	chr1	211556065.0	211556179.0	sense	1.0	-0.0	0.1
POU3F4	60	69	0.1987912955751528	0.6701329867013298	chr1	211556065.0	211556179.0	sense	1.0	-0.0	0.1
Dlx2	63	71	0.19735754623847193	0.8558144185581442	chr1	211556065.0	211556179.0	sense	1.0	-0.0	0.1
NFAT5	57	67	0.1949163645903171	0.8192180781921807	chr1	211556065.0	211556179.0	sense	1.0	-0.0	0.1
UNCX	50	58	0.19339706134608134	0.9273072692730727	chr1	211556065.0	211556179.0	antisense	1.0	-0.0	0.1
FOXA1	54	69	0.18846555010528862	0.7677232276772322	chr1	211556065.0	211556179.0	sense	1.0	-0.0	0.1
ZBTB18	55	68	0.1877813282770509	0.7989201079892011	chr1	211556065.0	211556179.0	antisense	1.0	-0.0	0.1
FOXC1	60	71	0.18749585588336806	0.7305269473052695	chr1	211556065.0	211556179.0	sense	1.0	-0.0	0.1
Foxd3	55	67	0.1873887019478117	0.644935506449355	chr1	211556065.0	211556179.0	sense	1.0	-0.0	0.1
DUXA	51	64	0.18344552731824929	0.8837116288371163	chr1	211556065.0	211556179.0	antisense	1.0	-0.0	0.1
Hmx1	51	68	0.1785656717512288	0.8945105489451055	chr1	211556065.0	211556179.0	sense	1.0	-0.0	0.1
Foxa2	58	70	0.17560760108988738	0.7654234576542346	chr1	211556065.0	211556179.0	antisense	1.0	-0.0	0.1
FOXL1	50	57	0.1755875872905804	0.6414358564143585	chr1	211556065.0	211556179.0	antisense	1.0	-0.0	0.1
MYBL1	54	66	0.1734606506361613	0.8822117788221178	chr1	211556065.0	211556179.0	antisense	1.0	-0.0	0.1
HOXC13	50	61	0.17291381096825056	0.8186181381861813	chr1	211556065.0	211556179.0	antisense	1.0	-0.0	0.1
FOXF2	54	68	0.17288024534958904	0.7250274972502749	chr1	211556065.0	211556179.0	sense	1.0	-0.0	0.1
Dux	63	71	0.17100761516858726	0.7402259774022598	chr1	211556065.0	211556179.0	sense	1.0	-0.0	0.1
MAF::NFE2	55	70	0.1684596135976409	0.8639136086391361	chr1	211556065.0	211556179.0	sense	1.0	-0.0	0.1
NFYB	50	65	0.16807597023071266	0.8416158384161584	chr1	211556065.0	211556179.0	antisense	1.0	-0.0	0.1
MYBL2	55	70	0.16569453171416212	0.8795120487951205	chr1	211556065.0	211556179.0	sense	1.0	-0.0	0.1
TFCP2	58	68	0.16521511443337367	0.9681031896810319	chr1	211556065.0	211556179.0	antisense	1.0	-0.0	0.1
STAT1	59	70	0.16389126996422904	0.8429157084291571	chr1	211556065.0	211556179.0	antisense	1.0	-0.0	0.1
EVX1	56	66	0.1638362264614209	0.9902009799020098	chr1	211556065.0	211556179.0	sense	1.0	-0.0	0.1
PRRX1	50	58	0.16360868499800368	0.8876112388761124	chr1	211556065.0	211556179.0	antisense	1.0	-0.0	0.1
E2F3	50	68	0.16265690602837496	0.41285871412858716	chr1	211556065.0	211556179.0	antisense	1.0	-0.0	0.1
ONECUT2	57	71	0.15523388255752196	0.7443255674432556	chr1	211556065.0	211556179.0	antisense	1.0	-0.0	0.1
EBF1	57	71	0.15452226993522186	0.7802219778022198	chr1	211556065.0	211556179.0	antisense	1.0	-0.0	0.1
STAT3	59	70	0.15237858530742288	0.8736126387361264	chr1	211556065.0	211556179.0	antisense	1.0	-0.0	0.1
NFATC2	57	64	0.15192775739115416	0.8497150284971503	chr1	211556065.0	211556179.0	sense	1.0	-0.0	0.1
GLIS3	53	67	0.15087633575016696	0.49875012498750126	chr1	211556065.0	211556179.0	antisense	1.0	-0.0	0.1
BATF3	56	70	0.14956376635356214	0.5721427857214278	chr1	211556065.0	211556179.0	antisense	1.0	-0.0	0.1
CUX1	58	68	0.1466250667020396	0.8866113388661134	chr1	211556065.0	211556179.0	sense	1.0	-0.0	0.1
MAFG::NFE2L1	64	70	0.14202501297774459	0.9804019598040196	chr1	211556065.0	211556179.0	sense	1.0	-0.0	0.1
CUX2	58	68	0.14117161630814404	0.9114088591140886	chr1	211556065.0	211556179.0	sense	1.0	-0.0	0.1
PBX1	52	64	0.13813928666243308	0.8457154284571543	chr1	211556065.0	211556179.0	antisense	1.0	-0.0	0.1
TBP	56	71	0.13598701535082672	0.8943105689431057	chr1	211556065.0	211556179.0	antisense	1.0	-0.0	0.1
JUND(var.2)	55	70	0.1337583538334974	0.8974102589741025	chr1	211556065.0	211556179.0	sense	1.0	-0.0	0.1
Nr2e1	52	61	0.13367641365117078	0.8807119288071192	chr1	211556065.0	211556179.0	antisense	1.0	-0.0	0.1
Stat5a::Stat5b	58	69	0.13363336802343428	0.898010198980102	chr1	211556065.0	211556179.0	sense	1.0	-0.0	0.1
Esrra	50	61	0.13276384019887622	0.8129187081291871	chr1	211556065.0	211556179.0	sense	1.0	-0.0	0.1
Hmx3	51	68	0.12936806185471078	0.8985101489851015	chr1	211556065.0	211556179.0	sense	1.0	-0.0	0.1
Hmx2	51	68	0.12765297745612428	0.853014698530147	chr1	211556065.0	211556179.0	sense	1.0	-0.0	0.1
HOXD12	59	70	0.12710746211783797	0.8518148185181482	chr1	211556065.0	211556179.0	sense	1.0	-0.0	0.1
JDP2(var.2)	57	69	0.12344881989437395	0.865013498650135	chr1	211556065.0	211556179.0	antisense	1.0	-0.0	0.1
ESRRB	51	62	0.11989474055193323	0.8660133986601339	chr1	211556065.0	211556179.0	sense	1.0	-0.0	0.1
JUN(var.2)	50	64	0.11842777280511502	0.947005299470053	chr1	211556065.0	211556179.0	antisense	1.0	-0.0	0.1
PDX1	63	71	0.11828628202548798	0.8467153284671532	chr1	211556065.0	211556179.0	sense	1.0	-0.0	0.1
Hoxd9	55	65	0.11729562774155082	0.914008599140086	chr1	211556065.0	211556179.0	sense	1.0	-0.0	0.1
LIN54	58	67	0.11628682231951305	0.8084191580841916	chr1	211556065.0	211556179.0	antisense	1.0	-0.0	0.1
BSX	63	71	0.11431721414218081	0.930906909309069	chr1	211556065.0	211556179.0	sense	1.0	-0.0	0.1
Arid5a	57	71	0.1127066785639921	0.9306069393060694	chr1	211556065.0	211556179.0	antisense	1.0	-0.0	0.1
ONECUT1	55	69	0.109751783518651	0.7553244675532447	chr1	211556065.0	211556179.0	sense	1.0	-0.0	0.1
NFKB1	54	67	0.10107284795676245	0.5977402259774023	chr1	211556065.0	211556179.0	antisense	1.0	-0.0	0.1
JUN	55	68	0.10103475326230975	0.9213078692130787	chr1	211556065.0	211556179.0	sense	1.0	-0.0	0.1
YY1	50	62	0.10065942932503566	0.9279072092790721	chr1	211556065.0	211556179.0	sense	1.0	-0.0	0.1
LHX9	57	65	0.10031262113585503	0.9713028697130287	chr1	211556065.0	211556179.0	antisense	1.0	-0.0	0.1
LMX1B	50	58	0.09578315864417214	0.9238076192380762	chr1	211556065.0	211556179.0	antisense	1.0	-0.0	0.1
Lhx8	63	71	0.08764050001152263	0.9561043895610439	chr1	211556065.0	211556179.0	antisense	1.0	-0.0	0.1
GRHL1	57	69	0.08619648422675048	0.966003399660034	chr1	211556065.0	211556179.0	antisense	1.0	-0.0	0.1
Dmbx1	50	67	0.08607969530583963	0.9266073392660734	chr1	211556065.0	211556179.0	sense	1.0	-0.0	0.1
Msx3	63	71	0.08304816144035658	0.8327167283271673	chr1	211556065.0	211556179.0	sense	1.0	-0.0	0.1
MSX2	63	71	0.08135226729037122	0.8648135186481352	chr1	211556065.0	211556179.0	sense	1.0	-0.0	0.1
FOSL2	59	70	0.07930816579265146	0.9545045495450455	chr1	211556065.0	211556179.0	antisense	1.0	-0.0	0.1
POU4F3	55	71	0.07881955005015481	0.8911108889111089	chr1	211556065.0	211556179.0	sense	1.0	-0.0	0.1
HMBOX1	55	65	0.07865489708289294	0.994000599940006	chr1	211556065.0	211556179.0	sense	1.0	-0.0	0.1
VSX1	63	71	0.0776495989825921	0.963003699630037	chr1	211556065.0	211556179.0	antisense	1.0	-0.0	0.1
E2F2	51	67	0.07748379797086637	0.5164483551644835	chr1	211556065.0	211556179.0	sense	1.0	-0.0	0.1
HOXA10	54	65	0.07522037408557367	0.949005099490051	chr1	211556065.0	211556179.0	sense	1.0	-0.0	0.1
Foxj3	54	71	0.07000537951377248	0.8155184481551845	chr1	211556065.0	211556179.0	sense	1.0	-0.0	0.1
RORA	60	70	0.0681161278153155	0.9769023097690231	chr1	211556065.0	211556179.0	sense	1.0	-0.0	0.1
Foxk1	54	71	0.06685143775492502	0.78992100789921	chr1	211556065.0	211556179.0	sense	1.0	-0.0	0.1
EN1	63	71	0.06680853059990782	0.9363063693630637	chr1	211556065.0	211556179.0	sense	1.0	-0.0	0.1
RELA	50	60	0.062259454475638715	0.8509149085091491	chr1	211556065.0	211556179.0	antisense	1.0	-0.0	0.1
VSX2	63	71	0.06156892818950263	0.9096090390960904	chr1	211556065.0	211556179.0	antisense	1.0	-0.0	0.1
Creb5	57	69	0.05840918514479733	0.9197080291970803	chr1	211556065.0	211556179.0	sense	1.0	-0.0	0.1
NR4A2	63	71	0.054942059851204775	0.9863013698630136	chr1	211556065.0	211556179.0	antisense	1.0	-0.0	0.1
Sox2	50	58	0.05256042244096807	0.775022497750225	chr1	211556065.0	211556179.0	sense	1.0	-0.0	0.1
DUX4	51	62	0.052292726162609514	0.8343165683431657	chr1	211556065.0	211556179.0	antisense	1.0	-0.0	0.1
Sox5	52	59	0.05215013520513884	0.924007599240076	chr1	211556065.0	211556179.0	sense	1.0	-0.0	0.1
NKX6-1	63	71	0.045527579839754764	0.9323067693230677	chr1	211556065.0	211556179.0	sense	1.0	-0.0	0.1
Nr2f6	54	68	0.041694260934760974	0.8345165483451655	chr1	211556065.0	211556179.0	antisense	1.0	-0.0	0.1
RREB1	50	70	0.04077328937618945	0.3585641435856414	chr1	211556065.0	211556179.0	antisense	1.0	-0.0	0.1
HOXD11	60	70	0.03990399100713453	0.9194080591940806	chr1	211556065.0	211556179.0	sense	1.0	-0.0	0.1
PHOX2A	52	63	0.03960890188280545	0.9123087691230877	chr1	211556065.0	211556179.0	antisense	1.0	-0.0	0.1
RFX5	53	69	0.0375947094554018	0.7713228677132287	chr1	211556065.0	211556179.0	sense	1.0	-0.0	0.1
Myb	61	71	0.035918660761019364	0.9508049195080492	chr1	211556065.0	211556179.0	antisense	1.0	-0.0	0.1
Gfi1b	60	71	0.03385383108591207	0.9438056194380562	chr1	211556065.0	211556179.0	antisense	1.0	-0.0	0.1
Crx	58	69	0.03136764075847269	0.8872112788721128	chr1	211556065.0	211556179.0	sense	1.0	-0.0	0.1
NFIL3	56	67	0.028194930965022933	0.9169083091690831	chr1	211556065.0	211556179.0	antisense	1.0	-0.0	0.1
GATA3	63	71	0.02806127318045681	0.7499250074992501	chr1	211556065.0	211556179.0	antisense	1.0	-0.0	0.1
LBX1	63	71	0.02767641799978902	0.963003699630037	chr1	211556065.0	211556179.0	sense	1.0	-0.0	0.1
SMAD3	61	71	0.024508838374748435	0.9394060593940606	chr1	211556065.0	211556179.0	antisense	1.0	-0.0	0.1
SCRT1	50	65	0.023326431161763164	0.8688131186881312	chr1	211556065.0	211556179.0	sense	1.0	-0.0	0.1
GBX2	50	60	0.015158200009675077	0.9548045195480452	chr1	211556065.0	211556179.0	antisense	1.0	-0.0	0.1
BHLHE23	55	67	0.014956000333987342	0.9363063693630637	chr1	211556065.0	211556179.0	antisense	1.0	-0.0	0.1
PAX4	63	71	0.008116700723205358	0.9535046495350465	chr1	211556065.0	211556179.0	sense	1.0	-0.0	0.1
MYF6	59	69	0.0073232357722630426	0.9731026897310269	chr1	211556065.0	211556179.0	antisense	1.0	-0.0	0.1
POU4F1	55	69	0.006739295229278507	0.9431056894310569	chr1	211556065.0	211556179.0	sense	1.0	-0.0	0.1
Vdr	53	69	0.0055413249160072686	0.7929207079292071	chr1	211556065.0	211556179.0	sense	1.0	-0.0	0.1
SCRT2	55	68	0.00448330715924663	0.9004099590040996	chr1	211556065.0	211556179.0	sense	1.0	-0.0	0.1
Arid3a	50	56	0.0036823754950048478	0.8632136786321368	chr1	211556065.0	211556179.0	sense	1.0	-0.0	0.1
HOXC10	60	70	3.725427866948648e-05	0.9651034896510349	chr1	211556065.0	211556179.0	sense	1.0	-0.0	0.1
BATF::JUN	55	66	-0.0	0.9886011398860114	chr1	211556065.0	211556179.0	antisense	1.0	-0.0	0.1
CDX2	51	62	-0.0	0.9558044195580442	chr1	211556065.0	211556179.0	sense	1.0	-0.0	0.1
PROP1	58	69	-0.0	0.9642035796420358	chr1	211556065.0	211556179.0	sense	1.0	-0.0	0.1
NOTO	50	60	-0.0	0.9814018598140186	chr1	211556065.0	211556179.0	sense	1.0	-0.0	0.1
Sox6	59	69	-0.0	0.9596040395960403	chr1	211556065.0	211556179.0	sense	1.0	-0.0	0.1
RAX	50	60	-0.0	0.9698030196980302	chr1	211556065.0	211556179.0	sense	1.0	-0.0	0.1
Shox2	51	59	-0.0	0.9993000699930007	chr1	211556065.0	211556179.0	sense	1.0	-0.0	0.1
ONECUT3	52	66	-0.0	0.8911108889111089	chr1	211556065.0	211556179.0	sense	1.0	-0.0	0.1
FOXB1	55	66	-0.0	0.9848015198480152	chr1	211556065.0	211556179.0	sense	1.0	-0.0	0.1
HOXA13	51	61	-0.0	0.9729027097290271	chr1	211556065.0	211556179.0	sense	1.0	-0.0	0.1
FOXC2	55	67	-0.0	0.9676032396760323	chr1	211556065.0	211556179.0	sense	1.0	-0.0	0.1
POU6F1	56	66	-0.0	0.9988001199880012	chr1	211556065.0	211556179.0	sense	1.0	-0.0	0.1
mix-a	55	66	-0.0	0.9744025597440256	chr1	211556065.0	211556179.0	sense	1.0	-0.0	0.1
FOXO4	54	61	-0.0	0.9961003899610039	chr1	211556065.0	211556179.0	sense	1.0	-0.0	0.1
FOXO6	54	61	-0.0	0.9968003199680032	chr1	211556065.0	211556179.0	sense	1.0	-0.0	0.1
JUND	50	61	-0.0	0.9883011698830118	chr1	211556065.0	211556179.0	sense	1.0	-0.0	0.1
EMX2	50	60	-0.0	0.9918008199180082	chr1	211556065.0	211556179.0	sense	1.0	-0.0	0.1
Arid3b	54	65	-0.0	0.9894010598940106	chr1	211556065.0	211556179.0	sense	1.0	-0.0	0.1
HOXD13	51	61	-0.0	0.9797020297970203	chr1	211556065.0	211556179.0	sense	1.0	-0.0	0.1
FOXP1	55	70	-0.0	0.8968103189681031	chr1	211556065.0	211556179.0	sense	1.0	-0.0	0.1
FOSL1	50	61	-0.0	0.9861013898610139	chr1	211556065.0	211556179.0	sense	1.0	-0.0	0.1
MEF2C	54	69	-0.0	0.9461053894610539	chr1	211556065.0	211556179.0	sense	1.0	-0.0	0.1
FOXG1	54	62	-0.0	0.9823017698230176	chr1	211556065.0	211556179.0	sense	1.0	-0.0	0.1
Dlx1	60	70	-0.0	0.9982001799820018	chr1	211556065.0	211556179.0	sense	1.0	-0.0	0.1
CDX1	51	60	-0.0	0.9913008699130087	chr1	211556065.0	211556179.0	sense	1.0	-0.0	0.1
Sox11	52	67	-0.0	0.5934406559344065	chr1	211556065.0	211556179.0	sense	1.0	-0.0	0.1
Sox1	52	67	-0.0	0.817018298170183	chr1	211556065.0	211556179.0	sense	1.0	-0.0	0.1
Foxj2	54	62	-0.0	0.9904009599040096	chr1	211556065.0	211556179.0	sense	1.0	-0.0	0.1
Lhx3	55	68	-0.0	0.896010398960104	chr1	211556065.0	211556179.0	sense	1.0	-0.0	0.1
Gata1	50	61	-0.0	0.9643035696430357	chr1	211556065.0	211556179.0	antisense	1.0	-0.0	0.1
FOXP2	52	63	-0.0	0.9459054094590541	chr1	211556065.0	211556179.0	sense	1.0	-0.0	0.1
Phox2b	58	69	0.0	0.9888011198880112	chr1	211556065.0	211556179.0	sense	1.0	-0.0	0.1
Lhx4	57	65	0.0	1.0	chr1	211556065.0	211556179.0	sense	1.0	-0.0	0.1
FOXO3	54	62	-0.0	0.9866013398660134	chr1	211556065.0	211556179.0	sense	1.0	-0.0	0.1
HESX1	50	60	-0.0	0.965003499650035	chr1	211556065.0	211556179.0	antisense	1.0	-0.0	0.1
Foxo1	52	63	-0.0	0.9612038796120388	chr1	211556065.0	211556179.0	sense	1.0	-0.0	0.1
LMX1A	57	65	0.0	1.0	chr1	211556065.0	211556179.0	sense	1.0	-0.0	0.1
NEUROG2	51	61	-0.0	0.9859014098590141	chr1	211556065.0	211556179.0	sense	1.0	-0.0	0.1
PAX7	55	65	-0.0	0.9473052694730527	chr1	211556065.0	211556179.0	sense	1.0	-0.0	0.1
Hoxa9	51	62	-0.0	0.9685031496850315	chr1	211556065.0	211556179.0	sense	1.0	-0.0	0.1
MEOX1	50	60	-0.0	0.9999000099990001	chr1	211556065.0	211556179.0	sense	1.0	-0.0	0.1
MEF2B	54	66	-0.0	0.8302169783021698	chr1	211556065.0	211556179.0	sense	1.0	-0.0	0.1
PAX3	55	65	-0.0	0.9513048695130487	chr1	211556065.0	211556179.0	sense	1.0	-0.0	0.1
MNX1	50	60	-0.0	0.9974002599740026	chr1	211556065.0	211556179.0	sense	1.0	-0.0	0.1
HOXB13	51	61	-0.0	0.9689031096890312	chr1	211556065.0	211556179.0	sense	1.0	-0.0	0.1
MEF2A	50	62	-0.0	0.9047095290470953	chr1	211556065.0	211556179.0	sense	1.0	-0.0	0.1
LHX6	50	60	-0.0	0.9971002899710029	chr1	211556065.0	211556179.0	sense	1.0	-0.0	0.1
LHX2	50	60	-0.0	0.9974002599740026	chr1	211556065.0	211556179.0	sense	1.0	-0.0	0.1
GBX1	50	60	-0.0	0.9841015898410159	chr1	211556065.0	211556179.0	sense	1.0	-0.0	0.1
JDP2	51	60	-0.0	0.9799020097990201	chr1	211556065.0	211556179.0	sense	1.0	-0.0	0.1
FOXI1	54	61	-0.0	0.9963003699630038	chr1	211556065.0	211556179.0	sense	1.0	-0.0	0.1
ISX	51	59	-0.0	0.9969003099690031	chr1	211556065.0	211556179.0	sense	1.0	-0.0	0.1
OLIG1	53	63	-0.0	0.9864013598640136	chr1	211556065.0	211556179.0	sense	1.0	-0.0	0.1
Foxq1	56	67	-0.0	0.9658034196580342	chr1	211556065.0	211556179.0	sense	1.0	-0.0	0.1
MEF2D	54	66	-0.0	0.8658134186581342	chr1	211556065.0	211556179.0	sense	1.0	-0.0	0.1
GATA2	54	68	-0.0005493432701588557	0.9455054494550545	chr1	211556065.0	211556179.0	sense	1.0	-0.0	0.1
TAL1::TCF3	57	69	-0.003130965023850314	0.9929007099290071	chr1	211556065.0	211556179.0	sense	1.0	-0.0	0.1
GLIS1	52	68	-0.003587913170049322	0.545045495450455	chr1	211556065.0	211556179.0	sense	1.0	-0.0	0.1
RFX3	53	69	-0.02107575928513564	0.9272072792720728	chr1	211556065.0	211556179.0	antisense	1.0	-0.0	0.1
TGIF1	58	70	-0.02530088042296734	0.8885111488851115	chr1	211556065.0	211556179.0	sense	1.0	-0.0	0.1
TP63	50	68	-0.026655747488879812	0.6838316168383162	chr1	211556065.0	211556179.0	antisense	1.0	-0.0	0.1
FOS	57	68	-0.037907160366022936	0.9974002599740026	chr1	211556065.0	211556179.0	sense	1.0	-0.0	0.1
JUNB	50	61	-0.041689240292299715	0.9989001099890011	chr1	211556065.0	211556179.0	antisense	1.0	-0.0	0.1
Gata4	50	61	-0.04276841863669037	0.9886011398860114	chr1	211556065.0	211556179.0	sense	1.0	-0.0	0.1
RFX2	53	69	-0.053659912735467066	0.8804119588041196	chr1	211556065.0	211556179.0	antisense	1.0	-0.0	0.1
ZNF143	51	67	-0.056766052524211436	0.8374162583741626	chr1	211556065.0	211556179.0	antisense	1.0	-0.0	0.1
MAFG	50	71	-0.05890175345566317	0.7094290570942906	chr1	211556065.0	211556179.0	antisense	1.0	-0.0	0.1
RFX4	53	69	-0.06102435197547225	0.9729027097290271	chr1	211556065.0	211556179.0	antisense	1.0	-0.0	0.1
PKNOX1	58	70	-0.061940401537790506	0.9319068093190681	chr1	211556065.0	211556179.0	sense	1.0	-0.0	0.1
FOXH1	54	65	-0.0661465840000385	0.9747025297470253	chr1	211556065.0	211556179.0	antisense	1.0	-0.0	0.1
Znf423	54	69	-0.06950198727007544	0.8305169483051695	chr1	211556065.0	211556179.0	sense	1.0	-0.0	0.1
NFE2	58	69	-0.07043461806003466	0.993000699930007	chr1	211556065.0	211556179.0	antisense	1.0	-0.0	0.1
Rarg(var.2)	54	71	-0.0752634052294843	0.7221277872212779	chr1	211556065.0	211556179.0	antisense	1.0	-0.0	0.1
Mecom	57	71	-0.07627888470048726	0.9735026497350265	chr1	211556065.0	211556179.0	sense	1.0	-0.0	0.1
RARA(var.2)	50	67	-0.08111194780773534	0.7439256074392561	chr1	211556065.0	211556179.0	antisense	1.0	-0.0	0.1
ESR1	51	68	-0.08436555074318385	0.887011298870113	chr1	211556065.0	211556179.0	antisense	1.0	-0.0	0.1
TCF7L2	57	71	-0.08651451123703566	0.9924007599240076	chr1	211556065.0	211556179.0	sense	1.0	-0.0	0.1
PKNOX2	58	70	-0.090784237786723	0.9568043195680432	chr1	211556065.0	211556179.0	sense	1.0	-0.0	0.1
Hoxc9	57	70	-0.11097944650526392	0.9884011598840116	chr1	211556065.0	211556179.0	sense	1.0	-0.0	0.1
Hoxb5	55	71	-0.11365090092044836	0.9963003699630038	chr1	211556065.0	211556179.0	antisense	1.0	-0.0	0.1
Tcf7	59	71	-0.11382926999884749	0.9805019498050195	chr1	211556065.0	211556179.0	sense	1.0	-0.0	0.1
Pou5f1::Sox2	53	68	-0.1169682122087764	0.9863013698630136	chr1	211556065.0	211556179.0	antisense	1.0	-0.0	0.1
Hoxd8	51	68	-0.12051147726100142	0.9736026397360263	chr1	211556065.0	211556179.0	antisense	1.0	-0.0	0.1
HNF1A	56	71	-0.12796106458000292	0.9817018298170183	chr1	211556065.0	211556179.0	antisense	1.0	-0.0	0.1
RXRA::VDR	56	71	-0.13011710491760017	0.952004799520048	chr1	211556065.0	211556179.0	sense	1.0	-0.0	0.1
RXRB	57	71	-0.13123847570628194	0.9386061393860614	chr1	211556065.0	211556179.0	sense	1.0	-0.0	0.1
RXRG	57	71	-0.13526562527010452	0.946005399460054	chr1	211556065.0	211556179.0	sense	1.0	-0.0	0.1
Ar	53	70	-0.13791631263081325	0.9623037696230377	chr1	211556065.0	211556179.0	antisense	1.0	-0.0	0.1
Rarb(var.2)	54	71	-0.1390423227818613	0.8551144885511449	chr1	211556065.0	211556179.0	sense	1.0	-0.0	0.1
HNF1B	58	71	-0.14993360680538265	0.9931006899310069	chr1	211556065.0	211556179.0	sense	1.0	-0.0	0.1
NR3C2	53	70	-0.15791928308586506	0.9678032196780322	chr1	211556065.0	211556179.0	sense	1.0	-0.0	0.1
Hoxd3	54	70	-0.1607438526928195	0.9976002399760024	chr1	211556065.0	211556179.0	antisense	1.0	-0.0	0.1
RORA(var.2)	57	71	-0.16262366776380044	0.9877012298770123	chr1	211556065.0	211556179.0	sense	1.0	-0.0	0.1
LEF1	55	70	-0.16301213791018118	0.9684031596840316	chr1	211556065.0	211556179.0	antisense	1.0	-0.0	0.1
Rxra	57	71	-0.17317897418906583	0.9695030496950305	chr1	211556065.0	211556179.0	sense	1.0	-0.0	0.1
ATF7	56	70	-0.1792244157458876	0.9958004199580042	chr1	211556065.0	211556179.0	antisense	1.0	-0.0	0.1
SOX21	50	65	-0.1853143509984912	0.9049095090490951	chr1	211556065.0	211556179.0	sense	1.0	-0.0	0.1
REST	50	71	-0.18870069375158216	0.5591440855914409	chr1	211556065.0	211556179.0	antisense	1.0	-0.0	0.1
Rarb	50	66	-0.19192338152976327	0.8886111388861114	chr1	211556065.0	211556179.0	antisense	1.0	-0.0	0.1
SOX8	50	66	-0.19767257354892745	0.8314168583141686	chr1	211556065.0	211556179.0	antisense	1.0	-0.0	0.1
Alx1	54	71	-0.2029550991112758	0.9694030596940306	chr1	211556065.0	211556179.0	sense	1.0	-0.0	0.1
SOX4	52	68	-0.22179261541602474	0.8886111388861114	chr1	211556065.0	211556179.0	antisense	1.0	-0.0	0.1
Nr2f6(var.2)	56	71	-0.24028439047977584	0.9863013698630136	chr1	211556065.0	211556179.0	sense	1.0	-0.0	0.1
NR3C1	54	71	-0.2735571468823762	0.9839016098390161	chr1	211556065.0	211556179.0	antisense	1.0	-0.0	0.1
Alx4	53	70	-0.27472593917808824	0.98000199980002	chr1	211556065.0	211556179.0	sense	1.0	-0.0	0.1
RARA	52	70	-0.27496955903816284	0.8676132386761324	chr1	211556065.0	211556179.0	sense	1.0	-0.0	0.1
Hnf4a	50	66	-0.28219386873124447	0.9899010098990101	chr1	211556065.0	211556179.0	sense	1.0	-0.0	0.1
NR1H2::RXRA	52	69	-0.28254799037428524	0.9752024797520248	chr1	211556065.0	211556179.0	sense	1.0	-0.0	0.1
SRF	55	71	-0.2841005942024523	0.9894010598940106	chr1	211556065.0	211556179.0	antisense	1.0	-0.0	0.1
EWSR1-FLI1	50	68	-0.3109567677325867	0.7841215878412159	chr1	211556065.0	211556179.0	sense	1.0	-0.0	0.1
Arx	51	68	-0.3239217930035688	0.9918008199180082	chr1	211556065.0	211556179.0	sense	1.0	-0.0	0.1
POU4F2	51	67	-0.3440832458227638	0.9884011598840116	chr1	211556065.0	211556179.0	sense	1.0	-0.0	0.1
Rarg	53	69	-0.3442679719802566	0.9935006499350065	chr1	211556065.0	211556179.0	sense	1.0	-0.0	0.1
ZNF410	54	71	-0.3609756144804486	0.975002499750025	chr1	211556065.0	211556179.0	antisense	1.0	-0.0	0.1
BCL6B	52	69	-0.3676704168349028	0.9619038096190381	chr1	211556065.0	211556179.0	sense	1.0	-0.0	0.1
IRF1	50	71	-0.8340957899974966	0.9486051394860514	chr1	211556065.0	211556179.0	sense	1.0	-0.0	0.1
