motif	start	end	score	pval	tile_chr	tile_start	tile_end	strand	padj	neg_log_pval	fdr_cutoff
Gmeb1	6	23	8.171061665226578	9.999000099990002e-05	chr14	101292375.0	101292489.0	sense	0.003991908501457547	2.3988194217352414	0.05
CREB1	10	18	7.077314589096977	9.999000099990002e-05	chr14	101292375.0	101292489.0	antisense	0.003991908501457547	2.3988194217352414	0.05
ATF7	7	21	6.556289357580116	9.999000099990002e-05	chr14	101292375.0	101292489.0	sense	0.003991908501457547	2.3988194217352414	0.05
Crem	10	20	6.128320596404205	9.999000099990002e-05	chr14	101292375.0	101292489.0	antisense	0.003991908501457547	2.3988194217352414	0.05
Creb5	8	20	5.747506144419072	9.999000099990002e-05	chr14	101292375.0	101292489.0	antisense	0.003991908501457547	2.3988194217352414	0.05
JDP2(var.2)	8	20	5.512358628739245	9.999000099990002e-05	chr14	101292375.0	101292489.0	antisense	0.003991908501457547	2.3988194217352414	0.05
GMEB2	10	18	4.796048649955611	9.999000099990002e-05	chr14	101292375.0	101292489.0	sense	0.003991908501457547	2.3988194217352414	0.05
Atf1	11	19	4.733148698492081	9.999000099990002e-05	chr14	101292375.0	101292489.0	antisense	0.003991908501457547	2.3988194217352414	0.05
JUN	6	19	4.72649763747527	9.999000099990002e-05	chr14	101292375.0	101292489.0	sense	0.003991908501457547	2.3988194217352414	0.05
JUND(var.2)	8	23	4.699083984359496	9.999000099990002e-05	chr14	101292375.0	101292489.0	antisense	0.003991908501457547	2.3988194217352414	0.05
HLF	8	20	4.501018959852426	0.00029997000299970003	chr14	101292375.0	101292489.0	antisense	0.011120316539774595	1.9538828503869803	0.05
Atf3	8	16	4.363954147390105	9.999000099990002e-05	chr14	101292375.0	101292489.0	sense	0.003991908501457547	2.3988194217352414	0.05
BATF3	7	21	4.249583199780675	9.999000099990002e-05	chr14	101292375.0	101292489.0	sense	0.003991908501457547	2.3988194217352414	0.05
DBP	8	20	4.118359934369992	9.999000099990002e-05	chr14	101292375.0	101292489.0	sense	0.003991908501457547	2.3988194217352414	0.05
CREB3	7	21	4.091529613756086	0.0004999500049995	chr14	101292375.0	101292489.0	antisense	0.017298270172982702	1.7619973241480673	0.05
NRL	14	25	3.9159268913146184	0.0082991700829917	chr14	101292375.0	101292489.0	antisense	0.1133491913966498	0.9455815736691411	0.05
NR2C2	10	25	3.728425243288725	0.0008999100089991	chr14	101292375.0	101292489.0	sense	0.029190830916908307	1.5347535426450047	0.05
Hoxd3	9	25	3.689339355057087	0.0173982601739826	chr14	101292375.0	101292489.0	sense	0.16721661167216612	0.7767205809687736	0.05
Hes1	7	17	3.512911309473255	0.07789221077892211	chr14	101292375.0	101292489.0	sense	0.3885883411658834	0.410510233698356	0.05
Pax2	13	21	3.435090785729557	0.0131986801319868	chr14	101292375.0	101292489.0	sense	0.14191642060283768	0.8479673510921109	0.05
Foxj3	9	26	3.320475641044193	0.0216978302169783	chr14	101292375.0	101292489.0	sense	0.19167599369095348	0.7174322765867707	0.05
PPARG	10	30	3.2974494224437705	0.007099290070992901	chr14	101292375.0	101292489.0	sense	0.10234809852348101	0.9899202214766167	0.05
XBP1	6	20	3.2410306028365343	0.0030996900309969004	chr14	101292375.0	101292489.0	sense	0.07584626152769339	1.1200658207824126	0.05
HNF4G	10	25	3.2257267884203573	0.009999000099990002	chr14	101292375.0	101292489.0	sense	0.12355907266416216	0.9081253598263053	0.05
HINFP	6	18	3.169384191708662	0.0036996300369963003	chr14	101292375.0	101292489.0	antisense	0.07584626152769339	1.1200658207824126	0.05
MEIS1	12	19	3.148597756488471	0.0035996400359964	chr14	101292375.0	101292489.0	antisense	0.07584626152769339	1.1200658207824126	0.05
NR2F1	9	22	3.123383509035033	0.0065993400659934	chr14	101292375.0	101292489.0	sense	0.10234809852348101	0.9899202214766167	0.05
Nr2f6	11	25	3.1093532863133735	0.0022997700229977	chr14	101292375.0	101292489.0	sense	0.06919308069193081	1.1599373328201048	0.05
Nr1h3::Rxra	10	29	3.0652684807711617	0.06629337066293371	chr14	101292375.0	101292489.0	sense	0.3649024571227088	0.4378232122417069	0.05
PAX1	13	30	3.0556696997936985	0.0037996200379962005	chr14	101292375.0	101292489.0	sense	0.07584626152769339	1.1200658207824126	0.05
RARA::RXRA	10	27	3.0194336134093995	0.015298470152984701	chr14	101292375.0	101292489.0	antisense	0.1556844315568443	0.8077548147087424	0.05
DUXA	6	19	3.0140142833421506	0.009599040095990401	chr14	101292375.0	101292489.0	antisense	0.12355907266416216	0.9081253598263053	0.05
Pparg::Rxra	10	25	2.931913770462851	0.04789521047895211	chr14	101292375.0	101292489.0	sense	0.31868736203302744	0.496635158704322	0.05
THAP1	10	19	2.9282158705965187	0.039996000399960006	chr14	101292375.0	101292489.0	antisense	0.2781561843815618	0.5557112797356348	0.05
MAFG::NFE2L1	14	20	2.903990991026913	0.0023997600239976003	chr14	101292375.0	101292489.0	antisense	0.06919308069193081	1.1599373328201048	0.05
MAFF	9	27	2.900380093852339	0.0663933606639336	chr14	101292375.0	101292489.0	sense	0.3649024571227088	0.4378232122417069	0.05
TEF	8	20	2.8651886329076137	0.0037996200379962005	chr14	101292375.0	101292489.0	antisense	0.07584626152769339	1.1200658207824126	0.05
MAFK	10	25	2.8605378940730266	0.022897710228977103	chr14	101292375.0	101292489.0	sense	0.19167599369095348	0.7174322765867707	0.05
Mafb	13	25	2.8441836720875004	0.022297770222977704	chr14	101292375.0	101292489.0	antisense	0.19167599369095348	0.7174322765867707	0.05
Hnf4a	11	27	2.8292382515093357	0.0029997000299970002	chr14	101292375.0	101292489.0	sense	0.07584626152769339	1.1200658207824126	0.05
ESR2	12	27	2.6991876438324063	0.051894810518948106	chr14	101292375.0	101292489.0	sense	0.33666758324167584	0.47279869857189055	0.05
Foxk1	9	26	2.693988254579042	0.040195980401959805	chr14	101292375.0	101292489.0	sense	0.2781561843815618	0.5557112797356348	0.05
NFIL3	10	21	2.680009547465216	0.0033996600339966003	chr14	101292375.0	101292489.0	sense	0.07584626152769339	1.1200658207824126	0.05
TFE3	9	19	2.674425379407394	0.036896310368963105	chr14	101292375.0	101292489.0	sense	0.26970683213368807	0.5691080519884197	0.05
ATF4	7	20	2.647265823690523	0.009099090090990901	chr14	101292375.0	101292489.0	sense	0.12108789121087891	0.9168992841338104	0.05
PAX9	13	30	2.6302650756865686	0.005599440055994401	chr14	101292375.0	101292489.0	sense	0.09730276972302769	1.0118747973646671	0.05
MEOX2	13	23	2.6260907072282813	0.08649135086491351	chr14	101292375.0	101292489.0	sense	0.3885883411658834	0.410510233698356	0.05
Nr5a2	11	26	2.6138524351482513	0.026597340265973404	chr14	101292375.0	101292489.0	sense	0.21568780621937808	0.666174406781225	0.05
GATA1::TAL1	6	24	2.6061564919484357	0.08969103089691031	chr14	101292375.0	101292489.0	antisense	0.3885883411658834	0.410510233698356	0.05
Hoxb5	12	28	2.603628387197953	0.09299070092990701	chr14	101292375.0	101292489.0	sense	0.3885883411658834	0.410510233698356	0.05
Mitf	13	23	2.6020069034550377	0.07389261073892611	chr14	101292375.0	101292489.0	sense	0.3835026497350265	0.4162316310335791	0.05
ZBTB33	6	21	2.5950559207569923	0.033096690330966905	chr14	101292375.0	101292489.0	antisense	0.24538831831102603	0.6101461156669429	0.05
MEIS3	11	19	2.56765831414139	0.0160983901609839	chr14	101292375.0	101292489.0	antisense	0.1576427262934084	0.8023260629973441	0.05
Arntl	8	18	2.539220233992094	0.019998000199980003	chr14	101292375.0	101292489.0	sense	0.18481836026923623	0.7332548871876833	0.05
MLXIPL	9	19	2.521747205708253	0.012098790120987902	chr14	101292375.0	101292489.0	antisense	0.1365059146259287	0.8648485307935289	0.05
TFEC	9	19	2.5109123472329378	0.022497750224977502	chr14	101292375.0	101292489.0	sense	0.19167599369095348	0.7174322765867707	0.05
Nr2e1	10	19	2.502576148330434	0.011498850114988501	chr14	101292375.0	101292489.0	sense	0.13563416385634164	0.8676309055609805	0.05
TFEB	9	19	2.492448866223822	0.0202979702029797	chr14	101292375.0	101292489.0	sense	0.18481836026923623	0.7332548871876833	0.05
BHLHE40	9	19	2.4751130457601414	0.0098990100989901	chr14	101292375.0	101292489.0	antisense	0.12355907266416216	0.9081253598263053	0.05
NR4A2	11	19	2.430905321566002	0.0112988701129887	chr14	101292375.0	101292489.0	sense	0.13563416385634164	0.8676309055609805	0.05
Srebf1(var.2)	9	19	2.4016058781421816	0.0059994000599940004	chr14	101292375.0	101292489.0	antisense	0.09730276972302769	1.0118747973646671	0.05
SREBF2	9	19	2.399583809305181	0.007699230076992301	chr14	101292375.0	101292489.0	antisense	0.1079973083772704	0.9665870683229179	0.05
SREBF1	9	19	2.396325431688647	0.007099290070992901	chr14	101292375.0	101292489.0	sense	0.10234809852348101	0.9899202214766167	0.05
SP4	15	32	2.3881794188998926	0.015998400159984	chr14	101292375.0	101292489.0	sense	0.1576427262934084	0.8023260629973441	0.05
USF2	13	24	2.3874327092762906	0.013398660133986601	chr14	101292375.0	101292489.0	antisense	0.14191642060283768	0.8479673510921109	0.05
EVX2	8	18	2.3724605523243283	0.11798820117988201	chr14	101292375.0	101292489.0	antisense	0.3950701704023146	0.4033257602925709	0.05
SREBF2(var.2)	9	19	2.367435851088809	0.0052994700529947	chr14	101292375.0	101292489.0	antisense	0.09730276972302769	1.0118747973646671	0.05
Six3	10	27	2.350999134588607	0.11238876112388761	chr14	101292375.0	101292489.0	antisense	0.39194238470889753	0.40677776931122267	0.05
SMAD2::SMAD3::SMAD4	12	25	2.3378428120318606	0.0435956404359564	chr14	101292375.0	101292489.0	antisense	0.2977123340297549	0.5262031724406102	0.05
BHLHE41	9	19	2.3362667404762254	0.005699430056994301	chr14	101292375.0	101292489.0	sense	0.09730276972302769	1.0118747973646671	0.05
NR1H2::RXRA	10	27	2.335942038198948	0.0034996500349965005	chr14	101292375.0	101292489.0	sense	0.07584626152769339	1.1200658207824126	0.05
Hes2	8	21	2.319011082263731	0.33896610338966104	chr14	101292375.0	101292489.0	antisense	0.6603757206696913	0.180208902358081	0.05
CREB3L1	7	21	2.31695871677162	0.027097290270972903	chr14	101292375.0	101292489.0	sense	0.21636144077899902	0.6648201351968547	0.05
ZBTB7C	18	30	2.316795513992619	0.08509149085091491	chr14	101292375.0	101292489.0	sense	0.3885883411658834	0.410510233698356	0.05
HOXB2	13	23	2.310485691861712	0.1471852814718528	chr14	101292375.0	101292489.0	sense	0.41972066529610774	0.3770396474119996	0.05
ZBTB7A	8	20	2.294537960185033	0.0380961903809619	chr14	101292375.0	101292489.0	sense	0.27084825763998943	0.5672739538732414	0.05
USF1	13	24	2.2861333693398262	0.022797720227977204	chr14	101292375.0	101292489.0	antisense	0.19167599369095348	0.7174322765867707	0.05
MLX	9	19	2.233467264374827	0.011898810118988102	chr14	101292375.0	101292489.0	sense	0.1365059146259287	0.8648485307935289	0.05
Vdr	10	26	2.2129784533488284	0.013098690130986902	chr14	101292375.0	101292489.0	antisense	0.14191642060283768	0.8479673510921109	0.05
TBX2	11	22	2.2054330801294286	0.09359064093590641	chr14	101292375.0	101292489.0	sense	0.3885883411658834	0.410510233698356	0.05
Rxra	11	25	2.1953887841707096	0.0052994700529947	chr14	101292375.0	101292489.0	sense	0.09730276972302769	1.0118747973646671	0.05
RXRG	11	25	2.193493436960136	0.0059994000599940004	chr14	101292375.0	101292489.0	sense	0.09730276972302769	1.0118747973646671	0.05
RUNX1	10	21	2.179416008814706	0.0801919808019198	chr14	101292375.0	101292489.0	antisense	0.3885883411658834	0.410510233698356	0.05
RORA	8	18	2.1761505288579324	0.018198180181981802	chr14	101292375.0	101292489.0	sense	0.17172464571724647	0.7651673709375738	0.05
Barhl1	8	18	2.1527824230797226	0.2645735426457354	chr14	101292375.0	101292489.0	sense	0.5786597072510323	0.23757675701395137	0.05
Hoxc9	10	23	2.151174487394502	0.0570942905709429	chr14	101292375.0	101292489.0	sense	0.3546145385461454	0.45024346309231295	0.05
Zfx	16	30	2.1488533714613505	0.08289171082891711	chr14	101292375.0	101292489.0	antisense	0.3885883411658834	0.410510233698356	0.05
Tcfl5	14	24	2.148628377607315	0.35596440355964404	chr14	101292375.0	101292489.0	sense	0.6635122202065508	0.1781510741267497	0.05
ZIC4	20	35	2.1393992815548444	0.10268973102689731	chr14	101292375.0	101292489.0	sense	0.39194238470889753	0.40677776931122267	0.05
PAX5	14	33	2.13623541105377	0.24137586241375864	chr14	101292375.0	101292489.0	antisense	0.5536970532021688	0.25672778781449407	0.05
GSX2	10	20	2.1309072220329983	0.33736626337366266	chr14	101292375.0	101292489.0	sense	0.6603757206696913	0.180208902358081	0.05
HOXB3	8	18	2.115289561206002	0.19238076192380762	chr14	101292375.0	101292489.0	antisense	0.4972607216890252	0.3034158440603779	0.05
LBX2	13	23	2.1121211472493697	0.2628737126287371	chr14	101292375.0	101292489.0	antisense	0.5786597072510323	0.23757675701395137	0.05
EOMES	11	24	2.109886972379773	0.10688931106889311	chr14	101292375.0	101292489.0	sense	0.39194238470889753	0.40677776931122267	0.05
Dlx3	14	22	2.1098770198740167	0.10948905109489052	chr14	101292375.0	101292489.0	antisense	0.39194238470889753	0.40677776931122267	0.05
HOXA10	13	24	2.109111306140812	0.13018698130186981	chr14	101292375.0	101292489.0	sense	0.404959504049595	0.39258840406219414	0.05
CEBPE	9	19	2.1050738836580356	0.0377962203779622	chr14	101292375.0	101292489.0	antisense	0.27084825763998943	0.5672739538732414	0.05
RXRB	11	25	2.101490396804206	0.006899310068993101	chr14	101292375.0	101292489.0	sense	0.10234809852348101	0.9899202214766167	0.05
Creb3l2	9	18	2.1003825290071383	0.015298470152984701	chr14	101292375.0	101292489.0	sense	0.1556844315568443	0.8077548147087424	0.05
GSX1	10	20	2.094147528932164	0.3541645835416458	chr14	101292375.0	101292489.0	sense	0.6635122202065508	0.1781510741267497	0.05
GSC2	13	23	2.0864972025444053	0.2074792520747925	chr14	101292375.0	101292489.0	sense	0.5152235972574991	0.28800425449134737	0.05
MEIS2	11	19	2.059751566369257	0.028097190280971903	chr14	101292375.0	101292489.0	antisense	0.22094608720946088	0.6557136850651936	0.05
ZNF263	14	35	2.0369364874199736	0.23617638236176383	chr14	101292375.0	101292489.0	antisense	0.5447801886478019	0.2637786942622713	0.05
Esrrg	9	19	2.036796847495292	0.032296770322967704	chr14	101292375.0	101292489.0	sense	0.242927881124931	0.6145226378345572	0.05
EVX1	13	23	2.030375942057147	0.21277872212778723	chr14	101292375.0	101292489.0	sense	0.5209063999260451	0.2832403067341457	0.05
TCF7L2	10	24	1.9838040681633515	0.1131886811318868	chr14	101292375.0	101292489.0	sense	0.39194238470889753	0.40677776931122267	0.05
Dlx4	14	22	1.9803500435576302	0.11478852114788521	chr14	101292375.0	101292489.0	antisense	0.39194238470889753	0.40677776931122267	0.05
ETV3	11	21	1.9698229281906778	0.0731926807319268	chr14	101292375.0	101292489.0	sense	0.3835026497350265	0.4162316310335791	0.05
GATA2	15	29	1.9626228979750553	0.1095890410958904	chr14	101292375.0	101292489.0	antisense	0.39194238470889753	0.40677776931122267	0.05
TBX5	12	20	1.9539852507932836	0.09519048095190481	chr14	101292375.0	101292489.0	sense	0.3896165070992901	0.4093626514077278	0.05
HOXC10	14	24	1.924212010543857	0.0638936106389361	chr14	101292375.0	101292489.0	sense	0.3649024571227088	0.4378232122417069	0.05
TBR1	12	22	1.9169493854546122	0.057394260573942604	chr14	101292375.0	101292489.0	sense	0.3546145385461454	0.45024346309231295	0.05
SP2	19	34	1.9064392641106127	0.12638736126387362	chr14	101292375.0	101292489.0	sense	0.404959504049595	0.39258840406219414	0.05
Neurog1	11	21	1.899070125887859	0.39476052394760525	chr14	101292375.0	101292489.0	antisense	0.6932164891618946	0.15913111550968992	0.05
Hoxa11	13	25	1.897323890954141	0.15278472152784722	chr14	101292375.0	101292489.0	sense	0.4309525569182212	0.3655705381982702	0.05
SP8	21	33	1.8918796186521833	0.09609039096090391	chr14	101292375.0	101292489.0	sense	0.3896165070992901	0.4093626514077278	0.05
FOXF2	9	23	1.874973978648015	0.09349065093490651	chr14	101292375.0	101292489.0	sense	0.3885883411658834	0.410510233698356	0.05
Hoxa9	14	25	1.8705110512778271	0.050294970502949704	chr14	101292375.0	101292489.0	sense	0.33041885684849237	0.4809351756629188	0.05
Id2	10	18	1.8672117851810854	0.023397660233976603	chr14	101292375.0	101292489.0	sense	0.19275215335609297	0.7150007614718437	0.05
REST	14	35	1.8621025372283655	0.09199080091990801	chr14	101292375.0	101292489.0	sense	0.3885883411658834	0.410510233698356	0.05
EGR4	16	32	1.8583940166993769	0.22697730226977303	chr14	101292375.0	101292489.0	sense	0.535460090354601	0.2712728930574883	0.05
TBX4	12	20	1.8560766256435877	0.06129387061293871	chr14	101292375.0	101292489.0	sense	0.3585989715635178	0.44539096029790093	0.05
SP3	21	32	1.8551557882462537	0.13388661133886612	chr14	101292375.0	101292489.0	sense	0.404959504049595	0.39258840406219414	0.05
DUX4	7	18	1.8349556897510961	0.029397060293970604	chr14	101292375.0	101292489.0	antisense	0.2243687395966286	0.6490376517224838	0.05
GLI2	18	30	1.8322880709951768	0.08789121087891211	chr14	101292375.0	101292489.0	sense	0.3885883411658834	0.410510233698356	0.05
TGIF2	13	25	1.831235382930266	0.028597140285971403	chr14	101292375.0	101292489.0	antisense	0.22152113146894264	0.6545848390001883	0.05
TBP	8	23	1.8308440438155096	0.41385861413858616	chr14	101292375.0	101292489.0	antisense	0.7144587866794716	0.14602281828507155	0.05
Myog	13	24	1.829961910793029	0.0608939106089391	chr14	101292375.0	101292489.0	antisense	0.3585989715635178	0.44539096029790093	0.05
TP73	6	24	1.8277875189078037	0.1347865213478652	chr14	101292375.0	101292489.0	antisense	0.404959504049595	0.39258840406219414	0.05
PHOX2A	7	18	1.81639475044676	0.10058994100589941	chr14	101292375.0	101292489.0	antisense	0.39194238470889753	0.40677776931122267	0.05
FOXC2	11	23	1.8013920256128373	0.12768723127687232	chr14	101292375.0	101292489.0	sense	0.404959504049595	0.39258840406219414	0.05
TFAP2B(var.3)	10	23	1.7926996698639757	0.09009099090090991	chr14	101292375.0	101292489.0	antisense	0.3885883411658834	0.410510233698356	0.05
ARNT::HIF1A	10	18	1.780289185049228	0.06769323067693231	chr14	101292375.0	101292489.0	sense	0.3659665283471653	0.4365586337828289	0.05
CEBPB	9	19	1.769694139047981	0.0613938606139386	chr14	101292375.0	101292489.0	antisense	0.3585989715635178	0.44539096029790093	0.05
Myod1	14	27	1.767654631375318	0.133986601339866	chr14	101292375.0	101292489.0	sense	0.404959504049595	0.39258840406219414	0.05
ZBTB7B	18	30	1.7638632102130407	0.0842915708429157	chr14	101292375.0	101292489.0	sense	0.3885883411658834	0.410510233698356	0.05
Hoxd8	11	28	1.7634685263426084	0.43455654434556545	chr14	101292375.0	101292489.0	sense	0.7418909424846989	0.12965993105265283	0.05
CEBPD	9	19	1.7339438020708702	0.05729427057294271	chr14	101292375.0	101292489.0	antisense	0.3546145385461454	0.45024346309231295	0.05
ESR1	11	28	1.725272955450805	0.0570942905709429	chr14	101292375.0	101292489.0	antisense	0.3546145385461454	0.45024346309231295	0.05
ETV5	7	17	1.7202286886080345	0.20407959204079593	chr14	101292375.0	101292489.0	sense	0.5107147939052249	0.29182156172866064	0.05
JUN(var.2)	14	28	1.7077283617877534	0.1887811218878112	chr14	101292375.0	101292489.0	antisense	0.4972607216890252	0.3034158440603779	0.05
TFAP2A(var.3)	10	23	1.7072608712598605	0.14138586141385862	chr14	101292375.0	101292489.0	antisense	0.41341899329620113	0.3836095748924512	0.05
PROX1	8	20	1.7037511060222705	0.047495250474952504	chr14	101292375.0	101292489.0	antisense	0.31868736203302744	0.496635158704322	0.05
HNF1A	13	28	1.7034475949544856	0.15208479152084792	chr14	101292375.0	101292489.0	sense	0.4309525569182212	0.3655705381982702	0.05
TFAP2C(var.3)	10	23	1.7014854554653231	0.12068793120687932	chr14	101292375.0	101292489.0	antisense	0.40028417540411565	0.3976315786945863	0.05
Phox2b	7	18	1.6980497664528305	0.0907909209079092	chr14	101292375.0	101292489.0	antisense	0.3885883411658834	0.410510233698356	0.05
CENPB	11	26	1.693674409968324	0.26847315268473154	chr14	101292375.0	101292489.0	antisense	0.5805731926807319	0.2361430211044364	0.05
HOXC11	13	24	1.6905772612379308	0.1044895510448955	chr14	101292375.0	101292489.0	sense	0.39194238470889753	0.40677776931122267	0.05
HNF1B	14	27	1.6902790254205096	0.0871912808719128	chr14	101292375.0	101292489.0	sense	0.3885883411658834	0.410510233698356	0.05
KLF13	16	34	1.6849861556844412	0.10628937106289371	chr14	101292375.0	101292489.0	sense	0.39194238470889753	0.40677776931122267	0.05
Alx4	11	28	1.6845109703868155	0.3106689331066893	chr14	101292375.0	101292489.0	sense	0.6362222045511984	0.1963911778162414	0.05
HEY2	14	24	1.6799691876099347	0.1161883811618838	chr14	101292375.0	101292489.0	sense	0.39412921452952737	0.40436137219169177	0.05
HOXA2	13	23	1.6790746973603339	0.3711628837116288	chr14	101292375.0	101292489.0	sense	0.6798399744800606	0.16759330255717475	0.05
FOSL1	13	24	1.677675607687556	0.0648935106489351	chr14	101292375.0	101292489.0	antisense	0.3649024571227088	0.4378232122417069	0.05
Foxa2	13	25	1.6761108842272672	0.11328867113288671	chr14	101292375.0	101292489.0	antisense	0.39194238470889753	0.40677776931122267	0.05
TEAD1	16	26	1.6646168407169994	0.19908009199080093	chr14	101292375.0	101292489.0	sense	0.5077551068422569	0.29434569990295134	0.05
TEAD4	16	26	1.655523553521872	0.19258074192580743	chr14	101292375.0	101292489.0	sense	0.4972607216890252	0.3034158440603779	0.05
TBX19	6	26	1.649374658028551	0.35796420357964204	chr14	101292375.0	101292489.0	sense	0.6635122202065508	0.1781510741267497	0.05
HOXD11	14	24	1.6389125582815225	0.09349065093490651	chr14	101292375.0	101292489.0	sense	0.3885883411658834	0.410510233698356	0.05
Ddit3::Cebpa	17	29	1.6369377672113397	0.24337566243375663	chr14	101292375.0	101292489.0	sense	0.5539998631715776	0.2564903425348124	0.05
KLF14	17	31	1.6338780139360816	0.10638936106389361	chr14	101292375.0	101292489.0	sense	0.39194238470889753	0.40677776931122267	0.05
ZNF740	22	32	1.6327829784886312	0.060493950604939506	chr14	101292375.0	101292489.0	sense	0.3585989715635178	0.44539096029790093	0.05
MEOX1	13	23	1.6298894694253188	0.2323767623237676	chr14	101292375.0	101292489.0	sense	0.5384086591340865	0.26888796404427456	0.05
Rhox11	10	27	1.6117156366539023	0.6174382561743825	chr14	101292375.0	101292489.0	antisense	0.852772770216382	0.06916667550039451	0.05
ZIC3	20	35	1.6104500917467666	0.12538746125387462	chr14	101292375.0	101292489.0	sense	0.404959504049595	0.39258840406219414	0.05
RAX	14	24	1.6103564325967135	0.2096790320967903	chr14	101292375.0	101292489.0	sense	0.5162426885273558	0.287146086143697	0.05
Klf12	20	35	1.6089745696242095	0.10788921107889211	chr14	101292375.0	101292489.0	sense	0.39194238470889753	0.40677776931122267	0.05
Gata4	14	25	1.603111214453303	0.09829017098290171	chr14	101292375.0	101292489.0	antisense	0.39194238470889753	0.40677776931122267	0.05
INSM1	13	25	1.5980727706016167	0.08209179082091791	chr14	101292375.0	101292489.0	sense	0.3885883411658834	0.410510233698356	0.05
Prrx2	14	22	1.5902222830723434	0.35066493350664935	chr14	101292375.0	101292489.0	antisense	0.6625551990255519	0.1787779337933163	0.05
EGR1	11	25	1.589907663224685	0.1708829117088291	chr14	101292375.0	101292489.0	antisense	0.4619178707129287	0.33543523541121756	0.05
Hoxd9	14	24	1.5831471935871653	0.24987501249875013	chr14	101292375.0	101292489.0	sense	0.5638483977689188	0.24883764931954763	0.05
SPIC	20	34	1.5755930661796185	0.32966703329667035	chr14	101292375.0	101292489.0	antisense	0.6580661164652766	0.18173047025606975	0.05
CTCF	10	29	1.5692649446888547	0.3113688631136886	chr14	101292375.0	101292489.0	antisense	0.6362222045511984	0.1963911778162414	0.05
RARA(var.2)	7	24	1.566198393032703	0.063993600639936	chr14	101292375.0	101292489.0	sense	0.3649024571227088	0.4378232122417069	0.05
MAFG	6	27	1.5627480909738085	0.5648435156484352	chr14	101292375.0	101292489.0	sense	0.8144602206446022	0.08913012237625355	0.05
Pax6	12	26	1.5547259571713583	0.28847115288471153	chr14	101292375.0	101292489.0	antisense	0.6110878708047562	0.21389633630118707	0.05
POU6F2	12	22	1.554675959154231	0.1461853814618538	chr14	101292375.0	101292489.0	sense	0.41917244739614434	0.3776072716757477	0.05
TBX21	11	21	1.5540370448671215	0.10358964103589641	chr14	101292375.0	101292489.0	sense	0.39194238470889753	0.40677776931122267	0.05
PBX1	12	24	1.5496821948612498	0.1346865313468653	chr14	101292375.0	101292489.0	sense	0.404959504049595	0.39258840406219414	0.05
Dlx1	13	23	1.5484500307675566	0.5093490650934906	chr14	101292375.0	101292489.0	sense	0.7924057893611837	0.10105236014203291	0.05
ETV1	7	17	1.5367434646073515	0.22377762223777622	chr14	101292375.0	101292489.0	sense	0.535460090354601	0.2712728930574883	0.05
HOXD12	13	24	1.5364278908279025	0.10888911108889111	chr14	101292375.0	101292489.0	sense	0.39194238470889753	0.40677776931122267	0.05
ZIC1	20	34	1.535847541678252	0.07929207079292071	chr14	101292375.0	101292489.0	sense	0.3885883411658834	0.410510233698356	0.05
MIXL1	13	23	1.535322318205758	0.5562443755624438	chr14	101292375.0	101292489.0	sense	0.8144602206446022	0.08913012237625355	0.05
KLF16	18	29	1.5353043775608326	0.10268973102689731	chr14	101292375.0	101292489.0	sense	0.39194238470889753	0.40677776931122267	0.05
CEBPG	9	19	1.5352583304770924	0.06679332066793321	chr14	101292375.0	101292489.0	antisense	0.3649024571227088	0.4378232122417069	0.05
NFKB2	17	30	1.5260569514415783	0.11328867113288671	chr14	101292375.0	101292489.0	antisense	0.39194238470889753	0.40677776931122267	0.05
TFAP2C	10	22	1.5199744385743537	0.34036596340365965	chr14	101292375.0	101292489.0	antisense	0.6603757206696913	0.180208902358081	0.05
MNT	9	19	1.5198455525049805	0.19148085191480851	chr14	101292375.0	101292489.0	sense	0.4972607216890252	0.3034158440603779	0.05
EN2	13	23	1.5180243824266708	0.37506249375062495	chr14	101292375.0	101292489.0	antisense	0.6798399744800606	0.16759330255717475	0.05
MZF1(var.2)	22	32	1.5096909816947808	0.26137386261373863	chr14	101292375.0	101292489.0	antisense	0.5786597072510323	0.23757675701395137	0.05
Spz1	6	17	1.5069212003678742	0.19488051194880512	chr14	101292375.0	101292489.0	sense	0.5007078500070785	0.30041559975740717	0.05
FOXD2	7	14	1.4994151319940774	0.12388761123887611	chr14	101292375.0	101292489.0	antisense	0.40438786310048236	0.3932018873727929	0.05
CDX1	14	23	1.4970394399031788	0.20987901209879012	chr14	101292375.0	101292489.0	sense	0.5162426885273558	0.287146086143697	0.05
Tcf7	10	22	1.4873973968240632	0.0800919908009199	chr14	101292375.0	101292489.0	sense	0.3885883411658834	0.410510233698356	0.05
MGA	15	23	1.4850240576777098	0.11428857114288571	chr14	101292375.0	101292489.0	antisense	0.39194238470889753	0.40677776931122267	0.05
HEY1	14	24	1.4844717215705043	0.15928407159284072	chr14	101292375.0	101292489.0	sense	0.44445394170260394	0.3521732378451896	0.05
Nfe2l2	10	25	1.4834921022170426	0.26647335266473354	chr14	101292375.0	101292489.0	sense	0.5786597072510323	0.23757675701395137	0.05
LEF1	10	25	1.4770150848817178	0.13908609139086092	chr14	101292375.0	101292489.0	sense	0.41248960818203895	0.38458698812265285	0.05
HOXC12	13	24	1.4711345966827434	0.1326867313268673	chr14	101292375.0	101292489.0	sense	0.404959504049595	0.39258840406219414	0.05
RAX2	14	22	1.4695580820164384	0.39286071392860716	chr14	101292375.0	101292489.0	antisense	0.6932164891618946	0.15913111550968992	0.05
TFAP2B	10	22	1.4672359413263765	0.3287671232876712	chr14	101292375.0	101292489.0	antisense	0.6580661164652766	0.18173047025606975	0.05
MAX	9	19	1.4648112891573888	0.20467953204679531	chr14	101292375.0	101292489.0	antisense	0.5107147939052249	0.29182156172866064	0.05
Hic1	19	28	1.463662663604309	0.27607239276072393	chr14	101292375.0	101292489.0	sense	0.5896360981185832	0.22941593638745383	0.05
ID4	14	24	1.459972540168093	0.20287971202879712	chr14	101292375.0	101292489.0	antisense	0.5107147939052249	0.29182156172866064	0.05
NR3C1	8	25	1.4571453898010382	0.16448355164483552	chr14	101292375.0	101292489.0	sense	0.4515663616884385	0.34527841722804015	0.05
TFAP2A(var.2)	10	22	1.4484951331619802	0.34696530346965304	chr14	101292375.0	101292489.0	sense	0.6603757206696913	0.180208902358081	0.05
FOS::JUN	15	22	1.44640542716593	0.14238576142385762	chr14	101292375.0	101292489.0	antisense	0.41341899329620113	0.3836095748924512	0.05
SP1	19	30	1.4457296486598965	0.11118888111188881	chr14	101292375.0	101292489.0	sense	0.39194238470889753	0.40677776931122267	0.05
PRDM1	15	30	1.439936932827999	0.293970602939706	chr14	101292375.0	101292489.0	antisense	0.6179054159361391	0.20907799818100123	0.05
Klf1	13	24	1.4377965564278226	0.13878612138786123	chr14	101292375.0	101292489.0	sense	0.41248960818203895	0.38458698812265285	0.05
Mlxip	10	18	1.4351745757615693	0.08499150084991501	chr14	101292375.0	101292489.0	antisense	0.3885883411658834	0.410510233698356	0.05
FOXC1	11	22	1.4342932799543389	0.19958004199580043	chr14	101292375.0	101292489.0	sense	0.5077551068422569	0.29434569990295134	0.05
Tcf12	13	24	1.4254955551660762	0.16618338166183383	chr14	101292375.0	101292489.0	antisense	0.4515663616884385	0.34527841722804015	0.05
HESX1	14	24	1.4205371336918795	0.22877712228777122	chr14	101292375.0	101292489.0	antisense	0.5360126149547207	0.2708249891491046	0.05
Hand1::Tcf3	12	22	1.420301031298811	0.34056594340565943	chr14	101292375.0	101292489.0	antisense	0.6603757206696913	0.180208902358081	0.05
PITX3	6	15	1.4168720688362924	0.34126587341265874	chr14	101292375.0	101292489.0	antisense	0.6603757206696913	0.180208902358081	0.05
Arid5a	10	24	1.4137092258636068	0.6436356364363564	chr14	101292375.0	101292489.0	antisense	0.8565305007960743	0.06725716732593476	0.05
Sox17	14	23	1.410114738110451	0.2268773122687731	chr14	101292375.0	101292489.0	sense	0.535460090354601	0.2712728930574883	0.05
FOXP1	13	28	1.4084760590223204	0.29557044295570445	chr14	101292375.0	101292489.0	sense	0.618552660862946	0.2086233205318329	0.05
MNX1	13	23	1.3976187542921232	0.40915908409159085	chr14	101292375.0	101292489.0	sense	0.7125958545085089	0.14715670846453746	0.05
CEBPA	9	20	1.3919543103658898	0.1860813918608139	chr14	101292375.0	101292489.0	sense	0.49526278141416624	0.30516430766015584	0.05
MYBL1	11	23	1.3890774700618025	0.1655834416558344	chr14	101292375.0	101292489.0	sense	0.4515663616884385	0.34527841722804015	0.05
STAT1::STAT2	15	30	1.3890615834691413	0.1835816418358164	chr14	101292375.0	101292489.0	sense	0.4911282067669521	0.3088051224934073	0.05
POU4F3	6	22	1.3852065372299527	0.5058494150584941	chr14	101292375.0	101292489.0	sense	0.7924057893611837	0.10105236014203291	0.05
KLF5	19	29	1.3841613919837301	0.11228877112288771	chr14	101292375.0	101292489.0	sense	0.39194238470889753	0.40677776931122267	0.05
Arnt	11	17	1.383535208131932	0.061493850614938506	chr14	101292375.0	101292489.0	sense	0.3585989715635178	0.44539096029790093	0.05
Npas2	9	19	1.3726250111596034	0.2511748825117488	chr14	101292375.0	101292489.0	sense	0.5643279827861369	0.24846841425539062	0.05
VAX1	14	22	1.370299554331182	0.4771522847715228	chr14	101292375.0	101292489.0	antisense	0.776027012683347	0.11012316114498585	0.05
Myb	15	25	1.3661583862239706	0.1451854814518548	chr14	101292375.0	101292489.0	sense	0.4186181381861814	0.378181958167636	0.05
FOXO4	7	14	1.3584708750391294	0.09559044095590441	chr14	101292375.0	101292489.0	antisense	0.3896165070992901	0.4093626514077278	0.05
NFATC3	11	21	1.3558166777030158	0.45435456454354567	chr14	101292375.0	101292489.0	antisense	0.760677480639033	0.11879944055971499	0.05
Rarg(var.2)	11	28	1.3486182951987669	0.07279272072792721	chr14	101292375.0	101292489.0	sense	0.3835026497350265	0.4162316310335791	0.05
Klf4	19	29	1.3457102678337651	0.13158684131586842	chr14	101292375.0	101292489.0	antisense	0.404959504049595	0.39258840406219414	0.05
BATF::JUN	15	26	1.3395879779113915	0.19208079192080793	chr14	101292375.0	101292489.0	antisense	0.4972607216890252	0.3034158440603779	0.05
EMX1	13	23	1.3371966843051317	0.6208379162083791	chr14	101292375.0	101292489.0	antisense	0.852772770216382	0.06916667550039451	0.05
VAX2	14	22	1.334648817837145	0.44395560443955606	chr14	101292375.0	101292489.0	antisense	0.7480940217666546	0.1260438158142292	0.05
Rarb(var.2)	7	24	1.3301665592961234	0.09069093090690931	chr14	101292375.0	101292489.0	sense	0.3885883411658834	0.410510233698356	0.05
TBX1	15	23	1.3254179411233526	0.11288871112888711	chr14	101292375.0	101292489.0	antisense	0.39194238470889753	0.40677776931122267	0.05
ESX1	14	24	1.3225100899153976	0.6324367563243676	chr14	101292375.0	101292489.0	sense	0.854777803469653	0.06814676394808009	0.05
FOXI1	7	14	1.3193808843274444	0.08609139086091391	chr14	101292375.0	101292489.0	antisense	0.3885883411658834	0.410510233698356	0.05
NKX6-1	14	22	1.3166266845945218	0.23177682231776822	chr14	101292375.0	101292489.0	sense	0.5384086591340865	0.26888796404427456	0.05
NHLH1	14	24	1.3150164027156055	0.22407759224077592	chr14	101292375.0	101292489.0	antisense	0.535460090354601	0.2712728930574883	0.05
JUND	13	24	1.3114667182448134	0.1603839616038396	chr14	101292375.0	101292489.0	antisense	0.4446943603511989	0.3519383782728666	0.05
Dlx2	6	14	1.3079525944030617	0.27217278272172785	chr14	101292375.0	101292489.0	sense	0.5841382803868373	0.23348433216808856	0.05
Pitx1	6	14	1.3004057921592327	0.37466253374662534	chr14	101292375.0	101292489.0	antisense	0.6798399744800606	0.16759330255717475	0.05
LMX1B	14	22	1.3003897680347527	0.5085491450854914	chr14	101292375.0	101292489.0	antisense	0.7924057893611837	0.10105236014203291	0.05
GATA5	17	25	1.2982154244897357	0.36136386361363865	chr14	101292375.0	101292489.0	sense	0.6674300541476101	0.17559424110857166	0.05
RXRA::VDR	12	27	1.296779806516802	0.1307869213078692	chr14	101292375.0	101292489.0	sense	0.404959504049595	0.39258840406219414	0.05
Arx	11	28	1.293985439822601	0.48565143485651435	chr14	101292375.0	101292489.0	antisense	0.776027012683347	0.11012316114498585	0.05
Alx1	11	28	1.2785251829396374	0.5560443955604439	chr14	101292375.0	101292489.0	sense	0.8144602206446022	0.08913012237625355	0.05
FOXD1	6	14	1.2774693466700426	0.16108389161083891	chr14	101292375.0	101292489.0	antisense	0.4446943603511989	0.3519383782728666	0.05
RARA	11	29	1.2773365185206211	0.0694930506949305	chr14	101292375.0	101292489.0	sense	0.3718236423780302	0.42966299910453587	0.05
NFYA	8	26	1.267351477209811	0.5090490950904909	chr14	101292375.0	101292489.0	sense	0.7924057893611837	0.10105236014203291	0.05
FOXO6	7	14	1.264396485801263	0.09249075092490751	chr14	101292375.0	101292489.0	antisense	0.3885883411658834	0.410510233698356	0.05
ESRRB	9	20	1.2599909030761802	0.14258574142585742	chr14	101292375.0	101292489.0	sense	0.41341899329620113	0.3836095748924512	0.05
TBX15	15	23	1.2521300064743248	0.1090890910908909	chr14	101292375.0	101292489.0	antisense	0.39194238470889753	0.40677776931122267	0.05
MYBL2	10	25	1.2490536745068757	0.3240675932406759	chr14	101292375.0	101292489.0	sense	0.6519034143097318	0.18581674435942502	0.05
GLIS2	20	34	1.2477714704415959	0.22417758224177584	chr14	101292375.0	101292489.0	sense	0.535460090354601	0.2712728930574883	0.05
MSX1	14	22	1.2415546862015858	0.39016098390160986	chr14	101292375.0	101292489.0	antisense	0.6932164891618946	0.15913111550968992	0.05
SNAI2	14	23	1.241353607623378	0.41435856414358563	chr14	101292375.0	101292489.0	sense	0.7144587866794716	0.14602281828507155	0.05
FOXL1	7	14	1.2391868056741595	0.12338766123387661	chr14	101292375.0	101292489.0	antisense	0.40438786310048236	0.3932018873727929	0.05
HIC2	18	27	1.2381950501732295	0.48595140485951405	chr14	101292375.0	101292489.0	sense	0.776027012683347	0.11012316114498585	0.05
Bach1::Mafk	11	26	1.2350474071896855	0.26647335266473354	chr14	101292375.0	101292489.0	sense	0.5786597072510323	0.23757675701395137	0.05
ELK3	7	17	1.230352762654854	0.34726527347265274	chr14	101292375.0	101292489.0	antisense	0.6603757206696913	0.180208902358081	0.05
SHOX	14	22	1.2281505323012798	0.5254474552544746	chr14	101292375.0	101292489.0	sense	0.8020800861090362	0.09578226610639887	0.05
NFKB1	17	30	1.2243373929022496	0.10698930106989302	chr14	101292375.0	101292489.0	sense	0.39194238470889753	0.40677776931122267	0.05
Foxj2	14	22	1.2217038785199659	0.1421857814218578	chr14	101292375.0	101292489.0	sense	0.41341899329620113	0.3836095748924512	0.05
Esrra	14	25	1.2186438170575447	0.12108789121087891	chr14	101292375.0	101292489.0	sense	0.40028417540411565	0.3976315786945863	0.05
NR3C2	8	25	1.21568187390235	0.29887011298870114	chr14	101292375.0	101292489.0	sense	0.6212846715328467	0.20670936126025102	0.05
Nr2f6(var.2)	11	26	1.20749644699324	0.07929207079292071	chr14	101292375.0	101292489.0	sense	0.3885883411658834	0.410510233698356	0.05
FIGLA	21	31	1.2059606991717473	0.43975602439756023	chr14	101292375.0	101292489.0	sense	0.7468782533511353	0.12675018561027074	0.05
NKX6-2	14	22	1.2041057913387943	0.5388461153884612	chr14	101292375.0	101292489.0	sense	0.8084191580841916	0.0923634030344427	0.05
LHX9	14	22	1.2036418145958983	0.4774522547745225	chr14	101292375.0	101292489.0	antisense	0.776027012683347	0.11012316114498585	0.05
E2F1	15	27	1.200437112871826	0.46565343465653436	chr14	101292375.0	101292489.0	sense	0.7696628426329343	0.11369947956888836	0.05
ISL2	6	14	1.1988504698903366	0.5226477352264773	chr14	101292375.0	101292489.0	sense	0.8020800861090362	0.09578226610639887	0.05
LHX2	13	23	1.1892081825935494	0.42245775422457754	chr14	101292375.0	101292489.0	sense	0.7260118359025025	0.13905629909984427	0.05
GLIS1	19	35	1.1888168370027934	0.07649235076492351	chr14	101292375.0	101292489.0	sense	0.3885883411658834	0.410510233698356	0.05
MAX::MYC	8	19	1.1883757752286357	0.3204679532046795	chr14	101292375.0	101292489.0	sense	0.6519034143097318	0.18581674435942502	0.05
NFATC1	17	27	1.1746821903399074	0.6199380061993801	chr14	101292375.0	101292489.0	sense	0.852772770216382	0.06916667550039451	0.05
Gata1	15	26	1.1716616954618349	0.2646735326467353	chr14	101292375.0	101292489.0	antisense	0.5786597072510323	0.23757675701395137	0.05
EGR3	16	31	1.162506947911608	0.2243775622437756	chr14	101292375.0	101292489.0	sense	0.535460090354601	0.2712728930574883	0.05
FOXP3	7	14	1.1617396931945136	0.30986901309869014	chr14	101292375.0	101292489.0	antisense	0.6362222045511984	0.1963911778162414	0.05
Ar	8	25	1.1592653027383661	0.3554644535546445	chr14	101292375.0	101292489.0	antisense	0.6635122202065508	0.1781510741267497	0.05
POU4F1	6	20	1.1586587846866234	0.5645435456454354	chr14	101292375.0	101292489.0	sense	0.8144602206446022	0.08913012237625355	0.05
FOXA1	16	31	1.155319828965569	0.5085491450854914	chr14	101292375.0	101292489.0	antisense	0.7924057893611837	0.10105236014203291	0.05
BARHL2	7	17	1.1519251041487428	0.6667333266673333	chr14	101292375.0	101292489.0	sense	0.8626240317144757	0.06417844707621724	0.05
CDX2	12	23	1.1494944543886558	0.24217578242175783	chr14	101292375.0	101292489.0	sense	0.5536970532021688	0.25672778781449407	0.05
MEF2C	12	27	1.1479810289190602	0.51994800519948	chr14	101292375.0	101292489.0	sense	0.800750785455579	0.09650262666494433	0.05
Hmx1	13	30	1.1443361290839333	0.7693230676932307	chr14	101292375.0	101292489.0	antisense	0.8968902664299272	0.04726068917353954	0.05
TFAP4	14	24	1.139312575528679	0.22567743225677434	chr14	101292375.0	101292489.0	antisense	0.535460090354601	0.2712728930574883	0.05
ALX3	15	25	1.1347265337404553	0.7752224777522247	chr14	101292375.0	101292489.0	sense	0.8968902664299272	0.04726068917353954	0.05
FOS	13	24	1.1313077226228458	0.30996900309969005	chr14	101292375.0	101292489.0	antisense	0.6362222045511984	0.1963911778162414	0.05
DLX6	6	14	1.1264993814583446	0.48165183481651835	chr14	101292375.0	101292489.0	sense	0.776027012683347	0.11012316114498585	0.05
EGR2	6	17	1.1248668838114595	0.22927707229277072	chr14	101292375.0	101292489.0	sense	0.5360126149547207	0.2708249891491046	0.05
NEUROD2	7	17	1.1247571045959457	0.49275072492750727	chr14	101292375.0	101292489.0	antisense	0.7820722514904473	0.10675312293232181	0.05
FOSL2	14	25	1.1193644199325694	0.2940705929407059	chr14	101292375.0	101292489.0	antisense	0.6179054159361391	0.20907799818100123	0.05
Dmbx1	10	27	1.1168311578319716	0.8025197480251974	chr14	101292375.0	101292489.0	antisense	0.9115436282458711	0.040222540335392715	0.05
POU2F1	7	19	1.1086757146083521	0.5649435056494351	chr14	101292375.0	101292489.0	antisense	0.8144602206446022	0.08913012237625355	0.05
Pou5f1::Sox2	8	23	1.103394027626618	0.5632436756324367	chr14	101292375.0	101292489.0	antisense	0.8144602206446022	0.08913012237625355	0.05
NFYB	15	30	1.101154160038161	0.5497450254974503	chr14	101292375.0	101292489.0	sense	0.8144602206446022	0.08913012237625355	0.05
POU6F1	13	23	1.1009710771341197	0.48465153484651535	chr14	101292375.0	101292489.0	sense	0.776027012683347	0.11012316114498585	0.05
T	10	26	1.0899212644507918	0.385961403859614	chr14	101292375.0	101292489.0	sense	0.6907378227694472	0.16068676265560594	0.05
ETV6	7	17	1.0891683414551163	0.37766223377662234	chr14	101292375.0	101292489.0	sense	0.6798399744800606	0.16759330255717475	0.05
EMX2	13	23	1.0825758102554492	0.5124487551244875	chr14	101292375.0	101292489.0	antisense	0.7939131459988329	0.10022700673745819	0.05
E2F3	15	33	1.081420879155014	0.24757524247575244	chr14	101292375.0	101292489.0	antisense	0.5610984753053079	0.25096091142021243	0.05
BARX1	6	14	1.078291881199666	0.44395560443955606	chr14	101292375.0	101292489.0	sense	0.7480940217666546	0.1260438158142292	0.05
LMX1A	14	22	1.0741519276222877	0.5626437356264373	chr14	101292375.0	101292489.0	sense	0.8144602206446022	0.08913012237625355	0.05
JUNB	14	25	1.0726547343924726	0.3371662833716628	chr14	101292375.0	101292489.0	antisense	0.6603757206696913	0.180208902358081	0.05
HLTF	25	35	1.0675004596045825	0.7444255574442555	chr14	101292375.0	101292489.0	sense	0.8967049241021843	0.04735044538041751	0.05
TCF4	23	33	1.0669961046700531	0.3785621437856214	chr14	101292375.0	101292489.0	sense	0.6798399744800606	0.16759330255717475	0.05
TCF3	14	24	1.0653628293554207	0.4403559644035596	chr14	101292375.0	101292489.0	antisense	0.7468782533511353	0.12675018561027074	0.05
Atoh1	14	24	1.0635829201969	0.47315268473152683	chr14	101292375.0	101292489.0	antisense	0.776027012683347	0.11012316114498585	0.05
GBX2	14	24	1.0347223777563948	0.5285471452854714	chr14	101292375.0	101292489.0	sense	0.80209347486304	0.09577501668884834	0.05
FOXH1	16	27	1.0328766420827107	0.34556544345565443	chr14	101292375.0	101292489.0	sense	0.6603757206696913	0.180208902358081	0.05
Rarg	11	27	1.02792508211809	0.1553844615538446	chr14	101292375.0	101292489.0	sense	0.43591640835916406	0.3605967833665232	0.05
POU5F1B	8	17	1.0257886357954276	0.46465353464653536	chr14	101292375.0	101292489.0	antisense	0.7696628426329343	0.11369947956888836	0.05
GLIS3	20	34	1.0252370045791195	0.18768123187681232	chr14	101292375.0	101292489.0	sense	0.49697224155135505	0.3036678681635346	0.05
YY2	7	18	1.0234699378608754	0.6000399960003999	chr14	101292375.0	101292489.0	antisense	0.8498305482803218	0.07066766167775466	0.05
NKX3-2	14	23	1.0215338721132206	0.527047295270473	chr14	101292375.0	101292489.0	antisense	0.80209347486304	0.09577501668884834	0.05
ZEB1	22	31	1.0193767212790519	0.2723727627237276	chr14	101292375.0	101292489.0	sense	0.5841382803868373	0.23348433216808856	0.05
PKNOX1	6	18	1.0189987714652833	0.12918708129187081	chr14	101292375.0	101292489.0	sense	0.404959504049595	0.39258840406219414	0.05
Rarb	10	26	1.0182196158825318	0.11788821117888211	chr14	101292375.0	101292489.0	sense	0.3950701704023146	0.4033257602925709	0.05
TBX20	13	24	1.01323764797981	0.41305869413058693	chr14	101292375.0	101292489.0	antisense	0.7144587866794716	0.14602281828507155	0.05
HOXC13	13	24	1.012547038626467	0.39266073392660733	chr14	101292375.0	101292489.0	sense	0.6932164891618946	0.15913111550968992	0.05
PKNOX2	6	18	1.0113944225160445	0.134986501349865	chr14	101292375.0	101292489.0	sense	0.404959504049595	0.39258840406219414	0.05
SOX9	15	24	1.0077636474033622	0.6756324367563243	chr14	101292375.0	101292489.0	sense	0.8626240317144757	0.06417844707621724	0.05
REL	18	28	1.0003796703547814	0.5856414358564144	chr14	101292375.0	101292489.0	antisense	0.8392741547763032	0.07609615066368479	0.05
HMBOX1	10	20	0.993089408919694	0.7195280471952805	chr14	101292375.0	101292489.0	sense	0.8933853026180636	0.04896119652992624	0.05
TGIF1	6	18	0.9902670856392604	0.13108689131086892	chr14	101292375.0	101292489.0	sense	0.404959504049595	0.39258840406219414	0.05
UNCX	14	22	0.9889211103104858	0.7635236476352365	chr14	101292375.0	101292489.0	antisense	0.8967049241021843	0.04735044538041751	0.05
FOXO3	6	14	0.9751512933152244	0.20177982201779823	chr14	101292375.0	101292489.0	antisense	0.5107147939052249	0.29182156172866064	0.05
RUNX3	19	29	0.9714708990811766	0.47365263473652636	chr14	101292375.0	101292489.0	sense	0.776027012683347	0.11012316114498585	0.05
NKX2-8	14	23	0.9639050506361554	0.666933306669333	chr14	101292375.0	101292489.0	antisense	0.8626240317144757	0.06417844707621724	0.05
ELF5	6	17	0.960397580284441	0.7041295870412959	chr14	101292375.0	101292489.0	sense	0.8827131779575665	0.05418038981513835	0.05
E2F6	17	28	0.9523122601870785	0.3391660833916608	chr14	101292375.0	101292489.0	antisense	0.6603757206696913	0.180208902358081	0.05
CUX2	15	25	0.952099195849768	0.5247475252474753	chr14	101292375.0	101292489.0	sense	0.8020800861090362	0.09578226610639887	0.05
Rfx1	11	25	0.951543358325065	0.6925307469253075	chr14	101292375.0	101292489.0	antisense	0.8787859600348035	0.056116890222304545	0.05
TP53	16	34	0.9478119490451454	0.5376462353764624	chr14	101292375.0	101292489.0	sense	0.8084191580841916	0.0923634030344427	0.05
CUX1	15	25	0.944758004982463	0.5141485851414859	chr14	101292375.0	101292489.0	sense	0.7941759395489023	0.10008327451140704	0.05
OLIG3	7	17	0.9445160408176753	0.6127387261273872	chr14	101292375.0	101292489.0	sense	0.852772770216382	0.06916667550039451	0.05
RUNX2	19	28	0.9374603430924662	0.4597540245975402	chr14	101292375.0	101292489.0	sense	0.7651157961126964	0.11627283176527353	0.05
RHOXF1	6	14	0.9334084492381025	0.6379362063793621	chr14	101292375.0	101292489.0	antisense	0.8557950406509736	0.06763023458982464	0.05
TEAD3	17	25	0.9320255273286459	0.34736526347365265	chr14	101292375.0	101292489.0	sense	0.6603757206696913	0.180208902358081	0.05
PROP1	10	21	0.9316416242211494	0.3237676232376762	chr14	101292375.0	101292489.0	sense	0.6519034143097318	0.18581674435942502	0.05
MZF1	24	30	0.926214701159198	0.34426557344265574	chr14	101292375.0	101292489.0	antisense	0.6603757206696913	0.180208902358081	0.05
SPI1	20	34	0.9262044965830165	0.22327767223277672	chr14	101292375.0	101292489.0	antisense	0.535460090354601	0.2712728930574883	0.05
E2F4	17	28	0.9203828904616699	0.39086091390860916	chr14	101292375.0	101292489.0	antisense	0.6932164891618946	0.15913111550968992	0.05
MAF::NFE2	14	29	0.9194853298111814	0.5789421057894211	chr14	101292375.0	101292489.0	sense	0.8323295094313283	0.07970470760662654	0.05
Lhx4	14	22	0.9163970906362341	0.6276372362763724	chr14	101292375.0	101292489.0	sense	0.854777803469653	0.06814676394808009	0.05
HES5	13	25	0.9143031416060388	0.2555744425557444	chr14	101292375.0	101292489.0	sense	0.5717376538208248	0.24280320483294196	0.05
NFAT5	13	23	0.909157601477631	0.6639336066393361	chr14	101292375.0	101292489.0	antisense	0.8626240317144757	0.06417844707621724	0.05
NFIX	17	26	0.9060025597683707	0.8283171682831717	chr14	101292375.0	101292489.0	sense	0.9198022505441763	0.03630553214214938	0.05
MTF1	9	23	0.9035523139547801	0.32386761323867613	chr14	101292375.0	101292489.0	antisense	0.6519034143097318	0.18581674435942502	0.05
SCRT1	22	37	0.9027292522387707	0.49665033496650335	chr14	101292375.0	101292489.0	antisense	0.7858583044134612	0.10465575314486052	0.05
Gabpa	8	19	0.901523182377068	0.5601439856014399	chr14	101292375.0	101292489.0	sense	0.8144602206446022	0.08913012237625355	0.05
ZNF354C	20	26	0.8993023432047993	0.36336366363363665	chr14	101292375.0	101292489.0	sense	0.6687437639214803	0.17474025477575036	0.05
Nkx3-1	14	23	0.8944777123990576	0.5645435456454354	chr14	101292375.0	101292489.0	antisense	0.8144602206446022	0.08913012237625355	0.05
NKX2-3	24	34	0.8924470227920746	0.6659334066593341	chr14	101292375.0	101292489.0	sense	0.8626240317144757	0.06417844707621724	0.05
TFAP2A	11	22	0.8883257573006627	0.6742325767423257	chr14	101292375.0	101292489.0	antisense	0.8626240317144757	0.06417844707621724	0.05
PDX1	14	22	0.8856806945593408	0.4854514548545146	chr14	101292375.0	101292489.0	sense	0.776027012683347	0.11012316114498585	0.05
BSX	6	14	0.869353042711281	0.6367363263673632	chr14	101292375.0	101292489.0	sense	0.8557950406509736	0.06763023458982464	0.05
Pou2f3	13	29	0.8688711340804182	0.7434256574342566	chr14	101292375.0	101292489.0	antisense	0.8967049241021843	0.04735044538041751	0.05
Hmx2	14	31	0.8618436450026653	0.8452154784521548	chr14	101292375.0	101292489.0	sense	0.9254574542545746	0.03364354212683878	0.05
Hmx3	14	31	0.8603630769327005	0.8952104789521048	chr14	101292375.0	101292489.0	sense	0.9462611783628155	0.023988977058462497	0.05
POU4F2	14	30	0.8566217401614272	0.37736226377362264	chr14	101292375.0	101292489.0	antisense	0.6798399744800606	0.16759330255717475	0.05
POU1F1	9	23	0.8560034252236114	0.7393260673932607	chr14	101292375.0	101292489.0	sense	0.8967049241021843	0.04735044538041751	0.05
FOXG1	6	14	0.8541650194595116	0.26477352264773524	chr14	101292375.0	101292489.0	antisense	0.5786597072510323	0.23757675701395137	0.05
IRF1	13	34	0.8509575551286234	0.6028397160283971	chr14	101292375.0	101292489.0	sense	0.85020057776831	0.07047860423656992	0.05
Twist2	14	24	0.8452723457457731	0.6257374262573743	chr14	101292375.0	101292489.0	sense	0.8546255900725717	0.0682241072350405	0.05
Arid3b	12	23	0.8435612950119624	0.7124287571242875	chr14	101292375.0	101292489.0	sense	0.8884341781649173	0.051374742443568065	0.05
Stat6	12	27	0.8414902364129269	0.7612238776122388	chr14	101292375.0	101292489.0	antisense	0.8967049241021843	0.04735044538041751	0.05
NFE2	13	24	0.8408628322113142	0.35106489351064896	chr14	101292375.0	101292489.0	sense	0.6625551990255519	0.1787779337933163	0.05
FOXB1	11	22	0.838286665212476	0.5871412858714129	chr14	101292375.0	101292489.0	sense	0.8392741547763032	0.07609615066368479	0.05
HOXB13	14	24	0.8334095324944115	0.50994900509949	chr14	101292375.0	101292489.0	sense	0.7924057893611837	0.10105236014203291	0.05
NOTO	14	24	0.8308549702200753	0.7664233576642335	chr14	101292375.0	101292489.0	sense	0.8967049241021843	0.04735044538041751	0.05
ELF3	10	23	0.8285247893464279	0.4904509549045096	chr14	101292375.0	101292489.0	antisense	0.7808099558142346	0.10745465778037645	0.05
ETV4	15	25	0.8065802452799103	0.7328267173282672	chr14	101292375.0	101292489.0	sense	0.8967049241021843	0.04735044538041751	0.05
PRRX1	14	22	0.8063839663978315	0.7656234376562344	chr14	101292375.0	101292489.0	sense	0.8967049241021843	0.04735044538041751	0.05
Nkx2-5(var.2)	20	31	0.8048985927591308	0.6781321867813219	chr14	101292375.0	101292489.0	sense	0.8626240317144757	0.06417844707621724	0.05
FOXP2	16	27	0.7979988077386694	0.45995400459954006	chr14	101292375.0	101292489.0	sense	0.7651157961126964	0.11627283176527353	0.05
RFX4	13	29	0.7912417003660415	0.791020897910209	chr14	101292375.0	101292489.0	antisense	0.9022853758580186	0.04465608157242045	0.05
Znf423	22	37	0.7876884409066475	0.39536046395360464	chr14	101292375.0	101292489.0	antisense	0.6932164891618946	0.15913111550968992	0.05
GATA3	17	25	0.7848109047909089	0.29927007299270075	chr14	101292375.0	101292489.0	sense	0.6212846715328467	0.20670936126025102	0.05
ELK4	7	18	0.7840832127638663	0.6193380661933806	chr14	101292375.0	101292489.0	antisense	0.852772770216382	0.06916667550039451	0.05
Gfi1	16	26	0.7817414068117136	0.8620137986201379	chr14	101292375.0	101292489.0	sense	0.9339982494443666	0.02965393774995408	0.05
Mycn	9	17	0.7692042866904014	0.42615738426157385	chr14	101292375.0	101292489.0	sense	0.7299527472995275	0.1367052525525266	0.05
PLAG1	23	37	0.7688319568263741	0.3574642535746425	chr14	101292375.0	101292489.0	antisense	0.6635122202065508	0.1781510741267497	0.05
HOXD13	14	24	0.7631386913240594	0.5620437956204379	chr14	101292375.0	101292489.0	sense	0.8144602206446022	0.08913012237625355	0.05
SPIB	15	22	0.7623616912033039	0.6009399060093991	chr14	101292375.0	101292489.0	sense	0.8498305482803218	0.07066766167775466	0.05
POU3F1	6	18	0.7608436042521015	0.8436156384361564	chr14	101292375.0	101292489.0	antisense	0.9254574542545746	0.03364354212683878	0.05
ELK1	7	17	0.7598454133344592	0.5522447755224478	chr14	101292375.0	101292489.0	sense	0.8144602206446022	0.08913012237625355	0.05
GCM1	13	24	0.7503051556374556	0.7278272172782722	chr14	101292375.0	101292489.0	sense	0.8967049241021843	0.04735044538041751	0.05
DMRT3	15	26	0.7494246570697646	0.835916408359164	chr14	101292375.0	101292489.0	antisense	0.9230651402944811	0.034767649925105955	0.05
Ahr::Arnt	16	22	0.7462754813010292	0.48255174482551744	chr14	101292375.0	101292489.0	antisense	0.776027012683347	0.11012316114498585	0.05
SPDEF	6	17	0.7419866307659229	0.6103389661033897	chr14	101292375.0	101292489.0	sense	0.852772770216382	0.06916667550039451	0.05
NRF1	18	29	0.7306181501032323	0.6108389161083891	chr14	101292375.0	101292489.0	sense	0.852772770216382	0.06916667550039451	0.05
HES7	13	25	0.7297984568601359	0.3454654534546545	chr14	101292375.0	101292489.0	sense	0.6603757206696913	0.180208902358081	0.05
MSC	14	24	0.7267348909649897	0.6144385561443856	chr14	101292375.0	101292489.0	antisense	0.852772770216382	0.06916667550039451	0.05
OTX1	6	14	0.7232863247759118	0.7393260673932607	chr14	101292375.0	101292489.0	antisense	0.8967049241021843	0.04735044538041751	0.05
GCM2	23	33	0.7212654976326833	0.8184181581841816	chr14	101292375.0	101292489.0	antisense	0.9154289312448065	0.03837536623532546	0.05
Foxd3	12	24	0.7170130818282409	0.6300369963003699	chr14	101292375.0	101292489.0	antisense	0.854777803469653	0.06814676394808009	0.05
FEV	7	17	0.716330211516057	0.7598240175982401	chr14	101292375.0	101292489.0	sense	0.8967049241021843	0.04735044538041751	0.05
RFX3	13	29	0.7121848781927594	0.7787221277872213	chr14	101292375.0	101292489.0	antisense	0.8981261873812618	0.046662640355754466	0.05
HOXA13	14	24	0.7102138906523146	0.646035396460354	chr14	101292375.0	101292489.0	sense	0.8575252449179636	0.06675308578410268	0.05
GBX1	14	24	0.7086557994605686	0.7386261373862614	chr14	101292375.0	101292489.0	sense	0.8967049241021843	0.04735044538041751	0.05
Gfi1b	14	25	0.7074825774773785	0.6992300769923008	chr14	101292375.0	101292489.0	antisense	0.8827131779575665	0.05418038981513835	0.05
MSX2	6	14	0.7055175559923195	0.6585341465853415	chr14	101292375.0	101292489.0	sense	0.8626240317144757	0.06417844707621724	0.05
Nkx2-5	14	21	0.7042795569691399	0.7124287571242875	chr14	101292375.0	101292489.0	sense	0.8884341781649173	0.051374742443568065	0.05
SCRT2	24	37	0.703897503559223	0.5492450754924507	chr14	101292375.0	101292489.0	antisense	0.8144602206446022	0.08913012237625355	0.05
VSX1	14	22	0.7025120376673313	0.8736126387361264	chr14	101292375.0	101292489.0	antisense	0.9348555866062879	0.02925547231890733	0.05
BHLHE22	7	17	0.6990053473317699	0.6513348665133487	chr14	101292375.0	101292489.0	sense	0.8601597855481627	0.0654208655749772	0.05
GSC	16	26	0.6965414172757782	0.9114088591140886	chr14	101292375.0	101292489.0	sense	0.9570198222113272	0.01907906683355918	0.05
YY1	22	34	0.6893227565634144	0.7745225477452254	chr14	101292375.0	101292489.0	antisense	0.8968902664299272	0.04726068917353954	0.05
Msx3	6	14	0.6886674794558258	0.6419358064193581	chr14	101292375.0	101292489.0	sense	0.8565305007960743	0.06725716732593476	0.05
E2F2	17	33	0.6860199123863808	0.37746225377462256	chr14	101292375.0	101292489.0	sense	0.6798399744800606	0.16759330255717475	0.05
OTX2	6	14	0.6820045210721759	0.8062193780621938	chr14	101292375.0	101292489.0	antisense	0.9115436282458711	0.040222540335392715	0.05
Shox2	14	22	0.679177952691533	0.7495250474952505	chr14	101292375.0	101292489.0	antisense	0.8967049241021843	0.04735044538041751	0.05
Foxq1	16	27	0.6768832106689484	0.5902409759024098	chr14	101292375.0	101292489.0	antisense	0.8392741547763032	0.07609615066368479	0.05
SRY	11	20	0.6743128115594405	0.8671132886711329	chr14	101292375.0	101292489.0	sense	0.9348555866062879	0.02925547231890733	0.05
EBF1	23	37	0.6731076782241767	0.7479252074792521	chr14	101292375.0	101292489.0	antisense	0.8967049241021843	0.04735044538041751	0.05
Myc	27	37	0.6693026121975646	0.6582341765823417	chr14	101292375.0	101292489.0	sense	0.8626240317144757	0.06417844707621724	0.05
Nobox	14	22	0.6679895946450884	0.7478252174782521	chr14	101292375.0	101292489.0	antisense	0.8967049241021843	0.04735044538041751	0.05
TP63	16	34	0.6651216119552491	0.48465153484651535	chr14	101292375.0	101292489.0	antisense	0.776027012683347	0.11012316114498585	0.05
JDP2	14	23	0.6602818629905601	0.45345465453454653	chr14	101292375.0	101292489.0	antisense	0.760677480639033	0.11879944055971499	0.05
POU3F3	6	19	0.6582246373740798	0.8503149685031497	chr14	101292375.0	101292489.0	antisense	0.9290809866381783	0.03194642753803105	0.05
EN1	14	22	0.6564474448794657	0.807919208079192	chr14	101292375.0	101292489.0	antisense	0.9115436282458711	0.040222540335392715	0.05
TAL1::TCF3	19	31	0.656129385349235	0.7857214278572143	chr14	101292375.0	101292489.0	sense	0.9001973974787952	0.045662246965449356	0.05
ERG	7	17	0.6463540137352809	0.7828217178282172	chr14	101292375.0	101292489.0	sense	0.9001973974787952	0.045662246965449356	0.05
ZNF410	20	37	0.6398851755763747	0.39706029397060294	chr14	101292375.0	101292489.0	sense	0.6938528369385284	0.1587326316817342	0.05
LBX1	14	22	0.6361495864261508	0.7519248075192481	chr14	101292375.0	101292489.0	antisense	0.8967049241021843	0.04735044538041751	0.05
SOX10	17	23	0.634302047263112	0.734026597340266	chr14	101292375.0	101292489.0	antisense	0.8967049241021843	0.04735044538041751	0.05
ERF	7	17	0.6320254226868902	0.7496250374962504	chr14	101292375.0	101292489.0	sense	0.8967049241021843	0.04735044538041751	0.05
HOXA5	16	24	0.630414632553233	0.8568143185681432	chr14	101292375.0	101292489.0	sense	0.9311752925125898	0.03096855596287239	0.05
RREB1	16	36	0.623255773737817	0.2826717328267173	chr14	101292375.0	101292489.0	sense	0.6012566776109274	0.2209400872776147	0.05
Dux	15	23	0.622835483023766	0.6213378662133786	chr14	101292375.0	101292489.0	sense	0.852772770216382	0.06916667550039451	0.05
Mecom	16	30	0.6210186394646029	0.676932306769323	chr14	101292375.0	101292489.0	sense	0.8626240317144757	0.06417844707621724	0.05
RORA(var.2)	9	23	0.6176541058761736	0.6724327567243276	chr14	101292375.0	101292489.0	antisense	0.8626240317144757	0.06417844707621724	0.05
RFX2	13	29	0.6124593159246301	0.6505349465053495	chr14	101292375.0	101292489.0	antisense	0.8601597855481627	0.0654208655749772	0.05
POU2F2	14	27	0.6114165447124706	0.7572242775722428	chr14	101292375.0	101292489.0	sense	0.8967049241021843	0.04735044538041751	0.05
Bhlha15	27	35	0.6038778909442654	0.6748325167483251	chr14	101292375.0	101292489.0	sense	0.8626240317144757	0.06417844707621724	0.05
ETS1	7	17	0.6032805628032727	0.8228177182281772	chr14	101292375.0	101292489.0	sense	0.9163999909021974	0.037914923794213094	0.05
Foxo1	17	28	0.6000755744074324	0.7752224777522247	chr14	101292375.0	101292489.0	antisense	0.8968902664299272	0.04726068917353954	0.05
TFAP2C(var.2)	25	36	0.598387164360943	0.8771122887711229	chr14	101292375.0	101292489.0	sense	0.9366692960333597	0.02841371568521289	0.05
LHX6	14	24	0.5956330736562804	0.8934106589341065	chr14	101292375.0	101292489.0	antisense	0.9462611783628155	0.023988977058462497	0.05
NEUROG2	7	17	0.593451772545639	0.6425357464253575	chr14	101292375.0	101292489.0	sense	0.8565305007960743	0.06725716732593476	0.05
STAT3	8	19	0.5879647547357835	0.8216178382161784	chr14	101292375.0	101292489.0	antisense	0.9163999909021974	0.037914923794213094	0.05
ONECUT2	14	28	0.5872361858183404	0.8058194180581941	chr14	101292375.0	101292489.0	antisense	0.9115436282458711	0.040222540335392715	0.05
RFX5	13	29	0.5850625052044844	0.664933506649335	chr14	101292375.0	101292489.0	sense	0.8626240317144757	0.06417844707621724	0.05
Ascl2	17	27	0.5845111514183047	0.7894210578942106	chr14	101292375.0	101292489.0	sense	0.9022853758580186	0.04465608157242045	0.05
NFATC2	13	20	0.5824646403247657	0.8042195780421958	chr14	101292375.0	101292489.0	antisense	0.9115436282458711	0.040222540335392715	0.05
Tcf21	21	35	0.5818814908654766	0.7028297170282972	chr14	101292375.0	101292489.0	antisense	0.8827131779575665	0.05418038981513835	0.05
Sox6	15	25	0.579392188946275	0.6381361863813618	chr14	101292375.0	101292489.0	sense	0.8557950406509736	0.06763023458982464	0.05
ELF4	11	23	0.5743112154984358	0.7671232876712328	chr14	101292375.0	101292489.0	antisense	0.8967049241021843	0.04735044538041751	0.05
NFIA	17	27	0.5742259850793212	0.8332166783321668	chr14	101292375.0	101292489.0	antisense	0.9220457485168329	0.03524753031783384	0.05
ELF1	11	23	0.5724425457211534	0.7857214278572143	chr14	101292375.0	101292489.0	antisense	0.9001973974787952	0.045662246965449356	0.05
CLOCK	24	34	0.5684221834891088	0.8695130486951305	chr14	101292375.0	101292489.0	antisense	0.9348555866062879	0.02925547231890733	0.05
TFAP2B(var.2)	25	36	0.5610900202113884	0.8715128487151285	chr14	101292375.0	101292489.0	sense	0.9348555866062879	0.02925547231890733	0.05
Sox2	26	34	0.5600629233442893	0.5364463553644635	chr14	101292375.0	101292489.0	sense	0.8084191580841916	0.0923634030344427	0.05
RELA	18	28	0.5582984984627002	0.6227377262273772	chr14	101292375.0	101292489.0	antisense	0.852772770216382	0.06916667550039451	0.05
Bcl6	10	24	0.5564488010600136	0.9551044895510449	chr14	101292375.0	101292489.0	antisense	0.971377421944694	0.012611995199802876	0.05
FLI1	7	17	0.5378096731641981	0.813018698130187	chr14	101292375.0	101292489.0	antisense	0.9136631791366318	0.03921387691596158	0.05
Lhx3	15	28	0.5373395697459575	0.6722327767223277	chr14	101292375.0	101292489.0	sense	0.8626240317144757	0.06417844707621724	0.05
EHF	11	23	0.536960804610133	0.8576142385761424	chr14	101292375.0	101292489.0	antisense	0.9311752925125898	0.03096855596287239	0.05
OLIG2	26	36	0.5362855091047888	0.8720127987201279	chr14	101292375.0	101292489.0	sense	0.9348555866062879	0.02925547231890733	0.05
Crx	17	28	0.5297492905371709	0.8386161383861613	chr14	101292375.0	101292489.0	antisense	0.9240802034446236	0.03429033353984191	0.05
NFIC	13	19	0.5072012450137549	0.9146085391460854	chr14	101292375.0	101292489.0	antisense	0.9570198222113272	0.01907906683355918	0.05
ZBTB18	24	37	0.48513942633353674	0.8818118188181182	chr14	101292375.0	101292489.0	sense	0.9391046551082597	0.027286006665350544	0.05
mix-a	12	23	0.47921310576863413	0.8451154884511549	chr14	101292375.0	101292489.0	sense	0.9254574542545746	0.03364354212683878	0.05
POU3F2	15	27	0.47820182022724983	0.883011698830117	chr14	101292375.0	101292489.0	antisense	0.9391046551082597	0.027286006665350544	0.05
TFCP2	19	29	0.47681340025316593	0.9431056894310569	chr14	101292375.0	101292489.0	sense	0.9680535898979272	0.014100600178441475	0.05
VENTX	24	33	0.4728347795508478	0.9142085791420858	chr14	101292375.0	101292489.0	sense	0.9570198222113272	0.01907906683355918	0.05
Sox3	26	36	0.47225891845442214	0.7027297270272973	chr14	101292375.0	101292489.0	sense	0.8827131779575665	0.05418038981513835	0.05
SMAD3	13	23	0.4659498564667985	0.7213278672132787	chr14	101292375.0	101292489.0	sense	0.8934556544345564	0.04892699829242792	0.05
ONECUT3	16	30	0.46325050985092847	0.7517248275172482	chr14	101292375.0	101292489.0	sense	0.8967049241021843	0.04735044538041751	0.05
ZNF143	16	32	0.4577159068513315	0.7230276972302769	chr14	101292375.0	101292489.0	sense	0.8934556544345564	0.04892699829242792	0.05
MYF6	21	31	0.45283477205504086	0.8168183181681832	chr14	101292375.0	101292489.0	sense	0.9154289312448065	0.03837536623532546	0.05
IRF2	13	31	0.4469597251081769	0.7019298070192981	chr14	101292375.0	101292489.0	antisense	0.8827131779575665	0.05418038981513835	0.05
GRHL1	22	34	0.44038320141469645	0.9421057894210579	chr14	101292375.0	101292489.0	antisense	0.9680535898979272	0.014100600178441475	0.05
Lhx8	6	14	0.43773483190490436	0.9493050694930507	chr14	101292375.0	101292489.0	sense	0.9698608879269554	0.01329055432998283	0.05
NFIC::TLX1	9	23	0.4371588499854139	0.8133186681331867	chr14	101292375.0	101292489.0	antisense	0.9136631791366318	0.03921387691596158	0.05
Sox1	14	29	0.41632821492850175	0.7446255374462554	chr14	101292375.0	101292489.0	sense	0.8967049241021843	0.04735044538041751	0.05
VSX2	6	14	0.4148322722159149	0.9479052094790521	chr14	101292375.0	101292489.0	sense	0.9698608879269554	0.01329055432998283	0.05
ZBED1	7	20	0.4143353175699778	0.7617238276172382	chr14	101292375.0	101292489.0	sense	0.8967049241021843	0.04735044538041751	0.05
Arid3a	14	20	0.41056584952846026	0.775922407759224	chr14	101292375.0	101292489.0	sense	0.8968902664299272	0.04726068917353954	0.05
IRF7	16	30	0.4082555606346249	0.8294170582941706	chr14	101292375.0	101292489.0	sense	0.9198022505441763	0.03630553214214938	0.05
ISX	6	14	0.4080798186564151	0.8528147185281472	chr14	101292375.0	101292489.0	sense	0.9298547036052697	0.03158490773879342	0.05
SOX21	18	33	0.40299234685074903	0.5615438456154385	chr14	101292375.0	101292489.0	antisense	0.8144602206446022	0.08913012237625355	0.05
Stat4	15	29	0.3984287564108082	0.9638036196380362	chr14	101292375.0	101292489.0	antisense	0.975076176592867	0.010961454269040573	0.05
ONECUT1	16	30	0.38793899270328774	0.9032096790320968	chr14	101292375.0	101292489.0	sense	0.9508434552082318	0.021890978473213054	0.05
STAT1	8	19	0.3693079747026217	0.9303069693030697	chr14	101292375.0	101292489.0	antisense	0.9680535898979272	0.014100600178441475	0.05
PAX4	6	14	0.35976703088263545	0.9687031296870313	chr14	101292375.0	101292489.0	sense	0.9781263118824304	0.009605058288684744	0.05
SOX4	21	37	0.35516385115902166	0.5389461053894611	chr14	101292375.0	101292489.0	antisense	0.8084191580841916	0.0923634030344427	0.05
HSF4	14	27	0.3547357787961182	0.994000599940006	chr14	101292375.0	101292489.0	antisense	0.994000599940006	0.002613353479391466	0.05
E2F8	19	31	0.3540767234587118	0.7138286171382862	chr14	101292375.0	101292489.0	sense	0.8884341781649173	0.051374742443568065	0.05
EWSR1-FLI1	18	36	0.34416399228986494	0.18118188181181882	chr14	101292375.0	101292489.0	antisense	0.4872196718152019	0.31227518509538427	0.05
SRF	10	26	0.33706952631899073	0.9017098290170983	chr14	101292375.0	101292489.0	antisense	0.9508434552082318	0.021890978473213054	0.05
ETV2	16	27	0.3168611395343879	0.939006099390061	chr14	101292375.0	101292489.0	sense	0.9680535898979272	0.014100600178441475	0.05
BHLHE23	25	37	0.30728228369165755	0.9403059694030597	chr14	101292375.0	101292489.0	antisense	0.9680535898979272	0.014100600178441475	0.05
Sox5	17	24	0.3068237831156186	0.9597040295970403	chr14	101292375.0	101292489.0	sense	0.9728249831266873	0.011965284807833	0.05
Stat5a::Stat5b	14	25	0.29307330802953696	0.9728027197280272	chr14	101292375.0	101292489.0	antisense	0.9803584690074681	0.008615095076960627	0.05
OLIG1	26	36	0.291634311754607	0.9165083491650835	chr14	101292375.0	101292489.0	antisense	0.9570781352448257	0.01905260525296911	0.05
E2F7	18	32	0.2823465114079977	0.6160383961603839	chr14	101292375.0	101292489.0	sense	0.852772770216382	0.06916667550039451	0.05
IRF9	17	32	0.2817031096781777	0.6320367963203679	chr14	101292375.0	101292489.0	antisense	0.854777803469653	0.06814676394808009	0.05
SOX8	21	37	0.2620562933090824	0.5898410158984102	chr14	101292375.0	101292489.0	antisense	0.8392741547763032	0.07609615066368479	0.05
IRF8	17	31	0.259978504570572	0.7598240175982401	chr14	101292375.0	101292489.0	antisense	0.8967049241021843	0.04735044538041751	0.05
Nr2e3	23	30	0.24896481834273831	0.9543045695430457	chr14	101292375.0	101292489.0	sense	0.971377421944694	0.012611995199802876	0.05
Sox11	21	36	0.22068047109380734	0.6777322267773223	chr14	101292375.0	101292489.0	antisense	0.8626240317144757	0.06417844707621724	0.05
PAX7	15	25	0.1921125600114982	0.8903109689031097	chr14	101292375.0	101292489.0	antisense	0.9449312737437913	0.024599777225373164	0.05
HSF2	18	31	0.17586946635073225	0.9861013898610139	chr14	101292375.0	101292489.0	antisense	0.989916095431076	0.00440161432722835	0.05
HSF1	18	31	0.17514880710091663	0.9564043595640436	chr14	101292375.0	101292489.0	antisense	0.971377421944694	0.012611995199802876	0.05
PAX3	15	25	0.15540363959746334	0.9339066093390661	chr14	101292375.0	101292489.0	antisense	0.9680535898979272	0.014100600178441475	0.05
LIN54	18	27	0.13702315360002348	0.9921007899210079	chr14	101292375.0	101292489.0	antisense	0.994000599940006	0.002613353479391466	0.05
MEF2A	25	37	0.13160972494597256	0.9438056194380562	chr14	101292375.0	101292489.0	antisense	0.9680535898979272	0.014100600178441475	0.05
POU3F4	17	26	0.12424510088454495	0.983001699830017	chr14	101292375.0	101292489.0	antisense	0.9887168259918194	0.0049280749535779225	0.05
MEF2B	24	36	0.07393756605451021	0.9426057394260574	chr14	101292375.0	101292489.0	antisense	0.9680535898979272	0.014100600178441475	0.05
MEF2D	24	36	0.07129253483190474	0.9393060693930607	chr14	101292375.0	101292489.0	antisense	0.9680535898979272	0.014100600178441475	0.05
BCL6B	20	37	-0.005040041424543864	0.8643135686431357	chr14	101292375.0	101292489.0	sense	0.9345390460953905	0.02940254859278829	0.05
