motif	start	end	score	pval	tile_chr	tile_start	tile_end	strand	padj	neg_log_pval	fdr_cutoff
Hes1	69	79	2.0998142025259443	0.016998300169983	chr14	101292375.0	101292489.0	sense	0.35410576589399884	0.45086700157976023	0.15
Hand1::Tcf3	67	77	2.0330948489103973	0.00029997000299970003	chr14	101292375.0	101292489.0	antisense	0.15568443155684433	0.8077548147087423	0.15
Pparg::Rxra	65	80	1.9075488685930702	0.0037996200379962005	chr14	101292375.0	101292489.0	sense	0.2465003499650035	0.6081824598035382	0.15
RUNX1	65	76	1.866826880460675	0.0022997700229977	chr14	101292375.0	101292489.0	antisense	0.2162283771622838	0.6650873111400109	0.15
Neurog1	69	79	1.7852790779096201	0.008599140085991401	chr14	101292375.0	101292489.0	antisense	0.30098990100989903	0.5214480758654675	0.15
NEUROD2	69	79	1.5108548088013734	0.0018998100189981002	chr14	101292375.0	101292489.0	antisense	0.2162283771622838	0.6650873111400109	0.15
TAL1::TCF3	69	81	1.469629908208272	0.0021997800219978004	chr14	101292375.0	101292489.0	antisense	0.2162283771622838	0.6650873111400109	0.15
NRL	65	76	1.4675988723894569	0.025897410258974102	chr14	101292375.0	101292489.0	sense	0.36326367363263673	0.439778029414148	0.15
SMAD2::SMAD3::SMAD4	65	78	1.448361623827788	0.0065993400659934	chr14	101292375.0	101292489.0	antisense	0.30098990100989903	0.5214480758654675	0.15
NRF1	67	78	1.3975017301591601	0.0024997500249975004	chr14	101292375.0	101292489.0	antisense	0.2162283771622838	0.6650873111400109	0.15
HINFP	68	80	1.3969858989945492	0.007699230076992301	chr14	101292375.0	101292489.0	antisense	0.30098990100989903	0.5214480758654675	0.15
PROX1	70	82	1.3703923755948488	0.000999900009999	chr14	101292375.0	101292489.0	sense	0.2162283771622838	0.6650873111400109	0.15
STAT3	66	77	1.36872241483035	0.0034996500349965005	chr14	101292375.0	101292489.0	antisense	0.2465003499650035	0.6081824598035382	0.15
ZBTB7C	71	83	1.3615442531699595	0.030896910308969103	chr14	101292375.0	101292489.0	sense	0.38179753453226106	0.41816688040147065	0.15
Pax2	69	77	1.348513050739968	0.0273972602739726	chr14	101292375.0	101292489.0	antisense	0.3645943097997892	0.43819011363451615	0.15
RUNX3	72	82	1.3170323573794536	0.009499050094990502	chr14	101292375.0	101292489.0	sense	0.3081254374562544	0.5112724467954818	0.15
YY1	70	82	1.3094988928004538	0.007099290070992901	chr14	101292375.0	101292489.0	sense	0.30098990100989903	0.5214480758654675	0.15
MEIS1	71	78	1.2599367130281651	0.0086991300869913	chr14	101292375.0	101292489.0	sense	0.30098990100989903	0.5214480758654675	0.15
Bcl6	66	80	1.2392489521506769	0.021497850214978503	chr14	101292375.0	101292489.0	sense	0.35410576589399884	0.45086700157976023	0.15
Hes2	70	83	1.23501433427456	0.12958704129587043	chr14	101292375.0	101292489.0	antisense	0.5774960965441918	0.23845094694239327	0.15
HNF4G	65	80	1.2171975086297246	0.029897010298970104	chr14	101292375.0	101292489.0	sense	0.38179753453226106	0.41816688040147065	0.15
Mitf	68	78	1.1870296255602653	0.06869313068693131	chr14	101292375.0	101292489.0	sense	0.47237583933914296	0.32571232339981	0.15
Stat6	63	78	1.1787592196218954	0.026797320267973202	chr14	101292375.0	101292489.0	sense	0.3645943097997892	0.43819011363451615	0.15
NHLH1	69	79	1.1666866529246813	0.011898810118988102	chr14	101292375.0	101292489.0	sense	0.351731493517315	0.4537887438569626	0.15
NR2C2	65	80	1.1662066863710994	0.0156984301569843	chr14	101292375.0	101292489.0	sense	0.35410576589399884	0.45086700157976023	0.15
TFAP2A(var.3)	67	80	1.1642375397181461	0.022397760223977603	chr14	101292375.0	101292489.0	sense	0.35410576589399884	0.45086700157976023	0.15
YY2	72	83	1.15881121838038	0.025397460253974602	chr14	101292375.0	101292489.0	antisense	0.36326367363263673	0.439778029414148	0.15
THAP1	71	80	1.157749579819124	0.0953904609539046	chr14	101292375.0	101292489.0	sense	0.5440401014843571	0.2643690870454033	0.15
TFAP2C(var.3)	67	80	1.149249245285389	0.020597940205979402	chr14	101292375.0	101292489.0	sense	0.35410576589399884	0.45086700157976023	0.15
GSC2	70	80	1.1433887701418175	0.09019098090190981	chr14	101292375.0	101292489.0	antisense	0.5380358515872551	0.2691887845050816	0.15
ZBTB7B	71	83	1.1397894604005216	0.0231976802319768	chr14	101292375.0	101292489.0	sense	0.35410576589399884	0.45086700157976023	0.15
RARA::RXRA	63	80	1.132800215125019	0.03849615038496151	chr14	101292375.0	101292489.0	sense	0.42272647735226476	0.37394054940812527	0.15
OLIG3	69	79	1.1227457009168054	0.019998000199980003	chr14	101292375.0	101292489.0	antisense	0.35410576589399884	0.45086700157976023	0.15
CTCF	64	83	1.1092286028075873	0.034896510348965105	chr14	101292375.0	101292489.0	sense	0.4211927644444858	0.37551909804881145	0.15
TCF3	69	79	1.096310464235098	0.022797720227977204	chr14	101292375.0	101292489.0	antisense	0.35410576589399884	0.45086700157976023	0.15
Bhlha15	70	78	1.073798871046188	0.007499250074992501	chr14	101292375.0	101292489.0	antisense	0.30098990100989903	0.5214480758654675	0.15
CREB1	72	80	1.0718398228574002	0.013798620137986202	chr14	101292375.0	101292489.0	antisense	0.35410576589399884	0.45086700157976023	0.15
CREB3L1	69	83	1.0711743627143453	0.0165983401659834	chr14	101292375.0	101292489.0	antisense	0.35410576589399884	0.45086700157976023	0.15
TCF4	69	79	1.0701332406356805	0.019698030196980302	chr14	101292375.0	101292489.0	antisense	0.35410576589399884	0.45086700157976023	0.15
INSM1	65	77	1.0656726764860538	0.012198780121987801	chr14	101292375.0	101292489.0	antisense	0.351731493517315	0.4537887438569626	0.15
Stat5a::Stat5b	65	76	1.0602478030487126	0.016198380161983803	chr14	101292375.0	101292489.0	sense	0.35410576589399884	0.45086700157976023	0.15
Stat4	63	77	1.0419635637268714	0.047495250474952504	chr14	101292375.0	101292489.0	antisense	0.47237583933914296	0.32571232339981	0.15
SMAD3	67	77	1.0381164336120312	0.006899310068993101	chr14	101292375.0	101292489.0	antisense	0.30098990100989903	0.5214480758654675	0.15
ESR2	67	82	1.0267745053139121	0.08759124087591241	chr14	101292375.0	101292489.0	sense	0.5286029536581226	0.27687041450389177	0.15
ZBTB18	67	80	1.0243187248740306	0.0230976902309769	chr14	101292375.0	101292489.0	sense	0.35410576589399884	0.45086700157976023	0.15
MZF1(var.2)	72	82	1.0218187644075916	0.06409359064093591	chr14	101292375.0	101292489.0	sense	0.47237583933914296	0.32571232339981	0.15
HLTF	70	80	1.0138361129349045	0.11358864113588642	chr14	101292375.0	101292489.0	antisense	0.5723544150439325	0.24233496275857697	0.15
Dmbx1	66	83	1.0060184212347467	0.11738826117388261	chr14	101292375.0	101292489.0	sense	0.5774960965441918	0.23845094694239327	0.15
Mafb	65	77	0.9970860418939648	0.08099190080991901	chr14	101292375.0	101292489.0	sense	0.5004142442898567	0.3006703366116367	0.15
RUNX2	72	81	0.9794979691743794	0.037896210378962104	chr14	101292375.0	101292489.0	sense	0.42272647735226476	0.37394054940812527	0.15
Ascl2	69	79	0.9794562479079943	0.023997600239976002	chr14	101292375.0	101292489.0	antisense	0.355850129272787	0.44873287206707446	0.15
Nr2f6	66	80	0.970571509556398	0.0301969803019698	chr14	101292375.0	101292489.0	sense	0.38179753453226106	0.41816688040147065	0.15
JUN(var.2)	69	83	0.9700415200603735	0.059394060593940604	chr14	101292375.0	101292489.0	sense	0.47237583933914296	0.32571232339981	0.15
SPIC	68	82	0.9603308698761385	0.1121887811218878	chr14	101292375.0	101292489.0	sense	0.570842915708429	0.24348338427017985	0.15
ZBTB7A	63	75	0.957460006236344	0.07749225077492251	chr14	101292375.0	101292489.0	sense	0.48956188718477545	0.31019239974653534	0.15
Myod1	70	83	0.9504805957785974	0.06459354064593541	chr14	101292375.0	101292489.0	antisense	0.47237583933914296	0.32571232339981	0.15
RFX4	64	80	0.9483001443766431	0.0634936506349365	chr14	101292375.0	101292489.0	sense	0.47237583933914296	0.32571232339981	0.15
Atoh1	69	79	0.9416512356708373	0.0522947705229477	chr14	101292375.0	101292489.0	antisense	0.47237583933914296	0.32571232339981	0.15
GLI2	71	83	0.9364030008237669	0.0580941905809419	chr14	101292375.0	101292489.0	sense	0.47237583933914296	0.32571232339981	0.15
FOXP3	70	77	0.9351169078344964	0.036196380361963806	chr14	101292375.0	101292489.0	sense	0.42272647735226476	0.37394054940812527	0.15
Crem	72	82	0.9246320995679139	0.0390960903909609	chr14	101292375.0	101292489.0	antisense	0.42272647735226476	0.37394054940812527	0.15
MEIS3	71	79	0.9209552929380193	0.056394360563943605	chr14	101292375.0	101292489.0	sense	0.47237583933914296	0.32571232339981	0.15
GCM2	65	75	0.9187026085188067	0.07539246075392461	chr14	101292375.0	101292489.0	antisense	0.48910858914108596	0.3105947105505743	0.15
MTF1	67	81	0.9160221010286603	0.0193980601939806	chr14	101292375.0	101292489.0	sense	0.35410576589399884	0.45086700157976023	0.15
ZNF143	67	83	0.9064579491129816	0.020997900209979003	chr14	101292375.0	101292489.0	sense	0.35410576589399884	0.45086700157976023	0.15
NEUROG2	69	79	0.9041150969513556	0.020597940205979402	chr14	101292375.0	101292489.0	sense	0.35410576589399884	0.45086700157976023	0.15
CENPB	67	82	0.8973162464185824	0.1227877212278772	chr14	101292375.0	101292489.0	sense	0.5774960965441918	0.23845094694239327	0.15
NR2F1	64	77	0.8959539010258364	0.08649135086491351	chr14	101292375.0	101292489.0	sense	0.528106012928119	0.2772788876778833	0.15
TFAP2B(var.3)	67	80	0.8893272420765146	0.0695930406959304	chr14	101292375.0	101292489.0	antisense	0.47237583933914296	0.32571232339981	0.15
TP73	63	81	0.8882602591931424	0.0660933906609339	chr14	101292375.0	101292489.0	antisense	0.47237583933914296	0.32571232339981	0.15
Zfx	65	79	0.8857256322151685	0.1284871512848715	chr14	101292375.0	101292489.0	antisense	0.5774960965441918	0.23845094694239327	0.15
Gfi1b	65	76	0.8795811540503333	0.05419458054194581	chr14	101292375.0	101292489.0	sense	0.47237583933914296	0.32571232339981	0.15
CREB3	69	83	0.8753644082453232	0.06509349065093491	chr14	101292375.0	101292489.0	antisense	0.47237583933914296	0.32571232339981	0.15
MAFK	65	80	0.8746778659182074	0.12668733126687332	chr14	101292375.0	101292489.0	antisense	0.5774960965441918	0.23845094694239327	0.15
TEAD4	70	80	0.869206326278207	0.13018698130186981	chr14	101292375.0	101292489.0	antisense	0.5774960965441918	0.23845094694239327	0.15
Sox17	73	82	0.8685071411596806	0.0684931506849315	chr14	101292375.0	101292489.0	antisense	0.47237583933914296	0.32571232339981	0.15
GATA1::TAL1	65	83	0.8625694567933875	0.15658434156584342	chr14	101292375.0	101292489.0	antisense	0.5830752639021812	0.23427538248335597	0.15
USF1	68	79	0.8619086872433039	0.058694130586941305	chr14	101292375.0	101292489.0	antisense	0.47237583933914296	0.32571232339981	0.15
ZIC4	62	77	0.8535885721990152	0.14278572142785723	chr14	101292375.0	101292489.0	sense	0.5810703601172729	0.2357712769718495	0.15
MAFF	63	81	0.8504731125394005	0.1952804719528047	chr14	101292375.0	101292489.0	antisense	0.593546895310469	0.2265449623539001	0.15
TFEC	69	79	0.8497845330578051	0.0953904609539046	chr14	101292375.0	101292489.0	sense	0.5440401014843571	0.2643690870454033	0.15
Sox6	71	81	0.8400304135269482	0.0425957404259574	chr14	101292375.0	101292489.0	antisense	0.45116712818514065	0.34566255035419957	0.15
Gata4	69	80	0.8383166609072222	0.0700929907009299	chr14	101292375.0	101292489.0	antisense	0.47237583933914296	0.32571232339981	0.15
GATA5	67	75	0.8251840012716417	0.1287871212878712	chr14	101292375.0	101292489.0	sense	0.5774960965441918	0.23845094694239327	0.15
Sox3	71	81	0.8223575547118985	0.050294970502949704	chr14	101292375.0	101292489.0	antisense	0.47237583933914296	0.32571232339981	0.15
Mecom	66	80	0.8191951969488794	0.054394560543945605	chr14	101292375.0	101292489.0	sense	0.47237583933914296	0.32571232339981	0.15
SOX10	72	78	0.8178353697364409	0.0627937206279372	chr14	101292375.0	101292489.0	antisense	0.47237583933914296	0.32571232339981	0.15
TEAD1	70	80	0.8155226238576158	0.1623837616238376	chr14	101292375.0	101292489.0	antisense	0.5882527876244634	0.23043600610340126	0.15
SP8	63	75	0.8149974877406352	0.11878812118788121	chr14	101292375.0	101292489.0	sense	0.5774960965441918	0.23845094694239327	0.15
Creb3l2	72	81	0.8069275180080031	0.0380961903809619	chr14	101292375.0	101292489.0	antisense	0.42272647735226476	0.37394054940812527	0.15
NFIC::TLX1	68	82	0.7904285641737834	0.049595040495950406	chr14	101292375.0	101292489.0	sense	0.47237583933914296	0.32571232339981	0.15
Gata1	70	81	0.7861914925325221	0.07829217078292171	chr14	101292375.0	101292489.0	antisense	0.48956188718477545	0.31019239974653534	0.15
SRY	70	79	0.7775967775360502	0.16548345165483452	chr14	101292375.0	101292489.0	sense	0.5882527876244634	0.23043600610340126	0.15
Gfi1	64	74	0.7739454114082396	0.20587941205879412	chr14	101292375.0	101292489.0	sense	0.5975687431256874	0.2236121271281549	0.15
POU5F1B	67	76	0.7734222661865929	0.1260873912608739	chr14	101292375.0	101292489.0	sense	0.5774960965441918	0.23845094694239327	0.15
POU3F1	66	78	0.7723754428071856	0.19868013198680132	chr14	101292375.0	101292489.0	sense	0.593546895310469	0.2265449623539001	0.15
LBX2	70	80	0.7723460432374466	0.37876212378762125	chr14	101292375.0	101292489.0	antisense	0.6825609105756092	0.1658585868563998	0.15
NFIX	65	74	0.7656346077717504	0.24687531246875313	chr14	101292375.0	101292489.0	sense	0.5985675405062233	0.22288683804921125	0.15
MEIS2	71	79	0.7654777380628385	0.06509349065093491	chr14	101292375.0	101292489.0	sense	0.47237583933914296	0.32571232339981	0.15
Nfe2l2	63	78	0.761810946075615	0.14158584141585842	chr14	101292375.0	101292489.0	antisense	0.5810703601172729	0.2357712769718495	0.15
ATF7	69	83	0.7607912363955224	0.0736926307369263	chr14	101292375.0	101292489.0	sense	0.484132599398288	0.3150356728597948	0.15
Tcfl5	67	77	0.7589539585611621	0.48765123487651235	chr14	101292375.0	101292489.0	sense	0.7472261320876459	0.12654794831033297	0.15
PBX1	63	75	0.7564745965165446	0.1090890910908909	chr14	101292375.0	101292489.0	sense	0.570842915708429	0.24348338427017985	0.15
Gmeb1	62	79	0.7525479852598506	0.7019298070192981	chr14	101292375.0	101292489.0	sense	0.8374748732023349	0.07702821425323686	0.15
ETV5	69	79	0.7510540438006429	0.22357764223577642	chr14	101292375.0	101292489.0	sense	0.5975687431256874	0.2236121271281549	0.15
Arid5a	69	83	0.7486077114700374	0.37106289371062895	chr14	101292375.0	101292489.0	sense	0.67572505907304	0.17022997508813195	0.15
Atf3	73	81	0.7483538765096732	0.06479352064793521	chr14	101292375.0	101292489.0	sense	0.47237583933914296	0.32571232339981	0.15
Rfx1	65	79	0.7464704578512812	0.15728427157284272	chr14	101292375.0	101292489.0	antisense	0.5830752639021812	0.23427538248335597	0.15
HIC2	66	75	0.7423000254483741	0.23007699230076992	chr14	101292375.0	101292489.0	sense	0.5975687431256874	0.2236121271281549	0.15
ELF5	68	79	0.7402807168292834	0.21597840215978403	chr14	101292375.0	101292489.0	sense	0.5975687431256874	0.2236121271281549	0.15
Hic1	67	76	0.734265625276182	0.18868113188681132	chr14	101292375.0	101292489.0	sense	0.593546895310469	0.2265449623539001	0.15
OLIG2	69	79	0.7277687088464373	0.10158984101589841	chr14	101292375.0	101292489.0	sense	0.5551663583641636	0.25557685887069503	0.15
TBP	65	80	0.724096452399026	0.37396260373962603	chr14	101292375.0	101292489.0	sense	0.6762599001423899	0.169886363961917	0.15
EHF	67	79	0.7207001691723497	0.12618738126187382	chr14	101292375.0	101292489.0	sense	0.5774960965441918	0.23845094694239327	0.15
BATF::JUN	71	82	0.7173031208896545	0.10698930106989302	chr14	101292375.0	101292489.0	sense	0.5666066046456579	0.24671836743568998	0.15
STAT1	66	77	0.7115994265660726	0.09259074092590741	chr14	101292375.0	101292489.0	antisense	0.5399392645005162	0.26765508939138327	0.15
SP3	71	82	0.7112889359616474	0.22317768223177684	chr14	101292375.0	101292489.0	sense	0.5975687431256874	0.2236121271281549	0.15
Twist2	69	79	0.7106853781804517	0.1372862713728627	chr14	101292375.0	101292489.0	antisense	0.5810703601172729	0.2357712769718495	0.15
FOXA1	64	79	0.7105032200352612	0.23027697230276972	chr14	101292375.0	101292489.0	antisense	0.5975687431256874	0.2236121271281549	0.15
TGIF2	68	80	0.7072647454275213	0.0633936606339366	chr14	101292375.0	101292489.0	sense	0.47237583933914296	0.32571232339981	0.15
FOXP1	63	78	0.7052757601171082	0.21037896210378962	chr14	101292375.0	101292489.0	sense	0.5975687431256874	0.2236121271281549	0.15
NFATC1	67	77	0.7042219260267927	0.33026697330266974	chr14	101292375.0	101292489.0	antisense	0.654231141771319	0.18426878705673608	0.15
POU2F1	65	77	0.7034975807010958	0.26107389261073893	chr14	101292375.0	101292489.0	sense	0.6103484246169978	0.214422172056099	0.15
ELF1	67	79	0.695627717756483	0.11198880111988802	chr14	101292375.0	101292489.0	sense	0.570842915708429	0.24348338427017985	0.15
MEF2C	67	82	0.6891996833792228	0.24997500249975002	chr14	101292375.0	101292489.0	sense	0.5985675405062233	0.22288683804921125	0.15
GLIS2	62	76	0.688980265551403	0.12568743125687432	chr14	101292375.0	101292489.0	sense	0.5774960965441918	0.23845094694239327	0.15
GSX1	65	75	0.6851554855831697	0.5130486951304869	chr14	101292375.0	101292489.0	sense	0.7520398798109017	0.12375912866023664	0.15
ARNT::HIF1A	72	80	0.6848557048123723	0.1446855314468553	chr14	101292375.0	101292489.0	sense	0.5810703601172729	0.2357712769718495	0.15
RARA(var.2)	63	80	0.6841459327479371	0.0694930506949305	chr14	101292375.0	101292489.0	sense	0.47237583933914296	0.32571232339981	0.15
Myog	68	79	0.6778208494835536	0.14528547145285473	chr14	101292375.0	101292489.0	antisense	0.5810703601172729	0.2357712769718495	0.15
ELF4	67	79	0.6766855707969766	0.12098790120987901	chr14	101292375.0	101292489.0	sense	0.5774960965441918	0.23845094694239327	0.15
TFAP4	73	83	0.6763967186125441	0.09779022097790221	chr14	101292375.0	101292489.0	sense	0.5516643987775136	0.2583250419863586	0.15
Klf12	62	77	0.6732568534118694	0.14028597140285973	chr14	101292375.0	101292489.0	sense	0.5810703601172729	0.2357712769718495	0.15
BHLHE22	69	79	0.6723805215611833	0.12248775122487751	chr14	101292375.0	101292489.0	antisense	0.5774960965441918	0.23845094694239327	0.15
TBX19	62	82	0.6698253337024414	0.17568243175682433	chr14	101292375.0	101292489.0	sense	0.5882527876244634	0.23043600610340126	0.15
ID4	66	76	0.669681486857623	0.19108089191080893	chr14	101292375.0	101292489.0	sense	0.593546895310469	0.2265449623539001	0.15
FOS	64	75	0.6684274064622155	0.13998600139986	chr14	101292375.0	101292489.0	antisense	0.5810703601172729	0.2357712769718495	0.15
HSF4	68	81	0.6650531569284986	0.25237476252374763	chr14	101292375.0	101292489.0	sense	0.5985675405062233	0.22288683804921125	0.15
ALX3	65	75	0.6646839543971879	0.42805719428057193	chr14	101292375.0	101292489.0	antisense	0.7196416280702027	0.14288372259402246	0.15
TBX5	70	78	0.658786929325634	0.2686731326867313	chr14	101292375.0	101292489.0	antisense	0.6135546939133246	0.2121467170347696	0.15
FOS::JUN	66	73	0.6570714525893291	0.1324867513248675	chr14	101292375.0	101292489.0	sense	0.5810703601172729	0.2357712769718495	0.15
SREBF1	69	79	0.6563221661785539	0.1197880211978802	chr14	101292375.0	101292489.0	sense	0.5774960965441918	0.23845094694239327	0.15
ETV3	69	79	0.6558271196812089	0.22097790220977903	chr14	101292375.0	101292489.0	antisense	0.5975687431256874	0.2236121271281549	0.15
TCF7L2	65	79	0.654057118699032	0.27987201279872015	chr14	101292375.0	101292489.0	sense	0.6135546939133246	0.2121467170347696	0.15
GATA2	65	79	0.6518821358999959	0.273972602739726	chr14	101292375.0	101292489.0	antisense	0.6135546939133246	0.2121467170347696	0.15
Myb	72	82	0.6510147575815495	0.133986601339866	chr14	101292375.0	101292489.0	antisense	0.5810703601172729	0.2357712769718495	0.15
Nr2e1	72	81	0.6509892891642974	0.1810818918108189	chr14	101292375.0	101292489.0	sense	0.593546895310469	0.2265449623539001	0.15
TFAP2A	62	73	0.6504697362803581	0.2626737326267373	chr14	101292375.0	101292489.0	sense	0.6113348306424963	0.2137208596904952	0.15
ETV1	69	79	0.6502759910899328	0.2508749125087491	chr14	101292375.0	101292489.0	sense	0.5985675405062233	0.22288683804921125	0.15
JDP2(var.2)	70	82	0.649137007696468	0.0923907609239076	chr14	101292375.0	101292489.0	sense	0.5399392645005162	0.26765508939138327	0.15
SP2	68	83	0.6480350293984519	0.24857514248575144	chr14	101292375.0	101292489.0	antisense	0.5985675405062233	0.22288683804921125	0.15
SPIB	72	79	0.6465153166749742	0.16798320167983202	chr14	101292375.0	101292489.0	sense	0.5882527876244634	0.23043600610340126	0.15
ETV6	69	79	0.6406347364289521	0.19358064193580643	chr14	101292375.0	101292489.0	sense	0.593546895310469	0.2265449623539001	0.15
MAF::NFE2	65	80	0.6406331555900456	0.1842815718428157	chr14	101292375.0	101292489.0	antisense	0.593546895310469	0.2265449623539001	0.15
FIGLA	69	79	0.6384034618816337	0.27477252274772523	chr14	101292375.0	101292489.0	antisense	0.6135546939133246	0.2121467170347696	0.15
RFX3	64	80	0.6373353523645843	0.20777922207779223	chr14	101292375.0	101292489.0	sense	0.5975687431256874	0.2236121271281549	0.15
TP53	63	81	0.635788592653459	0.1426857314268573	chr14	101292375.0	101292489.0	sense	0.5810703601172729	0.2357712769718495	0.15
ZNF740	64	74	0.6348923046611987	0.0988901109889011	chr14	101292375.0	101292489.0	sense	0.551870619389674	0.25816272638516047	0.15
NR4A2	71	79	0.634633240296993	0.17518248175182483	chr14	101292375.0	101292489.0	sense	0.5882527876244634	0.23043600610340126	0.15
NFYB	68	83	0.6333646482287503	0.28447155284471554	chr14	101292375.0	101292489.0	sense	0.6135546939133246	0.2121467170347696	0.15
USF2	68	79	0.6321882287998398	0.18168183181681832	chr14	101292375.0	101292489.0	antisense	0.593546895310469	0.2265449623539001	0.15
ELK4	69	80	0.6316888702593566	0.20077992200779923	chr14	101292375.0	101292489.0	antisense	0.593546895310469	0.2265449623539001	0.15
ELF3	67	80	0.6312614524069354	0.15098490150984903	chr14	101292375.0	101292489.0	sense	0.5810703601172729	0.2357712769718495	0.15
TFCP2	72	82	0.6296718125040617	0.21157884211578842	chr14	101292375.0	101292489.0	sense	0.5975687431256874	0.2236121271281549	0.15
FOSL2	72	83	0.6288562670517448	0.1454854514548545	chr14	101292375.0	101292489.0	sense	0.5810703601172729	0.2357712769718495	0.15
Crx	72	83	0.6287367533867072	0.19968003199680032	chr14	101292375.0	101292489.0	sense	0.593546895310469	0.2265449623539001	0.15
Myc	68	78	0.628456941124622	0.1531846815318468	chr14	101292375.0	101292489.0	antisense	0.5810703601172729	0.2357712769718495	0.15
GRHL1	71	83	0.6280129234802939	0.20127987201279873	chr14	101292375.0	101292489.0	sense	0.593546895310469	0.2265449623539001	0.15
Pou2f3	62	78	0.6257538146484625	0.29657034296570345	chr14	101292375.0	101292489.0	antisense	0.6206451935451617	0.2071566035622578	0.15
FOXF2	65	79	0.6245011333228313	0.24827517248275172	chr14	101292375.0	101292489.0	sense	0.5985675405062233	0.22288683804921125	0.15
EGR1	63	77	0.6232609935711776	0.24627537246275372	chr14	101292375.0	101292489.0	antisense	0.5985675405062233	0.22288683804921125	0.15
ZIC3	62	77	0.6229547444197036	0.18418158184181582	chr14	101292375.0	101292489.0	sense	0.593546895310469	0.2265449623539001	0.15
TBX2	68	79	0.6214753494497716	0.36736326367363265	chr14	101292375.0	101292489.0	antisense	0.67572505907304	0.17022997508813195	0.15
HOXB2	70	80	0.6209783335237261	0.48525147485251474	chr14	101292375.0	101292489.0	antisense	0.7472261320876459	0.12654794831033297	0.15
MGA	70	78	0.6204830681670502	0.1683831616838316	chr14	101292375.0	101292489.0	antisense	0.5882527876244634	0.23043600610340126	0.15
GATA3	67	75	0.6198846574572594	0.07649235076492351	chr14	101292375.0	101292489.0	sense	0.48956188718477545	0.31019239974653534	0.15
JUNB	72	83	0.6196484476859461	0.16008399160083991	chr14	101292375.0	101292489.0	sense	0.5882527876244634	0.23043600610340126	0.15
TFAP2C	67	79	0.6194176407974573	0.36976302369763026	chr14	101292375.0	101292489.0	antisense	0.67572505907304	0.17022997508813195	0.15
FOXH1	62	73	0.6168864052358259	0.1830816918308169	chr14	101292375.0	101292489.0	sense	0.593546895310469	0.2265449623539001	0.15
Gabpa	70	81	0.6137855289914342	0.22927707229277072	chr14	101292375.0	101292489.0	sense	0.5975687431256874	0.2236121271281549	0.15
EGR2	62	73	0.6131850773060615	0.148985101489851	chr14	101292375.0	101292489.0	sense	0.5810703601172729	0.2357712769718495	0.15
NFYA	62	80	0.6131528845355998	0.2722727727227277	chr14	101292375.0	101292489.0	antisense	0.6135546939133246	0.2121467170347696	0.15
FOSL1	64	75	0.6119675352062393	0.1528847115288471	chr14	101292375.0	101292489.0	sense	0.5810703601172729	0.2357712769718495	0.15
OTX1	71	79	0.611913691738103	0.21877812218778123	chr14	101292375.0	101292489.0	antisense	0.5975687431256874	0.2236121271281549	0.15
TFAP2B(var.2)	66	77	0.6114518953569736	0.24177582241775822	chr14	101292375.0	101292489.0	sense	0.5985675405062233	0.22288683804921125	0.15
GCM1	64	75	0.6109458353324774	0.24237576242375763	chr14	101292375.0	101292489.0	antisense	0.5985675405062233	0.22288683804921125	0.15
Ddit3::Cebpa	64	76	0.6093383622761708	0.35526447355264473	chr14	101292375.0	101292489.0	antisense	0.67572505907304	0.17022997508813195	0.15
PAX5	63	82	0.6080726458700919	0.3671632836716328	chr14	101292375.0	101292489.0	sense	0.67572505907304	0.17022997508813195	0.15
TBX4	70	78	0.607547776205382	0.22917708229177083	chr14	101292375.0	101292489.0	antisense	0.5975687431256874	0.2236121271281549	0.15
SPDEF	68	79	0.6064327415071559	0.17048295170482952	chr14	101292375.0	101292489.0	sense	0.5882527876244634	0.23043600610340126	0.15
ETV4	69	79	0.6058429226901797	0.2896710328967103	chr14	101292375.0	101292489.0	sense	0.6151123663143889	0.21104554176488122	0.15
SOX9	72	81	0.6036351606949762	0.37036296370362964	chr14	101292375.0	101292489.0	antisense	0.67572505907304	0.17022997508813195	0.15
PKNOX1	68	80	0.601571867241541	0.0633936606339366	chr14	101292375.0	101292489.0	sense	0.47237583933914296	0.32571232339981	0.15
FOXD2	70	77	0.6014540170798014	0.2084791520847915	chr14	101292375.0	101292489.0	sense	0.5975687431256874	0.2236121271281549	0.15
LEF1	65	80	0.6009683255989201	0.19198080191980801	chr14	101292375.0	101292489.0	sense	0.593546895310469	0.2265449623539001	0.15
IRF1	62	83	0.6005308455807615	0.10258974102589741	chr14	101292375.0	101292489.0	antisense	0.5551663583641636	0.25557685887069503	0.15
Nkx2-5(var.2)	72	83	0.5970840641669106	0.2568743125687431	chr14	101292375.0	101292489.0	sense	0.6034826381615233	0.21933521978222092	0.15
TFAP2B	67	79	0.5967446733599068	0.3671632836716328	chr14	101292375.0	101292489.0	antisense	0.67572505907304	0.17022997508813195	0.15
TFAP2C(var.2)	66	77	0.5967350498312924	0.30696930306969306	chr14	101292375.0	101292489.0	sense	0.6322105884649631	0.19913823473276235	0.15
Atf1	73	81	0.5951612138899979	0.1860813918608139	chr14	101292375.0	101292489.0	antisense	0.593546895310469	0.2265449623539001	0.15
PKNOX2	68	80	0.594682996652452	0.06879312068793121	chr14	101292375.0	101292489.0	sense	0.47237583933914296	0.32571232339981	0.15
Tcf12	69	80	0.589307462020347	0.21397860213978603	chr14	101292375.0	101292489.0	sense	0.5975687431256874	0.2236121271281549	0.15
MSC	73	83	0.5883129328542395	0.15658434156584342	chr14	101292375.0	101292489.0	sense	0.5830752639021812	0.23427538248335597	0.15
Bach1::Mafk	68	83	0.5869548117555875	0.19708029197080293	chr14	101292375.0	101292489.0	sense	0.593546895310469	0.2265449623539001	0.15
REST	62	83	0.5861822651337928	0.06079392060793921	chr14	101292375.0	101292489.0	antisense	0.47237583933914296	0.32571232339981	0.15
HOXB3	70	80	0.5845701732821963	0.5343465653434657	chr14	101292375.0	101292489.0	antisense	0.7657335914760174	0.11592230070196097	0.15
EOMES	66	79	0.5835346759824904	0.38166183381661833	chr14	101292375.0	101292489.0	antisense	0.6854065458506053	0.16405175223585386	0.15
TFE3	66	76	0.5831227088133787	0.44635536446355367	chr14	101292375.0	101292489.0	sense	0.7342458792095474	0.13415848217877682	0.15
TBX1	70	78	0.5817979208964636	0.14678532146785322	chr14	101292375.0	101292489.0	antisense	0.5810703601172729	0.2357712769718495	0.15
BCL6B	63	80	0.5745577190898524	0.047995200479952004	chr14	101292375.0	101292489.0	antisense	0.47237583933914296	0.32571232339981	0.15
VENTX	74	83	0.5732552741304309	0.24287571242875713	chr14	101292375.0	101292489.0	sense	0.5985675405062233	0.22288683804921125	0.15
HOXA2	70	80	0.5731221305142246	0.5162483751624838	chr14	101292375.0	101292489.0	antisense	0.7520398798109017	0.12375912866023664	0.15
ISL2	71	79	0.5717501292585176	0.4096590340965903	chr14	101292375.0	101292489.0	antisense	0.705118597051186	0.15173783093322377	0.15
HEY2	71	81	0.5704240288952134	0.28657134286571345	chr14	101292375.0	101292489.0	sense	0.6135546939133246	0.2121467170347696	0.15
TGIF1	68	80	0.5703156934531864	0.070992900709929	chr14	101292375.0	101292489.0	sense	0.47237583933914296	0.32571232339981	0.15
T	66	82	0.5691883073136511	0.22957704229577042	chr14	101292375.0	101292489.0	antisense	0.5975687431256874	0.2236121271281549	0.15
GSC	70	80	0.5677191018700058	0.40755924407559246	chr14	101292375.0	101292489.0	antisense	0.7050774922507749	0.1517631488136785	0.15
Klf1	68	79	0.5670409319904701	0.22567743225677434	chr14	101292375.0	101292489.0	sense	0.5975687431256874	0.2236121271281549	0.15
TFAP2A(var.2)	67	79	0.566152138102552	0.39916008399160086	chr14	101292375.0	101292489.0	antisense	0.6978716269787163	0.1562244582109334	0.15
TBX20	68	79	0.5652813542050158	0.2525747425257474	chr14	101292375.0	101292489.0	antisense	0.5985675405062233	0.22288683804921125	0.15
Vdr	66	82	0.5641215222642948	0.1501849815018498	chr14	101292375.0	101292489.0	sense	0.5810703601172729	0.2357712769718495	0.15
MIXL1	65	75	0.5627896155674103	0.5717428257174283	chr14	101292375.0	101292489.0	antisense	0.7829407032911485	0.1062711283745071	0.15
TBX21	69	79	0.5622284211899444	0.23197680231976803	chr14	101292375.0	101292489.0	antisense	0.5985675405062233	0.22288683804921125	0.15
PITX3	71	80	0.5575074632303265	0.3922607739226077	chr14	101292375.0	101292489.0	antisense	0.69457850133354	0.15827866314547878	0.15
FEV	69	79	0.5570871436063165	0.30416958304169583	chr14	101292375.0	101292489.0	sense	0.6314560543945605	0.19965686838346283	0.15
ZNF410	64	81	0.552380657908497	0.11068893110688931	chr14	101292375.0	101292489.0	sense	0.570842915708429	0.24348338427017985	0.15
MYF6	73	83	0.5514120757213712	0.17498250174982502	chr14	101292375.0	101292489.0	antisense	0.5882527876244634	0.23043600610340126	0.15
Ahr::Arnt	67	73	0.5505454862577182	0.1713828617138286	chr14	101292375.0	101292489.0	antisense	0.5882527876244634	0.23043600610340126	0.15
ZIC1	62	76	0.5504369404461756	0.17528247175282471	chr14	101292375.0	101292489.0	sense	0.5882527876244634	0.23043600610340126	0.15
TBX15	70	78	0.5496942605980975	0.1498850114988501	chr14	101292375.0	101292489.0	antisense	0.5810703601172729	0.2357712769718495	0.15
ELK3	69	79	0.5490052586082015	0.32326767323267674	chr14	101292375.0	101292489.0	sense	0.6497871448376398	0.18722888483668387	0.15
GMEB2	72	80	0.5458761903222955	0.28517148285171484	chr14	101292375.0	101292489.0	sense	0.6135546939133246	0.2121467170347696	0.15
MEOX2	70	80	0.5453618929504782	0.5985401459854015	chr14	101292375.0	101292489.0	antisense	0.7884323242802623	0.10323557874980635	0.15
TBR1	68	78	0.5448614401061078	0.2903709629037096	chr14	101292375.0	101292489.0	antisense	0.6151123663143889	0.21104554176488122	0.15
Nr1h3::Rxra	64	83	0.5447983145700748	0.45125487451254875	chr14	101292375.0	101292489.0	sense	0.7386034981407519	0.13158863979412777	0.15
HSF2	68	81	0.5445366143454207	0.22807719228077192	chr14	101292375.0	101292489.0	sense	0.5975687431256874	0.2236121271281549	0.15
RORA	63	73	0.5434608445455026	0.2410758924107589	chr14	101292375.0	101292489.0	sense	0.5985675405062233	0.22288683804921125	0.15
ERG	69	79	0.5425356099695106	0.29657034296570345	chr14	101292375.0	101292489.0	sense	0.6206451935451617	0.2071566035622578	0.15
Klf4	63	73	0.5415981983320419	0.21377862213778623	chr14	101292375.0	101292489.0	antisense	0.5975687431256874	0.2236121271281549	0.15
Rarg	66	82	0.5384875922693395	0.10618938106189381	chr14	101292375.0	101292489.0	sense	0.5666066046456579	0.24671836743568998	0.15
JUND(var.2)	67	82	0.536213033158372	0.3524647535246475	chr14	101292375.0	101292489.0	sense	0.67572505907304	0.17022997508813195	0.15
FOXC2	70	82	0.5352776491930764	0.3845615438456154	chr14	101292375.0	101292489.0	sense	0.6858674957246543	0.16375977851185106	0.15
SREBF2	64	74	0.5348375034604204	0.22617738226177383	chr14	101292375.0	101292489.0	antisense	0.5975687431256874	0.2236121271281549	0.15
Foxa2	63	75	0.5334494391489667	0.32426757324267574	chr14	101292375.0	101292489.0	antisense	0.6497871448376398	0.18722888483668387	0.15
Creb5	70	82	0.5333840872279698	0.19518048195180482	chr14	101292375.0	101292489.0	sense	0.593546895310469	0.2265449623539001	0.15
Hoxa9	62	73	0.531415849450882	0.27977202279772023	chr14	101292375.0	101292489.0	sense	0.6135546939133246	0.2121467170347696	0.15
MEF2A	63	75	0.5290986491664229	0.19388061193880612	chr14	101292375.0	101292489.0	sense	0.593546895310469	0.2265449623539001	0.15
POU1F1	65	79	0.5274246449047942	0.4116588341165883	chr14	101292375.0	101292489.0	sense	0.705118597051186	0.15173783093322377	0.15
Esrrg	64	74	0.5244719116430498	0.27647235276472354	chr14	101292375.0	101292489.0	sense	0.6135546939133246	0.2121467170347696	0.15
EMX1	70	80	0.5237700793745655	0.5923407659234077	chr14	101292375.0	101292489.0	sense	0.7861004715854946	0.1045219431888362	0.15
RREB1	63	83	0.5208936149872896	0.10268973102689731	chr14	101292375.0	101292489.0	sense	0.5551663583641636	0.25557685887069503	0.15
ETS1	69	79	0.5197704204076724	0.3193680631936806	chr14	101292375.0	101292489.0	sense	0.6490905596940306	0.18769470715697345	0.15
EN2	65	75	0.5173324582745675	0.5395460453954605	chr14	101292375.0	101292489.0	sense	0.7671901303020383	0.11509699288501288	0.15
Tcf7	65	77	0.5171966422106842	0.21907809219078092	chr14	101292375.0	101292489.0	sense	0.5975687431256874	0.2236121271281549	0.15
BARHL2	69	79	0.5111538964886275	0.5869413058694131	chr14	101292375.0	101292489.0	sense	0.7851096333665603	0.10506969377499757	0.15
ESX1	70	80	0.5110137081524555	0.6049395060493951	chr14	101292375.0	101292489.0	antisense	0.7900267762168507	0.10235818900556284	0.15
ATF4	63	76	0.5104925120572722	0.293970602939706	chr14	101292375.0	101292489.0	antisense	0.6202062720557212	0.20746384611962668	0.15
MAFG::NFE2L1	70	76	0.5104395355798413	0.28617138286171384	chr14	101292375.0	101292489.0	sense	0.6135546939133246	0.2121467170347696	0.15
SNAI2	69	78	0.5087863858567244	0.46555344465553444	chr14	101292375.0	101292489.0	sense	0.7472261320876459	0.12654794831033297	0.15
NFATC3	73	83	0.5065974190617569	0.5035496450354965	chr14	101292375.0	101292489.0	antisense	0.7472261320876459	0.12654794831033297	0.15
JUND	64	75	0.5065421878094309	0.256974302569743	chr14	101292375.0	101292489.0	sense	0.6034826381615233	0.21933521978222092	0.15
JUN	68	81	0.5026251083242099	0.32826717328267174	chr14	101292375.0	101292489.0	sense	0.654231141771319	0.18426878705673608	0.15
Barhl1	70	80	0.5016683609083029	0.7530246975302469	chr14	101292375.0	101292489.0	sense	0.8614086303787922	0.06479078139265476	0.15
POU2F2	66	79	0.4962716397763517	0.35106489351064896	chr14	101292375.0	101292489.0	antisense	0.67572505907304	0.17022997508813195	0.15
Dlx1	70	80	0.49611350388455033	0.6427357264273572	chr14	101292375.0	101292489.0	antisense	0.8057484106661796	0.0938005424579969	0.15
ZEB1	71	80	0.4944635090277157	0.24867513248675133	chr14	101292375.0	101292489.0	antisense	0.5985675405062233	0.22288683804921125	0.15
POU3F3	65	78	0.49347601305404043	0.45255474452554745	chr14	101292375.0	101292489.0	sense	0.7386034981407519	0.13158863979412777	0.15
Spz1	64	75	0.49288750249105634	0.4183581641835816	chr14	101292375.0	101292489.0	sense	0.7118947121681274	0.14758423291597286	0.15
HSF1	68	81	0.4909197265149938	0.22597740225977403	chr14	101292375.0	101292489.0	sense	0.5975687431256874	0.2236121271281549	0.15
KLF5	63	73	0.49010277117218837	0.24817518248175183	chr14	101292375.0	101292489.0	sense	0.5985675405062233	0.22288683804921125	0.15
RFX5	64	80	0.48706665690014894	0.23397660233976603	chr14	101292375.0	101292489.0	sense	0.5985675405062233	0.22288683804921125	0.15
Rarb(var.2)	63	80	0.4856467460031995	0.1533846615338466	chr14	101292375.0	101292489.0	sense	0.5810703601172729	0.2357712769718495	0.15
NFIA	65	75	0.4851948810621863	0.3658634136586341	chr14	101292375.0	101292489.0	sense	0.67572505907304	0.17022997508813195	0.15
ZBTB33	68	83	0.48336878860247223	0.47325267473252675	chr14	101292375.0	101292489.0	antisense	0.7472261320876459	0.12654794831033297	0.15
PLAG1	68	82	0.48330342420960626	0.19288071192880712	chr14	101292375.0	101292489.0	antisense	0.593546895310469	0.2265449623539001	0.15
FOXL1	70	77	0.4825764368998661	0.23727627237276272	chr14	101292375.0	101292489.0	sense	0.5985675405062233	0.22288683804921125	0.15
Dlx3	71	79	0.4807584203156841	0.5641435856414359	chr14	101292375.0	101292489.0	sense	0.7791104178706798	0.10840098844592623	0.15
Foxo1	65	76	0.4783279461998688	0.36846315368463156	chr14	101292375.0	101292489.0	antisense	0.67572505907304	0.17022997508813195	0.15
Nkx3-1	74	83	0.47639051193253046	0.37036296370362964	chr14	101292375.0	101292489.0	sense	0.67572505907304	0.17022997508813195	0.15
NKX2-8	68	77	0.47470394897354246	0.5152484751524847	chr14	101292375.0	101292489.0	antisense	0.7520398798109017	0.12375912866023664	0.15
NKX3-2	74	83	0.4730722007469031	0.42845715428457154	chr14	101292375.0	101292489.0	sense	0.7196416280702027	0.14288372259402246	0.15
NR3C2	66	83	0.47232401430365134	0.28647135286471354	chr14	101292375.0	101292489.0	sense	0.6135546939133246	0.2121467170347696	0.15
FOXP2	64	75	0.4723090124757373	0.31686831316868314	chr14	101292375.0	101292489.0	sense	0.6490905596940306	0.18769470715697345	0.15
NFAT5	65	75	0.46782848406893746	0.47295270472952705	chr14	101292375.0	101292489.0	sense	0.7472261320876459	0.12654794831033297	0.15
ONECUT2	69	83	0.46765627777788954	0.41145885411458855	chr14	101292375.0	101292489.0	sense	0.705118597051186	0.15173783093322377	0.15
HMBOX1	70	80	0.46750464561500094	0.5925407459254075	chr14	101292375.0	101292489.0	antisense	0.7861004715854946	0.1045219431888362	0.15
Nr2f6(var.2)	65	80	0.4655540329073807	0.144985501449855	chr14	101292375.0	101292489.0	sense	0.5810703601172729	0.2357712769718495	0.15
GSX2	65	75	0.4655080591075152	0.7463253674632536	chr14	101292375.0	101292489.0	sense	0.8588533607836555	0.06608098056792186	0.15
ERF	73	83	0.464838378477138	0.3561643835616438	chr14	101292375.0	101292489.0	antisense	0.67572505907304	0.17022997508813195	0.15
ESR1	62	79	0.46462091182978477	0.2161783821617838	chr14	101292375.0	101292489.0	sense	0.5975687431256874	0.2236121271281549	0.15
Rxra	66	80	0.46259823413264595	0.1730826917308269	chr14	101292375.0	101292489.0	sense	0.5882527876244634	0.23043600610340126	0.15
RXRG	66	80	0.46087737960995856	0.18098190180981902	chr14	101292375.0	101292489.0	sense	0.593546895310469	0.2265449623539001	0.15
Alx1	62	79	0.4603963768248833	0.5053494650534947	chr14	101292375.0	101292489.0	sense	0.7472261320876459	0.12654794831033297	0.15
ELK1	69	79	0.4602915164211041	0.31866813318668136	chr14	101292375.0	101292489.0	sense	0.6490905596940306	0.18769470715697345	0.15
Alx4	62	79	0.45931600622271396	0.4901509849015098	chr14	101292375.0	101292489.0	sense	0.7472261320876459	0.12654794831033297	0.15
BATF3	69	83	0.45803443693424556	0.16878312168783122	chr14	101292375.0	101292489.0	antisense	0.5882527876244634	0.23043600610340126	0.15
FLI1	69	79	0.4556871390662874	0.35156484351564843	chr14	101292375.0	101292489.0	sense	0.67572505907304	0.17022997508813195	0.15
ONECUT1	69	83	0.45526960473472927	0.39346065393460655	chr14	101292375.0	101292489.0	sense	0.69457850133354	0.15827866314547878	0.15
Pou5f1::Sox2	63	78	0.45434113120999603	0.5107489251074893	chr14	101292375.0	101292489.0	antisense	0.7509311391806995	0.12439988622484968	0.15
EBF1	65	79	0.45401050590009456	0.3725627437256274	chr14	101292375.0	101292489.0	sense	0.6760841398377644	0.16999925199722407	0.15
RXRB	66	80	0.45365572280370203	0.17278272172782722	chr14	101292375.0	101292489.0	sense	0.5882527876244634	0.23043600610340126	0.15
REL	70	80	0.45294832309290617	0.47025297470252975	chr14	101292375.0	101292489.0	sense	0.7472261320876459	0.12654794831033297	0.15
OLIG1	69	79	0.44784006106474006	0.2872712728727127	chr14	101292375.0	101292489.0	sense	0.6135546939133246	0.2121467170347696	0.15
NFIC	68	74	0.44773962905620085	0.44355564443555645	chr14	101292375.0	101292489.0	antisense	0.7342458792095474	0.13415848217877682	0.15
NFATC2	69	76	0.4459127388644604	0.3554644535546445	chr14	101292375.0	101292489.0	antisense	0.67572505907304	0.17022997508813195	0.15
Tcf21	67	81	0.4442976278959861	0.32266773322667736	chr14	101292375.0	101292489.0	antisense	0.6497871448376398	0.18722888483668387	0.15
Dlx4	71	79	0.4438927508134831	0.5813418658134186	chr14	101292375.0	101292489.0	sense	0.7843223429595024	0.10550541308399398	0.15
Sox2	73	81	0.4428861177547055	0.21557844215578442	chr14	101292375.0	101292489.0	antisense	0.5975687431256874	0.2236121271281549	0.15
BHLHE23	68	80	0.4420688303863543	0.3708629137086291	chr14	101292375.0	101292489.0	sense	0.67572505907304	0.17022997508813195	0.15
Hmx1	66	83	0.4413065488592346	0.627037296270373	chr14	101292375.0	101292489.0	antisense	0.804818036714847	0.09430229923900031	0.15
HLF	63	75	0.440079024688503	0.5361463853614639	chr14	101292375.0	101292489.0	sense	0.7657335914760174	0.11592230070196097	0.15
Arx	62	79	0.4398812576058268	0.49725027497250274	chr14	101292375.0	101292489.0	antisense	0.7472261320876459	0.12654794831033297	0.15
PRDM1	64	79	0.43885738230769256	0.4704529547045295	chr14	101292375.0	101292489.0	sense	0.7472261320876459	0.12654794831033297	0.15
Foxj3	65	82	0.43652901741072525	0.5505449455054494	chr14	101292375.0	101292489.0	sense	0.7696335205189159	0.1137160253525624	0.15
POU3F4	66	75	0.435266072070016	0.30616938306169383	chr14	101292375.0	101292489.0	antisense	0.6322105884649631	0.19913823473276235	0.15
Arid3b	65	76	0.4324388983034691	0.49375062493750627	chr14	101292375.0	101292489.0	antisense	0.7472261320876459	0.12654794831033297	0.15
ZNF263	62	83	0.42863261764814514	0.3398660133986601	chr14	101292375.0	101292489.0	antisense	0.6656243809581306	0.17677077878215297	0.15
MZF1	67	73	0.4268093452616096	0.3414658534146585	chr14	101292375.0	101292489.0	antisense	0.6662435260233375	0.17636699804192046	0.15
POU4F3	65	81	0.42578222026482015	0.597940205979402	chr14	101292375.0	101292489.0	antisense	0.7884323242802623	0.10323557874980635	0.15
Sox5	72	79	0.4257676935067798	0.3354664533546645	chr14	101292375.0	101292489.0	antisense	0.6594965503449655	0.18078747179322502	0.15
LIN54	67	76	0.4251473273978082	0.36866313368663134	chr14	101292375.0	101292489.0	antisense	0.67572505907304	0.17022997508813195	0.15
RHOXF1	71	79	0.42048863722536944	0.5433456654334566	chr14	101292375.0	101292489.0	antisense	0.7683825622887303	0.11442249959862219	0.15
Hoxc9	68	81	0.4184880501070739	0.537046295370463	chr14	101292375.0	101292489.0	sense	0.7657335914760174	0.11592230070196097	0.15
NR1H2::RXRA	65	82	0.4169660195500152	0.1623837616238376	chr14	101292375.0	101292489.0	sense	0.5882527876244634	0.23043600610340126	0.15
Rhox11	63	80	0.41501049356678865	0.7516248375162484	chr14	101292375.0	101292489.0	antisense	0.8614086303787922	0.06479078139265476	0.15
SCRT2	65	78	0.4148302844118149	0.35176482351764826	chr14	101292375.0	101292489.0	sense	0.67572505907304	0.17022997508813195	0.15
NR3C1	66	83	0.41438163734075745	0.3344665533446655	chr14	101292375.0	101292489.0	sense	0.6594965503449655	0.18078747179322502	0.15
DMRT3	64	75	0.4134473762924633	0.6183381661833817	chr14	101292375.0	101292489.0	antisense	0.7983022593263063	0.09783264160260632	0.15
GLIS3	62	76	0.411345913088308	0.24387561243875613	chr14	101292375.0	101292489.0	sense	0.5985675405062233	0.22288683804921125	0.15
DUXA	66	79	0.4111651049270308	0.5676432356764324	chr14	101292375.0	101292489.0	antisense	0.7793831727938317	0.10824897504021729	0.15
DLX6	71	79	0.4105922079547851	0.5495450454954505	chr14	101292375.0	101292489.0	sense	0.7696335205189159	0.1137160253525624	0.15
OTX2	71	79	0.41040080394628303	0.4978502149785021	chr14	101292375.0	101292489.0	antisense	0.7472261320876459	0.12654794831033297	0.15
Six3	65	82	0.4097958690880289	0.6408359164083591	chr14	101292375.0	101292489.0	antisense	0.8057484106661796	0.0938005424579969	0.15
Nr5a2	68	83	0.4094438716517092	0.6280371962803719	chr14	101292375.0	101292489.0	sense	0.804818036714847	0.09430229923900031	0.15
POU3F2	64	76	0.4082221905262021	0.4911508849115088	chr14	101292375.0	101292489.0	antisense	0.7472261320876459	0.12654794831033297	0.15
HOXB13	69	79	0.4065366784324787	0.42395760423957607	chr14	101292375.0	101292489.0	sense	0.7167231159620195	0.1446485883128586	0.15
JDP2	74	83	0.4058830325286989	0.2746725327467253	chr14	101292375.0	101292489.0	sense	0.6135546939133246	0.2121467170347696	0.15
MEOX1	65	75	0.403945648548013	0.6424357564243576	chr14	101292375.0	101292489.0	antisense	0.8057484106661796	0.0938005424579969	0.15
Hmx3	66	83	0.4036111489080845	0.6517348265173483	chr14	101292375.0	101292489.0	antisense	0.809459723884071	0.09180475547151981	0.15
CUX1	72	82	0.4034812056431913	0.5212478752124787	chr14	101292375.0	101292489.0	antisense	0.7535589059478454	0.12288279307970487	0.15
Npas2	71	81	0.40337792492363284	0.5762423757624238	chr14	101292375.0	101292489.0	antisense	0.7843223429595024	0.10550541308399398	0.15
CEBPA	67	78	0.40307583938829183	0.49185081491850813	chr14	101292375.0	101292489.0	sense	0.7472261320876459	0.12654794831033297	0.15
SCRT1	65	80	0.40263274076313116	0.42105789421057893	chr14	101292375.0	101292489.0	sense	0.7141472127297074	0.14621225448971978	0.15
ZBED1	62	75	0.4018432774474504	0.32016798320167983	chr14	101292375.0	101292489.0	sense	0.6490905596940306	0.18769470715697345	0.15
TFEB	66	76	0.40111698454917566	0.5848415158484151	chr14	101292375.0	101292489.0	sense	0.7843223429595024	0.10550541308399398	0.15
MEF2D	63	75	0.40110163509520175	0.27217278272172785	chr14	101292375.0	101292489.0	sense	0.6135546939133246	0.2121467170347696	0.15
Hnf4a	66	82	0.3995007595299492	0.28277172282771723	chr14	101292375.0	101292489.0	sense	0.6135546939133246	0.2121467170347696	0.15
Pitx1	71	79	0.3982294672516474	0.6078392160783922	chr14	101292375.0	101292489.0	antisense	0.790648002868886	0.10201682173071196	0.15
DBP	63	75	0.3982170655288356	0.49795020497950204	chr14	101292375.0	101292489.0	sense	0.7472261320876459	0.12654794831033297	0.15
FOXB1	64	75	0.3977294295518519	0.48605139486051396	chr14	101292375.0	101292489.0	antisense	0.7472261320876459	0.12654794831033297	0.15
SP1	63	74	0.39520145383208544	0.39236076392360764	chr14	101292375.0	101292489.0	sense	0.69457850133354	0.15827866314547878	0.15
E2F1	70	82	0.394167734619712	0.6116388361163884	chr14	101292375.0	101292489.0	sense	0.7936013898610139	0.10039758025856475	0.15
CUX2	72	82	0.3933790253223032	0.5516448355164484	chr14	101292375.0	101292489.0	antisense	0.7696335205189159	0.1137160253525624	0.15
HEY1	73	83	0.39336473225605223	0.527947205279472	chr14	101292375.0	101292489.0	sense	0.7590155111912631	0.11974934880025051	0.15
CLOCK	71	81	0.3897190255866827	0.565943405659434	chr14	101292375.0	101292489.0	sense	0.7791104178706798	0.10840098844592623	0.15
Foxd3	68	80	0.38927864504179166	0.47225277472252775	chr14	101292375.0	101292489.0	antisense	0.7472261320876459	0.12654794831033297	0.15
TP63	63	81	0.3867459553971506	0.24287571242875713	chr14	101292375.0	101292489.0	sense	0.5985675405062233	0.22288683804921125	0.15
Rarb	65	81	0.3836629272830516	0.20077992200779923	chr14	101292375.0	101292489.0	sense	0.593546895310469	0.2265449623539001	0.15
Pax6	69	83	0.3810556329073889	0.6994300569943006	chr14	101292375.0	101292489.0	antisense	0.8374748732023349	0.07702821425323686	0.15
Prrx2	71	79	0.37997071189789905	0.728027197280272	chr14	101292375.0	101292489.0	antisense	0.851004764388426	0.07006800849142748	0.15
SPI1	65	79	0.3764430966974374	0.29947005299470053	chr14	101292375.0	101292489.0	sense	0.62419661648293	0.20467858979881096	0.15
MAX::MYC	68	79	0.3718422598050075	0.5847415258474152	chr14	101292375.0	101292489.0	sense	0.7843223429595024	0.10550541308399398	0.15
RXRA::VDR	65	80	0.37155055011637667	0.36066393360663934	chr14	101292375.0	101292489.0	sense	0.67572505907304	0.17022997508813195	0.15
Foxk1	65	82	0.37049693190214256	0.5654434556544345	chr14	101292375.0	101292489.0	sense	0.7791104178706798	0.10840098844592623	0.15
CDX2	67	78	0.3704116873179466	0.47505249475052497	chr14	101292375.0	101292489.0	sense	0.7472261320876459	0.12654794831033297	0.15
IRF8	63	77	0.3691389609748188	0.2755724427557244	chr14	101292375.0	101292489.0	sense	0.6135546939133246	0.2121467170347696	0.15
ESRRB	64	75	0.36763655897851627	0.43415658434156584	chr14	101292375.0	101292489.0	sense	0.726862152494428	0.13854794414427624	0.15
SRF	67	83	0.3664542991347656	0.39936006399360063	chr14	101292375.0	101292489.0	sense	0.6978716269787163	0.1562244582109334	0.15
HOXA10	64	75	0.36566968166160674	0.6926307369263074	chr14	101292375.0	101292489.0	sense	0.8359891917784966	0.07779933737115254	0.15
RAX2	71	79	0.3633542444260392	0.7325267473252675	chr14	101292375.0	101292489.0	antisense	0.852424623008551	0.06934401381202064	0.15
EVX1	70	80	0.36168070388169105	0.8507149285071492	chr14	101292375.0	101292489.0	sense	0.9038169652422512	0.04391951093362526	0.15
MAX	69	79	0.3616531524264848	0.647035296470353	chr14	101292375.0	101292489.0	antisense	0.8091839008870197	0.09195276631829002	0.15
STAT1::STAT2	66	81	0.35703519101065867	0.47415258474152583	chr14	101292375.0	101292489.0	antisense	0.7472261320876459	0.12654794831033297	0.15
ZNF354C	68	74	0.35576961466204055	0.44465553444655537	chr14	101292375.0	101292489.0	sense	0.7342458792095474	0.13415848217877682	0.15
HOXA13	65	75	0.35525035722772097	0.5187481251874813	chr14	101292375.0	101292489.0	sense	0.7520398798109017	0.12375912866023664	0.15
KLF16	69	80	0.35447170306014936	0.47615238476152383	chr14	101292375.0	101292489.0	sense	0.7472261320876459	0.12654794831033297	0.15
FOXC1	64	75	0.351386995509447	0.5581441855814419	chr14	101292375.0	101292489.0	antisense	0.7745369848041934	0.11095783947627272	0.15
Hoxd9	65	75	0.347408285854523	0.69003099690031	chr14	101292375.0	101292489.0	sense	0.8356395129717799	0.07798103271770784	0.15
UNCX	71	79	0.3468338633797851	0.7387261273872613	chr14	101292375.0	101292489.0	sense	0.8536119721361197	0.06873950244465551	0.15
PPARG	63	83	0.3437857186544031	0.398960103989601	chr14	101292375.0	101292489.0	sense	0.6978716269787163	0.1562244582109334	0.15
Srebf1(var.2)	73	83	0.3427275265811246	0.47895210478952105	chr14	101292375.0	101292489.0	antisense	0.7472261320876459	0.12654794831033297	0.15
VSX1	71	79	0.3426624616683894	0.6812318768123188	chr14	101292375.0	101292489.0	sense	0.8338663775131921	0.07890353708173978	0.15
EVX2	70	80	0.3423974648489719	0.8897110288971103	chr14	101292375.0	101292489.0	sense	0.9202541897204701	0.03609219662692046	0.15
IRF9	62	77	0.34222988634818413	0.2663733626637336	chr14	101292375.0	101292489.0	sense	0.6135546939133246	0.2121467170347696	0.15
Esrra	71	82	0.3418815955360398	0.41815818418158185	chr14	101292375.0	101292489.0	antisense	0.7118947121681274	0.14758423291597286	0.15
NFIL3	72	83	0.3410266569269872	0.5452454754524547	chr14	101292375.0	101292489.0	antisense	0.7689739178256086	0.11408839041510124	0.15
Ar	66	83	0.3403795123965375	0.48555144485551444	chr14	101292375.0	101292489.0	sense	0.7472261320876459	0.12654794831033297	0.15
Foxq1	69	80	0.34002517775662316	0.5006499350064993	chr14	101292375.0	101292489.0	antisense	0.7472261320876459	0.12654794831033297	0.15
Rarg(var.2)	63	80	0.3395518054248826	0.28657134286571345	chr14	101292375.0	101292489.0	sense	0.6135546939133246	0.2121467170347696	0.15
NKX2-3	71	81	0.3366967886424745	0.7005299470052995	chr14	101292375.0	101292489.0	antisense	0.8374748732023349	0.07702821425323686	0.15
SHOX	71	79	0.33665224999397897	0.7401259874012599	chr14	101292375.0	101292489.0	sense	0.8536119721361197	0.06873950244465551	0.15
RORA(var.2)	65	79	0.33459532546805254	0.5090490950904909	chr14	101292375.0	101292489.0	antisense	0.7505581828180818	0.12461563586919759	0.15
PAX1	66	83	0.33420545048736033	0.5016498350164984	chr14	101292375.0	101292489.0	sense	0.7472261320876459	0.12654794831033297	0.15
MYBL1	63	75	0.33041913537135104	0.6138386161383862	chr14	101292375.0	101292489.0	sense	0.7944694308624001	0.09992280866828976	0.15
LHX9	71	79	0.3302220188415811	0.7246275372462754	chr14	101292375.0	101292489.0	antisense	0.8489428709499254	0.0711215343331961	0.15
HOXA5	71	79	0.3284581801596724	0.6763323667633236	chr14	101292375.0	101292489.0	sense	0.8317926501188744	0.07998492146437454	0.15
FOXG1	70	78	0.3264788553085902	0.40705929407059294	chr14	101292375.0	101292489.0	sense	0.7050774922507749	0.1517631488136785	0.15
Mlxip	72	80	0.32637813507269986	0.49955004499550043	chr14	101292375.0	101292489.0	antisense	0.7472261320876459	0.12654794831033297	0.15
Nobox	74	82	0.3259868129529731	0.5937406259374063	chr14	101292375.0	101292489.0	antisense	0.7861004715854946	0.1045219431888362	0.15
E2F6	71	82	0.32563504739224114	0.5042495750424958	chr14	101292375.0	101292489.0	sense	0.7472261320876459	0.12654794831033297	0.15
FOXI1	70	77	0.32542991392537435	0.45765423457654236	chr14	101292375.0	101292489.0	sense	0.7422579617038297	0.1294451353210112	0.15
FOXO6	70	77	0.32335273345718885	0.4470552944705529	chr14	101292375.0	101292489.0	sense	0.7342458792095474	0.13415848217877682	0.15
Arntl	68	78	0.3226045827501034	0.7857214278572143	chr14	101292375.0	101292489.0	sense	0.8750845945448374	0.057949961642617634	0.15
FOXO4	70	77	0.32222817782578805	0.49825017498250174	chr14	101292375.0	101292489.0	sense	0.7472261320876459	0.12654794831033297	0.15
HOXC13	64	75	0.3215441891907763	0.6012398760123988	chr14	101292375.0	101292489.0	antisense	0.7899835332922405	0.10238196120936588	0.15
FOXD1	70	78	0.3207541632835563	0.5825417458254175	chr14	101292375.0	101292489.0	sense	0.7843223429595024	0.10550541308399398	0.15
EGR4	67	83	0.3200215230792428	0.7090290970902909	chr14	101292375.0	101292489.0	antisense	0.8408618042305358	0.07527537470361746	0.15
FOXO3	70	78	0.31697670319969995	0.44185581441855815	chr14	101292375.0	101292489.0	sense	0.7342458792095474	0.13415848217877682	0.15
Dux	71	79	0.31577732313830564	0.4928507149285071	chr14	101292375.0	101292489.0	antisense	0.7472261320876459	0.12654794831033297	0.15
NKX6-2	71	79	0.3154072519595309	0.7576242375762424	chr14	101292375.0	101292489.0	sense	0.8614086303787922	0.06479078139265476	0.15
TEAD3	70	78	0.31318584251392734	0.5432456754324567	chr14	101292375.0	101292489.0	sense	0.7683825622887303	0.11442249959862219	0.15
Foxj2	70	78	0.31317809716833517	0.5184481551844815	chr14	101292375.0	101292489.0	sense	0.7520398798109017	0.12375912866023664	0.15
BSX	71	79	0.3097479481929464	0.6907309269073093	chr14	101292375.0	101292489.0	sense	0.8356395129717799	0.07798103271770784	0.15
XBP1	64	78	0.3083719259461354	0.7221277872212779	chr14	101292375.0	101292489.0	antisense	0.8479283293390119	0.07164085468668886	0.15
ETV2	66	77	0.3059380252025004	0.5897410258974103	chr14	101292375.0	101292489.0	sense	0.7861004715854946	0.1045219431888362	0.15
VAX1	69	77	0.30377511637566557	0.8351164883511649	chr14	101292375.0	101292489.0	sense	0.8957215848663067	0.047826960143715	0.15
BHLHE40	73	83	0.3031266753169484	0.6723327667233276	chr14	101292375.0	101292489.0	antisense	0.828837781305005	0.08153046049663971	0.15
CEBPE	65	75	0.30167071675024876	0.756024397560244	chr14	101292375.0	101292489.0	antisense	0.8614086303787922	0.06479078139265476	0.15
EN1	71	79	0.2993003257745982	0.6895310468953104	chr14	101292375.0	101292489.0	antisense	0.8356395129717799	0.07798103271770784	0.15
LHX2	65	75	0.29802396657496066	0.7391260873912608	chr14	101292375.0	101292489.0	antisense	0.8536119721361197	0.06873950244465551	0.15
VAX2	69	77	0.29708855138763335	0.8235176482351765	chr14	101292375.0	101292489.0	sense	0.8904284571542845	0.05040096885799829	0.15
Hmx2	66	83	0.29696467177001185	0.7399260073992601	chr14	101292375.0	101292489.0	antisense	0.8536119721361197	0.06873950244465551	0.15
PRRX1	71	79	0.29519657864017274	0.7308269173082692	chr14	101292375.0	101292489.0	sense	0.8523576855797567	0.06937811852536344	0.15
HOXD13	69	79	0.292929901648141	0.5808419158084192	chr14	101292375.0	101292489.0	sense	0.7843223429595024	0.10550541308399398	0.15
E2F4	64	75	0.2924798230157296	0.5576442355764424	chr14	101292375.0	101292489.0	sense	0.7745369848041934	0.11095783947627272	0.15
CEBPB	65	75	0.288188798200856	0.7201279872012799	chr14	101292375.0	101292489.0	antisense	0.8479283293390119	0.07164085468668886	0.15
HOXD11	65	75	0.2827316188787156	0.6785321467853215	chr14	101292375.0	101292489.0	sense	0.8325252581124867	0.07960258149434819	0.15
CEBPD	65	75	0.2778250826389019	0.7096290370962903	chr14	101292375.0	101292489.0	antisense	0.8408618042305358	0.07527537470361746	0.15
LBX1	66	74	0.2776904176455827	0.661033896610339	chr14	101292375.0	101292489.0	sense	0.8187985497392981	0.08682293523373559	0.15
HOXC12	66	77	0.2735539398925662	0.6851314868513149	chr14	101292375.0	101292489.0	sense	0.8356395129717799	0.07798103271770784	0.15
MNT	71	81	0.27240165870772265	0.8195180481951805	chr14	101292375.0	101292489.0	antisense	0.8900122513844649	0.05060401507188749	0.15
LMX1B	66	74	0.27049457748431355	0.798020197980202	chr14	101292375.0	101292489.0	sense	0.8774840736265357	0.056760757254025976	0.15
MEF2B	63	75	0.26924385384851984	0.4901509849015098	chr14	101292375.0	101292489.0	sense	0.7472261320876459	0.12654794831033297	0.15
PAX9	66	83	0.26861766876558535	0.524047595240476	chr14	101292375.0	101292489.0	sense	0.7555019498050195	0.1217644104930987	0.15
MNX1	65	75	0.26860114410489405	0.8273172682731726	chr14	101292375.0	101292489.0	sense	0.8908250253812793	0.05020759110776101	0.15
SOX8	64	80	0.26823815582705524	0.2863713628637136	chr14	101292375.0	101292489.0	antisense	0.6135546939133246	0.2121467170347696	0.15
HOXD12	66	77	0.2680502598134195	0.6905309469053095	chr14	101292375.0	101292489.0	sense	0.8356395129717799	0.07798103271770784	0.15
LHX6	65	75	0.265370037266218	0.7954204579542046	chr14	101292375.0	101292489.0	sense	0.8774840736265357	0.056760757254025976	0.15
Hoxa11	66	78	0.2652579769831927	0.871012898710129	chr14	101292375.0	101292489.0	sense	0.9117022032736486	0.04014699565730871	0.15
MSX1	66	74	0.2644507456403942	0.8445155484451555	chr14	101292375.0	101292489.0	sense	0.9000073298624963	0.045753953554150247	0.15
Lhx8	66	74	0.26131151718274814	0.7771222877712228	chr14	101292375.0	101292489.0	antisense	0.8730010115871529	0.058985253056785425	0.15
HOXC11	66	77	0.25990129695910025	0.7617238276172382	chr14	101292375.0	101292489.0	sense	0.8614086303787922	0.06479078139265476	0.15
DUX4	62	73	0.25921187797521683	0.6042395760423958	chr14	101292375.0	101292489.0	sense	0.7900267762168507	0.10235818900556284	0.15
mix-a	64	75	0.2565333589176204	0.6519348065193481	chr14	101292375.0	101292489.0	sense	0.809459723884071	0.09180475547151981	0.15
POU4F1	68	82	0.255692044532853	0.7976202379762024	chr14	101292375.0	101292489.0	sense	0.8774840736265357	0.056760757254025976	0.15
SOX4	62	78	0.25444149318642334	0.3297670232976702	chr14	101292375.0	101292489.0	sense	0.654231141771319	0.18426878705673608	0.15
Hoxb5	63	79	0.25412938517312517	0.9042095790420958	chr14	101292375.0	101292489.0	sense	0.9269697784641968	0.03293442471223035	0.15
TEF	63	75	0.25121976714635175	0.7153284671532847	chr14	101292375.0	101292489.0	sense	0.8456844520559333	0.07279165385757544	0.15
E2F8	65	77	0.25062621805331275	0.45435456454354567	chr14	101292375.0	101292489.0	antisense	0.7392163604956119	0.13122842978262347	0.15
HOXC10	67	77	0.24724706190351664	0.8045195480451954	chr14	101292375.0	101292489.0	sense	0.882760349757836	0.05415718193097386	0.15
Lhx4	66	74	0.24555791053241818	0.7585241475852414	chr14	101292375.0	101292489.0	sense	0.8614086303787922	0.06479078139265476	0.15
IRF7	69	83	0.24382214997201102	0.6334366563343665	chr14	101292375.0	101292489.0	sense	0.8057484106661796	0.0938005424579969	0.15
RELA	70	80	0.24168906398678047	0.6058394160583942	chr14	101292375.0	101292489.0	antisense	0.7900267762168507	0.10235818900556284	0.15
MYBL2	65	80	0.24084409986388705	0.8132186781321867	chr14	101292375.0	101292489.0	sense	0.8875538916696565	0.05180526740619276	0.15
VSX2	71	79	0.2400320394279159	0.7808219178082192	chr14	101292375.0	101292489.0	antisense	0.8750845945448374	0.057949961642617634	0.15
NFKB2	66	79	0.23839226347626022	0.6376362363763624	chr14	101292375.0	101292489.0	antisense	0.8057484106661796	0.0938005424579969	0.15
PAX4	72	80	0.23769855314482374	0.798020197980202	chr14	101292375.0	101292489.0	sense	0.8774840736265357	0.056760757254025976	0.15
KLF14	62	76	0.23396907296784575	0.6423357664233577	chr14	101292375.0	101292489.0	sense	0.8057484106661796	0.0938005424579969	0.15
RAX	73	83	0.23098403070194937	0.8353164683531646	chr14	101292375.0	101292489.0	sense	0.8957215848663067	0.047826960143715	0.15
SREBF2(var.2)	66	76	0.22726418546821325	0.7003299670032996	chr14	101292375.0	101292489.0	sense	0.8374748732023349	0.07702821425323686	0.15
Znf423	65	80	0.2238607255923015	0.5471452854714528	chr14	101292375.0	101292489.0	sense	0.7695620681834254	0.11375634687540545	0.15
Nr2e3	74	81	0.22137823307105906	0.7219278072192781	chr14	101292375.0	101292489.0	antisense	0.8479283293390119	0.07164085468668886	0.15
LMX1A	66	74	0.2205466942155791	0.8263173682631737	chr14	101292375.0	101292489.0	sense	0.8908250253812793	0.05020759110776101	0.15
GLIS1	65	81	0.2191019131672796	0.38416158384161586	chr14	101292375.0	101292489.0	sense	0.6858674957246543	0.16375977851185106	0.15
MLXIPL	73	83	0.2183934010377044	0.8748125187481252	chr14	101292375.0	101292489.0	sense	0.9117022032736486	0.04014699565730871	0.15
POU6F2	66	76	0.2166514276742424	0.8444155584441556	chr14	101292375.0	101292489.0	antisense	0.9000073298624963	0.045753953554150247	0.15
CDX1	69	78	0.20872008971248646	0.8073192680731927	chr14	101292375.0	101292489.0	sense	0.8839635023839388	0.05356566602819429	0.15
PHOX2A	67	78	0.2084129226480438	0.7851214878512148	chr14	101292375.0	101292489.0	antisense	0.8750845945448374	0.057949961642617634	0.15
EMX2	65	75	0.20638705925035294	0.9001099890010998	chr14	101292375.0	101292489.0	sense	0.9251662952516629	0.03378019740255114	0.15
NOTO	70	80	0.20178034809052572	0.9091090890910909	chr14	101292375.0	101292489.0	sense	0.9269697784641968	0.03293442471223035	0.15
EGR3	65	80	0.19998748394847093	0.6513348665133487	chr14	101292375.0	101292489.0	antisense	0.809459723884071	0.09180475547151981	0.15
GBX2	65	75	0.19828861030133577	0.8921107889211078	chr14	101292375.0	101292489.0	sense	0.9204880704772465	0.03598183557873439	0.15
Sox11	67	82	0.1949832600038261	0.44645535446455353	chr14	101292375.0	101292489.0	antisense	0.7342458792095474	0.13415848217877682	0.15
Id2	72	80	0.19475954845077365	0.814018598140186	chr14	101292375.0	101292489.0	sense	0.8875538916696565	0.05180526740619276	0.15
Lhx3	63	76	0.19451058634412183	0.6319368063193681	chr14	101292375.0	101292489.0	sense	0.8057484106661796	0.0938005424579969	0.15
RFX2	64	80	0.19409279677147628	0.7094290570942906	chr14	101292375.0	101292489.0	sense	0.8408618042305358	0.07527537470361746	0.15
Mycn	69	77	0.18991517429168328	0.795920407959204	chr14	101292375.0	101292489.0	sense	0.8774840736265357	0.056760757254025976	0.15
Phox2b	67	78	0.189501759994527	0.7652234776522348	chr14	101292375.0	101292489.0	antisense	0.8633717063076302	0.06380218778052639	0.15
Hoxd8	62	79	0.1895012966442489	0.8643135686431357	chr14	101292375.0	101292489.0	sense	0.9117022032736486	0.04014699565730871	0.15
POU6F1	65	75	0.18673087230136287	0.8518148185181482	chr14	101292375.0	101292489.0	sense	0.9038169652422512	0.04391951093362526	0.15
Arid3a	69	75	0.18616675764610013	0.6695330466953304	chr14	101292375.0	101292489.0	sense	0.8273515505592297	0.08230991484110176	0.15
GBX1	65	75	0.18329763023572077	0.8779122087791221	chr14	101292375.0	101292489.0	sense	0.9122069793020697	0.03990660929220722	0.15
ONECUT3	69	83	0.1808375418119292	0.6995300469953005	chr14	101292375.0	101292489.0	sense	0.8374748732023349	0.07702821425323686	0.15
MLX	73	83	0.17874820529359214	0.8788121187881212	chr14	101292375.0	101292489.0	antisense	0.9122069793020697	0.03990660929220722	0.15
BARX1	66	74	0.1757355106502361	0.926907309269073	chr14	101292375.0	101292489.0	sense	0.9414185782987259	0.026217235418620477	0.15
IRF2	64	82	0.17211372821341056	0.579042095790421	chr14	101292375.0	101292489.0	sense	0.7843223429595024	0.10550541308399398	0.15
HESX1	65	75	0.17106954330590757	0.9077092290770923	chr14	101292375.0	101292489.0	antisense	0.9269697784641968	0.03293442471223035	0.15
NFKB1	69	82	0.17010082062978152	0.6238376162383762	chr14	101292375.0	101292489.0	sense	0.803403778728827	0.09506612993915095	0.15
E2F7	62	76	0.1681474263778854	0.4851514848515148	chr14	101292375.0	101292489.0	sense	0.7472261320876459	0.12654794831033297	0.15
PDX1	66	74	0.16650088222877427	0.8651134886511349	chr14	101292375.0	101292489.0	sense	0.9117022032736486	0.04014699565730871	0.15
NFE2	70	81	0.16528316427704326	0.8378162183781622	chr14	101292375.0	101292489.0	antisense	0.896549726470652	0.04742561761000093	0.15
Hoxd3	62	78	0.16333393358861556	0.9557044295570443	chr14	101292375.0	101292489.0	antisense	0.9557044295570443	0.01967640109208755	0.15
Arnt	73	79	0.15541502373358967	0.8683131686831317	chr14	101292375.0	101292489.0	antisense	0.9117022032736486	0.04014699565730871	0.15
CEBPG	67	77	0.15237959792087877	0.9002099790020998	chr14	101292375.0	101292489.0	sense	0.9251662952516629	0.03378019740255114	0.15
HNF1A	66	81	0.15234220645195662	0.8712128787121288	chr14	101292375.0	101292489.0	sense	0.9117022032736486	0.04014699565730871	0.15
HES5	70	82	0.15016841074659731	0.7935206479352065	chr14	101292375.0	101292489.0	sense	0.8774840736265357	0.056760757254025976	0.15
HNF1B	67	80	0.14647445977935258	0.8533146685331466	chr14	101292375.0	101292489.0	sense	0.9038169652422512	0.04391951093362526	0.15
BHLHE41	66	76	0.13270540329612918	0.9084091590840916	chr14	101292375.0	101292489.0	sense	0.9269697784641968	0.03293442471223035	0.15
Nkx2-5	69	76	0.13149288234569023	0.9333066693330667	chr14	101292375.0	101292489.0	sense	0.9440009306462349	0.02502757755116281	0.15
SOX21	63	78	0.12797493456970302	0.6416358364163584	chr14	101292375.0	101292489.0	sense	0.8057484106661796	0.0938005424579969	0.15
Dlx2	71	79	0.1245641882042725	0.9494050594940506	chr14	101292375.0	101292489.0	antisense	0.9512378877942322	0.02171086010060146	0.15
PROP1	67	78	0.12309927798839107	0.7618238176182381	chr14	101292375.0	101292489.0	antisense	0.8614086303787922	0.06479078139265476	0.15
Sox1	67	82	0.11925721553824173	0.7832216778322167	chr14	101292375.0	101292489.0	antisense	0.8750845945448374	0.057949961642617634	0.15
Shox2	66	74	0.117812115539146	0.9214078592140786	chr14	101292375.0	101292489.0	antisense	0.9376679979060918	0.027950905971248545	0.15
ISX	66	74	0.11165901613389269	0.8747125287471252	chr14	101292375.0	101292489.0	antisense	0.9117022032736486	0.04014699565730871	0.15
NKX6-1	66	74	0.11151430034673106	0.942005799420058	chr14	101292375.0	101292489.0	antisense	0.947482577323663	0.023428767261485017	0.15
PAX3	72	82	0.10585362960071437	0.8214178582141786	chr14	101292375.0	101292489.0	sense	0.8900122513844649	0.05060401507188749	0.15
MSX2	66	74	0.10559275267939316	0.934906509349065	chr14	101292375.0	101292489.0	sense	0.9440009306462349	0.02502757755116281	0.15
HES7	70	82	0.10336925692313643	0.8744125587441256	chr14	101292375.0	101292489.0	sense	0.9117022032736486	0.04014699565730871	0.15
PAX7	72	82	0.10007589594506651	0.8214178582141786	chr14	101292375.0	101292489.0	sense	0.8900122513844649	0.05060401507188749	0.15
POU4F2	63	79	0.09901092539613562	0.7674232576742326	chr14	101292375.0	101292489.0	sense	0.8639754245833552	0.06349861066882884	0.15
RARA	65	83	0.09235395295127656	0.5795420457954205	chr14	101292375.0	101292489.0	sense	0.7843223429595024	0.10550541308399398	0.15
Msx3	75	83	0.09071605935784553	0.934906509349065	chr14	101292375.0	101292489.0	sense	0.9440009306462349	0.02502757755116281	0.15
EWSR1-FLI1	65	83	0.07834144676831457	0.40175982401759824	chr14	101292375.0	101292489.0	sense	0.6997092237085016	0.15508240109242968	0.15
MAFG	62	83	0.07402836814872989	0.6358364163583642	chr14	101292375.0	101292489.0	sense	0.8057484106661796	0.0938005424579969	0.15
SP4	65	82	0.07036590076347934	0.7538246175382461	chr14	101292375.0	101292489.0	sense	0.8614086303787922	0.06479078139265476	0.15
E2F2	63	79	-0.050821316592179186	0.9467053294670533	chr14	101292375.0	101292489.0	sense	0.9503676324823997	0.02210836326530218	0.15
E2F3	62	80	-0.055389996947693816	0.8901109889011098	chr14	101292375.0	101292489.0	sense	0.9202541897204701	0.03609219662692046	0.15
KLF13	63	81	-0.06734358544690382	0.9402059794020597	chr14	101292375.0	101292489.0	sense	0.947482577323663	0.023428767261485017	0.15
