motif	start	end	score	pval	tile_chr	tile_start	tile_end	strand	padj	neg_log_pval	fdr_cutoff
Pax2	20	28	2.5040458315148904	9.999000099990002e-05	chr11	65190189.0	65190303.0	antisense	0.010378962103789623	1.9838460737644235	0.05
XBP1	21	35	2.1753775799849815	9.999000099990002e-05	chr11	65190189.0	65190303.0	antisense	0.010378962103789623	1.9838460737644235	0.05
Mitf	18	28	2.1611771805691284	0.000999900009999	chr11	65190189.0	65190303.0	antisense	0.027313058167867423	1.5636296703812338	0.05
Hes1	24	34	2.1571052571665326	0.0057994200579942	chr11	65190189.0	65190303.0	antisense	0.06270622937706229	1.2026893132410548	0.05
CREB3	20	34	1.976810308816219	9.999000099990002e-05	chr11	65190189.0	65190303.0	antisense	0.010378962103789623	1.9838460737644235	0.05
Atf3	21	29	1.7938454604874738	9.999000099990002e-05	chr11	65190189.0	65190303.0	sense	0.010378962103789623	1.9838460737644235	0.05
HINFP	19	31	1.7899246634720463	0.00029997000299970003	chr11	65190189.0	65190303.0	antisense	0.017298270172982702	1.7619973241480673	0.05
Nfe2l2	18	33	1.7349741982704685	0.00039996000399960006	chr11	65190189.0	65190303.0	sense	0.018870840188708403	1.7242087632586673	0.05
MEIS3	22	30	1.7309830474436119	0.0004999500049995	chr11	65190189.0	65190303.0	sense	0.019959542507287733	1.6998494173992227	0.05
CREB3L1	20	34	1.7168333190029323	0.00029997000299970003	chr11	65190189.0	65190303.0	antisense	0.017298270172982702	1.7619973241480673	0.05
MAFK	16	31	1.7090497840013634	0.000999900009999	chr11	65190189.0	65190303.0	antisense	0.027313058167867423	1.5636296703812338	0.05
JUND	21	32	1.702744930325176	0.00019998000199980003	chr11	65190189.0	65190303.0	sense	0.017298270172982702	1.7619973241480673	0.05
NRL	16	27	1.681961044691634	0.0071992800719928	chr11	65190189.0	65190303.0	sense	0.06555133960288181	1.1834184286696279	0.05
FOS::JUN	23	30	1.6397537425733544	0.00029997000299970003	chr11	65190189.0	65190303.0	sense	0.017298270172982702	1.7619973241480673	0.05
MAFG	16	37	1.6390007000060645	0.0028997100289971	chr11	65190189.0	65190303.0	sense	0.048546758227403064	1.3138397653637215	0.05
CREB1	23	31	1.608393315195172	9.999000099990002e-05	chr11	65190189.0	65190303.0	sense	0.010378962103789623	1.9838460737644235	0.05
Atf1	22	30	1.6002475161214766	0.0004999500049995	chr11	65190189.0	65190303.0	sense	0.019959542507287733	1.6998494173992227	0.05
Bach1::Mafk	19	34	1.592721985701359	0.0005999400059994001	chr11	65190189.0	65190303.0	sense	0.020757924207579243	1.6828160781004424	0.05
FOSL1	21	32	1.5636130404577755	0.00039996000399960006	chr11	65190189.0	65190303.0	sense	0.018870840188708403	1.7242087632586673	0.05
MEIS1	22	29	1.5448481667144773	0.000999900009999	chr11	65190189.0	65190303.0	sense	0.027313058167867423	1.5636296703812338	0.05
Mafb	16	28	1.4832186200250974	0.0047995200479952005	chr11	65190189.0	65190303.0	sense	0.06270622937706229	1.2026893132410548	0.05
USF1	17	28	1.4767079199710684	0.0018998100189981002	chr11	65190189.0	65190303.0	sense	0.037923130763846694	1.4210958164463938	0.05
Gmeb1	19	36	1.4759174485369355	0.0741925807419258	chr11	65190189.0	65190303.0	sense	0.2423906677655216	0.6154841048686123	0.05
Hes2	20	33	1.470312222480932	0.0273972602739726	chr11	65190189.0	65190303.0	sense	0.15682497684297506	0.8045847679192357	0.05
TFE3	17	27	1.4373975071330318	0.0052994700529947	chr11	65190189.0	65190303.0	sense	0.06270622937706229	1.2026893132410548	0.05
RORA	23	33	1.4271865984012495	0.0011998800119988001	chr11	65190189.0	65190303.0	antisense	0.029654177439398917	1.5279141181146993	0.05
NR2F1	19	32	1.4203040896437191	0.0034996500349965005	chr11	65190189.0	65190303.0	antisense	0.056759949005099494	1.245958003398035	0.05
MAFG::NFE2L1	21	27	1.4187438476708847	0.000999900009999	chr11	65190189.0	65190303.0	sense	0.027313058167867423	1.5636296703812338	0.05
MAF::NFE2	22	37	1.4180395520925797	0.0017998200179982	chr11	65190189.0	65190303.0	sense	0.037364263573642635	1.4275435729971364	0.05
Arntl	18	28	1.404025355266504	0.0044995500449955	chr11	65190189.0	65190303.0	antisense	0.06270622937706229	1.2026893132410548	0.05
Creb5	21	33	1.3732082507512124	0.0005999400059994001	chr11	65190189.0	65190303.0	antisense	0.020757924207579243	1.6828160781004424	0.05
ATF7	20	34	1.3723620917817647	0.0011998800119988001	chr11	65190189.0	65190303.0	sense	0.029654177439398917	1.5279141181146993	0.05
JUNB	20	31	1.3509179865830945	0.0017998200179982	chr11	65190189.0	65190303.0	sense	0.037364263573642635	1.4275435729971364	0.05
FOSL2	20	31	1.3496902488370557	0.0017998200179982	chr11	65190189.0	65190303.0	sense	0.037364263573642635	1.4275435729971364	0.05
ZBTB33	19	34	1.3309603613340977	0.006399360063993601	chr11	65190189.0	65190303.0	antisense	0.06321731463217314	1.1991639562218221	0.05
NFIX	21	30	1.3238072903531817	0.013398660133986601	chr11	65190189.0	65190303.0	antisense	0.10850733108507332	0.9645409185690369	0.05
TFEB	17	27	1.312932033464692	0.004199580041995801	chr11	65190189.0	65190303.0	sense	0.06227377262273773	1.20569482338078	0.05
JUN(var.2)	17	31	1.312057357088832	0.0065993400659934	chr11	65190189.0	65190303.0	sense	0.06321731463217314	1.1991639562218221	0.05
FOS	21	32	1.3075384812132713	0.0021997800219978004	chr11	65190189.0	65190303.0	sense	0.040774493979173515	1.3896114199484177	0.05
Tcfl5	24	34	1.2855380174494035	0.07139286071392861	chr11	65190189.0	65190303.0	sense	0.2423906677655216	0.6154841048686123	0.05
ATF4	20	33	1.2735340987801165	0.0037996200379962005	chr11	65190189.0	65190303.0	sense	0.05975766059757661	1.2236064126894821	0.05
TFEC	17	27	1.2690009072276183	0.0066993300669933005	chr11	65190189.0	65190303.0	sense	0.06321731463217314	1.1991639562218221	0.05
NR4A2	22	30	1.249194788184252	0.0026997300269973002	chr11	65190189.0	65190303.0	antisense	0.046705329467053296	1.33063355998908	0.05
HOXA2	21	31	1.2407924476641667	0.027997200279972004	chr11	65190189.0	65190303.0	antisense	0.15735845770261683	0.8031099096629788	0.05
NR2C2	16	31	1.2068392793124645	0.006999300069993001	chr11	65190189.0	65190303.0	antisense	0.06486851314868514	1.1879660564203482	0.05
SP3	22	33	1.2003717278905333	0.018198180181981802	chr11	65190189.0	65190303.0	sense	0.12468233696110909	0.9041950661978729	0.05
TBX5	23	31	1.1865863060742399	0.012898710128987101	chr11	65190189.0	65190303.0	antisense	0.1079746864023275	0.9666780486274097	0.05
USF2	17	28	1.1839534231827957	0.004999500049995001	chr11	65190189.0	65190303.0	sense	0.06270622937706229	1.2026893132410548	0.05
Crem	21	31	1.1654677486244405	0.0051994800519948	chr11	65190189.0	65190303.0	sense	0.06270622937706229	1.2026893132410548	0.05
NFE2	21	32	1.1564575604466507	0.0022997700229977	chr11	65190189.0	65190303.0	sense	0.04115795317020022	1.385546231309768	0.05
HEY2	22	32	1.133711147655912	0.010198980101989802	chr11	65190189.0	65190303.0	sense	0.08822117788221179	1.0544271480501308	0.05
ESR2	20	35	1.1122762564735644	0.0365963403659634	chr11	65190189.0	65190303.0	sense	0.17425229954068813	0.7588214819746177	0.05
MEIS2	22	30	1.0879807536269186	0.0065993400659934	chr11	65190189.0	65190303.0	sense	0.06321731463217314	1.1991639562218221	0.05
BHLHE40	17	27	1.0748334164604916	0.008399160083991601	chr11	65190189.0	65190303.0	sense	0.07515800144123519	1.1240247769294605	0.05
HMBOX1	21	31	1.0743096844558773	0.0324967503249675	chr11	65190189.0	65190303.0	antisense	0.1668774299040684	0.7776023974786433	0.05
EMX1	18	28	1.072518906370167	0.0731926807319268	chr11	65190189.0	65190303.0	sense	0.2423906677655216	0.6154841048686123	0.05
FOXA1	16	31	1.0612877184237848	0.03569643035696431	chr11	65190189.0	65190303.0	sense	0.17314436780621006	0.7615916310014212	0.05
BATF::JUN	19	30	1.06006774605514	0.010498950104989501	chr11	65190189.0	65190303.0	sense	0.08932713286048445	1.0490166053692338	0.05
ZBTB7A	18	30	1.049569399320103	0.027197280271972803	chr11	65190189.0	65190303.0	antisense	0.15682497684297506	0.8045847679192357	0.05
Creb3l2	23	32	1.0480502053332046	0.0051994800519948	chr11	65190189.0	65190303.0	antisense	0.06270622937706229	1.2026893132410548	0.05
TBX2	21	32	1.0446647841361483	0.048295170482951705	chr11	65190189.0	65190303.0	antisense	0.20887661233876612	0.6801101847245176	0.05
PKNOX2	23	35	1.0414606025643416	0.0017998200179982	chr11	65190189.0	65190303.0	antisense	0.037364263573642635	1.4275435729971364	0.05
TBX4	23	31	1.0370057835352506	0.014698530146985302	chr11	65190189.0	65190303.0	antisense	0.11055850936645467	0.9564078254174839	0.05
JDP2	22	31	1.036338843146212	0.003999600039996	chr11	65190189.0	65190303.0	sense	0.06105271825758601	1.2142949951426976	0.05
GLI2	22	34	1.0323336363228837	0.0184981501849815	chr11	65190189.0	65190303.0	sense	0.12468233696110909	0.9041950661978729	0.05
Srebf1(var.2)	17	27	1.030053748877286	0.0057994200579942	chr11	65190189.0	65190303.0	sense	0.06270622937706229	1.2026893132410548	0.05
EGR1	16	30	1.0290309376668882	0.0374962503749625	chr11	65190189.0	65190303.0	sense	0.17691412676914126	0.752237486858911	0.05
MNT	17	27	1.0277057662816345	0.022797720227977204	chr11	65190189.0	65190303.0	sense	0.1460742814607428	0.8354262413066008	0.05
ZBED1	21	34	1.0257581639360336	0.0047995200479952005	chr11	65190189.0	65190303.0	antisense	0.06270622937706229	1.2026893132410548	0.05
JDP2(var.2)	21	33	1.0251480688896983	0.005499450054994501	chr11	65190189.0	65190303.0	sense	0.06270622937706229	1.2026893132410548	0.05
BHLHE41	17	27	1.023210975869682	0.0053994600539946005	chr11	65190189.0	65190303.0	sense	0.06270622937706229	1.2026893132410548	0.05
SREBF2(var.2)	17	27	1.0102659864570698	0.005599440055994401	chr11	65190189.0	65190303.0	sense	0.06270622937706229	1.2026893132410548	0.05
TFAP2C	23	35	1.0087431852682012	0.05909409059094091	chr11	65190189.0	65190303.0	antisense	0.22833716628337167	0.6414233929422174	0.05
NHLH1	26	36	1.0085473120949917	0.0173982601739826	chr11	65190189.0	65190303.0	sense	0.12369447986708178	0.907649681266261	0.05
ELF1	24	36	1.0048657879516516	0.013798620137986202	chr11	65190189.0	65190303.0	sense	0.10850733108507332	0.9645409185690369	0.05
TFAP2A(var.2)	23	35	1.004611986255233	0.056894310568943104	chr11	65190189.0	65190303.0	antisense	0.22713959373293438	0.6437071553401704	0.05
Dlx3	19	27	1.0044376507610342	0.061193880611938804	chr11	65190189.0	65190303.0	sense	0.22833716628337167	0.6414233929422174	0.05
CENPB	17	32	1.0032598772857566	0.053594640535946404	chr11	65190189.0	65190303.0	antisense	0.22158260364439747	0.6544643388795786	0.05
RARA::RXRA	20	37	1.0001273260850625	0.04709529047095291	chr11	65190189.0	65190303.0	sense	0.2053987878523072	0.6874021236920395	0.05
PKNOX1	23	35	1.0000104782204018	0.0021997800219978004	chr11	65190189.0	65190303.0	antisense	0.040774493979173515	1.3896114199484177	0.05
Nr2e1	22	31	0.999496244792936	0.023697630236976304	chr11	65190189.0	65190303.0	antisense	0.14818156738543012	0.8292058157943749	0.05
Zfx	21	35	0.9991896888149633	0.051394860513948606	chr11	65190189.0	65190303.0	sense	0.21863879185851906	0.6602727811078773	0.05
TFAP2B	23	35	0.9988321882186862	0.052894710528947106	chr11	65190189.0	65190303.0	antisense	0.2213899577784157	0.6548420825554542	0.05
GMEB2	23	31	0.9973403581186809	0.0182981701829817	chr11	65190189.0	65190303.0	sense	0.12468233696110909	0.9041950661978729	0.05
ELF4	24	36	0.9911007539319071	0.0136986301369863	chr11	65190189.0	65190303.0	sense	0.10850733108507332	0.9645409185690369	0.05
HEY1	24	34	0.9895746409535962	0.019498050194980503	chr11	65190189.0	65190303.0	antisense	0.12940857812952883	0.8880369345572533	0.05
TGIF2	23	35	0.9819701179411991	0.006199380061993801	chr11	65190189.0	65190303.0	antisense	0.0630878088661722	1.2000545560280873	0.05
RXRG	16	30	0.9662586609880726	0.006099390060993901	chr11	65190189.0	65190303.0	antisense	0.0630878088661722	1.2000545560280873	0.05
ELF5	25	36	0.9658083747241041	0.0537946205379462	chr11	65190189.0	65190303.0	sense	0.22158260364439747	0.6544643388795786	0.05
Rxra	16	30	0.9612725353591488	0.0059994000599940004	chr11	65190189.0	65190303.0	antisense	0.0630878088661722	1.2000545560280873	0.05
GSX1	21	31	0.9600853786202158	0.19988001199880012	chr11	65190189.0	65190303.0	antisense	0.43739911723113406	0.3591220978005174	0.05
RXRB	16	30	0.9598034481852649	0.0057994200579942	chr11	65190189.0	65190303.0	antisense	0.06270622937706229	1.2026893132410548	0.05
Esrrg	22	32	0.9575596863018461	0.0143985601439856	chr11	65190189.0	65190303.0	antisense	0.10989489286365481	0.9590224900393916	0.05
EN2	18	28	0.9562685315559544	0.0765923407659234	chr11	65190189.0	65190303.0	sense	0.24387377213198927	0.6128349041997586	0.05
HLF	21	33	0.9539764418573411	0.038196180381961806	chr11	65190189.0	65190303.0	antisense	0.17859295151565924	0.7481356853033535	0.05
E2F1	21	33	0.9479372769510392	0.0403959604039596	chr11	65190189.0	65190303.0	antisense	0.18230872564917422	0.7391925446714115	0.05
MGA	23	31	0.9451972189523326	0.0168983101689831	chr11	65190189.0	65190303.0	antisense	0.12180865246808653	0.9143218612459997	0.05
Dlx4	19	27	0.9422384463222948	0.06529347065293471	chr11	65190189.0	65190303.0	sense	0.23193803068672725	0.6346280346168002	0.05
Nr2f6	16	30	0.9404679560528937	0.019698030196980302	chr11	65190189.0	65190303.0	antisense	0.12940857812952883	0.8880369345572533	0.05
EHF	24	36	0.9301339066929067	0.027497250274972504	chr11	65190189.0	65190303.0	sense	0.15682497684297506	0.8045847679192357	0.05
Pparg::Rxra	16	31	0.9299928962781007	0.13138686131386862	chr11	65190189.0	65190303.0	antisense	0.34817181547151405	0.45820638795910423	0.05
PROX1	21	33	0.927791502943732	0.013598640135986401	chr11	65190189.0	65190303.0	sense	0.10850733108507332	0.9645409185690369	0.05
SREBF2	17	27	0.9276048497408684	0.018198180181981802	chr11	65190189.0	65190303.0	sense	0.12468233696110909	0.9041950661978729	0.05
JUND(var.2)	18	33	0.9214559745131076	0.049095090490950906	chr11	65190189.0	65190303.0	sense	0.2105814211967233	0.6765799476218864	0.05
Nr5a2	21	36	0.9205329992399562	0.055094490550944904	chr11	65190189.0	65190303.0	antisense	0.2216592294258946	0.6543141808758688	0.05
CLOCK	24	34	0.9198679262271492	0.028697130286971302	chr11	65190189.0	65190303.0	sense	0.15844479381849047	0.8001220262941112	0.05
GCM1	23	34	0.9113403719718546	0.0331966803319668	chr11	65190189.0	65190303.0	antisense	0.16727259312903658	0.7765752104295408	0.05
SREBF1	17	27	0.9098879386184849	0.016698330166983303	chr11	65190189.0	65190303.0	antisense	0.12180865246808653	0.9143218612459997	0.05
TFAP2A	19	30	0.908403550106947	0.058894110588941104	chr11	65190189.0	65190303.0	sense	0.22833716628337167	0.6414233929422174	0.05
INSM1	16	28	0.9069043635676179	0.025997400259974	chr11	65190189.0	65190303.0	antisense	0.15682497684297506	0.8045847679192357	0.05
JUN	19	32	0.9050103766445035	0.0316968303169683	chr11	65190189.0	65190303.0	sense	0.16616823166168232	0.7794520018082032	0.05
SMAD2::SMAD3::SMAD4	18	31	0.9008162718181975	0.060693930606939304	chr11	65190189.0	65190303.0	sense	0.22833716628337167	0.6414233929422174	0.05
KLF14	19	33	0.8981029824401869	0.034096590340965904	chr11	65190189.0	65190303.0	antisense	0.17015509987462793	0.7691550297346874	0.05
ARNT::HIF1A	23	31	0.897305072917654	0.031596840315968405	chr11	65190189.0	65190303.0	sense	0.16616823166168232	0.7794520018082032	0.05
VAX1	19	27	0.8925514860584646	0.11138886111388861	chr11	65190189.0	65190303.0	sense	0.31939678960280765	0.49566945345987923	0.05
SPDEF	25	36	0.8911918216221888	0.0231976802319768	chr11	65190189.0	65190303.0	sense	0.1468243419560483	0.8332019369212218	0.05
RORA(var.2)	22	36	0.8893807156825099	0.025897410258974102	chr11	65190189.0	65190303.0	antisense	0.15682497684297506	0.8045847679192357	0.05
THAP1	20	29	0.8794178104288695	0.20337966203379662	chr11	65190189.0	65190303.0	antisense	0.4386700105499654	0.3578620548994847	0.05
Pax6	20	34	0.8773931123948373	0.073992600739926	chr11	65190189.0	65190303.0	antisense	0.2423906677655216	0.6154841048686123	0.05
GSC2	18	28	0.8746079708013736	0.1618838116188381	chr11	65190189.0	65190303.0	antisense	0.38717833285795844	0.4120889545235606	0.05
VAX2	19	27	0.8714591747694469	0.10378962103789621	chr11	65190189.0	65190303.0	sense	0.30122183312395023	0.5211135528511205	0.05
Npas2	24	34	0.8681891824147591	0.0423957604239576	chr11	65190189.0	65190303.0	antisense	0.18806324495755553	0.7256960745818338	0.05
Neurog1	17	27	0.868170964285157	0.22377762223777622	chr11	65190189.0	65190303.0	sense	0.4590536993731457	0.33813650841189147	0.05
GCM2	24	34	0.8651485398632878	0.06159384061593841	chr11	65190189.0	65190303.0	antisense	0.22833716628337167	0.6414233929422174	0.05
NKX2-8	18	27	0.8643647817366383	0.06569343065693431	chr11	65190189.0	65190303.0	sense	0.23193803068672725	0.6346280346168002	0.05
SP2	22	37	0.8604679812243231	0.10388961103889612	chr11	65190189.0	65190303.0	antisense	0.30122183312395023	0.5211135528511205	0.05
MLXIPL	17	27	0.8592217082758468	0.0324967503249675	chr11	65190189.0	65190303.0	antisense	0.1668774299040684	0.7776023974786433	0.05
RFX4	20	36	0.857761236702444	0.07269273072692731	chr11	65190189.0	65190303.0	antisense	0.2423906677655216	0.6154841048686123	0.05
Myb	18	28	0.8555291518805946	0.030496950304969503	chr11	65190189.0	65190303.0	sense	0.1648741375862414	0.7828474631211874	0.05
Foxa2	20	32	0.8515246949895108	0.05219478052194781	chr11	65190189.0	65190303.0	sense	0.22023651293407245	0.6571106778655406	0.05
ELF3	24	37	0.8401823886359888	0.034996500349965	chr11	65190189.0	65190303.0	sense	0.17135078944935694	0.7661138903428995	0.05
Six3	18	35	0.8358910972749674	0.1284871512848715	chr11	65190189.0	65190303.0	antisense	0.34731683081691833	0.45927417046464103	0.05
ESRRB	21	32	0.8347632610422386	0.0217978202179782	chr11	65190189.0	65190303.0	antisense	0.1414133586641336	0.8495095628157435	0.05
MAX	17	27	0.8327400271268619	0.057394260573942604	chr11	65190189.0	65190303.0	sense	0.22738642166317716	0.6432354726861956	0.05
Rfx1	21	35	0.8292857740663744	0.07599240075992401	chr11	65190189.0	65190303.0	antisense	0.2434571357679047	0.6135774916902443	0.05
HES7	23	35	0.824153953275329	0.014198580141985802	chr11	65190189.0	65190303.0	antisense	0.10989489286365481	0.9590224900393916	0.05
SP8	24	36	0.8227452894332714	0.0877912208779122	chr11	65190189.0	65190303.0	sense	0.2696073587907481	0.5692682581359758	0.05
EVX2	18	28	0.8224614356695142	0.205979402059794	chr11	65190189.0	65190303.0	antisense	0.4386700105499654	0.3578620548994847	0.05
Myod1	17	30	0.8211559699650557	0.08559144085591441	chr11	65190189.0	65190303.0	sense	0.2659997473306562	0.5751187758988348	0.05
EOMES	19	32	0.8190430718101356	0.12518748125187482	chr11	65190189.0	65190303.0	antisense	0.3450597348642099	0.46210571572017556	0.05
MTF1	22	36	0.8183718451856646	0.024797520247975203	chr11	65190189.0	65190303.0	antisense	0.15321325010356107	0.8147036746640702	0.05
ETV5	20	30	0.8165567988674917	0.12008799120087991	chr11	65190189.0	65190303.0	sense	0.33689549963922527	0.47250479042851257	0.05
SP4	18	35	0.8154956643366417	0.036196380361963806	chr11	65190189.0	65190303.0	antisense	0.17394371673943718	0.7595912543821888	0.05
KLF16	24	35	0.8107247014809552	0.054594540545945404	chr11	65190189.0	65190303.0	sense	0.2216592294258946	0.6543141808758688	0.05
TBR1	21	31	0.809838766616134	0.05849415058494151	chr11	65190189.0	65190303.0	antisense	0.22833716628337167	0.6414233929422174	0.05
EVX1	18	28	0.8078137504472859	0.21287871212878712	chr11	65190189.0	65190303.0	antisense	0.44537835373089196	0.35127089436007175	0.05
HOXB3	21	31	0.80349531035307	0.2136786321367863	chr11	65190189.0	65190303.0	antisense	0.44537835373089196	0.35127089436007175	0.05
Gfi1	20	30	0.8016486327293999	0.1257874212578742	chr11	65190189.0	65190303.0	antisense	0.3450597348642099	0.46210571572017556	0.05
FIGLA	17	27	0.80080351632073	0.0974902509749025	chr11	65190189.0	65190303.0	antisense	0.29589146348523043	0.5288675641220218	0.05
Prrx2	19	27	0.796546448407317	0.1795820417958204	chr11	65190189.0	65190303.0	sense	0.40700034800013446	0.3904052194370073	0.05
YY1	18	30	0.7960773024621047	0.063993600639936	chr11	65190189.0	65190303.0	sense	0.23064360230643605	0.6370585875397673	0.05
Nr1h3::Rxra	17	36	0.7947430014383061	0.20707929207079293	chr11	65190189.0	65190303.0	antisense	0.4386700105499654	0.3578620548994847	0.05
TGIF1	23	35	0.7882396811573398	0.008799120087991202	chr11	65190189.0	65190303.0	antisense	0.07740242924860058	1.1112454089203803	0.05
CEBPE	22	32	0.7879388933896607	0.0678932106789321	chr11	65190189.0	65190303.0	sense	0.23594840515948404	0.6271829538276071	0.05
MLX	17	27	0.787194556336798	0.0292970702929707	chr11	65190189.0	65190303.0	antisense	0.1600545208637031	0.7957320543631432	0.05
LBX2	21	31	0.7870437534465236	0.27447255274472554	chr11	65190189.0	65190303.0	antisense	0.5084957935301876	0.29371263537483344	0.05
Hoxa11	16	28	0.7864801027891122	0.1314868513148685	chr11	65190189.0	65190303.0	antisense	0.34817181547151405	0.45820638795910423	0.05
BATF3	20	34	0.7852844732627017	0.016798320167983202	chr11	65190189.0	65190303.0	sense	0.12180865246808653	0.9143218612459997	0.05
FOXD2	20	27	0.7802810641252501	0.0603939606039396	chr11	65190189.0	65190303.0	antisense	0.22833716628337167	0.6414233929422174	0.05
Hic1	20	29	0.7799204641813333	0.11408859114088592	chr11	65190189.0	65190303.0	antisense	0.3253405428687901	0.4876618129952649	0.05
MZF1	20	26	0.777755091859557	0.038896110388961104	chr11	65190189.0	65190303.0	sense	0.18024179724884654	0.7441444907728787	0.05
Foxj3	15	32	0.77666953620523	0.1932806719328067	chr11	65190189.0	65190303.0	antisense	0.43052647524947074	0.3660001364258708	0.05
Foxo1	17	28	0.7736460088761687	0.0634936506349365	chr11	65190189.0	65190303.0	sense	0.23044199076595837	0.6374383816014909	0.05
DBP	21	33	0.7680035467603448	0.07279272072792721	chr11	65190189.0	65190303.0	sense	0.2423906677655216	0.6154841048686123	0.05
ZBTB7C	22	34	0.7671905502421292	0.1887811218878112	chr11	65190189.0	65190303.0	sense	0.4223163890507501	0.37436206435725433	0.05
TBX1	23	31	0.766704171878593	0.031096890310968902	chr11	65190189.0	65190303.0	antisense	0.16616823166168232	0.7794520018082032	0.05
HES5	23	35	0.7566777929677346	0.028197180281971802	chr11	65190189.0	65190303.0	sense	0.15735845770261683	0.8031099096629788	0.05
Esrra	22	33	0.7525192494174021	0.027197280271972803	chr11	65190189.0	65190303.0	antisense	0.15682497684297506	0.8045847679192357	0.05
NFIA	21	31	0.7519977340687118	0.07379262073792621	chr11	65190189.0	65190303.0	sense	0.2423906677655216	0.6154841048686123	0.05
CEBPB	22	32	0.7488247647438353	0.06259374062593741	chr11	65190189.0	65190303.0	sense	0.228775713977898	0.6405900806010316	0.05
NKX2-3	17	27	0.7468685848768497	0.1014898510148985	chr11	65190189.0	65190303.0	sense	0.2992797311177973	0.5239226949933229	0.05
Dlx1	18	28	0.7467488888398963	0.2900709929007099	chr11	65190189.0	65190303.0	sense	0.5209233401919324	0.2832261833822885	0.05
FOXO4	20	27	0.7403794392799161	0.0402959704029597	chr11	65190189.0	65190303.0	antisense	0.18230872564917422	0.7391925446714115	0.05
Id2	18	26	0.739290268786392	0.0347965203479652	chr11	65190189.0	65190303.0	sense	0.17135078944935694	0.7661138903428995	0.05
YY2	20	31	0.7374699660237956	0.1356864313568643	chr11	65190189.0	65190303.0	antisense	0.3556629185566292	0.44896141203019885	0.05
Myog	17	28	0.7362393296418531	0.0780921907809219	chr11	65190189.0	65190303.0	sense	0.2471332135079175	0.6070688835988024	0.05
RAX2	19	27	0.736001500422483	0.2054794520547945	chr11	65190189.0	65190303.0	sense	0.4386700105499654	0.3578620548994847	0.05
CEBPD	22	32	0.7321962675002535	0.06079392060793921	chr11	65190189.0	65190303.0	sense	0.22833716628337167	0.6414233929422174	0.05
Tcf12	17	28	0.7290216291940761	0.07999200079992001	chr11	65190189.0	65190303.0	sense	0.251611202516112	0.5992700266503674	0.05
NFIC	22	28	0.72136923876249	0.10138986101389862	chr11	65190189.0	65190303.0	sense	0.2992797311177973	0.5239226949933229	0.05
PAX5	15	34	0.7180813723043877	0.24987501249875013	chr11	65190189.0	65190303.0	antisense	0.4857121029470087	0.31362107466653	0.05
LHX9	19	27	0.7173948571036444	0.16728327167283272	chr11	65190189.0	65190303.0	sense	0.39108116215405486	0.40773310291664894	0.05
MEOX2	18	28	0.716399391902186	0.3304669533046695	chr11	65190189.0	65190303.0	antisense	0.5592547541362369	0.2523903153469195	0.05
SOX9	19	28	0.7158254633918125	0.1668833116688331	chr11	65190189.0	65190303.0	sense	0.39108116215405486	0.40773310291664894	0.05
NRF1	18	29	0.7149209226531105	0.0750924907509249	chr11	65190189.0	65190303.0	antisense	0.2423906677655216	0.6154841048686123	0.05
GSX2	21	31	0.7114218488761685	0.42575742425757424	chr11	65190189.0	65190303.0	antisense	0.6284069072084388	0.20175905000694624	0.05
TBP	16	31	0.7095518972039274	0.31666833316668336	chr11	65190189.0	65190303.0	sense	0.546016162503351	0.2627945016503362	0.05
TBX15	23	31	0.7091302646749946	0.03949605039496051	chr11	65190189.0	65190303.0	antisense	0.1814022137609248	0.7413574172853643	0.05
SHOX	19	27	0.7071607775146691	0.20417958204179582	chr11	65190189.0	65190303.0	antisense	0.4386700105499654	0.3578620548994847	0.05
Sox17	18	27	0.706885254156005	0.10668933106689331	chr11	65190189.0	65190303.0	sense	0.30762090457620905	0.511984155107241	0.05
Nr2f6(var.2)	15	30	0.7029014123341043	0.027497250274972504	chr11	65190189.0	65190303.0	antisense	0.15682497684297506	0.8045847679192357	0.05
FOXI1	20	27	0.7028388644015326	0.0418958104189581	chr11	65190189.0	65190303.0	antisense	0.18744763454689012	0.727120035689028	0.05
TFAP4	17	27	0.6955010283695638	0.06109389061093891	chr11	65190189.0	65190303.0	sense	0.22833716628337167	0.6414233929422174	0.05
FOXC2	18	30	0.6942412895196153	0.17398260173982602	chr11	65190189.0	65190303.0	antisense	0.40167040564666	0.39613016512623256	0.05
POU1F1	22	36	0.6855078728504396	0.17568243175682433	chr11	65190189.0	65190303.0	sense	0.40167040564666	0.39613016512623256	0.05
SNAI2	17	26	0.6838606725289118	0.16498350164983502	chr11	65190189.0	65190303.0	sense	0.3909882984304309	0.4078362400546169	0.05
TP73	19	37	0.6810433960528176	0.132986701329867	chr11	65190189.0	65190303.0	antisense	0.3503558273614263	0.45549065462291194	0.05
FOXO6	20	27	0.6770013524205517	0.044295570442955706	chr11	65190189.0	65190303.0	antisense	0.19482543271096622	0.7103543505114606	0.05
Rarb	15	31	0.6747571389063735	0.0327967203279672	chr11	65190189.0	65190303.0	antisense	0.1668774299040684	0.7776023974786433	0.05
CEBPG	22	32	0.6713726879368618	0.062193780621937804	chr11	65190189.0	65190303.0	sense	0.228775713977898	0.6405900806010316	0.05
SP1	21	32	0.6678107335758116	0.10388961103889612	chr11	65190189.0	65190303.0	antisense	0.30122183312395023	0.5211135528511205	0.05
FOXD1	19	27	0.6674237142604587	0.0751924807519248	chr11	65190189.0	65190303.0	antisense	0.2423906677655216	0.6154841048686123	0.05
MSX1	19	27	0.6662322210036048	0.1728827117288271	chr11	65190189.0	65190303.0	sense	0.40167040564666	0.39613016512623256	0.05
PLAG1	15	29	0.6636312388966327	0.06479352064793521	chr11	65190189.0	65190303.0	antisense	0.2319161187329543	0.6346690657927864	0.05
SPIC	16	30	0.6617582589569138	0.24417558244175583	chr11	65190189.0	65190303.0	sense	0.4818521950086361	0.317086158309299	0.05
E2F4	23	34	0.6615330331741094	0.12408759124087591	chr11	65190189.0	65190303.0	sense	0.3450597348642099	0.46210571572017556	0.05
TFAP2A(var.3)	23	36	0.6605955481906755	0.15798420157984203	chr11	65190189.0	65190303.0	sense	0.3831486010277477	0.416632755823173	0.05
PBX1	17	29	0.6589597648987106	0.126987301269873	chr11	65190189.0	65190303.0	antisense	0.3450597348642099	0.46210571572017556	0.05
ID4	24	34	0.658126522727127	0.14088591140885912	chr11	65190189.0	65190303.0	antisense	0.35744132903782794	0.44679523376837416	0.05
GATA1::TAL1	18	36	0.654912638600698	0.2755724427557244	chr11	65190189.0	65190303.0	antisense	0.5084957935301876	0.29371263537483344	0.05
Gabpa	21	32	0.6543661333181231	0.13888611138886112	chr11	65190189.0	65190303.0	sense	0.3568410485684105	0.447525193137413	0.05
E2F3	18	36	0.6535729611683521	0.06989301069893011	chr11	65190189.0	65190303.0	antisense	0.24022829505128962	0.6193758409758927	0.05
FOXL1	20	27	0.6516830988960844	0.06679332066793321	chr11	65190189.0	65190303.0	antisense	0.23422792855849553	0.6303613223478165	0.05
EGR2	25	36	0.649418087463165	0.10108989101089891	chr11	65190189.0	65190303.0	sense	0.2992797311177973	0.5239226949933229	0.05
E2F2	19	35	0.6475405860207267	0.05499450054994501	chr11	65190189.0	65190303.0	antisense	0.2216592294258946	0.6543141808758688	0.05
Klf4	24	34	0.6467878671762213	0.11658834116588342	chr11	65190189.0	65190303.0	antisense	0.330652180683571	0.480628608735839	0.05
ETV6	26	36	0.6464576330667454	0.137986201379862	chr11	65190189.0	65190303.0	sense	0.3568410485684105	0.447525193137413	0.05
HOXB2	21	31	0.6431370105722619	0.39986001399860016	chr11	65190189.0	65190303.0	antisense	0.6156751188786446	0.21064839708587732	0.05
MZF1(var.2)	23	33	0.6420989575998732	0.22727727227277272	chr11	65190189.0	65190303.0	sense	0.46257609533164334	0.3348168141373891	0.05
GLIS2	23	37	0.6418392352489806	0.12588741125887412	chr11	65190189.0	65190303.0	antisense	0.3450597348642099	0.46210571572017556	0.05
EGR4	21	37	0.6376252823519346	0.2723727627237276	chr11	65190189.0	65190303.0	antisense	0.5084957935301876	0.29371263537483344	0.05
TFAP2C(var.2)	23	34	0.636357065866801	0.20277972202779723	chr11	65190189.0	65190303.0	antisense	0.4386700105499654	0.3578620548994847	0.05
TFAP2C(var.3)	23	36	0.6319347489777595	0.1611838816118388	chr11	65190189.0	65190303.0	sense	0.38717833285795844	0.4120889545235606	0.05
PPARG	17	37	0.6318711296062338	0.14228577142285773	chr11	65190189.0	65190303.0	antisense	0.3584772590702095	0.44553838971327386	0.05
PDX1	19	27	0.6274544096217674	0.12658734126587343	chr11	65190189.0	65190303.0	antisense	0.3450597348642099	0.46210571572017556	0.05
ZBTB7B	17	29	0.6250594494345888	0.1603839616038396	chr11	65190189.0	65190303.0	antisense	0.3871594235925245	0.4121101653958654	0.05
TBX21	17	27	0.6223076811863852	0.1307869213078692	chr11	65190189.0	65190303.0	sense	0.34817181547151405	0.45820638795910423	0.05
Foxj2	19	27	0.6170212925509264	0.09219078092190781	chr11	65190189.0	65190303.0	antisense	0.2814530311674715	0.5505940697530494	0.05
SMAD3	18	28	0.6159543294536886	0.06819318068193181	chr11	65190189.0	65190303.0	antisense	0.23594840515948404	0.6271829538276071	0.05
NFYB	18	33	0.6147685658919265	0.24267573242675733	chr11	65190189.0	65190303.0	antisense	0.4807202485858284	0.31810758441621556	0.05
Ahr::Arnt	24	30	0.6145993642093999	0.08449155084491551	chr11	65190189.0	65190303.0	antisense	0.26416334270187436	0.5781274485187676	0.05
TFAP2B(var.2)	23	34	0.6119896216779791	0.1832816718328167	chr11	65190189.0	65190303.0	antisense	0.411788691260744	0.3853255843583325	0.05
TP53	19	37	0.6116364757313848	0.1372862713728627	chr11	65190189.0	65190303.0	sense	0.3568410485684105	0.447525193137413	0.05
ZEB1	19	28	0.6101904328808295	0.0988901109889011	chr11	65190189.0	65190303.0	antisense	0.2983951604839516	0.5252082247387744	0.05
MAX::MYC	16	27	0.607640267704746	0.1494850514948505	chr11	65190189.0	65190303.0	sense	0.37265416315511307	0.4286940226285688	0.05
HOXC10	17	27	0.6053545327344193	0.19438056194380562	chr11	65190189.0	65190303.0	antisense	0.43112611815741503	0.3653956662482919	0.05
Klf1	23	34	0.5979740212858173	0.1546845315468453	chr11	65190189.0	65190303.0	sense	0.3769073796845667	0.423765359167775	0.05
PAX1	18	35	0.597704511283555	0.13958604139586042	chr11	65190189.0	65190303.0	antisense	0.3568726871155249	0.4474866890544755	0.05
NEUROD2	17	27	0.5976863801887512	0.22697730226977303	chr11	65190189.0	65190303.0	antisense	0.46257609533164334	0.3348168141373891	0.05
SOX10	25	31	0.5935827856215383	0.15078492150784922	chr11	65190189.0	65190303.0	antisense	0.37265416315511307	0.4286940226285688	0.05
TCF4	26	36	0.5915439203889986	0.1743825617438256	chr11	65190189.0	65190303.0	sense	0.40167040564666	0.39613016512623256	0.05
TCF7L2	17	31	0.5914824152096214	0.27647235276472354	chr11	65190189.0	65190303.0	antisense	0.5084957935301876	0.29371263537483344	0.05
ZIC4	15	30	0.5913148576557655	0.2883711628837116	chr11	65190189.0	65190303.0	antisense	0.5196688664466887	0.2842733011402442	0.05
MYBL1	18	30	0.5905084622222119	0.1506849315068493	chr11	65190189.0	65190303.0	antisense	0.37265416315511307	0.4286940226285688	0.05
HESX1	17	27	0.5887140927255738	0.2171782821717828	chr11	65190189.0	65190303.0	sense	0.4508621137886211	0.3459562571836331	0.05
LEF1	16	31	0.5877355828115939	0.1635836416358364	chr11	65190189.0	65190303.0	antisense	0.38944912848164726	0.40954926369770545	0.05
Barhl1	17	27	0.5871238245716628	0.5632436756324367	chr11	65190189.0	65190303.0	sense	0.7182394782634758	0.1437307274182741	0.05
NFIC::TLX1	22	36	0.5862258022601619	0.1192880711928807	chr11	65190189.0	65190303.0	antisense	0.33647015733209285	0.47305344876759947	0.05
HIC2	22	31	0.5854054023547417	0.33296670332966705	chr11	65190189.0	65190303.0	sense	0.5592547541362369	0.2523903153469195	0.05
HSF4	24	37	0.5839041372108859	0.2772722727727227	chr11	65190189.0	65190303.0	antisense	0.5084957935301876	0.29371263537483344	0.05
Mycn	17	25	0.583747695414241	0.08769123087691232	chr11	65190189.0	65190303.0	sense	0.2696073587907481	0.5692682581359758	0.05
ZIC3	16	31	0.5829269185814657	0.17798220177982202	chr11	65190189.0	65190303.0	sense	0.4051436961567001	0.39239091411996463	0.05
MIXL1	18	28	0.5814315359886213	0.5022497750224978	chr11	65190189.0	65190303.0	sense	0.6700967435390137	0.17386249259456324	0.05
E2F6	25	36	0.578122038849476	0.16618338166183383	chr11	65190189.0	65190303.0	sense	0.39108116215405486	0.40773310291664894	0.05
KLF5	22	32	0.5741039878928026	0.15348465153484653	chr11	65190189.0	65190303.0	antisense	0.3769073796845667	0.423765359167775	0.05
Hoxd3	15	31	0.5732889204831029	0.48485151484851513	chr11	65190189.0	65190303.0	antisense	0.6671802793610979	0.1757567991377488	0.05
TFAP2B(var.3)	23	36	0.573049356195412	0.20637936206379362	chr11	65190189.0	65190303.0	sense	0.4386700105499654	0.3578620548994847	0.05
Twist2	17	27	0.572749027153885	0.1977802219778022	chr11	65190189.0	65190303.0	sense	0.4349488779935566	0.3615617851373508	0.05
Mlxip	25	33	0.5690112896955438	0.0994900509949005	chr11	65190189.0	65190303.0	antisense	0.29847015298470153	0.5250990918114748	0.05
ETV3	20	30	0.5662995947075594	0.2578742125787421	chr11	65190189.0	65190303.0	antisense	0.4956915419569154	0.30478849144945463	0.05
Nkx2-5(var.2)	23	34	0.5613785854456353	0.22947705229477053	chr11	65190189.0	65190303.0	sense	0.4652288677382262	0.3323333448669743	0.05
UNCX	19	27	0.5570972227830902	0.39906009399060094	chr11	65190189.0	65190303.0	sense	0.6156751188786446	0.21064839708587732	0.05
RUNX2	25	34	0.5567389268679157	0.20057994200579943	chr11	65190189.0	65190303.0	antisense	0.43739911723113406	0.3591220978005174	0.05
HOXA10	17	28	0.5538512206843704	0.38416158384161586	chr11	65190189.0	65190303.0	antisense	0.6091725173987161	0.21525969793500316	0.05
Arnt	19	25	0.5526751793843819	0.07489251074892511	chr11	65190189.0	65190303.0	sense	0.2423906677655216	0.6154841048686123	0.05
ELK4	26	37	0.5504470795106166	0.2233776622337766	chr11	65190189.0	65190303.0	antisense	0.4590536993731457	0.33813650841189147	0.05
Hoxb5	16	32	0.5465401426238707	0.5002499750024998	chr11	65190189.0	65190303.0	sense	0.6700967435390137	0.17386249259456324	0.05
RFX3	20	36	0.5459046651993243	0.262973702629737	chr11	65190189.0	65190303.0	sense	0.4963030969630309	0.3042530147689097	0.05
RFX5	20	36	0.5445198502914718	0.15448455154484553	chr11	65190189.0	65190303.0	sense	0.3769073796845667	0.423765359167775	0.05
Hand1::Tcf3	18	28	0.5434190107794611	0.3668633136686331	chr11	65190189.0	65190303.0	antisense	0.5858524916739095	0.2322117186513313	0.05
Foxk1	15	32	0.5431160711635307	0.3247675232476752	chr11	65190189.0	65190303.0	antisense	0.5553086138754546	0.2554655897553049	0.05
HOXC11	17	28	0.5413923085607633	0.24917508249175083	chr11	65190189.0	65190303.0	antisense	0.4857121029470087	0.31362107466653	0.05
NFYA	15	33	0.5413023119588714	0.31366863313668636	chr11	65190189.0	65190303.0	antisense	0.546016162503351	0.2627945016503362	0.05
POU2F1	22	34	0.5406130930657208	0.3611638836116388	chr11	65190189.0	65190303.0	sense	0.5839378678954534	0.2336333601918087	0.05
Pou5f1::Sox2	18	33	0.5388139271685114	0.33696630336966304	chr11	65190189.0	65190303.0	sense	0.5641468111253392	0.24860786239133878	0.05
FOXC1	19	30	0.5387595598445398	0.2625737426257374	chr11	65190189.0	65190303.0	antisense	0.4963030969630309	0.3042530147689097	0.05
DMRT3	21	32	0.5387092296498769	0.3448655134486551	chr11	65190189.0	65190303.0	antisense	0.5710081858056233	0.2433576657914025	0.05
PAX9	18	35	0.5380323780470458	0.1384861513848615	chr11	65190189.0	65190303.0	antisense	0.3568410485684105	0.447525193137413	0.05
ISL2	18	26	0.5370252049503861	0.39136086391360864	chr11	65190189.0	65190303.0	antisense	0.6129197891021708	0.212596356524978	0.05
POU5F1B	24	33	0.5298200197116266	0.2763723627637236	chr11	65190189.0	65190303.0	sense	0.5084957935301876	0.29371263537483344	0.05
ETV1	20	30	0.5279884760322816	0.3310668933106689	chr11	65190189.0	65190303.0	sense	0.5592547541362369	0.2523903153469195	0.05
TBX20	17	28	0.5277941384866753	0.23597640235976403	chr11	65190189.0	65190303.0	sense	0.4706322471201156	0.32731831883760304	0.05
RFX2	20	36	0.5271551426852201	0.17548245175482452	chr11	65190189.0	65190303.0	sense	0.40167040564666	0.39613016512623256	0.05
HOXD11	17	27	0.5236249853534322	0.2338766123387661	chr11	65190189.0	65190303.0	antisense	0.4704727201698435	0.3274655535824819	0.05
NKX6-1	19	27	0.5231086660760195	0.2575742425757424	chr11	65190189.0	65190303.0	antisense	0.4956915419569154	0.30478849144945463	0.05
Ascl2	26	36	0.5206867375081372	0.21187881211878812	chr11	65190189.0	65190303.0	antisense	0.445202848136239	0.351442065977276	0.05
RUNX1	25	36	0.520395908021564	0.39246075392460755	chr11	65190189.0	65190303.0	antisense	0.6129197891021708	0.212596356524978	0.05
POU6F2	19	29	0.5178648295651607	0.2836716328367163	chr11	65190189.0	65190303.0	antisense	0.5169451475905041	0.2865555369110578	0.05
KLF13	16	34	0.5172858290735523	0.1825817418258174	chr11	65190189.0	65190303.0	antisense	0.411788691260744	0.3853255843583325	0.05
FOXB1	19	30	0.5144343745594032	0.28717128287171284	chr11	65190189.0	65190303.0	antisense	0.5196688664466887	0.2842733011402442	0.05
ZNF263	15	36	0.5081342344324312	0.33256674332566744	chr11	65190189.0	65190303.0	sense	0.5592547541362369	0.2523903153469195	0.05
RUNX3	25	35	0.5006679304512743	0.28747125287471254	chr11	65190189.0	65190303.0	sense	0.5196688664466887	0.2842733011402442	0.05
Tcf21	15	29	0.4991026283834045	0.21107889211078892	chr11	65190189.0	65190303.0	antisense	0.445202848136239	0.351442065977276	0.05
NKX3-2	18	27	0.4930193885791353	0.35306469353064696	chr11	65190189.0	65190303.0	antisense	0.5798752403240689	0.23666543448371147	0.05
PRRX1	19	27	0.49240044382574133	0.38616138386161386	chr11	65190189.0	65190303.0	sense	0.6091725173987161	0.21525969793500316	0.05
TCF3	17	27	0.4915804915394918	0.31416858314168583	chr11	65190189.0	65190303.0	antisense	0.546016162503351	0.2627945016503362	0.05
GATA2	23	37	0.489568640352786	0.3932606739326067	chr11	65190189.0	65190303.0	sense	0.6129197891021708	0.212596356524978	0.05
MEOX1	18	28	0.48776136688294497	0.44425557444255576	chr11	65190189.0	65190303.0	sense	0.6369299534134985	0.19590832672069958	0.05
HLTF	23	33	0.48746707664821975	0.553944605539446	chr11	65190189.0	65190303.0	antisense	0.713168287131683	0.14680797709221122	0.05
HOXD12	17	28	0.48727485320593755	0.26147385261473854	chr11	65190189.0	65190303.0	antisense	0.4963030969630309	0.3042530147689097	0.05
DUXA	22	35	0.48538450897642854	0.41485851414858516	chr11	65190189.0	65190303.0	antisense	0.6281844118795118	0.20191284463077386	0.05
Atoh1	17	27	0.4803229901141402	0.3444655534446555	chr11	65190189.0	65190303.0	sense	0.5710081858056233	0.2433576657914025	0.05
Myc	18	28	0.47857460623979137	0.24717528247175283	chr11	65190189.0	65190303.0	sense	0.48409045887864044	0.31507347694843446	0.05
VSX1	19	27	0.4782167590599889	0.4246575342465753	chr11	65190189.0	65190303.0	sense	0.6284069072084388	0.20175905000694624	0.05
EGR3	16	31	0.4760713103654016	0.23667633236676333	chr11	65190189.0	65190303.0	antisense	0.4706322471201156	0.32731831883760304	0.05
RAX	17	27	0.4757188879795169	0.42305769423057693	chr11	65190189.0	65190303.0	antisense	0.6284069072084388	0.20175905000694624	0.05
HNF4G	16	31	0.47485791420080337	0.49505049495050496	chr11	65190189.0	65190303.0	antisense	0.6690916845815419	0.1745143674644515	0.05
NFKB2	20	33	0.4736509139766915	0.23637636236376364	chr11	65190189.0	65190303.0	sense	0.4706322471201156	0.32731831883760304	0.05
Dlx2	19	27	0.4732773423668985	0.35666433356664334	chr11	65190189.0	65190303.0	sense	0.5821031104436726	0.2350000800744835	0.05
HOXC12	17	28	0.4720307737818569	0.28387161283871615	chr11	65190189.0	65190303.0	antisense	0.5169451475905041	0.2865555369110578	0.05
ZBTB18	24	37	0.4704515720000543	0.3104689531046895	chr11	65190189.0	65190303.0	sense	0.546016162503351	0.2627945016503362	0.05
MNX1	18	28	0.47011615971538595	0.49675032496750327	chr11	65190189.0	65190303.0	antisense	0.669645243267881	0.17415521176838172	0.05
Hoxc9	15	28	0.46889702142828865	0.400959904009599	chr11	65190189.0	65190303.0	antisense	0.6156751188786446	0.21064839708587732	0.05
ZNF354C	21	27	0.46604812505658416	0.22357764223577642	chr11	65190189.0	65190303.0	antisense	0.4590536993731457	0.33813650841189147	0.05
NFKB1	20	33	0.46572956360850737	0.14858514148585142	chr11	65190189.0	65190303.0	antisense	0.37253955763843905	0.4288276054607661	0.05
LHX2	17	27	0.462410648732454	0.420957904209579	chr11	65190189.0	65190303.0	sense	0.6284069072084388	0.20175905000694624	0.05
EMX2	18	28	0.4607282839573234	0.43215678432156784	chr11	65190189.0	65190303.0	sense	0.6284069072084388	0.20175905000694624	0.05
Pitx1	19	27	0.458459914546302	0.45145485451454853	chr11	65190189.0	65190303.0	antisense	0.6419316972412348	0.1925111792353549	0.05
FOXP3	21	28	0.45792706444160575	0.33856614338566143	chr11	65190189.0	65190303.0	sense	0.5650026637207661	0.24794950468232593	0.05
EN1	19	27	0.4577431895192419	0.3595640435956404	chr11	65190189.0	65190303.0	sense	0.5831679332066794	0.23420636468711964	0.05
E2F8	21	33	0.45584701373835507	0.1411858814118588	chr11	65190189.0	65190303.0	antisense	0.35744132903782794	0.44679523376837416	0.05
TBX19	15	35	0.45283826635168406	0.36546345365463456	chr11	65190189.0	65190303.0	antisense	0.5854183100208498	0.2325336983411377	0.05
DUX4	23	34	0.4497714356434761	0.2572742725727427	chr11	65190189.0	65190303.0	antisense	0.4956915419569154	0.30478849144945463	0.05
Nkx3-1	18	27	0.4488742214899724	0.36466353364663534	chr11	65190189.0	65190303.0	antisense	0.5854183100208498	0.2325336983411377	0.05
NFIL3	23	34	0.448027351043293	0.3097690230976902	chr11	65190189.0	65190303.0	sense	0.546016162503351	0.2627945016503362	0.05
NEUROG2	17	27	0.4472810016715625	0.23197680231976803	chr11	65190189.0	65190303.0	sense	0.4684667719998428	0.3293212078687997	0.05
Arid5a	23	37	0.4449038715377153	0.6655334466553344	chr11	65190189.0	65190303.0	antisense	0.7922290339773361	0.10114924541432335	0.05
STAT1::STAT2	17	32	0.44217225328331655	0.31526847315268475	chr11	65190189.0	65190303.0	antisense	0.546016162503351	0.2627945016503362	0.05
Shox2	19	27	0.44118594325448623	0.37516248375162486	chr11	65190189.0	65190303.0	sense	0.5972678805739059	0.22383083978931692	0.05
ZIC1	16	30	0.44071854729822646	0.24537546245375463	chr11	65190189.0	65190303.0	sense	0.48238585232385855	0.31660543790725043	0.05
SCRT1	16	31	0.44059480488850467	0.3280671932806719	chr11	65190189.0	65190303.0	antisense	0.5582520436480941	0.25316967838914306	0.05
POU3F1	23	35	0.4400973133719555	0.5133486651334866	chr11	65190189.0	65190303.0	sense	0.6799279255747895	0.16753712138806515	0.05
FEV	26	36	0.4384690258509523	0.41005899410058994	chr11	65190189.0	65190303.0	sense	0.6273032520794841	0.20252246097770848	0.05
Sox6	19	29	0.43829702107922813	0.26517348265173485	chr11	65190189.0	65190303.0	sense	0.4986414402038058	0.30221163176088695	0.05
GATA5	23	31	0.4376875340091269	0.47705229477052297	chr11	65190189.0	65190303.0	sense	0.6602403759624038	0.18029792059719751	0.05
RHOXF1	22	30	0.4352757229724015	0.46735326467353266	chr11	65190189.0	65190303.0	sense	0.6520331837783964	0.18573030125409423	0.05
Klf12	18	33	0.4303821375908762	0.31486851314868514	chr11	65190189.0	65190303.0	antisense	0.546016162503351	0.2627945016503362	0.05
TP63	19	37	0.43009386548632034	0.1957804219578042	chr11	65190189.0	65190303.0	antisense	0.4323831446642569	0.3641312442330221	0.05
Spz1	19	30	0.4265006076561631	0.44965503449655037	chr11	65190189.0	65190303.0	antisense	0.6411290189662353	0.19305456550951886	0.05
MSC	17	27	0.4257785636221666	0.3046695330466953	chr11	65190189.0	65190303.0	sense	0.5433796826502917	0.2648966041916385	0.05
E2F7	20	34	0.42493478705232934	0.1314868513148685	chr11	65190189.0	65190303.0	antisense	0.34817181547151405	0.45820638795910423	0.05
TFCP2	23	33	0.423801805138117	0.4266573342665733	chr11	65190189.0	65190303.0	sense	0.6284069072084388	0.20175905000694624	0.05
PRDM1	17	32	0.42312931880510735	0.44395560443955606	chr11	65190189.0	65190303.0	sense	0.6369299534134985	0.19590832672069958	0.05
ERG	26	36	0.42247640159464284	0.41215878412158785	chr11	65190189.0	65190303.0	sense	0.6273032520794841	0.20252246097770848	0.05
GSC	27	37	0.4213739342358481	0.5913408659134086	chr11	65190189.0	65190303.0	antisense	0.7415693213287367	0.12984824522444893	0.05
Stat4	17	31	0.42108267248501197	0.46985301469853014	chr11	65190189.0	65190303.0	sense	0.6525703044668795	0.1853726928828055	0.05
GBX2	17	27	0.4208043252184616	0.49235076492350766	chr11	65190189.0	65190303.0	antisense	0.6671802793610979	0.1757567991377488	0.05
CDX2	18	29	0.4179944007930356	0.32366763323667636	chr11	65190189.0	65190303.0	antisense	0.5553086138754546	0.2554655897553049	0.05
SRY	21	30	0.4167271189407018	0.49895010498950104	chr11	65190189.0	65190303.0	sense	0.6700967435390137	0.17386249259456324	0.05
ETS1	26	36	0.41672461399336763	0.4116588341165883	chr11	65190189.0	65190303.0	sense	0.6273032520794841	0.20252246097770848	0.05
FOXF2	18	32	0.41423100283606745	0.43475652434756523	chr11	65190189.0	65190303.0	antisense	0.6302755199340402	0.2004695606580222	0.05
Sox1	18	33	0.40956622749507177	0.260973902609739	chr11	65190189.0	65190303.0	sense	0.4963030969630309	0.3042530147689097	0.05
BARX1	19	27	0.40854792692323433	0.48085191480851913	chr11	65190189.0	65190303.0	antisense	0.663729105812823	0.1780091372822586	0.05
Nkx2-5	19	26	0.4071546665315365	0.40045995400459955	chr11	65190189.0	65190303.0	antisense	0.6156751188786446	0.21064839708587732	0.05
ESR1	19	36	0.4068447408529907	0.2756724327567243	chr11	65190189.0	65190303.0	sense	0.5084957935301876	0.29371263537483344	0.05
HOXC13	20	31	0.40640093488264517	0.38576142385761425	chr11	65190189.0	65190303.0	antisense	0.6091725173987161	0.21525969793500316	0.05
PHOX2A	23	34	0.40428943740874523	0.46295370462953706	chr11	65190189.0	65190303.0	sense	0.6520331837783964	0.18573030125409423	0.05
MYBL2	16	31	0.40332958932479107	0.46665333466653336	chr11	65190189.0	65190303.0	antisense	0.6520331837783964	0.18573030125409423	0.05
NKX6-2	19	27	0.40270830787686795	0.5915408459154085	chr11	65190189.0	65190303.0	antisense	0.7415693213287367	0.12984824522444893	0.05
GRHL1	22	34	0.397413816867247	0.43885611438856115	chr11	65190189.0	65190303.0	antisense	0.6326842315768423	0.19881298935071884	0.05
ETV4	26	36	0.39536954117446416	0.5451454854514548	chr11	65190189.0	65190303.0	sense	0.709099014910539	0.14929311795251715	0.05
Sox3	19	29	0.391686365301167	0.3087691230876912	chr11	65190189.0	65190303.0	sense	0.546016162503351	0.2627945016503362	0.05
TEF	21	33	0.3896691653007793	0.42155784421557846	chr11	65190189.0	65190303.0	sense	0.6284069072084388	0.20175905000694624	0.05
Bcl6	22	36	0.38765080144059777	0.5973402659734026	chr11	65190189.0	65190303.0	sense	0.7434522734776882	0.12874690613405287	0.05
Pou2f3	21	37	0.38681373007293884	0.573942605739426	chr11	65190189.0	65190303.0	sense	0.7283036977475846	0.13768748503777312	0.05
CEBPA	21	32	0.386621752683955	0.47025297470252975	chr11	65190189.0	65190303.0	antisense	0.6525703044668795	0.1853726928828055	0.05
Phox2b	23	34	0.38637715107038917	0.43005699430056993	chr11	65190189.0	65190303.0	sense	0.6284069072084388	0.20175905000694624	0.05
Gfi1b	18	29	0.386257885638823	0.45345465453454653	chr11	65190189.0	65190303.0	antisense	0.6430135674957095	0.1917798634267014	0.05
LMX1B	19	27	0.3834599071222572	0.621037896210379	chr11	65190189.0	65190303.0	sense	0.7622280325158974	0.11791508319033206	0.05
Rhox11	18	35	0.38319173824143177	0.7949205079492051	chr11	65190189.0	65190303.0	antisense	0.8788993441081423	0.05606085962645328	0.05
SCRT2	18	31	0.3824039883323128	0.35436456354364565	chr11	65190189.0	65190303.0	antisense	0.5801741592402274	0.23644161843114314	0.05
Hoxa9	16	27	0.3817864234850193	0.42885711428857115	chr11	65190189.0	65190303.0	antisense	0.6284069072084388	0.20175905000694624	0.05
Dux	22	30	0.3804465976049287	0.35206479352064796	chr11	65190189.0	65190303.0	antisense	0.5798752403240689	0.23666543448371147	0.05
HOXA5	17	25	0.37569149392879286	0.5316468353164684	chr11	65190189.0	65190303.0	antisense	0.6950244522147282	0.1579999158773413	0.05
OLIG3	17	27	0.3741805797604127	0.5588441155884412	chr11	65190189.0	65190303.0	sense	0.714384472882761	0.14606799338969387	0.05
BHLHE22	17	27	0.37278867209913175	0.43225677432256776	chr11	65190189.0	65190303.0	sense	0.6284069072084388	0.20175905000694624	0.05
Sox2	19	27	0.37248850175681625	0.2596740325967403	chr11	65190189.0	65190303.0	sense	0.4963030969630309	0.3042530147689097	0.05
CUX1	16	26	0.3690213110251246	0.5256474352564744	chr11	65190189.0	65190303.0	antisense	0.6924137535485031	0.15963431423555366	0.05
CUX2	16	26	0.36714974140793166	0.5365463453654634	chr11	65190189.0	65190303.0	antisense	0.6996672192077275	0.15510847316617246	0.05
ELK1	26	36	0.36519395207540345	0.42495750424957507	chr11	65190189.0	65190303.0	sense	0.6284069072084388	0.20175905000694624	0.05
ZNF740	27	37	0.36228654693410584	0.31626837316268375	chr11	65190189.0	65190303.0	antisense	0.546016162503351	0.2627945016503362	0.05
ETV2	24	35	0.36021204393478107	0.43045695430456954	chr11	65190189.0	65190303.0	sense	0.6284069072084388	0.20175905000694624	0.05
ELK3	26	36	0.35833520575887423	0.587941205879412	chr11	65190189.0	65190303.0	sense	0.7415693213287367	0.12984824522444893	0.05
MAFF	17	35	0.3555730928224249	0.777922207779222	chr11	65190189.0	65190303.0	antisense	0.8701328143047764	0.06041445299359677	0.05
TAL1::TCF3	17	29	0.35235591793034216	0.5501449855014499	chr11	65190189.0	65190303.0	antisense	0.7120330360978865	0.1474998559949224	0.05
FLI1	20	30	0.34905290115548543	0.48805119488051196	chr11	65190189.0	65190303.0	sense	0.6671802793610979	0.1757567991377488	0.05
ERF	20	30	0.34879055599706354	0.5156484351564844	chr11	65190189.0	65190303.0	sense	0.6809708342142885	0.16687148839711666	0.05
NOTO	17	27	0.34787961437335796	0.6721327867213278	chr11	65190189.0	65190303.0	sense	0.7946171214313648	0.0998420815370676	0.05
OLIG2	17	27	0.34778903268525585	0.5314468553144686	chr11	65190189.0	65190303.0	sense	0.6950244522147282	0.1579999158773413	0.05
ESX1	17	27	0.3473132124949967	0.7884211578842116	chr11	65190189.0	65190303.0	antisense	0.8762110940940168	0.057391252329595285	0.05
CDX1	18	27	0.347009364712754	0.5491450854914508	chr11	65190189.0	65190303.0	antisense	0.7120330360978865	0.1474998559949224	0.05
Tcf7	19	31	0.34693781578995153	0.400959904009599	chr11	65190189.0	65190303.0	antisense	0.6156751188786446	0.21064839708587732	0.05
POU3F3	22	35	0.3468034333597525	0.6138386161383862	chr11	65190189.0	65190303.0	sense	0.7585291470852915	0.12002772644600791	0.05
Stat6	15	30	0.345631423689276	0.6234376562343765	chr11	65190189.0	65190303.0	antisense	0.7631229801548146	0.11740546820657607	0.05
Bhlha15	18	26	0.34487428310216145	0.42625737426257376	chr11	65190189.0	65190303.0	sense	0.6284069072084388	0.20175905000694624	0.05
Hnf4a	20	36	0.3395913730817709	0.3594640535946405	chr11	65190189.0	65190303.0	antisense	0.5831679332066794	0.23420636468711964	0.05
MYF6	24	34	0.338331085563431	0.43675632436756323	chr11	65190189.0	65190303.0	antisense	0.6314109536121597	0.1996878883100431	0.05
Gata4	20	31	0.33596108326717716	0.4914508549145086	chr11	65190189.0	65190303.0	antisense	0.6671802793610979	0.1757567991377488	0.05
BHLHE23	16	28	0.33469963487521176	0.5012498750124987	chr11	65190189.0	65190303.0	sense	0.6700967435390137	0.17386249259456324	0.05
OTX1	28	36	0.331603750757729	0.6125387461253875	chr11	65190189.0	65190303.0	antisense	0.7585291470852915	0.12002772644600791	0.05
BARHL2	17	27	0.3308428506225387	0.815918408159184	chr11	65190189.0	65190303.0	sense	0.8952677670922126	0.048047051412355234	0.05
NFATC1	26	36	0.3263230528169764	0.7484251574842515	chr11	65190189.0	65190303.0	antisense	0.8503027158990885	0.0704264337682062	0.05
EBF1	23	37	0.3222643920447287	0.5547445255474452	chr11	65190189.0	65190303.0	antisense	0.713168287131683	0.14680797709221122	0.05
Hoxd9	17	27	0.32095273395234636	0.6476352364763523	chr11	65190189.0	65190303.0	antisense	0.7853333825495955	0.10494594138768362	0.05
RELA	22	32	0.3176630869898352	0.41725827417258277	chr11	65190189.0	65190303.0	sense	0.6284069072084388	0.20175905000694624	0.05
Ddit3::Cebpa	20	32	0.31766262989029015	0.799020097990201	chr11	65190189.0	65190303.0	sense	0.8804488977853807	0.05529584589076968	0.05
GLIS3	23	37	0.3169648818993064	0.3454654534546545	chr11	65190189.0	65190303.0	antisense	0.5710081858056233	0.2433576657914025	0.05
LMX1A	19	27	0.31582399876375056	0.6638336166383362	chr11	65190189.0	65190303.0	antisense	0.7922290339773361	0.10114924541432335	0.05
T	15	31	0.3129409858312142	0.5551444855514449	chr11	65190189.0	65190303.0	antisense	0.713168287131683	0.14680797709221122	0.05
IRF7	16	30	0.3115160284711898	0.48795120487951205	chr11	65190189.0	65190303.0	sense	0.6671802793610979	0.1757567991377488	0.05
Arid3b	16	27	0.3111486952552728	0.6365363463653635	chr11	65190189.0	65190303.0	sense	0.7754985064873794	0.11041903424613947	0.05
REL	22	32	0.31110832275129485	0.6902309769023097	chr11	65190189.0	65190303.0	sense	0.8086453205695231	0.09224192226316859	0.05
SOX21	18	33	0.30537156779922253	0.3163683631636836	chr11	65190189.0	65190303.0	antisense	0.546016162503351	0.2627945016503362	0.05
Lhx4	19	27	0.30014010101422317	0.6596340365963403	chr11	65190189.0	65190303.0	antisense	0.791725446393005	0.10142539642637487	0.05
Gata1	16	27	0.29939424007449456	0.5569443055694431	chr11	65190189.0	65190303.0	antisense	0.7137138138038048	0.14647589746934445	0.05
FOXO3	19	27	0.2983815718744942	0.41515848415158485	chr11	65190189.0	65190303.0	antisense	0.6281844118795118	0.20191284463077386	0.05
Mecom	22	36	0.2966065289163395	0.5135486451354865	chr11	65190189.0	65190303.0	sense	0.6799279255747895	0.16753712138806515	0.05
ALX3	18	28	0.29537919733766665	0.8434156584341566	chr11	65190189.0	65190303.0	antisense	0.9113419219408619	0.04031865161959168	0.05
TEAD1	17	27	0.29477199143839716	0.7648235176482352	chr11	65190189.0	65190303.0	antisense	0.8610486022981216	0.06497233389576049	0.05
PITX3	28	37	0.29185458967659506	0.795920407959204	chr11	65190189.0	65190303.0	antisense	0.8788993441081423	0.05606085962645328	0.05
FOXH1	20	31	0.28939132805278694	0.5853414658534146	chr11	65190189.0	65190303.0	antisense	0.7409566360437126	0.1302072080503672	0.05
IRF9	15	30	0.28839094949793237	0.32526747325267474	chr11	65190189.0	65190303.0	sense	0.5553086138754546	0.2554655897553049	0.05
Nobox	19	27	0.2880124208518689	0.638936106389361	chr11	65190189.0	65190303.0	sense	0.7765991550727831	0.10980308629502854	0.05
Sox5	23	30	0.2868767085884609	0.5049495050494951	chr11	65190189.0	65190303.0	antisense	0.6719712644120205	0.17264929833624254	0.05
Stat5a::Stat5b	16	27	0.28493959626579857	0.6521347865213478	chr11	65190189.0	65190303.0	sense	0.7871115214059989	0.10396373053805316	0.05
NFATC3	26	36	0.2817941378200685	0.7798220177982201	chr11	65190189.0	65190303.0	antisense	0.8703819940586586	0.0602901019770672	0.05
POU6F1	18	28	0.28037557988036194	0.6896310368963103	chr11	65190189.0	65190303.0	sense	0.8086453205695231	0.09224192226316859	0.05
IRF8	22	36	0.28007766406862306	0.38736126387361264	chr11	65190189.0	65190303.0	sense	0.6092136240921362	0.21523039292320031	0.05
LHX6	17	27	0.2790037422392003	0.7470252974702529	chr11	65190189.0	65190303.0	sense	0.8503027158990885	0.0704264337682062	0.05
IRF2	17	35	0.2785055221242244	0.4470552944705529	chr11	65190189.0	65190303.0	sense	0.6391782309372368	0.19437802459648557	0.05
ZNF143	17	33	0.273518351688925	0.49135086491350866	chr11	65190189.0	65190303.0	sense	0.6671802793610979	0.1757567991377488	0.05
STAT3	17	28	0.27115081064071167	0.7027297270272973	chr11	65190189.0	65190303.0	sense	0.8177505119443212	0.08737917531728934	0.05
RARA(var.2)	20	37	0.2698639121830398	0.46705329467053297	chr11	65190189.0	65190303.0	sense	0.6520331837783964	0.18573030125409423	0.05
LBX1	18	26	0.26552287075964476	0.664933506649335	chr11	65190189.0	65190303.0	antisense	0.7922290339773361	0.10114924541432335	0.05
MSX2	18	26	0.2568609273447991	0.6757324267573243	chr11	65190189.0	65190303.0	antisense	0.7970571124705712	0.09851055847571469	0.05
Msx3	18	26	0.2551921926960534	0.6605339466053395	chr11	65190189.0	65190303.0	antisense	0.791725446393005	0.10142539642637487	0.05
LIN54	20	29	0.2544908041333158	0.6212378762123788	chr11	65190189.0	65190303.0	sense	0.7622280325158974	0.11791508319033206	0.05
DLX6	18	26	0.24952097487691458	0.815018498150185	chr11	65190189.0	65190303.0	antisense	0.8952677670922126	0.048047051412355234	0.05
RXRA::VDR	22	37	0.24861250262959322	0.5949405059494051	chr11	65190189.0	65190303.0	sense	0.7422454869897626	0.129452434326598	0.05
Crx	25	36	0.24679918515762436	0.7147285271472853	chr11	65190189.0	65190303.0	sense	0.8298525852112776	0.08099904872673463	0.05
TEAD3	18	26	0.2462799077374068	0.680931906809319	chr11	65190189.0	65190303.0	antisense	0.8013688427075659	0.09616754698345822	0.05
MEF2C	15	30	0.24424883114910695	0.7527247275272473	chr11	65190189.0	65190303.0	antisense	0.8529784576127539	0.06906193701307356	0.05
GBX1	17	27	0.24321180642179996	0.7723227677232277	chr11	65190189.0	65190303.0	antisense	0.8676093429618078	0.061675779877173174	0.05
TEAD4	24	34	0.23988474495517476	0.8356164383561644	chr11	65190189.0	65190303.0	sense	0.9076716545464452	0.04207122681776736	0.05
FOXP2	18	29	0.23853634489341327	0.6115388461153884	chr11	65190189.0	65190303.0	antisense	0.7585291470852915	0.12002772644600791	0.05
FOXP1	17	32	0.23716264121675915	0.6957304269573042	chr11	65190189.0	65190303.0	antisense	0.8114249249232379	0.09075165599776631	0.05
OLIG1	17	27	0.23656042141896744	0.650934906509349	chr11	65190189.0	65190303.0	sense	0.7871115214059989	0.10396373053805316	0.05
HSF1	24	37	0.23128673470455308	0.668933106689331	chr11	65190189.0	65190303.0	antisense	0.7944537354044916	0.09993138863100354	0.05
Rarg(var.2)	19	36	0.22919536400982007	0.48925107489251074	chr11	65190189.0	65190303.0	sense	0.6671802793610979	0.1757567991377488	0.05
OTX2	28	36	0.22868187759840103	0.8212178782121787	chr11	65190189.0	65190303.0	antisense	0.8984903614901668	0.04648657740207086	0.05
SPIB	20	27	0.2241056997483292	0.7268273172682732	chr11	65190189.0	65190303.0	sense	0.8401411529225697	0.07564774157455931	0.05
HSF2	24	37	0.2233685483540254	0.7565243475652434	chr11	65190189.0	65190303.0	antisense	0.8554164191423995	0.06782241800894079	0.05
Nr2e3	24	31	0.2231122286881562	0.670932906709329	chr11	65190189.0	65190303.0	sense	0.7946171214313648	0.0998420815370676	0.05
STAT1	22	33	0.22079460648620844	0.7487251274872513	chr11	65190189.0	65190303.0	sense	0.8503027158990885	0.0704264337682062	0.05
FOXG1	19	27	0.21839894929091386	0.5689431056894311	chr11	65190189.0	65190303.0	antisense	0.7237290976784674	0.14042396612321364	0.05
BSX	18	26	0.2141561481529978	0.8500149985001499	chr11	65190189.0	65190303.0	antisense	0.9152651124929	0.03845309148976494	0.05
VENTX	18	27	0.2103035400168426	0.8573142685731426	chr11	65190189.0	65190303.0	antisense	0.9193101351021922	0.03653795189820347	0.05
Sox11	18	33	0.1926435949915245	0.46505349465053497	chr11	65190189.0	65190303.0	antisense	0.6520331837783964	0.18573030125409423	0.05
Foxd3	17	29	0.18937034669466143	0.7483251674832517	chr11	65190189.0	65190303.0	sense	0.8503027158990885	0.0704264337682062	0.05
Vdr	19	35	0.18852189464337984	0.7301269873012699	chr11	65190189.0	65190303.0	sense	0.842079792020798	0.07464675459003986	0.05
GLIS1	17	33	0.1874896238838913	0.46635336466353366	chr11	65190189.0	65190303.0	antisense	0.6520331837783964	0.18573030125409423	0.05
SPI1	16	30	0.1868496351998455	0.593040695930407	chr11	65190189.0	65190303.0	sense	0.7416581233442922	0.12979624210716273	0.05
Lhx8	18	26	0.18658830112050218	0.8938106189381062	chr11	65190189.0	65190303.0	sense	0.9391084987886754	0.027284229136329108	0.05
HOXB13	16	26	0.1857069922559496	0.7381261873812619	chr11	65190189.0	65190303.0	antisense	0.8475386974576878	0.07184046338014857	0.05
RREB1	16	36	0.1842430960311333	0.36476352364763526	chr11	65190189.0	65190303.0	sense	0.5854183100208498	0.2325336983411377	0.05
POU4F3	19	35	0.18286475879438158	0.9053094690530947	chr11	65190189.0	65190303.0	antisense	0.9415944177125374	0.026136124892561258	0.05
CTCF	15	34	0.18278156120700784	0.7482251774822518	chr11	65190189.0	65190303.0	sense	0.8503027158990885	0.0704264337682062	0.05
Rarb(var.2)	17	34	0.18106733739116154	0.6183381661833817	chr11	65190189.0	65190303.0	antisense	0.7622280325158974	0.11791508319033206	0.05
VSX2	18	26	0.18076838192332828	0.877012298770123	chr11	65190189.0	65190303.0	antisense	0.932724145618225	0.03024678042270862	0.05
POU4F1	21	35	0.17625782460487832	0.896010398960104	chr11	65190189.0	65190303.0	antisense	0.9391084987886754	0.027284229136329108	0.05
PAX4	28	36	0.16834002703492046	0.8958104189581042	chr11	65190189.0	65190303.0	sense	0.9391084987886754	0.027284229136329108	0.05
Arid3a	21	27	0.16830833566704287	0.694930506949305	chr11	65190189.0	65190303.0	antisense	0.8114249249232379	0.09075165599776631	0.05
NR3C1	16	33	0.16483118577700653	0.7617238276172382	chr11	65190189.0	65190303.0	antisense	0.859423188115971	0.0657929327850515	0.05
ONECUT3	18	32	0.15803335605813223	0.7334266573342666	chr11	65190189.0	65190303.0	antisense	0.8440098340498544	0.07365249312706389	0.05
NFATC2	22	29	0.15517923845152037	0.8616138386161384	chr11	65190189.0	65190303.0	antisense	0.9220156334881976	0.035261715085095326	0.05
RARA	19	37	0.15312540356827556	0.5284471552844715	chr11	65190189.0	65190303.0	sense	0.6943394268168119	0.15842817341142001	0.05
HOXD13	16	26	0.1513683466959296	0.7945205479452054	chr11	65190189.0	65190303.0	antisense	0.8788993441081423	0.05606085962645328	0.05
EWSR1-FLI1	19	37	0.14830017766178535	0.30056994300569945	chr11	65190189.0	65190303.0	sense	0.537916553172269	0.2692850910764715	0.05
NR1H2::RXRA	20	37	0.1424388049853626	0.6564343565643436	chr11	65190189.0	65190303.0	sense	0.7904627170693603	0.10211860916363828	0.05
Ar	16	33	0.14173796171850384	0.8377162283771623	chr11	65190189.0	65190303.0	sense	0.9076716545464452	0.04207122681776736	0.05
Dmbx1	16	33	0.1365855524111773	0.9594040595940406	chr11	65190189.0	65190303.0	antisense	0.9782528623365561	0.009548872693673254	0.05
MEF2D	25	37	0.13525280009444188	0.7230276972302769	chr11	65190189.0	65190303.0	sense	0.8376146760323967	0.07695572189267144	0.05
GATA3	18	26	0.1294015383333139	0.7775222477752225	chr11	65190189.0	65190303.0	sense	0.8701328143047764	0.06041445299359677	0.05
SOX8	17	33	0.1271363830679239	0.5905409459054095	chr11	65190189.0	65190303.0	antisense	0.7415693213287367	0.12984824522444893	0.05
Hoxd8	15	32	0.12012545034950865	0.947005299470053	chr11	65190189.0	65190303.0	sense	0.9694196260847288	0.01348819214986101	0.05
SOX4	18	34	0.11984117019440185	0.6340365963403659	chr11	65190189.0	65190303.0	antisense	0.7742705729427056	0.11110724629175488	0.05
Znf423	15	30	0.11951766268726823	0.7855214478552145	chr11	65190189.0	65190303.0	antisense	0.8748618700361724	0.058060511339511685	0.05
NR3C2	16	33	0.11887987284213217	0.8567143285671432	chr11	65190189.0	65190303.0	antisense	0.9193101351021922	0.03653795189820347	0.05
NFAT5	26	36	0.11299426051563355	0.9565043495650435	chr11	65190189.0	65190303.0	antisense	0.9772160579217668	0.010009405176378763	0.05
ISX	18	26	0.10933904235426378	0.9011098890110989	chr11	65190189.0	65190303.0	antisense	0.9391084987886754	0.027284229136329108	0.05
Foxq1	26	37	0.10773266809975186	0.8724127587241276	chr11	65190189.0	65190303.0	sense	0.9315491448801732	0.03079422848940538	0.05
MEF2B	25	37	0.10379192885165187	0.8367163283671633	chr11	65190189.0	65190303.0	sense	0.9076716545464452	0.04207122681776736	0.05
HOXA13	20	30	0.10368024072550813	0.8992100789921008	chr11	65190189.0	65190303.0	antisense	0.9391084987886754	0.027284229136329108	0.05
POU3F4	15	24	0.10307581384157428	0.9261073892610739	chr11	65190189.0	65190303.0	sense	0.9574695916862497	0.01887500991554962	0.05
mix-a	18	29	0.10189373008662851	0.9154084591540846	chr11	65190189.0	65190303.0	antisense	0.9482973858302792	0.02305544665793527	0.05
ONECUT2	18	32	0.09886753059497376	0.9436056394360564	chr11	65190189.0	65190303.0	antisense	0.9694196260847288	0.01348819214986101	0.05
ONECUT1	18	32	0.09783133202957817	0.9292070792920708	chr11	65190189.0	65190303.0	antisense	0.9587643621323751	0.018288117334361757	0.05
PAX3	19	29	0.08990334846282202	0.8891110888911109	chr11	65190189.0	65190303.0	antisense	0.9391084987886754	0.027284229136329108	0.05
HNF1B	24	37	0.0866482647499696	0.9462053794620537	chr11	65190189.0	65190303.0	sense	0.9694196260847288	0.01348819214986101	0.05
POU2F2	20	33	0.08619317574423038	0.9693030696930307	chr11	65190189.0	65190303.0	antisense	0.9864084179817313	0.0059432301396007085	0.05
PROP1	23	34	0.07598763830173201	0.8967103289671033	chr11	65190189.0	65190303.0	antisense	0.9391084987886754	0.027284229136329108	0.05
Lhx3	24	37	0.07417787081069908	0.88001199880012	chr11	65190189.0	65190303.0	antisense	0.9340004649841764	0.029652907560043972	0.05
MEF2A	25	37	0.07400027842297861	0.8943105689431057	chr11	65190189.0	65190303.0	antisense	0.9391084987886754	0.027284229136329108	0.05
HNF1A	17	32	0.05998005386511009	0.9751024897510249	chr11	65190189.0	65190303.0	sense	0.990368282154172	0.004203276952792042	0.05
PAX7	19	29	0.05811217911367097	0.9366063393660634	chr11	65190189.0	65190303.0	antisense	0.9644815280376725	0.015706085643871093	0.05
POU3F2	20	32	0.045125143195421304	0.9902009799020098	chr11	65190189.0	65190303.0	sense	0.9971217163997886	0.0012518251042348437	0.05
Rarg	21	37	0.04199330012931847	0.9122087791220878	chr11	65190189.0	65190303.0	sense	0.9468727127287271	0.023708398900629042	0.05
ZNF410	15	32	0.04040094395999147	0.8446155384461553	chr11	65190189.0	65190303.0	antisense	0.9113419219408619	0.04031865161959168	0.05
POU4F2	15	31	0.037449471089958865	0.9011098890110989	chr11	65190189.0	65190303.0	antisense	0.9391084987886754	0.027284229136329108	0.05
Hmx1	17	34	0.031751127448285406	0.9933006699330067	chr11	65190189.0	65190303.0	antisense	0.9971217163997886	0.0012518251042348437	0.05
Hmx2	17	34	0.027560363204135106	0.9875012498750125	chr11	65190189.0	65190303.0	antisense	0.9971217163997886	0.0012518251042348437	0.05
Hmx3	17	34	0.021882363944221543	0.9952004799520048	chr11	65190189.0	65190303.0	antisense	0.9971217163997886	0.0012518251042348437	0.05
BCL6B	20	37	-0.0036629320473365442	0.8741125887411259	chr11	65190189.0	65190303.0	sense	0.9315491448801732	0.03079422848940538	0.05
Alx1	20	37	-0.00949203945477497	0.9812018798120188	chr11	65190189.0	65190303.0	antisense	0.9946167492625737	0.0023442315595915233	0.05
IRF1	15	36	-0.016126143173460134	0.8223177682231777	chr11	65190189.0	65190303.0	sense	0.8984903614901668	0.04648657740207086	0.05
REST	15	36	-0.022889595162382835	0.8337166283371663	chr11	65190189.0	65190303.0	sense	0.9076716545464452	0.04207122681776736	0.05
Arx	20	37	-0.03273317648398551	0.9877012298770123	chr11	65190189.0	65190303.0	sense	0.9971217163997886	0.0012518251042348437	0.05
Alx4	15	32	-0.06877342106438442	0.9943005699430058	chr11	65190189.0	65190303.0	sense	0.9971217163997886	0.0012518251042348437	0.05
SRF	15	31	-0.11284885375206247	0.9992000799920008	chr11	65190189.0	65190303.0	sense	0.9992000799920008	0.0003475398660234406	0.05
