motif	start	end	score	pval	tile_chr	tile_start	tile_end	strand	padj	neg_log_pval	fdr_cutoff
PAX5	49	68	1.1101080030401063	0.00019998000199980003	chr3	169482812.0	169482926.0	antisense	0.034596540345965404	1.460967328484086	0.05
ZIC4	51	66	1.0655643118296747	0.0006999300069993001	chr3	169482812.0	169482926.0	sense	0.043245675432456755	1.3640573154760296	0.05
ZIC3	51	66	1.0051354513555615	0.0004999500049995	chr3	169482812.0	169482926.0	sense	0.043245675432456755	1.3640573154760296	0.05
Hes1	51	61	0.9576211233508336	0.0165983401659834	chr3	169482812.0	169482926.0	sense	0.12380619080949049	0.9072576382950783	0.05
TFAP2A(var.2)	50	62	0.9261111879041907	0.0021997800219978004	chr3	169482812.0	169482926.0	sense	0.051894810518948106	1.2848760694284047	0.05
THAP1	54	63	0.8999483870941215	0.007999200079992	chr3	169482812.0	169482926.0	antisense	0.08833159237267761	1.0538839403721787	0.05
TFAP2A	51	62	0.8940543574820388	0.00039996000399960006	chr3	169482812.0	169482926.0	sense	0.043245675432456755	1.3640573154760296	0.05
EGR1	47	61	0.8924302145063729	0.009499050094990502	chr3	169482812.0	169482926.0	sense	0.09301899998679378	1.031428333740346	0.05
ETV5	55	65	0.8150537250553586	0.0014998500149985001	chr3	169482812.0	169482926.0	sense	0.043245675432456755	1.3640573154760296	0.05
ELF5	54	65	0.8003576801287815	0.0013998600139986002	chr3	169482812.0	169482926.0	sense	0.043245675432456755	1.3640573154760296	0.05
TFAP2C	50	62	0.7935364769146753	0.0051994800519948	chr3	169482812.0	169482926.0	sense	0.0793685337348618	1.1003516428358608	0.05
SP3	49	60	0.7931395461077702	0.0173982601739826	chr3	169482812.0	169482926.0	sense	0.1271788314126334	0.8955851698648805	0.05
Gmeb1	49	66	0.7913431751851926	0.048595140485951406	chr3	169482812.0	169482926.0	antisense	0.21373625349329475	0.6701218074722368	0.05
SP8	49	61	0.778652709282074	0.007999200079992	chr3	169482812.0	169482926.0	sense	0.08833159237267761	1.0538839403721787	0.05
SP2	49	64	0.7785907309520421	0.0314968503149685	chr3	169482812.0	169482926.0	sense	0.1638247939911891	0.7856203694944915	0.05
TFAP2B	50	62	0.7766416447811837	0.0047995200479952005	chr3	169482812.0	169482926.0	sense	0.07548336075483361	1.122148771930705	0.05
ELF1	53	65	0.7758649724133613	9.999000099990002e-05	chr3	169482812.0	169482926.0	sense	0.025947405259474053	1.585906065092386	0.05
ELF4	53	65	0.7720833716718785	9.999000099990002e-05	chr3	169482812.0	169482926.0	sense	0.025947405259474053	1.585906065092386	0.05
ETV3	55	65	0.7660161569970023	0.0005999400059994001	chr3	169482812.0	169482926.0	sense	0.043245675432456755	1.3640573154760296	0.05
ZIC1	51	65	0.7474771110735564	0.000999900009999	chr3	169482812.0	169482926.0	sense	0.043245675432456755	1.3640573154760296	0.05
ZBTB33	51	66	0.7420539441321227	0.0032996700329967	chr3	169482812.0	169482926.0	sense	0.0630151270587227	1.200555183728369	0.05
EHF	53	65	0.7192498868674021	0.0006999300069993001	chr3	169482812.0	169482926.0	sense	0.043245675432456755	1.3640573154760296	0.05
FEV	55	65	0.7182393156713887	0.0014998500149985001	chr3	169482812.0	169482926.0	sense	0.043245675432456755	1.3640573154760296	0.05
TFAP2C(var.2)	51	62	0.717754520198983	0.0026997300269973002	chr3	169482812.0	169482926.0	sense	0.05389076476967688	1.2684856532402355	0.05
ELK4	55	66	0.707574983942827	0.0014998500149985001	chr3	169482812.0	169482926.0	antisense	0.043245675432456755	1.3640573154760296	0.05
ERG	55	65	0.6983863912715903	0.0017998200179982	chr3	169482812.0	169482926.0	sense	0.046705329467053296	1.33063355998908	0.05
CTCF	48	67	0.6936942874453637	0.008399160083991601	chr3	169482812.0	169482926.0	antisense	0.0908159184081592	1.0418380207421103	0.05
TFAP2B(var.2)	51	62	0.6904090650930109	0.0023997600239976003	chr3	169482812.0	169482926.0	sense	0.051894810518948106	1.2848760694284047	0.05
GLIS2	51	65	0.689702863003521	0.0071992800719928	chr3	169482812.0	169482926.0	sense	0.08689363621777356	1.061012028576723	0.05
ETS1	55	65	0.6833287656819047	0.0016998300169983002	chr3	169482812.0	169482926.0	sense	0.04643219888537462	1.33318074900296	0.05
Gabpa	56	67	0.6782503292880937	0.0014998500149985001	chr3	169482812.0	169482926.0	sense	0.043245675432456755	1.3640573154760296	0.05
TFAP2A(var.3)	49	62	0.6682671746081266	0.006299370062993701	chr3	169482812.0	169482926.0	antisense	0.08383007853060848	1.0766001270013223	0.05
KLF5	49	59	0.6637460832461023	0.012798720127987202	chr3	169482812.0	169482926.0	sense	0.1107089291070893	0.9558173501641801	0.05
ELK1	55	65	0.6619202976480092	0.0008999100089991	chr3	169482812.0	169482926.0	sense	0.043245675432456755	1.3640573154760296	0.05
Tcfl5	51	61	0.6613765514426163	0.07579242075792421	chr3	169482812.0	169482926.0	sense	0.2657855836038018	0.5754685791913087	0.05
ETV1	55	65	0.6573802392647804	0.0038996100389961006	chr3	169482812.0	169482926.0	sense	0.06978957276686125	1.1562094603008617	0.05
ETV4	55	65	0.6541949382739157	0.004299570042995701	chr3	169482812.0	169482926.0	sense	0.07198312426821835	1.142769307683091	0.05
Hand1::Tcf3	53	63	0.6526591372187039	0.0045995400459954	chr3	169482812.0	169482926.0	sense	0.0745987901209879	1.1272682160667369	0.05
E2F4	47	58	0.651330328618754	0.014798520147985201	chr3	169482812.0	169482926.0	antisense	0.12030160620301607	0.9197285741526746	0.05
E2F6	47	58	0.6450010204892188	0.016698330166983303	chr3	169482812.0	169482926.0	antisense	0.12380619080949049	0.9072576382950783	0.05
TFAP2C(var.3)	49	62	0.6399783814294216	0.007599240075992401	chr3	169482812.0	169482926.0	antisense	0.08764456887644569	1.057274990922957	0.05
ELK3	55	65	0.6376248277234426	0.0033996600339966003	chr3	169482812.0	169482926.0	sense	0.0630151270587227	1.200555183728369	0.05
ELF3	53	66	0.631527390453493	0.0023997600239976003	chr3	169482812.0	169482926.0	sense	0.051894810518948106	1.2848760694284047	0.05
EBF1	50	64	0.6308437614184712	0.0014998500149985001	chr3	169482812.0	169482926.0	sense	0.043245675432456755	1.3640573154760296	0.05
SP1	49	60	0.626195201959746	0.0292970702929707	chr3	169482812.0	169482926.0	sense	0.1638247939911891	0.7856203694944915	0.05
Mitf	50	60	0.6245641630316289	0.027597240275972403	chr3	169482812.0	169482926.0	sense	0.16209839690188282	0.7902212801552414	0.05
KLF16	49	60	0.6190434592789342	0.0273972602739726	chr3	169482812.0	169482926.0	sense	0.16209839690188282	0.7902212801552414	0.05
ERF	55	65	0.6178263594432468	0.0024997500249975004	chr3	169482812.0	169482926.0	sense	0.051894810518948106	1.2848760694284047	0.05
STAT3	52	63	0.6141297078941468	0.0008999100089991	chr3	169482812.0	169482926.0	antisense	0.043245675432456755	1.3640573154760296	0.05
MZF1(var.2)	51	61	0.6128153408442779	0.037196280371962806	chr3	169482812.0	169482926.0	antisense	0.18041934124344577	0.7437169072317169	0.05
ZNF740	51	61	0.6125362083419547	0.033896610338966106	chr3	169482812.0	169482926.0	sense	0.17079942491187775	0.7675135959304948	0.05
FLI1	55	65	0.6117224155334051	0.0020997900209979003	chr3	169482812.0	169482926.0	sense	0.051894810518948106	1.2848760694284047	0.05
INSM1	50	62	0.608474454366758	0.012398760123987601	chr3	169482812.0	169482926.0	antisense	0.10906705939575535	0.9623063959083139	0.05
HIC2	54	63	0.6028500974062261	0.019998000199980003	chr3	169482812.0	169482926.0	antisense	0.13656529083933713	0.8646596660452149	0.05
NFIX	55	64	0.6021892305378592	0.0150984901509849	chr3	169482812.0	169482926.0	antisense	0.12030160620301607	0.9197285741526746	0.05
GLIS3	49	63	0.5879761547803148	0.006099390060993901	chr3	169482812.0	169482926.0	sense	0.08383007853060848	1.0766001270013223	0.05
KLF14	48	62	0.5872384003248832	0.024697530246975304	chr3	169482812.0	169482926.0	sense	0.16016916826835834	0.795421079635017	0.05
MTF1	49	63	0.5852368388464504	0.0011998800119988001	chr3	169482812.0	169482926.0	sense	0.043245675432456755	1.3640573154760296	0.05
Klf4	49	59	0.5821873170687948	0.027697230276972302	chr3	169482812.0	169482926.0	antisense	0.16209839690188282	0.7902212801552414	0.05
ETV6	55	65	0.5814212708471761	0.0093990600939906	chr3	169482812.0	169482926.0	sense	0.09301899998679378	1.031428333740346	0.05
TFE3	51	61	0.5803431491664048	0.013998600139986002	chr3	169482812.0	169482926.0	sense	0.11718183020407637	0.9311397232484206	0.05
ZBTB7C	49	61	0.5688435282827846	0.0731926807319268	chr3	169482812.0	169482926.0	sense	0.2587680007509453	0.587089429535453	0.05
TFAP2B(var.3)	49	62	0.5678076849745444	0.016198380161983803	chr3	169482812.0	169482926.0	antisense	0.12363175447161168	0.9078699675920101	0.05
YY2	54	65	0.5664218826602784	0.011498850114988501	chr3	169482812.0	169482926.0	sense	0.10656970017283986	0.9723662560809936	0.05
EGR4	48	64	0.563506418816104	0.06109389061093891	chr3	169482812.0	169482926.0	sense	0.2348720683487207	0.6291686276808567	0.05
Rfx1	50	64	0.5495488990312069	0.012098790120987902	chr3	169482812.0	169482926.0	sense	0.10906705939575535	0.9623063959083139	0.05
GLIS1	48	64	0.5419418367018336	0.0066993300669933005	chr3	169482812.0	169482926.0	sense	0.08480371475047617	1.071585123447314	0.05
PAX1	48	65	0.5357655627982257	0.005599440055994401	chr3	169482812.0	169482926.0	sense	0.08072526080725262	1.0929905431894915	0.05
Klf1	48	59	0.534801699966904	0.0314968503149685	chr3	169482812.0	169482926.0	sense	0.1638247939911891	0.7856203694944915	0.05
ID4	51	61	0.5286153214194541	0.009499050094990502	chr3	169482812.0	169482926.0	sense	0.09301899998679378	1.031428333740346	0.05
LBX2	54	64	0.5276302493311696	0.0780921907809219	chr3	169482812.0	169482926.0	sense	0.26840958288277134	0.5712019828442738	0.05
NHLH1	55	65	0.5274161184124212	0.007499250074992501	chr3	169482812.0	169482926.0	sense	0.08764456887644569	1.057274990922957	0.05
KLF13	47	65	0.5195358080916854	0.019498050194980503	chr3	169482812.0	169482926.0	sense	0.13492650734926506	0.8699027214575868	0.05
Hic1	54	63	0.5191486045524955	0.024997500249975	chr3	169482812.0	169482926.0	antisense	0.16016916826835834	0.795421079635017	0.05
XBP1	50	64	0.5191339287009197	0.015898410158984102	chr3	169482812.0	169482926.0	sense	0.12315335630616042	0.9095537478087798	0.05
GCM2	54	64	0.5188857382702163	0.026997300269973004	chr3	169482812.0	169482926.0	antisense	0.16209839690188282	0.7902212801552414	0.05
SPDEF	54	65	0.5157071009574805	0.004299570042995701	chr3	169482812.0	169482926.0	sense	0.07198312426821835	1.142769307683091	0.05
SREBF1	51	61	0.5101686551046744	0.017698230176982303	chr3	169482812.0	169482926.0	sense	0.12724891894372206	0.8953458985689675	0.05
Klf12	48	63	0.5094668380573766	0.0321967803219678	chr3	169482812.0	169482926.0	sense	0.1638247939911891	0.7856203694944915	0.05
EGR3	48	63	0.5085191501491257	0.037896210378962104	chr3	169482812.0	169482926.0	sense	0.18211234432112344	0.7396606149472822	0.05
TCF4	51	61	0.5064947756142071	0.015298470152984701	chr3	169482812.0	169482926.0	sense	0.12030160620301607	0.9197285741526746	0.05
Myog	57	68	0.5012547331171374	0.0093990600939906	chr3	169482812.0	169482926.0	antisense	0.09301899998679378	1.031428333740346	0.05
ZEB1	50	59	0.49466964797989965	0.009799020097990201	chr3	169482812.0	169482926.0	sense	0.09417947094179471	1.0260437535588784	0.05
Pax6	49	63	0.49222618766366477	0.03899610038996101	chr3	169482812.0	169482926.0	antisense	0.1856786798384382	0.7312379603425292	0.05
TBX19	48	68	0.49068917464180456	0.040695930406959305	chr3	169482812.0	169482926.0	antisense	0.1885820346536775	0.7244996828733663	0.05
Stat4	49	63	0.48906411365874985	0.03189681031896811	chr3	169482812.0	169482926.0	antisense	0.1638247939911891	0.7856203694944915	0.05
MEIS3	55	63	0.4881248338740083	0.013598640135986401	chr3	169482812.0	169482926.0	antisense	0.11569990541929413	0.9366669960689543	0.05
GATA1::TAL1	48	66	0.482101120893942	0.06929307069293071	chr3	169482812.0	169482926.0	sense	0.25294183868326453	0.5969793287954572	0.05
PLAG1	53	67	0.47902645872963073	0.0463953604639536	chr3	169482812.0	169482926.0	antisense	0.20580506051958905	0.6865439506196857	0.05
USF1	50	61	0.47759074628825254	0.015298470152984701	chr3	169482812.0	169482926.0	antisense	0.12030160620301607	0.9197285741526746	0.05
NFIA	54	64	0.4746630705011554	0.007099290070992901	chr3	169482812.0	169482926.0	antisense	0.08689363621777356	1.061012028576723	0.05
Arntl	54	64	0.4736038365948887	0.029097090290970903	chr3	169482812.0	169482926.0	antisense	0.1638247939911891	0.7856203694944915	0.05
E2F8	52	64	0.47169037939456193	0.006299370062993701	chr3	169482812.0	169482926.0	sense	0.08383007853060848	1.0766001270013223	0.05
Pax2	50	58	0.47042617191096253	0.0771922807719228	chr3	169482812.0	169482926.0	sense	0.26708529147085286	0.57335002814835	0.05
ZBTB7A	51	63	0.46497556584494065	0.0801919808019198	chr3	169482812.0	169482926.0	sense	0.2709313484235992	0.5671407415164166	0.05
Bcl6	49	63	0.46318344409715234	0.051994800519948	chr3	169482812.0	169482926.0	antisense	0.2211909956545329	0.6552325564683539	0.05
PAX9	48	65	0.46123962965084064	0.008999100089991	chr3	169482812.0	169482926.0	sense	0.09301899998679378	1.031428333740346	0.05
SMAD2::SMAD3::SMAD4	52	65	0.45896807864510275	0.0663933606639336	chr3	169482812.0	169482926.0	sense	0.2515193736100842	0.5994285572167941	0.05
Nfe2l2	47	62	0.4587600399817651	0.0405959404059594	chr3	169482812.0	169482926.0	sense	0.1885820346536775	0.7244996828733663	0.05
GCM1	53	64	0.45692240767566694	0.0273972602739726	chr3	169482812.0	169482926.0	antisense	0.16209839690188282	0.7902212801552414	0.05
MZF1	52	58	0.45563871422696367	0.0316968303169683	chr3	169482812.0	169482926.0	antisense	0.1638247939911891	0.7856203694944915	0.05
STAT1	52	63	0.4534469836108313	0.010498950104989501	chr3	169482812.0	169482926.0	antisense	0.09907191099071912	1.0040494598527105	0.05
HINFP	50	62	0.45309228278960567	0.07129287071292871	chr3	169482812.0	169482926.0	sense	0.2569513881945139	0.5901490316717888	0.05
ESR2	49	64	0.44731480231440224	0.10618938106189381	chr3	169482812.0	169482926.0	sense	0.3315674420581894	0.4794281211515182	0.05
TFEC	51	61	0.44703557666533755	0.031796820317968204	chr3	169482812.0	169482926.0	sense	0.1638247939911891	0.7856203694944915	0.05
NFIC	56	62	0.4463898249233515	0.021997800219978002	chr3	169482812.0	169482926.0	sense	0.1463699783867767	0.834547991296679	0.05
ZBTB7B	49	61	0.445992517185918	0.0766923307669233	chr3	169482812.0	169482926.0	sense	0.26708529147085286	0.57335002814835	0.05
TBX5	50	58	0.44513361312619515	0.0826917308269173	chr3	169482812.0	169482926.0	antisense	0.2750094417309861	0.5606523955469146	0.05
MAFK	51	66	0.44421068708240385	0.08039196080391961	chr3	169482812.0	169482926.0	sense	0.2709313484235992	0.5671407415164166	0.05
MEIS1	56	63	0.4428101159460827	0.021097890210978902	chr3	169482812.0	169482926.0	antisense	0.1422052599934812	0.8470843393031939	0.05
GSC2	47	57	0.44250595872208964	0.15348465153484653	chr3	169482812.0	169482926.0	sense	0.4282716889601363	0.3682806338331158	0.05
Hes2	52	65	0.4408697014553294	0.30956904309569044	chr3	169482812.0	169482926.0	antisense	0.6505684109008454	0.1867070282114293	0.05
ZNF263	47	68	0.44013591173683814	0.20277972202779723	chr3	169482812.0	169482926.0	antisense	0.5108867754001299	0.2916753391362598	0.05
RFX4	49	65	0.43997876494521404	0.05399460053994601	chr3	169482812.0	169482926.0	sense	0.22418558144185582	0.6493923226134927	0.05
EGR2	50	61	0.4359436046881636	0.052894710528947106	chr3	169482812.0	169482926.0	sense	0.2226454773877451	0.6523861222955917	0.05
MAFF	50	68	0.4351246875793602	0.1523847615238476	chr3	169482812.0	169482926.0	sense	0.4275010336804157	0.369062830827837	0.05
SNAI2	52	61	0.4329358903328559	0.045295470452954706	chr3	169482812.0	169482926.0	antisense	0.2026581824576163	0.6932358566424914	0.05
Zfx	51	65	0.43008437709692005	0.1486851314868513	chr3	169482812.0	169482926.0	antisense	0.42051718741169364	0.3762162489849467	0.05
FIGLA	51	61	0.42832185902784425	0.05549445055494451	chr3	169482812.0	169482926.0	sense	0.2267844081733559	0.6443868072616854	0.05
Tcf12	57	68	0.42348509585868965	0.027797220277972202	chr3	169482812.0	169482926.0	antisense	0.16209839690188282	0.7902212801552414	0.05
NRF1	56	67	0.4206422251649589	0.059994000599940006	chr3	169482812.0	169482926.0	sense	0.2348720683487207	0.6291686276808567	0.05
CREB3	51	65	0.41982747327853437	0.05319468053194681	chr3	169482812.0	169482926.0	sense	0.2226454773877451	0.6523861222955917	0.05
RUNX1	50	61	0.4192493441606062	0.18738126187381263	chr3	169482812.0	169482926.0	antisense	0.4911660349116604	0.30877167313817644	0.05
Znf423	51	66	0.415072717994095	0.0433956604339566	chr3	169482812.0	169482926.0	sense	0.1975644540809077	0.7042911912523667	0.05
NRL	55	66	0.4132006322243753	0.22097790220977903	chr3	169482812.0	169482926.0	antisense	0.5289005346040738	0.276625994002982	0.05
ZNF143	49	65	0.41302929128439475	0.0240975902409759	chr3	169482812.0	169482926.0	sense	0.15831201689957586	0.8004861181439779	0.05
NFYB	48	63	0.41236935802469527	0.11808819118088192	chr3	169482812.0	169482926.0	sense	0.3502158355593012	0.4556642205011845	0.05
USF2	50	61	0.4105168378460162	0.026597340265973404	chr3	169482812.0	169482926.0	antisense	0.16209839690188282	0.7902212801552414	0.05
Myod1	55	68	0.40656632093337497	0.08759124087591241	chr3	169482812.0	169482926.0	antisense	0.2877205950291047	0.5410290502147467	0.05
ARNT::HIF1A	50	58	0.40613356021730096	0.04229577042295771	chr3	169482812.0	169482926.0	antisense	0.19426110486296502	0.7116141455367823	0.05
TCF3	51	61	0.40593663444458705	0.050594940505949405	chr3	169482812.0	169482926.0	sense	0.21701466217014662	0.6635109229050558	0.05
TFEB	51	61	0.4050457743986955	0.0443955604439556	chr3	169482812.0	169482926.0	sense	0.20035909452533007	0.6981909396673966	0.05
CENPB	52	67	0.4050162001567888	0.1601839816018398	chr3	169482812.0	169482926.0	sense	0.4415177529866061	0.3550518291892165	0.05
PKNOX2	50	62	0.4039721399094473	0.005599440055994401	chr3	169482812.0	169482926.0	antisense	0.08072526080725262	1.0929905431894915	0.05
Mycn	53	61	0.3994006696526027	0.012198780121987801	chr3	169482812.0	169482926.0	antisense	0.10906705939575535	0.9623063959083139	0.05
Gfi1	48	58	0.39596095308823753	0.1374862513748625	chr3	169482812.0	169482926.0	sense	0.3964186914641869	0.40184587636542946	0.05
Creb3l2	52	61	0.3950470182168231	0.0178982101789821	chr3	169482812.0	169482926.0	antisense	0.12724891894372206	0.8953458985689675	0.05
PKNOX1	50	62	0.38837709712324037	0.0064993500649935	chr3	169482812.0	169482926.0	antisense	0.08432906709329067	1.0740227041135118	0.05
NFYA	48	66	0.38484924841497936	0.1386861313868613	chr3	169482812.0	169482926.0	antisense	0.3976690728717183	0.4004781832243045	0.05
TP53	48	66	0.3846026473949462	0.0552944705529447	chr3	169482812.0	169482926.0	sense	0.2267844081733559	0.6443868072616854	0.05
SREBF2	51	61	0.38171235092555267	0.0688931106889311	chr3	169482812.0	169482926.0	antisense	0.25294183868326453	0.5969793287954572	0.05
ETV2	54	65	0.38009908575432155	0.07329267073292671	chr3	169482812.0	169482926.0	sense	0.2587680007509453	0.587089429535453	0.05
ZBTB18	53	66	0.378931037402296	0.049595040495950406	chr3	169482812.0	169482926.0	sense	0.21536346365363465	0.6668279727163121	0.05
T	50	66	0.37805204977733414	0.058894110588941104	chr3	169482812.0	169482926.0	sense	0.2348720683487207	0.6291686276808567	0.05
GSC	47	57	0.3758541995587309	0.14908509149085092	chr3	169482812.0	169482926.0	sense	0.42051718741169364	0.3762162489849467	0.05
JUNB	47	58	0.3747633853699356	0.036696330366963306	chr3	169482812.0	169482926.0	antisense	0.1796735420797543	0.7455158704410857	0.05
FOSL2	47	58	0.37451591959870073	0.0342965703429657	chr3	169482812.0	169482926.0	antisense	0.1711530769999923	0.7666152886844148	0.05
TBX4	50	58	0.3740633259412987	0.09159084091590841	chr3	169482812.0	169482926.0	antisense	0.29709779022097793	0.5271005784164792	0.05
Atf3	56	64	0.3738889037136624	0.0273972602739726	chr3	169482812.0	169482926.0	antisense	0.16209839690188282	0.7902212801552414	0.05
TBX2	48	59	0.3724381140156375	0.2258774122587741	chr3	169482812.0	169482926.0	antisense	0.5304541943995645	0.27535211219315253	0.05
Bach1::Mafk	48	63	0.371723610793486	0.0608939106089391	chr3	169482812.0	169482926.0	sense	0.2348720683487207	0.6291686276808567	0.05
CREB3L1	49	63	0.3712907977325522	0.07949205079492051	chr3	169482812.0	169482926.0	antisense	0.2709313484235992	0.5671407415164166	0.05
E2F7	51	65	0.37071375995396544	0.019498050194980503	chr3	169482812.0	169482926.0	sense	0.13492650734926506	0.8699027214575868	0.05
YY1	55	67	0.3699467202002935	0.0831916808319168	chr3	169482812.0	169482926.0	antisense	0.2750094417309861	0.5606523955469146	0.05
Myc	50	60	0.36952873551252646	0.039996000399960006	chr3	169482812.0	169482926.0	antisense	0.1885820346536775	0.7244996828733663	0.05
REL	48	58	0.3679147342372702	0.1055894410558944	chr3	169482812.0	169482926.0	antisense	0.3315674420581894	0.4794281211515182	0.05
MEIS2	56	64	0.3656178192956906	0.030396960303969604	chr3	169482812.0	169482926.0	sense	0.1638247939911891	0.7856203694944915	0.05
Neurog1	51	61	0.3637410103828325	0.37636236376362364	chr3	169482812.0	169482926.0	antisense	0.723452099234521	0.14059021883217282	0.05
HEY2	51	61	0.36276202193277435	0.09259074092590741	chr3	169482812.0	169482926.0	antisense	0.298475742487863	0.5250909587783202	0.05
SCRT1	51	66	0.36090729710665204	0.08139186081391861	chr3	169482812.0	169482926.0	antisense	0.2725314565317662	0.564583362709495	0.05
RFX3	49	65	0.3599693072918937	0.10668933106689331	chr3	169482812.0	169482926.0	antisense	0.3315674420581894	0.4794281211515182	0.05
TAL1::TCF3	53	65	0.3598757773663545	0.06939306069393061	chr3	169482812.0	169482926.0	sense	0.25294183868326453	0.5969793287954572	0.05
Ascl2	58	68	0.35632141894582436	0.049795020497950204	chr3	169482812.0	169482926.0	antisense	0.21536346365363465	0.6668279727163121	0.05
Myb	57	67	0.35414657675261385	0.0685931406859314	chr3	169482812.0	169482926.0	antisense	0.25294183868326453	0.5969793287954572	0.05
HEY1	51	61	0.35239276716563017	0.09879012098790121	chr3	169482812.0	169482926.0	sense	0.31263459019951667	0.5049629728884746	0.05
SCRT2	50	63	0.3516644346063064	0.058894110588941104	chr3	169482812.0	169482926.0	sense	0.2348720683487207	0.6291686276808567	0.05
TGIF2	50	62	0.35029889716687207	0.030496950304969503	chr3	169482812.0	169482926.0	antisense	0.1638247939911891	0.7856203694944915	0.05
MGA	50	58	0.35024279934621255	0.0903909609039096	chr3	169482812.0	169482926.0	antisense	0.29504974030898795	0.530104763273493	0.05
E2F1	52	64	0.3478735186647236	0.1357864213578642	chr3	169482812.0	169482926.0	sense	0.39428459388698	0.4041901920380805	0.05
ZBED1	51	64	0.34783111275684114	0.035896410358964105	chr3	169482812.0	169482926.0	sense	0.17743082834573684	0.7509709199200237	0.05
Srebf1(var.2)	51	61	0.3450410839576854	0.031096890310968902	chr3	169482812.0	169482926.0	sense	0.1638247939911891	0.7856203694944915	0.05
HSF4	49	62	0.34347670679037023	0.18838116188381163	chr3	169482812.0	169482926.0	antisense	0.49130564330501625	0.3086482473812529	0.05
Stat6	50	65	0.34336360039170766	0.20127987201279873	chr3	169482812.0	169482926.0	antisense	0.5095817247543539	0.2927861555955045	0.05
EN2	54	64	0.3367708813129601	0.265973402659734	chr3	169482812.0	169482926.0	sense	0.5878467472401696	0.23073588056148475	0.05
SREBF2(var.2)	51	61	0.33562494650920305	0.031796820317968204	chr3	169482812.0	169482926.0	sense	0.1638247939911891	0.7856203694944915	0.05
Atf1	55	63	0.33401301715677034	0.057694230576942306	chr3	169482812.0	169482926.0	antisense	0.23393207554244574	0.6309102259205418	0.05
BHLHE40	51	61	0.33300629394692804	0.0694930506949305	chr3	169482812.0	169482926.0	sense	0.25294183868326453	0.5969793287954572	0.05
Crx	48	59	0.33096178007476756	0.16868313168683133	chr3	169482812.0	169482926.0	antisense	0.4583588761542694	0.33879435408700714	0.05
JUN(var.2)	47	61	0.32970029903655085	0.2054794520547945	chr3	169482812.0	169482926.0	antisense	0.5127994309573782	0.2900524654163211	0.05
Gata4	47	58	0.32911511153592293	0.16978302169783022	chr3	169482812.0	169482926.0	sense	0.45894473052694734	0.33823961222402055	0.05
MAF::NFE2	51	66	0.3272471659760872	0.135986401359864	chr3	169482812.0	169482926.0	sense	0.39428459388698	0.4041901920380805	0.05
Nr5a2	49	64	0.3259352553220412	0.23607639236076391	chr3	169482812.0	169482926.0	sense	0.5431809241983291	0.2650554903123716	0.05
Rhox11	49	66	0.32572986556740036	0.46045395460453953	chr3	169482812.0	169482926.0	sense	0.8184095973964247	0.08702928634395539	0.05
NFATC1	50	60	0.325663939039439	0.34556544345565443	chr3	169482812.0	169482926.0	sense	0.6994693526756274	0.15523130941439034	0.05
Ahr::Arnt	51	57	0.3227847288813197	0.06379362063793621	chr3	169482812.0	169482926.0	antisense	0.24344771405212423	0.61359429907746	0.05
Stat5a::Stat5b	51	62	0.32225451259604393	0.1161883811618838	chr3	169482812.0	169482926.0	sense	0.34656189553458444	0.4602191896566926	0.05
RUNX3	53	63	0.32123334821958255	0.22317768223177684	chr3	169482812.0	169482926.0	sense	0.5289005346040738	0.276625994002982	0.05
TFCP2	53	63	0.3206864533593219	0.11328867113288671	chr3	169482812.0	169482926.0	sense	0.3418419785928384	0.4661746064725565	0.05
Nkx2-5(var.2)	53	64	0.31907371460846595	0.1750824917508249	chr3	169482812.0	169482926.0	sense	0.46839078978700066	0.32939165327518477	0.05
RUNX2	54	63	0.3161867651805642	0.1810818918108189	chr3	169482812.0	169482926.0	sense	0.4794974584174235	0.3192136904708225	0.05
MAX	51	61	0.31560529751635785	0.1444855514448555	chr3	169482812.0	169482926.0	antisense	0.41202198461472533	0.385079610320913	0.05
MNT	51	61	0.31500626298854	0.1658834116588341	chr3	169482812.0	169482926.0	antisense	0.45312363500492053	0.3437832843568731	0.05
PITX3	47	56	0.31386382751763625	0.257974202579742	chr3	169482812.0	169482926.0	sense	0.5771060824951987	0.2387443483560744	0.05
MAX::MYC	50	61	0.31302918001516766	0.1156884311568843	chr3	169482812.0	169482926.0	sense	0.34656189553458444	0.4602191896566926	0.05
SP4	51	68	0.3111099714265763	0.17698230176982302	chr3	169482812.0	169482926.0	sense	0.4710452031719905	0.32693741442911617	0.05
GLI2	48	60	0.31086864650406565	0.21677832216778323	chr3	169482812.0	169482926.0	sense	0.5289005346040738	0.276625994002982	0.05
REST	47	68	0.31003308398867224	0.060693930606939304	chr3	169482812.0	169482926.0	antisense	0.2348720683487207	0.6291686276808567	0.05
RARA::RXRA	48	65	0.3077983595877725	0.33086691330866913	chr3	169482812.0	169482926.0	antisense	0.6760627086897609	0.17001301888848985	0.05
Npas2	51	61	0.3070625679072859	0.16078392160783922	chr3	169482812.0	169482926.0	antisense	0.4415177529866061	0.3550518291892165	0.05
TBX20	48	59	0.30563995854038817	0.2084791520847915	chr3	169482812.0	169482926.0	antisense	0.5127994309573782	0.2900524654163211	0.05
PROX1	48	60	0.3014975366476183	0.0932906709329067	chr3	169482812.0	169482926.0	sense	0.29887566798875664	0.5245094402245358	0.05
CREB1	54	62	0.2998573366810996	0.1075892410758924	chr3	169482812.0	169482926.0	antisense	0.3323739054665962	0.4783730798238973	0.05
Barhl1	54	64	0.2986550875533438	0.5493450654934506	chr3	169482812.0	169482926.0	antisense	0.8878877737226277	0.05164192423615485	0.05
Id2	54	62	0.29709735190533615	0.06059394060593941	chr3	169482812.0	169482926.0	sense	0.2348720683487207	0.6291686276808567	0.05
Pparg::Rxra	53	68	0.29543625226524245	0.48085191480851913	chr3	169482812.0	169482926.0	antisense	0.8416744184167442	0.07485587243118313	0.05
Mafb	54	66	0.2949185851828022	0.35066493350664935	chr3	169482812.0	169482926.0	antisense	0.6999811557305808	0.1549136515177202	0.05
RELA	48	58	0.2943985256472046	0.06969303069693031	chr3	169482812.0	169482926.0	antisense	0.25294183868326453	0.5969793287954572	0.05
TGIF1	50	62	0.2941241614128929	0.031996800319968	chr3	169482812.0	169482926.0	antisense	0.1638247939911891	0.7856203694944915	0.05
HOXB3	54	64	0.2931802735217426	0.47665233476652336	chr3	169482812.0	169482926.0	sense	0.8414372848429442	0.07497824791352016	0.05
NEUROD2	51	61	0.29120428526771774	0.21877812218778123	chr3	169482812.0	169482926.0	antisense	0.5289005346040738	0.276625994002982	0.05
Ar	48	65	0.29106869098255217	0.18958104189581043	chr3	169482812.0	169482926.0	antisense	0.4919628037196281	0.3080677320903385	0.05
NR2F1	53	66	0.2907730953929681	0.31086891310868914	chr3	169482812.0	169482926.0	sense	0.6505684109008454	0.1867070282114293	0.05
HES5	50	62	0.2905313129657675	0.10998900109989002	chr3	169482812.0	169482926.0	sense	0.33625409388885674	0.4733324194281477	0.05
TBR1	48	58	0.28974888903191337	0.2328767123287671	chr3	169482812.0	169482926.0	antisense	0.5419866085140365	0.2660114439418848	0.05
NR2C2	47	62	0.28763055326316994	0.2900709929007099	chr3	169482812.0	169482926.0	sense	0.6246757067031886	0.20434538320060908	0.05
BHLHE41	51	61	0.2874501537418994	0.0730926907309269	chr3	169482812.0	169482926.0	sense	0.2587680007509453	0.587089429535453	0.05
NFIC::TLX1	50	64	0.2867078713603766	0.1307869213078692	chr3	169482812.0	169482926.0	sense	0.38349385400443003	0.416241591801963	0.05
TP73	48	66	0.2867000277537817	0.2535746425357464	chr3	169482812.0	169482926.0	antisense	0.5746953688910584	0.24056230255859778	0.05
EVX2	54	64	0.2866819336293579	0.48585141485851413	chr3	169482812.0	169482926.0	sense	0.8461640413139894	0.07254543444165383	0.05
TBX1	50	58	0.28562649274280816	0.12318768123187682	chr3	169482812.0	169482926.0	antisense	0.3632636736326368	0.4397780294141479	0.05
TBX15	50	58	0.2851051299480216	0.11078892110788921	chr3	169482812.0	169482926.0	antisense	0.33625409388885674	0.4733324194281477	0.05
EOMES	48	61	0.282439787239942	0.40485951404859516	chr3	169482812.0	169482926.0	antisense	0.7504360278257889	0.12468632400221062	0.05
SPIC	51	65	0.2823559488312022	0.402959704029597	chr3	169482812.0	169482926.0	sense	0.7504360278257889	0.12468632400221062	0.05
Ddit3::Cebpa	53	65	0.27871249958506594	0.36006399360063995	chr3	169482812.0	169482926.0	antisense	0.7080496495804965	0.14993628781472132	0.05
Dmbx1	47	64	0.2772528500636342	0.5203479652034797	chr3	169482812.0	169482926.0	antisense	0.8665111195886782	0.062225859787896375	0.05
HES7	50	62	0.276649458448205	0.09459054094590541	chr3	169482812.0	169482926.0	sense	0.3011809248523001	0.5211725374305698	0.05
TBX21	49	59	0.27644791673829405	0.22567743225677434	chr3	169482812.0	169482926.0	antisense	0.5304541943995645	0.27535211219315253	0.05
Crem	54	64	0.27584103788975367	0.19568043195680432	chr3	169482812.0	169482926.0	antisense	0.5027630900276309	0.29863661321702745	0.05
Sox17	58	67	0.2752022647910527	0.2706729327067293	chr3	169482812.0	169482926.0	antisense	0.5952510681135277	0.2252998166280049	0.05
NFATC3	55	65	0.273386626583949	0.4046595340465953	chr3	169482812.0	169482926.0	antisense	0.7504360278257889	0.12468632400221062	0.05
ISL2	59	67	0.2705344573551619	0.37906209379062095	chr3	169482812.0	169482926.0	sense	0.7259528659680158	0.1390915758763759	0.05
MLXIPL	51	61	0.26847063491109846	0.1835816418358164	chr3	169482812.0	169482926.0	antisense	0.48364909701923203	0.31546961872477414	0.05
MYBL1	55	67	0.26212776864780035	0.20677932206779323	chr3	169482812.0	169482926.0	sense	0.5127994309573782	0.2900524654163211	0.05
PBX1	52	64	0.26137584861217805	0.3183681631836816	chr3	169482812.0	169482926.0	sense	0.660932306769323	0.17984301903481104	0.05
NKX2-8	52	61	0.26019067536836693	0.36796320367963203	chr3	169482812.0	169482926.0	sense	0.7125854578721231	0.14716304478367606	0.05
TBP	50	65	0.25895854308378913	0.5803419658034197	chr3	169482812.0	169482926.0	antisense	0.8878877737226277	0.05164192423615485	0.05
TFAP4	55	65	0.2582103700630749	0.1556844315568443	chr3	169482812.0	169482926.0	sense	0.4320867378502791	0.3644290633967835	0.05
RHOXF1	48	56	0.2577926363597794	0.32326767323267674	chr3	169482812.0	169482926.0	sense	0.6657774698720604	0.17667090559839282	0.05
ESX1	54	64	0.25682800068713774	0.5616438356164384	chr3	169482812.0	169482926.0	sense	0.8878877737226277	0.05164192423615485	0.05
RFX5	49	65	0.2548103213779806	0.19518048195180482	chr3	169482812.0	169482926.0	antisense	0.5027630900276309	0.29863661321702745	0.05
Gfi1b	51	62	0.25477460332365426	0.3040695930406959	chr3	169482812.0	169482926.0	sense	0.6467709786398409	0.1892494756230021	0.05
HOXC13	54	65	0.254718434524241	0.23737626237376264	chr3	169482812.0	169482926.0	sense	0.5431809241983291	0.2650554903123716	0.05
Nr1h3::Rxra	49	68	0.25069765596064936	0.5665433456654334	chr3	169482812.0	169482926.0	sense	0.8878877737226277	0.05164192423615485	0.05
EVX1	54	64	0.25006496510341397	0.5934406559344065	chr3	169482812.0	169482926.0	sense	0.8878877737226277	0.05164192423615485	0.05
Pitx1	48	56	0.2468290071225759	0.391960803919608	chr3	169482812.0	169482926.0	sense	0.7370567291096978	0.13249908447316525	0.05
RFX2	49	65	0.24480841217663482	0.2323767623237676	chr3	169482812.0	169482926.0	antisense	0.5419866085140365	0.2660114439418848	0.05
HSF2	49	62	0.24344497812682755	0.28447155284471554	chr3	169482812.0	169482926.0	antisense	0.6186121973576701	0.20858152113706557	0.05
RAX	58	68	0.24246320353980397	0.4350564943505649	chr3	169482812.0	169482926.0	sense	0.7867397929196627	0.10416888286968022	0.05
FOS::JUN	48	55	0.23935170864221736	0.21907809219078092	chr3	169482812.0	169482926.0	sense	0.5289005346040738	0.276625994002982	0.05
SPIB	55	62	0.23752022719183083	0.31026897310268975	chr3	169482812.0	169482926.0	sense	0.6505684109008454	0.1867070282114293	0.05
TEAD1	53	63	0.237491964698817	0.49665033496650335	chr3	169482812.0	169482926.0	sense	0.8522659209488888	0.06942487708567631	0.05
Esrrg	52	62	0.2351529077937568	0.27847215278472154	chr3	169482812.0	169482926.0	antisense	0.6098187649589472	0.21479921592876097	0.05
MLX	51	61	0.2344752181239807	0.19788021197880212	chr3	169482812.0	169482926.0	antisense	0.5059104926945729	0.2959263131352215	0.05
MAFG::NFE2L1	58	64	0.234435854944857	0.20807919208079192	chr3	169482812.0	169482926.0	antisense	0.5127994309573782	0.2900524654163211	0.05
TEAD4	47	57	0.2317660614042808	0.5058494150584941	chr3	169482812.0	169482926.0	sense	0.8566869697395082	0.06717783869418754	0.05
GRHL1	52	64	0.23171435698254364	0.3488651134886511	chr3	169482812.0	169482926.0	sense	0.6999811557305808	0.1549136515177202	0.05
ATF4	52	65	0.2314832973057565	0.3448655134486551	chr3	169482812.0	169482926.0	antisense	0.6994693526756274	0.15523130941439034	0.05
NKX2-3	51	61	0.23111321217836425	0.4243575642435756	chr3	169482812.0	169482926.0	sense	0.7727774590961956	0.111945554207612	0.05
MSX1	55	63	0.23109664703983207	0.40445955404459555	chr3	169482812.0	169482926.0	sense	0.7504360278257889	0.12468632400221062	0.05
ZNF354C	50	56	0.22977670434129047	0.24537546245375463	chr3	169482812.0	169482926.0	sense	0.5585520395328888	0.2529363580378732	0.05
Dux	55	63	0.22948354918096914	0.257974202579742	chr3	169482812.0	169482926.0	sense	0.5771060824951987	0.2387443483560744	0.05
BARHL2	47	57	0.2282972917973376	0.6176382361763824	chr3	169482812.0	169482926.0	sense	0.8878877737226277	0.05164192423615485	0.05
Hoxb5	52	68	0.22784243778323301	0.684031596840316	chr3	169482812.0	169482926.0	sense	0.8965153598535363	0.04744226534051636	0.05
JDP2(var.2)	52	64	0.22771289550935717	0.22237776222377761	chr3	169482812.0	169482926.0	sense	0.5289005346040738	0.276625994002982	0.05
CLOCK	51	61	0.22742043767491396	0.3641635836416358	chr3	169482812.0	169482926.0	antisense	0.7113670655406369	0.14790624539856942	0.05
ATF7	51	65	0.22741112691048967	0.31566843315668436	chr3	169482812.0	169482926.0	antisense	0.6579595052542939	0.18180083463192373	0.05
Nr2f6	48	62	0.22632536943922055	0.3574642535746425	chr3	169482812.0	169482926.0	sense	0.7080496495804965	0.14993628781472132	0.05
EMX1	47	57	0.22622280580851847	0.6422357764223577	chr3	169482812.0	169482926.0	sense	0.8878877737226277	0.05164192423615485	0.05
PRDM1	48	63	0.22484815054389876	0.4804519548045195	chr3	169482812.0	169482926.0	antisense	0.8416744184167442	0.07485587243118313	0.05
Arnt	53	59	0.22158352544433957	0.11028897110288971	chr3	169482812.0	169482926.0	antisense	0.33625409388885674	0.4733324194281477	0.05
HOXA2	47	57	0.21948689055954146	0.6622337766223377	chr3	169482812.0	169482926.0	sense	0.892725532641541	0.049282043890017356	0.05
NR4A2	60	68	0.21935890495853144	0.3501649835016498	chr3	169482812.0	169482926.0	sense	0.6999811557305808	0.1549136515177202	0.05
Creb5	52	64	0.2192261778177384	0.295970402959704	chr3	169482812.0	169482926.0	sense	0.6347464427111007	0.19739972434989758	0.05
FOXF2	53	67	0.2185785056403069	0.4320567943205679	chr3	169482812.0	169482926.0	sense	0.784047119763548	0.10565783624621776	0.05
MSC	55	65	0.2181793889425931	0.26617338266173385	chr3	169482812.0	169482926.0	antisense	0.5878467472401696	0.23073588056148475	0.05
Rxra	48	62	0.21716569540606648	0.22277772222777723	chr3	169482812.0	169482926.0	sense	0.5289005346040738	0.276625994002982	0.05
HSF1	49	62	0.21665166412207107	0.2983701629837016	chr3	169482812.0	169482926.0	antisense	0.6372597308170417	0.19568352422608587	0.05
RXRB	48	62	0.21545270855213583	0.2211778822117788	chr3	169482812.0	169482926.0	sense	0.5289005346040738	0.276625994002982	0.05
RXRG	48	62	0.21495348610002393	0.23757624237576241	chr3	169482812.0	169482926.0	sense	0.5431809241983291	0.2650554903123716	0.05
Mlxip	54	62	0.21413875525298168	0.20667933206679331	chr3	169482812.0	169482926.0	sense	0.5127994309573782	0.2900524654163211	0.05
ZNF410	51	68	0.21227949575136598	0.28487151284871515	chr3	169482812.0	169482926.0	sense	0.6186121973576701	0.20858152113706557	0.05
Tcf21	49	63	0.21075705281107715	0.34636536346365365	chr3	169482812.0	169482926.0	sense	0.6994693526756274	0.15523130941439034	0.05
Esrra	51	62	0.21068515029236778	0.23417658234176583	chr3	169482812.0	169482926.0	antisense	0.5425787778365021	0.2655371970262233	0.05
Rarg(var.2)	50	67	0.21015756933173177	0.2576742325767423	chr3	169482812.0	169482926.0	sense	0.5771060824951987	0.2387443483560744	0.05
Hoxa11	54	66	0.20755087647762127	0.6095390460953904	chr3	169482812.0	169482926.0	sense	0.8878877737226277	0.05164192423615485	0.05
NOTO	54	64	0.20735609643481212	0.5669433056694331	chr3	169482812.0	169482926.0	sense	0.8878877737226277	0.05164192423615485	0.05
NR3C1	48	65	0.20636190124113368	0.3885611438856114	chr3	169482812.0	169482926.0	antisense	0.7333208497332084	0.13470596699490378	0.05
SOX8	51	67	0.20536516561232354	0.1713828617138286	chr3	169482812.0	169482926.0	sense	0.46086893901283443	0.33642256084899924	0.05
VENTX	54	63	0.20236206428859932	0.4236576342365763	chr3	169482812.0	169482926.0	sense	0.7727774590961956	0.111945554207612	0.05
HOXC11	47	58	0.20092431393054655	0.4754524547545245	chr3	169482812.0	169482926.0	antisense	0.8414372848429442	0.07497824791352016	0.05
HOXB2	58	68	0.200861896641668	0.7048295170482952	chr3	169482812.0	169482926.0	sense	0.8965153598535363	0.04744226534051636	0.05
Pou5f1::Sox2	50	65	0.1985993659700717	0.5814418558144185	chr3	169482812.0	169482926.0	antisense	0.8878877737226277	0.05164192423615485	0.05
NFATC2	57	64	0.19852890557444883	0.3742625737426257	chr3	169482812.0	169482926.0	antisense	0.7220902445071479	0.14140852231639087	0.05
MYF6	58	68	0.1985112856978904	0.3203679632036796	chr3	169482812.0	169482926.0	antisense	0.6624341549908753	0.17885728349724297	0.05
HOXC12	47	58	0.1975502530297373	0.41145885411458855	chr3	169482812.0	169482926.0	antisense	0.7572593804449343	0.1207553381994772	0.05
MEF2C	52	67	0.19692852459654625	0.5242475752424758	chr3	169482812.0	169482926.0	sense	0.8665111195886782	0.062225859787896375	0.05
NR3C2	48	65	0.19691019017863137	0.43865613438656137	chr3	169482812.0	169482926.0	sense	0.7904949088424492	0.10210092278269045	0.05
Hoxc9	53	66	0.19571333292053544	0.569043095690431	chr3	169482812.0	169482926.0	sense	0.8878877737226277	0.05164192423615485	0.05
Twist2	51	61	0.19475885053884656	0.5004499550044995	chr3	169482812.0	169482926.0	antisense	0.8522659209488888	0.06942487708567631	0.05
TEAD3	57	65	0.19430193095145493	0.3551644835516448	chr3	169482812.0	169482926.0	antisense	0.7062466167176386	0.15104361966012236	0.05
PPARG	47	67	0.19412944842024943	0.40845915408459155	chr3	169482812.0	169482926.0	sense	0.7544138824551708	0.12239032846505042	0.05
ESR1	48	65	0.19403937919789302	0.36596340365963403	chr3	169482812.0	169482926.0	antisense	0.7113670655406369	0.14790624539856942	0.05
MEOX2	58	68	0.19396093180446602	0.7369263073692631	chr3	169482812.0	169482926.0	sense	0.8965153598535363	0.04744226534051636	0.05
BSX	55	63	0.19381905342994868	0.49955004499550043	chr3	169482812.0	169482926.0	sense	0.8522659209488888	0.06942487708567631	0.05
NR1H2::RXRA	47	64	0.192988375897984	0.26077392260773924	chr3	169482812.0	169482926.0	sense	0.5808655185983548	0.2359244033945412	0.05
RXRA::VDR	49	64	0.1923300017039696	0.38366163383661633	chr3	169482812.0	169482926.0	sense	0.7293787104806002	0.13704691727084453	0.05
HLTF	53	63	0.19109265701940045	0.7253274672532747	chr3	169482812.0	169482926.0	sense	0.8965153598535363	0.04744226534051636	0.05
FOXA1	47	62	0.19009725730554766	0.5822417758224178	chr3	169482812.0	169482926.0	antisense	0.8878877737226277	0.05164192423615485	0.05
FOSL1	53	64	0.18779625017343032	0.44855514448555145	chr3	169482812.0	169482926.0	antisense	0.805536747363326	0.0939146429380037	0.05
BCL6B	48	65	0.18659927469651208	0.20057994200579943	chr3	169482812.0	169482926.0	antisense	0.5095817247543539	0.2927861555955045	0.05
Prrx2	55	63	0.18540018559030377	0.6659334066593341	chr3	169482812.0	169482926.0	sense	0.8938180732055329	0.04875086805328614	0.05
MYBL2	50	65	0.18527630157526342	0.6194380561943805	chr3	169482812.0	169482926.0	sense	0.8878877737226277	0.05164192423615485	0.05
TP63	48	66	0.18516627611673195	0.33056694330566944	chr3	169482812.0	169482926.0	antisense	0.6760627086897609	0.17001301888848985	0.05
MNX1	58	68	0.1843267436136264	0.6154384561543845	chr3	169482812.0	169482926.0	sense	0.8878877737226277	0.05164192423615485	0.05
OLIG3	51	61	0.18427458099468239	0.5944405559444056	chr3	169482812.0	169482926.0	antisense	0.8878877737226277	0.05164192423615485	0.05
JDP2	47	56	0.1835369253359397	0.2883711628837116	chr3	169482812.0	169482926.0	sense	0.6236026397360264	0.20509205509261944	0.05
HESX1	54	64	0.18324889895039861	0.5802419758024198	chr3	169482812.0	169482926.0	antisense	0.8878877737226277	0.05164192423615485	0.05
RREB1	47	67	0.17980766419110036	0.3601639836016398	chr3	169482812.0	169482926.0	sense	0.7080496495804965	0.14993628781472132	0.05
GMEB2	54	62	0.17952065271500184	0.5264473552644735	chr3	169482812.0	169482926.0	antisense	0.8673846901024183	0.06178824769650004	0.05
SPI1	51	65	0.1788117870670129	0.38146185381461856	chr3	169482812.0	169482926.0	sense	0.7278628754771582	0.13795043117170422	0.05
GSX1	57	67	0.17866035680569417	0.8037196280371963	chr3	169482812.0	169482926.0	sense	0.897714253998329	0.04686187898980559	0.05
Spz1	47	58	0.17847160600761264	0.6119388061193881	chr3	169482812.0	169482926.0	antisense	0.8878877737226277	0.05164192423615485	0.05
FOXH1	47	58	0.17757330661312637	0.5129487051294871	chr3	169482812.0	169482926.0	sense	0.8643518765006617	0.06330942081703277	0.05
Hoxa9	54	65	0.17746714951133016	0.521947805219478	chr3	169482812.0	169482926.0	sense	0.8665111195886782	0.062225859787896375	0.05
RAX2	55	63	0.17741006009943555	0.668033196680332	chr3	169482812.0	169482926.0	sense	0.8938180732055329	0.04875086805328614	0.05
EMX2	54	64	0.17731555526016074	0.6375362463753624	chr3	169482812.0	169482926.0	sense	0.8878877737226277	0.05164192423615485	0.05
CDX1	59	68	0.17665278242118093	0.5067493250674933	chr3	169482812.0	169482926.0	sense	0.8566869697395082	0.06717783869418754	0.05
Bhlha15	52	60	0.1753913253316753	0.3852614738526147	chr3	169482812.0	169482926.0	antisense	0.7297470982828723	0.13682762323579192	0.05
GSX2	54	64	0.17352513806411024	0.7862213778622138	chr3	169482812.0	169482926.0	sense	0.8974950856562696	0.04696792077550121	0.05
LHX9	55	63	0.1734483784591729	0.6176382361763824	chr3	169482812.0	169482926.0	sense	0.8878877737226277	0.05164192423615485	0.05
OTX1	48	56	0.1726509181217789	0.573042695730427	chr3	169482812.0	169482926.0	sense	0.8878877737226277	0.05164192423615485	0.05
Dlx2	59	67	0.17202526521352957	0.545945405459454	chr3	169482812.0	169482926.0	sense	0.8878877737226277	0.05164192423615485	0.05
MIXL1	54	64	0.1719849432386486	0.7788221177882212	chr3	169482812.0	169482926.0	sense	0.8974950856562696	0.04696792077550121	0.05
Dlx3	55	63	0.17143955928595542	0.7053294670532947	chr3	169482812.0	169482926.0	sense	0.8965153598535363	0.04744226534051636	0.05
Vdr	49	65	0.17143526360108777	0.48165183481651835	chr3	169482812.0	169482926.0	antisense	0.8416744184167442	0.07485587243118313	0.05
HLF	52	64	0.16948475037904306	0.7104289571042895	chr3	169482812.0	169482926.0	sense	0.8965153598535363	0.04744226534051636	0.05
BARX1	48	56	0.16901103262310113	0.6041395860413958	chr3	169482812.0	169482926.0	antisense	0.8878877737226277	0.05164192423615485	0.05
RORA	52	62	0.1690034222190965	0.5653434656534346	chr3	169482812.0	169482926.0	antisense	0.8878877737226277	0.05164192423615485	0.05
POU4F3	47	63	0.16795897089043674	0.7099290070992901	chr3	169482812.0	169482926.0	antisense	0.8965153598535363	0.04744226534051636	0.05
HMBOX1	54	64	0.16747808667042155	0.7717228277172283	chr3	169482812.0	169482926.0	sense	0.8974950856562696	0.04696792077550121	0.05
GBX2	54	64	0.1665368331540527	0.656934306569343	chr3	169482812.0	169482926.0	sense	0.8878877737226277	0.05164192423615485	0.05
MEOX1	54	64	0.16642119583986906	0.716928307169283	chr3	169482812.0	169482926.0	sense	0.8965153598535363	0.04744226534051636	0.05
BATF::JUN	48	59	0.16630535630262053	0.5852414758524147	chr3	169482812.0	169482926.0	antisense	0.8878877737226277	0.05164192423615485	0.05
NFAT5	50	60	0.16582540132675128	0.5915408459154085	chr3	169482812.0	169482926.0	sense	0.8878877737226277	0.05164192423615485	0.05
SHOX	55	63	0.16545579243519226	0.6693330666933307	chr3	169482812.0	169482926.0	antisense	0.8938180732055329	0.04875086805328614	0.05
BATF3	51	65	0.1653523342104366	0.36536346365363465	chr3	169482812.0	169482926.0	antisense	0.7113670655406369	0.14790624539856942	0.05
EWSR1-FLI1	48	66	0.1650366208787533	0.30586941305869414	chr3	169482812.0	169482926.0	antisense	0.6479437770508664	0.1884626768082586	0.05
ESRRB	51	62	0.164986793620823	0.5008499150084992	chr3	169482812.0	169482926.0	antisense	0.8522659209488888	0.06942487708567631	0.05
POU2F2	55	68	0.1648482457792193	0.5764423557644236	chr3	169482812.0	169482926.0	antisense	0.8878877737226277	0.05164192423615485	0.05
GATA5	47	55	0.1642245907110713	0.6133386661333866	chr3	169482812.0	169482926.0	antisense	0.8878877737226277	0.05164192423615485	0.05
OTX2	48	56	0.1634830220136147	0.5994400559944005	chr3	169482812.0	169482926.0	sense	0.8878877737226277	0.05164192423615485	0.05
NKX3-2	53	62	0.16256873063663158	0.6532346765323468	chr3	169482812.0	169482926.0	sense	0.8878877737226277	0.05164192423615485	0.05
Dlx4	55	63	0.1618965781965637	0.7065293470652935	chr3	169482812.0	169482926.0	sense	0.8965153598535363	0.04744226534051636	0.05
JUN	53	66	0.16182548252729728	0.6533346665333467	chr3	169482812.0	169482926.0	antisense	0.8878877737226277	0.05164192423615485	0.05
MSX2	55	63	0.15886089836276387	0.5398460153984601	chr3	169482812.0	169482926.0	sense	0.8838488390908542	0.05362200417491387	0.05
POU6F2	53	63	0.1583305359597524	0.6321367863213678	chr3	169482812.0	169482926.0	sense	0.8878877737226277	0.05164192423615485	0.05
Dlx1	47	57	0.15786644974807157	0.8045195480451954	chr3	169482812.0	169482926.0	sense	0.897714253998329	0.04686187898980559	0.05
BHLHE22	51	61	0.15766795967948194	0.5981401859814018	chr3	169482812.0	169482926.0	antisense	0.8878877737226277	0.05164192423615485	0.05
HNF4G	47	62	0.15741626093083172	0.828017198280172	chr3	169482812.0	169482926.0	sense	0.9010236476352365	0.045263810682732844	0.05
TCF7L2	53	67	0.15591604980029275	0.6513348665133487	chr3	169482812.0	169482926.0	antisense	0.8878877737226277	0.05164192423615485	0.05
SOX9	59	68	0.15570301112293197	0.7418258174182581	chr3	169482812.0	169482926.0	sense	0.8965153598535363	0.04744226534051636	0.05
OLIG2	51	61	0.15569570004546218	0.654934506549345	chr3	169482812.0	169482926.0	sense	0.8878877737226277	0.05164192423615485	0.05
RARA(var.2)	50	67	0.15546092218829524	0.49865013498650135	chr3	169482812.0	169482926.0	antisense	0.8522659209488888	0.06942487708567631	0.05
SOX10	59	65	0.15541891190787152	0.48885111488851113	chr3	169482812.0	169482926.0	antisense	0.8485408984185193	0.0713272204889989	0.05
CUX1	49	59	0.15398951472122083	0.6517348265173483	chr3	169482812.0	169482926.0	sense	0.8878877737226277	0.05164192423615485	0.05
CEBPA	51	62	0.15381280175217552	0.6516348365163483	chr3	169482812.0	169482926.0	sense	0.8878877737226277	0.05164192423615485	0.05
GATA2	50	64	0.1525175527051696	0.7006299370062994	chr3	169482812.0	169482926.0	sense	0.8965153598535363	0.04744226534051636	0.05
CEBPE	49	59	0.15207912035325533	0.742025797420258	chr3	169482812.0	169482926.0	sense	0.8965153598535363	0.04744226534051636	0.05
Foxo1	50	61	0.1510900167422028	0.5946405359464053	chr3	169482812.0	169482926.0	antisense	0.8878877737226277	0.05164192423615485	0.05
JUND(var.2)	52	67	0.15065010110069024	0.7775222477752225	chr3	169482812.0	169482926.0	antisense	0.8974950856562696	0.04696792077550121	0.05
EN1	55	63	0.15040082659121704	0.6314368563143685	chr3	169482812.0	169482926.0	sense	0.8878877737226277	0.05164192423615485	0.05
Nkx3-1	53	62	0.1503639526719575	0.6496350364963503	chr3	169482812.0	169482926.0	sense	0.8878877737226277	0.05164192423615485	0.05
NFKB2	55	68	0.15021488422020488	0.5429457054294571	chr3	169482812.0	169482926.0	antisense	0.886128368295246	0.05250335982399053	0.05
Arid5a	54	68	0.14947913656421286	0.8274172582741726	chr3	169482812.0	169482926.0	antisense	0.9010236476352365	0.045263810682732844	0.05
Hoxd3	52	68	0.14937206899413644	0.8734126587341265	chr3	169482812.0	169482926.0	antisense	0.9121792046147498	0.03991983280107493	0.05
IRF9	49	64	0.14876435491006434	0.42195780421957807	chr3	169482812.0	169482926.0	sense	0.7727774590961956	0.111945554207612	0.05
DBP	52	64	0.1485711223710034	0.6862313768623137	chr3	169482812.0	169482926.0	antisense	0.8965153598535363	0.04744226534051636	0.05
POU4F1	49	63	0.14805576268181736	0.7045295470452955	chr3	169482812.0	169482926.0	antisense	0.8965153598535363	0.04744226534051636	0.05
CUX2	49	59	0.1478047933315497	0.6771322867713229	chr3	169482812.0	169482926.0	sense	0.8965153598535363	0.04744226534051636	0.05
SMAD3	57	67	0.14760865963234815	0.522047795220478	chr3	169482812.0	169482926.0	sense	0.8665111195886782	0.062225859787896375	0.05
DLX6	55	63	0.14715705240411994	0.6978302169783022	chr3	169482812.0	169482926.0	sense	0.8965153598535363	0.04744226534051636	0.05
E2F3	49	67	0.14687029693095993	0.4560543945605439	chr3	169482812.0	169482926.0	sense	0.8133753634945783	0.08970898617337386	0.05
FOXC2	55	67	0.1465536815280158	0.5996400359964004	chr3	169482812.0	169482926.0	sense	0.8878877737226277	0.05164192423615485	0.05
NEUROG2	58	68	0.14380050910667944	0.5769423057694231	chr3	169482812.0	169482926.0	antisense	0.8878877737226277	0.05164192423615485	0.05
JUND	53	64	0.14343532595563702	0.6776322367763223	chr3	169482812.0	169482926.0	antisense	0.8965153598535363	0.04744226534051636	0.05
Hmx1	51	68	0.1426447825951593	0.8333166683331666	chr3	169482812.0	169482926.0	sense	0.9010236476352365	0.045263810682732844	0.05
FOXP1	53	68	0.1421115460806584	0.6066393360663933	chr3	169482812.0	169482926.0	sense	0.8878877737226277	0.05164192423615485	0.05
E2F2	50	66	0.14108108390768823	0.45185481451854814	chr3	169482812.0	169482926.0	sense	0.8086643059831948	0.09223172599615911	0.05
Nr2e1	54	63	0.1395205302274728	0.6047395260473952	chr3	169482812.0	169482926.0	sense	0.8878877737226277	0.05164192423615485	0.05
GBX1	54	64	0.13860651289664142	0.7158284171582842	chr3	169482812.0	169482926.0	sense	0.8965153598535363	0.04744226534051636	0.05
Rarb(var.2)	49	66	0.13828113738575845	0.52994700529947	chr3	169482812.0	169482926.0	sense	0.8703876447798258	0.06028728244601961	0.05
POU3F1	55	67	0.13690821409515486	0.7629237076292371	chr3	169482812.0	169482926.0	sense	0.8965557376846585	0.04742270574884748	0.05
HOXC10	55	65	0.13654059515308808	0.7335266473352665	chr3	169482812.0	169482926.0	sense	0.8965153598535363	0.04744226534051636	0.05
IRF8	50	64	0.13632532711828926	0.49995000499950004	chr3	169482812.0	169482926.0	sense	0.8522659209488888	0.06942487708567631	0.05
HOXD12	54	65	0.13632412821226653	0.6461353864613538	chr3	169482812.0	169482926.0	sense	0.8878877737226277	0.05164192423615485	0.05
CEBPB	49	59	0.13481055090058747	0.7687231276872313	chr3	169482812.0	169482926.0	antisense	0.8965557376846585	0.04742270574884748	0.05
Hmx3	50	67	0.13460853248772253	0.805019498050195	chr3	169482812.0	169482926.0	sense	0.897714253998329	0.04686187898980559	0.05
Hnf4a	48	64	0.13426890657378548	0.624937506249375	chr3	169482812.0	169482926.0	sense	0.8878877737226277	0.05164192423615485	0.05
LHX6	54	64	0.13374867177768118	0.7552244775522448	chr3	169482812.0	169482926.0	sense	0.8965153598535363	0.04744226534051636	0.05
Hmx2	50	67	0.1333242919643057	0.7854214578542146	chr3	169482812.0	169482926.0	sense	0.8974950856562696	0.04696792077550121	0.05
BHLHE23	50	62	0.1327266743903719	0.6837316268373163	chr3	169482812.0	169482926.0	sense	0.8965153598535363	0.04744226534051636	0.05
CEBPD	49	59	0.13268761191622472	0.7516248375162484	chr3	169482812.0	169482926.0	antisense	0.8965153598535363	0.04744226534051636	0.05
Atoh1	51	61	0.13150843336668125	0.811918808119188	chr3	169482812.0	169482926.0	antisense	0.897714253998329	0.04686187898980559	0.05
HOXB13	56	66	0.13117466825846616	0.5747425257474252	chr3	169482812.0	169482926.0	sense	0.8878877737226277	0.05164192423615485	0.05
Msx3	59	67	0.13057586546161837	0.6301369863013698	chr3	169482812.0	169482926.0	sense	0.8878877737226277	0.05164192423615485	0.05
Arx	51	68	0.13041568312374352	0.8062193780621938	chr3	169482812.0	169482926.0	antisense	0.897714253998329	0.04686187898980559	0.05
Foxa2	53	65	0.12856887750327334	0.7081291870812919	chr3	169482812.0	169482926.0	antisense	0.8965153598535363	0.04744226534051636	0.05
POU5F1B	55	64	0.12743062430221916	0.7316268373162683	chr3	169482812.0	169482926.0	antisense	0.8965153598535363	0.04744226534051636	0.05
IRF7	50	64	0.1273984513561169	0.6128387161283871	chr3	169482812.0	169482926.0	sense	0.8878877737226277	0.05164192423615485	0.05
HOXA13	55	65	0.12685826153132254	0.5813418658134186	chr3	169482812.0	169482926.0	sense	0.8878877737226277	0.05164192423615485	0.05
NFKB1	47	60	0.12666497667636567	0.5162483751624838	chr3	169482812.0	169482926.0	sense	0.8665111195886782	0.062225859787896375	0.05
DMRT3	56	67	0.12660140471445447	0.8465153484651535	chr3	169482812.0	169482926.0	sense	0.9039947857066146	0.04383407455270668	0.05
SRF	52	68	0.1265715543534318	0.718928107189281	chr3	169482812.0	169482926.0	sense	0.8965153598535363	0.04744226534051636	0.05
HOXA5	57	65	0.12650182835722407	0.7555244475552445	chr3	169482812.0	169482926.0	sense	0.8965153598535363	0.04744226534051636	0.05
HOXA10	57	68	0.12580709220899738	0.7639236076392361	chr3	169482812.0	169482926.0	sense	0.8965557376846585	0.04742270574884748	0.05
POU1F1	49	63	0.12551726720594317	0.7868213178682132	chr3	169482812.0	169482926.0	sense	0.8974950856562696	0.04696792077550121	0.05
CDX2	56	67	0.12431952679297682	0.5820417958204179	chr3	169482812.0	169482926.0	sense	0.8878877737226277	0.05164192423615485	0.05
Nobox	54	62	0.12399443975272377	0.6855314468553144	chr3	169482812.0	169482926.0	antisense	0.8965153598535363	0.04744226534051636	0.05
CEBPG	49	59	0.12341084939242408	0.7291270872912708	chr3	169482812.0	169482926.0	antisense	0.8965153598535363	0.04744226534051636	0.05
LEF1	47	62	0.12179023154255453	0.6918308169183082	chr3	169482812.0	169482926.0	sense	0.8965153598535363	0.04744226534051636	0.05
POU2F1	54	66	0.12135467108357298	0.8156184381561844	chr3	169482812.0	169482926.0	antisense	0.897714253998329	0.04686187898980559	0.05
HOXD13	55	65	0.12098583323036605	0.5681431856814319	chr3	169482812.0	169482926.0	sense	0.8878877737226277	0.05164192423615485	0.05
Lhx8	55	63	0.120908896134564	0.7659234076592341	chr3	169482812.0	169482926.0	sense	0.8965557376846585	0.04742270574884748	0.05
RORA(var.2)	52	66	0.120272424276215	0.7484251574842515	chr3	169482812.0	169482926.0	antisense	0.8965153598535363	0.04744226534051636	0.05
Hoxd9	58	68	0.11918129153126188	0.7215278472152785	chr3	169482812.0	169482926.0	sense	0.8965153598535363	0.04744226534051636	0.05
NKX6-2	55	63	0.1191427622124774	0.7848215178482152	chr3	169482812.0	169482926.0	sense	0.8974950856562696	0.04696792077550121	0.05
LHX2	54	64	0.1177064180517104	0.7935206479352065	chr3	169482812.0	169482926.0	sense	0.897714253998329	0.04686187898980559	0.05
Pou2f3	51	67	0.11769738917529342	0.8559144085591441	chr3	169482812.0	169482926.0	antisense	0.9089551167582628	0.04145756125049578	0.05
Gata1	53	64	0.11515443277112691	0.6565343465653435	chr3	169482812.0	169482926.0	sense	0.8878877737226277	0.05164192423615485	0.05
HOXD11	47	57	0.11448858007656322	0.7509249075092491	chr3	169482812.0	169482926.0	antisense	0.8965153598535363	0.04744226534051636	0.05
FOS	48	59	0.11407199076966604	0.8318168183181682	chr3	169482812.0	169482926.0	sense	0.9010236476352365	0.045263810682732844	0.05
TEF	52	64	0.11109020575773676	0.7891210878912108	chr3	169482812.0	169482926.0	sense	0.897714253998329	0.04686187898980559	0.05
POU3F2	55	67	0.11022387184120026	0.7648235176482352	chr3	169482812.0	169482926.0	sense	0.8965557376846585	0.04742270574884748	0.05
DUXA	47	60	0.1099145835725748	0.8284171582841716	chr3	169482812.0	169482926.0	sense	0.9010236476352365	0.045263810682732844	0.05
FOXD2	58	65	0.10959671075469256	0.6699330066993301	chr3	169482812.0	169482926.0	sense	0.8938180732055329	0.04875086805328614	0.05
UNCX	55	63	0.10905919575048165	0.8327167283271673	chr3	169482812.0	169482926.0	sense	0.9010236476352365	0.045263810682732844	0.05
RARA	50	68	0.10878536692446938	0.5241475852414759	chr3	169482812.0	169482926.0	antisense	0.8665111195886782	0.062225859787896375	0.05
ALX3	54	64	0.10877145552829838	0.8721127887211279	chr3	169482812.0	169482926.0	sense	0.9121792046147498	0.03991983280107493	0.05
Alx4	51	68	0.10861885445159802	0.8644135586441356	chr3	169482812.0	169482926.0	sense	0.9118508880819236	0.04007617458582373	0.05
VAX1	48	56	0.10819935384173127	0.8692130786921308	chr3	169482812.0	169482926.0	sense	0.9121792046147498	0.03991983280107493	0.05
VAX2	48	56	0.10815387008580601	0.8613138686131386	chr3	169482812.0	169482926.0	sense	0.9104315637682667	0.040752694124792016	0.05
NFE2	48	59	0.10724324957013402	0.7791220877912208	chr3	169482812.0	169482926.0	sense	0.8974950856562696	0.04696792077550121	0.05
Sox6	56	66	0.10683219727026254	0.6436356364363564	chr3	169482812.0	169482926.0	antisense	0.8878877737226277	0.05164192423615485	0.05
IRF2	50	68	0.10574191325554709	0.6257374262573743	chr3	169482812.0	169482926.0	antisense	0.8878877737226277	0.05164192423615485	0.05
ONECUT2	50	64	0.10555731077903442	0.736026397360264	chr3	169482812.0	169482926.0	sense	0.8965153598535363	0.04744226534051636	0.05
Nr2f6(var.2)	49	64	0.10544877198725097	0.6407359264073592	chr3	169482812.0	169482926.0	antisense	0.8878877737226277	0.05164192423615485	0.05
ONECUT1	50	64	0.10424568016927246	0.7254274572542746	chr3	169482812.0	169482926.0	sense	0.8965153598535363	0.04744226534051636	0.05
Sox2	58	66	0.10368618975631447	0.5731426857314269	chr3	169482812.0	169482926.0	antisense	0.8878877737226277	0.05164192423615485	0.05
Sox11	53	68	0.10296397889984422	0.5623437656234377	chr3	169482812.0	169482926.0	antisense	0.8878877737226277	0.05164192423615485	0.05
FOXD1	58	66	0.1026844606100352	0.7221277872212779	chr3	169482812.0	169482926.0	sense	0.8965153598535363	0.04744226534051636	0.05
FOXO4	58	65	0.10266167034451928	0.6262373762623737	chr3	169482812.0	169482926.0	sense	0.8878877737226277	0.05164192423615485	0.05
Nkx2-5	60	67	0.10225966367803085	0.7514248575142486	chr3	169482812.0	169482926.0	antisense	0.8965153598535363	0.04744226534051636	0.05
LBX1	55	63	0.10145228000130975	0.7416258374162584	chr3	169482812.0	169482926.0	antisense	0.8965153598535363	0.04744226534051636	0.05
Sox3	56	66	0.10087135235238509	0.5976402359764024	chr3	169482812.0	169482926.0	antisense	0.8878877737226277	0.05164192423615485	0.05
Nr2e3	56	63	0.10049831312323515	0.7579242075792421	chr3	169482812.0	169482926.0	sense	0.8965153598535363	0.04744226534051636	0.05
FOXP3	58	65	0.10035922245181741	0.7467253274672533	chr3	169482812.0	169482926.0	sense	0.8965153598535363	0.04744226534051636	0.05
SRY	55	64	0.0994392925204272	0.8164183581641836	chr3	169482812.0	169482926.0	sense	0.897714253998329	0.04686187898980559	0.05
PRRX1	55	63	0.0978987532549041	0.8102189781021898	chr3	169482812.0	169482926.0	sense	0.897714253998329	0.04686187898980559	0.05
FOXI1	58	65	0.09749658973944805	0.6348365163483651	chr3	169482812.0	169482926.0	sense	0.8878877737226277	0.05164192423615485	0.05
POU3F3	53	66	0.09573521421006678	0.8433156684331566	chr3	169482812.0	169482926.0	antisense	0.9039947857066146	0.04383407455270668	0.05
Six3	47	64	0.09524111852450143	0.9516048395160484	chr3	169482812.0	169482926.0	antisense	0.9627347206799788	0.016493365228761925	0.05
Sox5	57	64	0.09504187004484353	0.6291370862913709	chr3	169482812.0	169482926.0	antisense	0.8878877737226277	0.05164192423615485	0.05
VSX2	55	63	0.09486598893554177	0.8164183581641836	chr3	169482812.0	169482926.0	sense	0.897714253998329	0.04686187898980559	0.05
MEF2B	52	64	0.09297920051068927	0.7130286971302869	chr3	169482812.0	169482926.0	sense	0.8965153598535363	0.04744226534051636	0.05
FOXO6	58	65	0.0924038571109035	0.6481351864813518	chr3	169482812.0	169482926.0	sense	0.8878877737226277	0.05164192423615485	0.05
PAX4	47	55	0.09078877751945133	0.8503149685031497	chr3	169482812.0	169482926.0	antisense	0.9061878206429871	0.042781779127798784	0.05
IRF1	47	68	0.09028459465258284	0.5478452154784521	chr3	169482812.0	169482926.0	antisense	0.8878877737226277	0.05164192423615485	0.05
GATA3	47	55	0.0902434840171298	0.6015398460153984	chr3	169482812.0	169482926.0	antisense	0.8878877737226277	0.05164192423615485	0.05
MEF2D	52	64	0.08983969548067643	0.6565343465653435	chr3	169482812.0	169482926.0	antisense	0.8878877737226277	0.05164192423615485	0.05
FOXP2	57	68	0.089608299593525	0.694930506949305	chr3	169482812.0	169482926.0	sense	0.8965153598535363	0.04744226534051636	0.05
NFIL3	56	67	0.08687853178543181	0.8406159384061593	chr3	169482812.0	169482926.0	antisense	0.9039947857066146	0.04383407455270668	0.05
MEF2A	52	64	0.08625166581047154	0.7003299670032996	chr3	169482812.0	169482926.0	sense	0.8965153598535363	0.04744226534051636	0.05
Mecom	49	63	0.08561050083513805	0.7305269473052695	chr3	169482812.0	169482926.0	antisense	0.8965153598535363	0.04744226534051636	0.05
Tcf7	55	67	0.08555362064211744	0.7404259574042595	chr3	169482812.0	169482926.0	antisense	0.8965153598535363	0.04744226534051636	0.05
FOXL1	58	65	0.08420657885811243	0.6855314468553144	chr3	169482812.0	169482926.0	sense	0.8965153598535363	0.04744226534051636	0.05
LMX1B	59	67	0.0840714404383901	0.8459154084591541	chr3	169482812.0	169482926.0	sense	0.9039947857066146	0.04383407455270668	0.05
VSX1	55	63	0.08231274092409833	0.8735126487351265	chr3	169482812.0	169482926.0	sense	0.9121792046147498	0.03991983280107493	0.05
Foxj2	58	66	0.08095330752523068	0.7079292070792921	chr3	169482812.0	169482926.0	sense	0.8965153598535363	0.04744226534051636	0.05
NKX6-1	59	67	0.08053159142181679	0.8191180881911809	chr3	169482812.0	169482926.0	sense	0.8987786210808095	0.046347266534460814	0.05
PDX1	55	63	0.07977384771282243	0.8366163383661633	chr3	169482812.0	169482926.0	sense	0.9027107684241971	0.04445137681652429	0.05
FOXO3	59	67	0.07909773007006904	0.6958304169583042	chr3	169482812.0	169482926.0	sense	0.8965153598535363	0.04744226534051636	0.05
POU3F4	55	64	0.07878440588198551	0.8093190680931907	chr3	169482812.0	169482926.0	antisense	0.897714253998329	0.04686187898980559	0.05
Shox2	55	63	0.07821607570774183	0.8224177582241776	chr3	169482812.0	169482926.0	sense	0.9004953934986248	0.04551850448047796	0.05
OLIG1	51	61	0.0772201895516626	0.8814118588141185	chr3	169482812.0	169482926.0	sense	0.9131829332036856	0.039442213787940716	0.05
Alx1	51	68	0.07668144827246037	0.9324067593240676	chr3	169482812.0	169482926.0	sense	0.9488609962533159	0.022797405045615952	0.05
SOX21	52	67	0.07584080772843234	0.7583241675832417	chr3	169482812.0	169482926.0	sense	0.8965153598535363	0.04744226534051636	0.05
FOXG1	48	56	0.07546539053835624	0.6882311768823117	chr3	169482812.0	169482926.0	sense	0.8965153598535363	0.04744226534051636	0.05
Rarg	48	64	0.07527592584964525	0.7854214578542146	chr3	169482812.0	169482926.0	sense	0.8974950856562696	0.04696792077550121	0.05
FOXC1	55	66	0.07269907535352571	0.844015598440156	chr3	169482812.0	169482926.0	sense	0.9039947857066146	0.04383407455270668	0.05
Rarb	47	63	0.07265678272932984	0.7481251874812519	chr3	169482812.0	169482926.0	sense	0.8965153598535363	0.04744226534051636	0.05
POU4F2	47	63	0.0717649497496488	0.7946205379462054	chr3	169482812.0	169482926.0	antisense	0.897714253998329	0.04686187898980559	0.05
Foxj3	50	67	0.07135946620359064	0.899010098990101	chr3	169482812.0	169482926.0	sense	0.9276068417015156	0.032636056819025074	0.05
Foxq1	47	58	0.06760796515141779	0.7686231376862314	chr3	169482812.0	169482926.0	antisense	0.8965557376846585	0.04742270574884748	0.05
ISX	59	67	0.0675375924889653	0.8067193280671933	chr3	169482812.0	169482926.0	sense	0.897714253998329	0.04686187898980559	0.05
SOX4	51	67	0.06718964952853591	0.7774222577742226	chr3	169482812.0	169482926.0	sense	0.8974950856562696	0.04696792077550121	0.05
Foxd3	49	61	0.06563045667203148	0.8102189781021898	chr3	169482812.0	169482926.0	antisense	0.897714253998329	0.04686187898980559	0.05
LMX1A	59	67	0.0633476230350522	0.8731126887311269	chr3	169482812.0	169482926.0	sense	0.9121792046147498	0.03991983280107493	0.05
FOXB1	56	67	0.06045026072826379	0.8796120387961204	chr3	169482812.0	169482926.0	sense	0.9131829332036856	0.039442213787940716	0.05
MAFG	47	68	0.0596613077321221	0.8083191680831917	chr3	169482812.0	169482926.0	antisense	0.897714253998329	0.04686187898980559	0.05
LIN54	49	58	0.05855083676507785	0.8564143585641436	chr3	169482812.0	169482926.0	antisense	0.9089551167582628	0.04145756125049578	0.05
Lhx4	59	67	0.05704139847935641	0.8815118488151185	chr3	169482812.0	169482926.0	sense	0.9131829332036856	0.039442213787940716	0.05
HNF1A	53	68	0.05702175273940847	0.9256074392560744	chr3	169482812.0	169482926.0	antisense	0.9488609962533159	0.022797405045615952	0.05
DUX4	51	62	0.05575112894639176	0.8595140485951405	chr3	169482812.0	169482926.0	sense	0.9103832473895467	0.04077574263751281	0.05
STAT1::STAT2	51	66	0.05235783026397207	0.8879112088791121	chr3	169482812.0	169482926.0	antisense	0.9179799151558947	0.037166820794823155	0.05
Sox1	53	68	0.0511255701803294	0.913008699130087	chr3	169482812.0	169482926.0	antisense	0.9401815770803872	0.02678826309322217	0.05
Foxk1	50	67	0.046983288614905486	0.9473052694730527	chr3	169482812.0	169482926.0	sense	0.9621358803454293	0.016763589171179663	0.05
PAX7	49	59	0.04162233029838219	0.8781121887811218	chr3	169482812.0	169482926.0	sense	0.9131829332036856	0.039442213787940716	0.05
Arid3a	61	67	0.040077829538938424	0.8068193180681932	chr3	169482812.0	169482926.0	sense	0.897714253998329	0.04686187898980559	0.05
POU6F1	58	68	0.03976974531393173	0.9288071192880712	chr3	169482812.0	169482926.0	sense	0.9488609962533159	0.022797405045615952	0.05
HNF1B	54	67	0.03942266310784935	0.9515048495150485	chr3	169482812.0	169482926.0	antisense	0.9627347206799788	0.016493365228761925	0.05
PAX3	49	59	0.03047552451561854	0.929007099290071	chr3	169482812.0	169482926.0	sense	0.9488609962533159	0.022797405045615952	0.05
Arid3b	56	67	0.02935958225751069	0.932006799320068	chr3	169482812.0	169482926.0	sense	0.9488609962533159	0.022797405045615952	0.05
ONECUT3	50	64	0.027665161994300996	0.9261073892610739	chr3	169482812.0	169482926.0	sense	0.9488609962533159	0.022797405045615952	0.05
Hoxd8	51	68	0.024848479348117857	0.9903009699030098	chr3	169482812.0	169482926.0	sense	0.9903009699030098	0.004232795600819888	0.05
mix-a	53	64	0.023435008588192772	0.9614038596140386	chr3	169482812.0	169482926.0	sense	0.9705841066378799	0.012966824555846513	0.05
PHOX2A	48	59	0.018080332921889812	0.9799020097990201	chr3	169482812.0	169482926.0	antisense	0.9817937125206398	0.007979753481142974	0.05
Phox2b	48	59	0.01521237505305126	0.9762023797620238	chr3	169482812.0	169482926.0	sense	0.9799787912891497	0.008783323211342143	0.05
Lhx3	48	61	0.006777507216090677	0.9631036896310369	chr3	169482812.0	169482926.0	sense	0.9705841066378799	0.012966824555846513	0.05
PROP1	54	65	0.006050693249466303	0.9676032396760323	chr3	169482812.0	169482926.0	sense	0.973228839906707	0.011785030005541574	0.05
