motif	start	end	score	pval	tile_chr	tile_start	tile_end	strand	padj	neg_log_pval	fdr_cutoff
ELK4	18	29	8.134419768846232	9.999000099990002e-05	chr3	169482906.0	169483020.0	antisense	0.0030526359128793005	2.5153249908066786	0.05
ETV5	18	28	7.9406149337818475	9.999000099990002e-05	chr3	169482906.0	169483020.0	sense	0.0030526359128793005	2.5153249908066786	0.05
ERG	18	28	7.279044096008612	9.999000099990002e-05	chr3	169482906.0	169483020.0	sense	0.0030526359128793005	2.5153249908066786	0.05
FEV	18	28	7.182776224272257	9.999000099990002e-05	chr3	169482906.0	169483020.0	sense	0.0030526359128793005	2.5153249908066786	0.05
Gabpa	19	30	7.080404667749233	9.999000099990002e-05	chr3	169482906.0	169483020.0	sense	0.0030526359128793005	2.5153249908066786	0.05
ETS1	18	28	7.007373406573383	9.999000099990002e-05	chr3	169482906.0	169483020.0	sense	0.0030526359128793005	2.5153249908066786	0.05
ETV3	18	28	6.990178933555016	9.999000099990002e-05	chr3	169482906.0	169483020.0	sense	0.0030526359128793005	2.5153249908066786	0.05
ELF5	17	28	6.692092060887035	9.999000099990002e-05	chr3	169482906.0	169483020.0	sense	0.0030526359128793005	2.5153249908066786	0.05
FLI1	18	28	6.691809641404319	9.999000099990002e-05	chr3	169482906.0	169483020.0	sense	0.0030526359128793005	2.5153249908066786	0.05
ERF	18	28	6.646162943678143	9.999000099990002e-05	chr3	169482906.0	169483020.0	sense	0.0030526359128793005	2.5153249908066786	0.05
ETV4	18	28	6.627863532380889	9.999000099990002e-05	chr3	169482906.0	169483020.0	sense	0.0030526359128793005	2.5153249908066786	0.05
ETV1	18	28	6.5356960907245725	9.999000099990002e-05	chr3	169482906.0	169483020.0	sense	0.0030526359128793005	2.5153249908066786	0.05
Stat4	15	29	6.400946035174803	0.00019998000199980003	chr3	169482906.0	169483020.0	sense	0.004512592219038966	2.3455739097820163	0.05
ETV2	17	28	6.356700557255638	9.999000099990002e-05	chr3	169482906.0	169483020.0	sense	0.0030526359128793005	2.5153249908066786	0.05
ELK3	18	28	6.198759145724741	9.999000099990002e-05	chr3	169482906.0	169483020.0	sense	0.0030526359128793005	2.5153249908066786	0.05
ELK1	18	28	6.031388876581403	9.999000099990002e-05	chr3	169482906.0	169483020.0	sense	0.0030526359128793005	2.5153249908066786	0.05
NFATC1	18	28	5.95280672154243	0.0006999300069993001	chr3	169482906.0	169483020.0	antisense	0.010684225695077551	1.9712569464564031	0.05
ETV6	18	28	5.804506970958486	9.999000099990002e-05	chr3	169482906.0	169483020.0	sense	0.0030526359128793005	2.5153249908066786	0.05
Stat6	13	28	5.623670593105436	0.00019998000199980003	chr3	169482906.0	169483020.0	antisense	0.004512592219038966	2.3455739097820163	0.05
NFATC3	18	28	5.502041804871308	0.0005999400059994001	chr3	169482906.0	169483020.0	antisense	0.00973027697230277	2.011874797364667	0.05
ELF1	16	28	5.470731313455372	0.00019998000199980003	chr3	169482906.0	169483020.0	sense	0.004512592219038966	2.3455739097820163	0.05
ELF4	16	28	5.3525691265522335	0.00019998000199980003	chr3	169482906.0	169483020.0	sense	0.004512592219038966	2.3455739097820163	0.05
MEF2C	16	31	5.31804849177384	0.00019998000199980003	chr3	169482906.0	169483020.0	sense	0.004512592219038966	2.3455739097820163	0.05
EHF	16	28	5.118120163869903	0.00029997000299970003	chr3	169482906.0	169483020.0	sense	0.005368428674373942	2.2701528126076984	0.05
REL	21	31	5.067812001929272	0.0005999400059994001	chr3	169482906.0	169483020.0	antisense	0.00973027697230277	2.011874797364667	0.05
NFATC2	20	27	4.791925560689094	0.00029997000299970003	chr3	169482906.0	169483020.0	antisense	0.005368428674373942	2.2701528126076984	0.05
ELF3	16	29	4.400601483589909	0.00029997000299970003	chr3	169482906.0	169483020.0	sense	0.005368428674373942	2.2701528126076984	0.05
Stat5a::Stat5b	16	27	4.321885621978227	0.0006999300069993001	chr3	169482906.0	169483020.0	antisense	0.010684225695077551	1.9712569464564031	0.05
THAP1	17	26	4.307685786552138	0.009299070092990702	chr3	169482906.0	169483020.0	antisense	0.09955330997512493	1.0019442958572198	0.05
Barhl1	21	31	4.282373300134029	0.0173982601739826	chr3	169482906.0	169483020.0	sense	0.1433285242904281	0.8436673705993868	0.05
E2F4	16	27	4.279490404980558	0.00029997000299970003	chr3	169482906.0	169483020.0	sense	0.005368428674373942	2.2701528126076984	0.05
MEOX2	21	31	4.266457006646463	0.011698830116988301	chr3	169482906.0	169483020.0	sense	0.1133997711339977	0.945387821945248	0.05
STAT1	15	26	4.243241578740002	0.0004999500049995	chr3	169482906.0	169483020.0	antisense	0.008649135086491351	2.0630273198120483	0.05
NFAT5	18	28	4.221921528675279	0.0011998800119988001	chr3	169482906.0	169483020.0	antisense	0.017298270172982702	1.7619973241480673	0.05
E2F7	13	27	4.20663839262192	9.999000099990002e-05	chr3	169482906.0	169483020.0	antisense	0.0030526359128793005	2.5153249908066786	0.05
ESX1	21	31	4.185234600308358	0.0117988201179882	chr3	169482906.0	169483020.0	antisense	0.1133997711339977	0.945387821945248	0.05
MIXL1	21	31	4.176809542526286	0.0150984901509849	chr3	169482906.0	169483020.0	antisense	0.1331966803319668	0.8755065989755855	0.05
RELA	21	31	4.169971913970048	0.00029997000299970003	chr3	169482906.0	169483020.0	antisense	0.005368428674373942	2.2701528126076984	0.05
E2F6	16	27	4.162251501244321	0.00029997000299970003	chr3	169482906.0	169483020.0	sense	0.005368428674373942	2.2701528126076984	0.05
HOXA2	21	31	4.138586558591613	0.0105989401059894	chr3	169482906.0	169483020.0	antisense	0.10578557528862498	0.9755735477984337	0.05
E2F8	14	26	4.137088311042754	0.00019998000199980003	chr3	169482906.0	169483020.0	antisense	0.004512592219038966	2.3455739097820163	0.05
GSX2	21	31	4.126278088628849	0.029997000299970003	chr3	169482906.0	169483020.0	sense	0.21034696530346964	0.6770637492113512	0.05
GSC2	19	29	4.047352708363037	0.012898710128987101	chr3	169482906.0	169483020.0	antisense	0.11954340280257689	0.9224743861353563	0.05
HOXB2	21	31	4.026277267639503	0.015398460153984602	chr3	169482906.0	169483020.0	sense	0.1331966803319668	0.8755065989755855	0.05
Dlx3	22	30	3.9893446308354528	0.009599040095990401	chr3	169482906.0	169483020.0	antisense	0.09963803619638036	1.0015748407248553	0.05
LBX2	21	31	3.9179560918849483	0.022297770222977704	chr3	169482906.0	169483020.0	antisense	0.17272451859291682	0.7626460090810706	0.05
GSX1	21	31	3.899617004442829	0.03799620037996201	chr3	169482906.0	169483020.0	sense	0.2119958216944263	0.6736726986605727	0.05
SPDEF	17	28	3.888143937403595	0.0008999100089991	chr3	169482906.0	169483020.0	sense	0.013344379847729512	1.8747016043393556	0.05
SPIC	14	28	3.8658623878359246	0.005099490050994901	chr3	169482906.0	169483020.0	sense	0.06616588341165884	1.1793658846584307	0.05
EVX1	21	31	3.851843870874564	0.017298270172982702	chr3	169482906.0	169483020.0	sense	0.1433285242904281	0.8436673705993868	0.05
EMX1	21	31	3.821712569507903	0.017698230176982303	chr3	169482906.0	169483020.0	antisense	0.14352158534146586	0.8430827770504853	0.05
Dlx4	22	30	3.798456186132015	0.0093990600939906	chr3	169482906.0	169483020.0	antisense	0.09955330997512493	1.0019442958572198	0.05
Bcl6	12	26	3.7804184962090215	0.0065993400659934	chr3	169482906.0	169483020.0	antisense	0.07965249986629243	1.0988005894661228	0.05
EVX2	21	31	3.7770546246061283	0.0197980201979802	chr3	169482906.0	169483020.0	sense	0.15807957665771882	0.8011242358097294	0.05
ALX3	21	31	3.736882794783277	0.0231976802319768	chr3	169482906.0	169483020.0	sense	0.17705288294699942	0.7518969972437415	0.05
STAT3	15	26	3.6350674780775645	0.0030996900309969004	chr3	169482906.0	169483020.0	sense	0.04233524016019451	1.3732979722109424	0.05
Hoxd9	22	32	3.6229990330003226	0.005499450054994501	chr3	169482906.0	169483020.0	sense	0.06961498972054014	1.1572972366538965	0.05
SPIB	18	25	3.589737747829118	0.0021997800219978004	chr3	169482906.0	169483020.0	sense	0.030856373822077256	1.5106551126731935	0.05
Dlx1	21	31	3.554579359243837	0.0337966203379662	chr3	169482906.0	169483020.0	antisense	0.2119958216944263	0.6736726986605727	0.05
DLX6	22	30	3.5420874652303067	0.009099090090990901	chr3	169482906.0	169483020.0	antisense	0.09955330997512493	1.0019442958572198	0.05
Pax2	19	27	3.5129696250631857	0.026497350264973504	chr3	169482906.0	169483020.0	antisense	0.19645892553601782	0.7067282355058538	0.05
HOXA5	20	28	3.4935295644447124	0.004399560043995601	chr3	169482906.0	169483020.0	sense	0.058547991354710685	1.2324879999687166	0.05
CDX1	22	31	3.4926113201677764	0.006199380061993801	chr3	169482906.0	169483020.0	sense	0.07660662505178054	1.1157336703280514	0.05
RAX	21	31	3.411438387892869	0.012098790120987902	chr3	169482906.0	169483020.0	sense	0.11416858314168585	0.9424533886061985	0.05
POU5F1B	18	27	3.339416927944276	0.006799320067993201	chr3	169482906.0	169483020.0	sense	0.08020107080201071	1.095819833208356	0.05
Dlx2	22	30	3.267469740149158	0.0082991700829917	chr3	169482906.0	169483020.0	sense	0.09571709495717094	1.0190104908276747	0.05
LMX1B	22	30	3.2467442676866236	0.028697130286971302	chr3	169482906.0	169483020.0	sense	0.20402480299915213	0.6903170328148684	0.05
Arid5a	18	32	3.2261787547474534	0.050294970502949704	chr3	169482906.0	169483020.0	antisense	0.24860085420029424	0.6044973834424155	0.05
Prrx2	22	30	3.185171991806106	0.0362963703629637	chr3	169482906.0	169483020.0	antisense	0.2119958216944263	0.6736726986605727	0.05
HOXB3	21	31	3.175547228655278	0.0524947505249475	chr3	169482906.0	169483020.0	antisense	0.25462407030325007	0.5941005437076575	0.05
VAX1	22	30	3.0729733093224265	0.03799620037996201	chr3	169482906.0	169483020.0	antisense	0.2119958216944263	0.6736726986605727	0.05
RAX2	22	30	3.0632897398428653	0.035096490350964904	chr3	169482906.0	169483020.0	antisense	0.2119958216944263	0.6736726986605727	0.05
HESX1	21	31	3.0379856854896174	0.014798520147985201	chr3	169482906.0	169483020.0	sense	0.1331966803319668	0.8755065989755855	0.05
POU2F1	16	28	3.0262950238095025	0.020497950204979503	chr3	169482906.0	169483020.0	sense	0.1611884266118843	0.7926661439145191	0.05
UNCX	22	30	3.0200366019212543	0.042695730426957304	chr3	169482906.0	169483020.0	sense	0.21939687219396872	0.6587695681860235	0.05
SHOX	22	30	2.945671111168901	0.036096390360963904	chr3	169482906.0	169483020.0	sense	0.2119958216944263	0.6736726986605727	0.05
HLTF	21	31	2.9171976408806684	0.0537946205379462	chr3	169482906.0	169483020.0	antisense	0.25851303758513033	0.5875175492489655	0.05
Hand1::Tcf3	16	26	2.8843292005700443	0.0314968503149685	chr3	169482906.0	169483020.0	sense	0.21157115057724996	0.6745435521344526	0.05
Gfi1	22	32	2.8500549309890997	0.037896210378962104	chr3	169482906.0	169483020.0	sense	0.2119958216944263	0.6736726986605727	0.05
Pou5f1::Sox2	12	27	2.8260083203650255	0.0268973102689731	chr3	169482906.0	169483020.0	sense	0.19661554971263437	0.7063821381450721	0.05
LMX1A	22	30	2.795833485534242	0.0367963203679632	chr3	169482906.0	169483020.0	sense	0.2119958216944263	0.6736726986605727	0.05
NKX6-2	22	30	2.7925441573847047	0.052094790520947905	chr3	169482906.0	169483020.0	sense	0.25462407030325007	0.5941005437076575	0.05
LHX9	22	30	2.7874941977766365	0.035096490350964904	chr3	169482906.0	169483020.0	sense	0.2119958216944263	0.6736726986605727	0.05
Hes2	18	31	2.784258106022061	0.18888111188881113	chr3	169482906.0	169483020.0	sense	0.5240835291470853	0.280599489053249	0.05
NOTO	21	31	2.7428815034601954	0.040495950404959506	chr3	169482906.0	169483020.0	antisense	0.21282114212821143	0.6719852304487606	0.05
PRRX1	22	30	2.7329098095118707	0.0377962203779622	chr3	169482906.0	169483020.0	sense	0.2119958216944263	0.6736726986605727	0.05
POU3F1	17	29	2.683254896198125	0.040495950404959506	chr3	169482906.0	169483020.0	sense	0.21282114212821143	0.6719852304487606	0.05
Hoxc9	17	30	2.660784720237113	0.0314968503149685	chr3	169482906.0	169483020.0	sense	0.21157115057724996	0.6745435521344526	0.05
Lhx4	22	30	2.613976404921041	0.0375962403759624	chr3	169482906.0	169483020.0	antisense	0.2119958216944263	0.6736726986605727	0.05
Hes1	17	27	2.597476534163	0.34626537346265374	chr3	169482906.0	169483020.0	sense	0.7456918208594078	0.1274406204538124	0.05
POU1F1	16	30	2.5210038655026064	0.039896010398960104	chr3	169482906.0	169483020.0	sense	0.21282114212821143	0.6719852304487606	0.05
POU3F4	18	27	2.4983662267331543	0.010298970102989701	chr3	169482906.0	169483020.0	sense	0.1048071663421893	0.979609020821169	0.05
RFX4	12	28	2.489580321564253	0.037696230376962306	chr3	169482906.0	169483020.0	sense	0.2119958216944263	0.6736726986605727	0.05
MZF1(var.2)	16	26	2.4585425760489725	0.0481951804819518	chr3	169482906.0	169483020.0	sense	0.24051248721281718	0.6188623704883356	0.05
POU3F2	17	29	2.4565627467700524	0.030396960303969604	chr3	169482906.0	169483020.0	sense	0.21034696530346964	0.6770637492113512	0.05
Shox2	22	30	2.455228010634319	0.036896310368963105	chr3	169482906.0	169483020.0	sense	0.2119958216944263	0.6736726986605727	0.05
HOXB13	22	32	2.4388805425748723	0.0240975902409759	chr3	169482906.0	169483020.0	sense	0.18125578746473178	0.7417081175907918	0.05
Msx3	22	30	2.4117570999708247	0.027997200279972004	chr3	169482906.0	169483020.0	sense	0.20181315201813155	0.695050534517454	0.05
BARHL2	21	31	2.364578165583927	0.11898810118988101	chr3	169482906.0	169483020.0	sense	0.4035154176890003	0.3941398669162935	0.05
TEAD4	22	32	2.354777325261893	0.07269273072692731	chr3	169482906.0	169483020.0	sense	0.3076023042857004	0.5120104155064451	0.05
Pax6	12	26	2.308611852795472	0.0765923407659234	chr3	169482906.0	169483020.0	antisense	0.3154874988691607	0.5010178449133638	0.05
BARX1	22	30	2.306898091716111	0.057894210578942104	chr3	169482906.0	169483020.0	sense	0.2731554117315541	0.5635901908591936	0.05
POU6F1	21	31	2.2946496971519648	0.06999300069993	chr3	169482906.0	169483020.0	sense	0.30526359128793	0.5153249908066788	0.05
CEBPA	16	27	2.278167015177937	0.038396160383961604	chr3	169482906.0	169483020.0	antisense	0.2119958216944263	0.6736726986605727	0.05
BSX	22	30	2.2387891810394334	0.0638936106389361	chr3	169482906.0	169483020.0	sense	0.2960784278714986	0.5285932339401862	0.05
SRY	21	30	2.237282200191754	0.07779222077792221	chr3	169482906.0	169483020.0	sense	0.31790679199796557	0.49770019339467275	0.05
GCM2	15	25	2.236278171394961	0.06999300069993	chr3	169482906.0	169483020.0	sense	0.30526359128793	0.5153249908066788	0.05
GSC	21	31	2.2345208439441118	0.1110888911108889	chr3	169482906.0	169483020.0	antisense	0.39552260990117205	0.4028286851760387	0.05
NFKB2	19	32	2.220857792951969	0.031796820317968204	chr3	169482906.0	169483020.0	antisense	0.21157115057724996	0.6745435521344526	0.05
PDX1	22	30	2.2183394488029977	0.038896110388961104	chr3	169482906.0	169483020.0	sense	0.21249559254600855	0.6726500733915448	0.05
YY2	14	25	2.189479402362585	0.0810918908109189	chr3	169482906.0	169483020.0	antisense	0.323743779468207	0.48979856752408557	0.05
TP53	12	30	2.162743212374704	0.034996500349965	chr3	169482906.0	169483020.0	sense	0.2119958216944263	0.6736726986605727	0.05
HSF4	17	30	2.1498704020099377	0.0903909609039096	chr3	169482906.0	169483020.0	sense	0.3472373350900204	0.4593735854775287	0.05
Hoxa11	17	29	2.144727259940814	0.12008799120087991	chr3	169482906.0	169483020.0	sense	0.4035154176890003	0.3941398669162935	0.05
TEAD1	22	32	2.1247661477946185	0.11278872112788721	chr3	169482906.0	169483020.0	sense	0.39552260990117205	0.4028286851760387	0.05
VAX2	22	30	2.1012502392469123	0.15458454154584542	chr3	169482906.0	169483020.0	sense	0.4691776436391449	0.3286626902382525	0.05
VSX1	22	30	2.1010303754501747	0.11278872112788721	chr3	169482906.0	169483020.0	antisense	0.39552260990117205	0.4028286851760387	0.05
E2F1	14	26	2.076271129299535	0.10358964103589641	chr3	169482906.0	169483020.0	antisense	0.3766910022284485	0.42401475338102756	0.05
RUNX1	16	27	2.0680612973288905	0.13638636136386362	chr3	169482906.0	169483020.0	antisense	0.4443493150684932	0.3522754849279228	0.05
NFIX	18	27	2.0679993374092493	0.18388161183881613	chr3	169482906.0	169483020.0	antisense	0.5130890136792773	0.2898072844082436	0.05
Nkx2-5	23	30	2.0676949899239374	0.0565943405659434	chr3	169482906.0	169483020.0	antisense	0.2694721353552718	0.569486136180757	0.05
TFCP2	16	26	2.061470096760574	0.07929207079292071	chr3	169482906.0	169483020.0	sense	0.31901228481802985	0.49619259241005	0.05
Pitx1	22	30	2.0468837870975487	0.11448855114488551	chr3	169482906.0	169483020.0	antisense	0.39878898016238645	0.39925685116477205	0.05
Arid3b	21	32	2.0283416561680605	0.11908809119088092	chr3	169482906.0	169483020.0	antisense	0.4035154176890003	0.3941398669162935	0.05
EGR4	11	27	2.0208947884906867	0.136986301369863	chr3	169482906.0	169483020.0	sense	0.4443493150684932	0.3522754849279228	0.05
Nr2e1	21	30	2.0154313908122234	0.06819318068193181	chr3	169482906.0	169483020.0	sense	0.30471568227792606	0.516105194115016	0.05
SPI1	14	28	1.9944856797767696	0.015398460153984602	chr3	169482906.0	169483020.0	sense	0.1331966803319668	0.8755065989755855	0.05
NFIC	19	25	1.994347886437434	0.09099090090990901	chr3	169482906.0	169483020.0	sense	0.3472373350900204	0.4593735854775287	0.05
EGR1	12	26	1.9928635412614482	0.06319368063193681	chr3	169482906.0	169483020.0	antisense	0.295473155387164	0.5294819699326772	0.05
TFAP2C	13	25	1.9758542597566464	0.16668333166683333	chr3	169482906.0	169483020.0	sense	0.48328854265411453	0.3157935005802926	0.05
PITX3	21	30	1.9521841535367939	0.16298370162983702	chr3	169482906.0	169483020.0	sense	0.48328854265411453	0.3157935005802926	0.05
Foxo1	20	31	1.9498479641008253	0.0670932906709329	chr3	169482906.0	169483020.0	antisense	0.3027949378975146	0.5188513896130245	0.05
RFX3	12	28	1.9343334879338627	0.07229277072292771	chr3	169482906.0	169483020.0	antisense	0.3076023042857004	0.5120104155064451	0.05
TP73	12	30	1.9280905733774651	0.07339266073392661	chr3	169482906.0	169483020.0	antisense	0.3076023042857004	0.5120104155064451	0.05
Tcfl5	16	26	1.9131671587155163	0.49435056494350565	chr3	169482906.0	169483020.0	sense	0.8556803483638774	0.06768844194448133	0.05
PRDM1	15	30	1.9102766452301339	0.11158884111588842	chr3	169482906.0	169483020.0	sense	0.39552260990117205	0.4028286851760387	0.05
POU3F3	16	29	1.8990964685924085	0.12058794120587941	chr3	169482906.0	169483020.0	sense	0.4035154176890003	0.3941398669162935	0.05
SOX8	15	31	1.8960824417889486	0.008599140085991401	chr3	169482906.0	169483020.0	antisense	0.09702073270933777	1.0131354498664111	0.05
EN1	22	30	1.8900352017226998	0.10378962103789621	chr3	169482906.0	169483020.0	sense	0.3766910022284485	0.42401475338102756	0.05
RARA::RXRA	14	31	1.8848488990919468	0.1404859514048595	chr3	169482906.0	169483020.0	sense	0.4473141642890926	0.3493873495912639	0.05
SP1	15	26	1.8815651151935255	0.0418958104189581	chr3	169482906.0	169483020.0	antisense	0.21743925607439255	0.6626620464621096	0.05
EBF1	12	26	1.8794015780659448	0.08339166083391661	chr3	169482906.0	169483020.0	sense	0.3284089501497611	0.48358501553649863	0.05
SP2	11	26	1.874888576998665	0.0933906609339066	chr3	169482906.0	169483020.0	antisense	0.34870325917048584	0.45754399345240654	0.05
VSX2	22	30	1.8661512757141059	0.11548845115488451	chr3	169482906.0	169483020.0	antisense	0.3995900409959004	0.398385344255923	0.05
HOXD12	17	28	1.8531018281274398	0.07089291070892911	chr3	169482906.0	169483020.0	sense	0.3066118388161184	0.513411080292963	0.05
FOXH1	21	32	1.8520955529631378	0.06869313068693131	chr3	169482906.0	169483020.0	sense	0.30471568227792606	0.516105194115016	0.05
STAT1::STAT2	15	30	1.8478421596410057	0.0653934606539346	chr3	169482906.0	169483020.0	antisense	0.300346956454797	0.5223767645875573	0.05
ZBTB18	13	26	1.8473528627290177	0.07889211078892111	chr3	169482906.0	169483020.0	antisense	0.31901228481802985	0.49619259241005	0.05
MNX1	21	31	1.839111885909597	0.21677832216778323	chr3	169482906.0	169483020.0	sense	0.5625397460253975	0.2498467872260367	0.05
Mitf	16	26	1.8283643004701091	0.37366263373662634	chr3	169482906.0	169483020.0	antisense	0.7730465997224978	0.1117943257552234	0.05
PAX4	22	30	1.8241204689263455	0.11908809119088092	chr3	169482906.0	169483020.0	sense	0.4035154176890003	0.3941398669162935	0.05
Hoxa9	18	29	1.8117466236392494	0.08389161083891611	chr3	169482906.0	169483020.0	sense	0.3284089501497611	0.48358501553649863	0.05
HOXA10	21	32	1.8112670289082258	0.2333766623337666	chr3	169482906.0	169483020.0	sense	0.5937376850550239	0.2264053851449522	0.05
ISL2	22	30	1.7929209843036216	0.23227677232276772	chr3	169482906.0	169483020.0	antisense	0.5937376850550239	0.2264053851449522	0.05
HOXC11	17	28	1.7820203403207235	0.11278872112788721	chr3	169482906.0	169483020.0	sense	0.39552260990117205	0.4028286851760387	0.05
HOXC12	17	28	1.773240345963276	0.08449155084491551	chr3	169482906.0	169483020.0	sense	0.3284089501497611	0.48358501553649863	0.05
ZBTB7C	13	25	1.7598059202332017	0.23737626237376264	chr3	169482906.0	169483020.0	sense	0.5951607737776947	0.2253657002667501	0.05
OTX1	22	30	1.7464704468598884	0.1396860313968603	chr3	169482906.0	169483020.0	sense	0.4473141642890926	0.3493873495912639	0.05
Rfx1	13	27	1.73729267777838	0.15348465153484653	chr3	169482906.0	169483020.0	antisense	0.4691776436391449	0.3286626902382525	0.05
HSF2	17	30	1.7309693721369872	0.07539246075392461	chr3	169482906.0	169483020.0	sense	0.313029497050295	0.5044147365666871	0.05
OTX2	22	30	1.7198415270486136	0.146985301469853	chr3	169482906.0	169483020.0	sense	0.4623355846233558	0.3350426788941351	0.05
RFX5	12	28	1.7182231633553473	0.0453954604539546	chr3	169482906.0	169483020.0	antisense	0.23098278407453368	0.6364203883332186	0.05
HOXC10	18	28	1.7138312608252897	0.14958504149585042	chr3	169482906.0	169483020.0	sense	0.4676785333514841	0.33005256394001736	0.05
ZNF263	11	32	1.7023563114906892	0.09219078092190781	chr3	169482906.0	169483020.0	sense	0.34870325917048584	0.45754399345240654	0.05
RHOXF1	22	30	1.6810502705608377	0.1982801719828017	chr3	169482906.0	169483020.0	sense	0.5322544668610062	0.27388068512694164	0.05
GATA1::TAL1	14	32	1.6723522382638587	0.21347865213478653	chr3	169482906.0	169483020.0	sense	0.5567609068238906	0.2543312664770687	0.05
TEAD3	23	31	1.6604506531350234	0.0847915208479152	chr3	169482906.0	169483020.0	sense	0.3284089501497611	0.48358501553649863	0.05
HINFP	13	25	1.6543303260251976	0.17368263173682633	chr3	169482906.0	169483020.0	sense	0.4980181539857064	0.3027548258504907	0.05
CEBPE	17	27	1.6468095828278233	0.1653834616538346	chr3	169482906.0	169483020.0	antisense	0.48328854265411453	0.3157935005802926	0.05
POU2F2	17	30	1.626420858486514	0.1212878712128787	chr3	169482906.0	169483020.0	antisense	0.4035154176890003	0.3941398669162935	0.05
Pou2f3	15	31	1.620856392621455	0.17268273172682733	chr3	169482906.0	169483020.0	sense	0.4979018764790188	0.30285623696425207	0.05
ESR2	12	27	1.616996507000152	0.28657134286571345	chr3	169482906.0	169483020.0	sense	0.6603959073119237	0.18019562686496074	0.05
HIC2	15	24	1.6107154413774871	0.28757124287571245	chr3	169482906.0	169483020.0	sense	0.6603959073119237	0.18019562686496074	0.05
TP63	12	30	1.592056008513405	0.036096390360963904	chr3	169482906.0	169483020.0	sense	0.2119958216944263	0.6736726986605727	0.05
HSF1	17	30	1.5869431823798503	0.0665933406659334	chr3	169482906.0	169483020.0	sense	0.3027949378975146	0.5188513896130245	0.05
SOX9	23	32	1.5661787584131228	0.30016998300169984	chr3	169482906.0	169483020.0	sense	0.6832816718328167	0.16540022852160702	0.05
RUNX3	16	26	1.5569865634596636	0.1635836416358364	chr3	169482906.0	169483020.0	sense	0.48328854265411453	0.3157935005802926	0.05
NR4A2	24	32	1.5532411240336683	0.16578342165783422	chr3	169482906.0	169483020.0	sense	0.48328854265411453	0.3157935005802926	0.05
KLF5	16	26	1.5182326766848135	0.09529047095290472	chr3	169482906.0	169483020.0	antisense	0.3532553887468396	0.45191120446831645	0.05
HOXD11	18	28	1.5137204864555969	0.15108489151084892	chr3	169482906.0	169483020.0	sense	0.4691776436391449	0.3286626902382525	0.05
FOXC1	18	29	1.4980585699468896	0.18338166183381663	chr3	169482906.0	169483020.0	sense	0.5130890136792773	0.2898072844082436	0.05
FOXP1	17	32	1.4850499239700234	0.19388061193880612	chr3	169482906.0	169483020.0	sense	0.5240835291470853	0.280599489053249	0.05
MZF1	18	24	1.4722726142705218	0.12368763123687632	chr3	169482906.0	169483020.0	sense	0.40629038361986586	0.3911634567537068	0.05
HOXC13	17	28	1.4660236833736067	0.15328467153284672	chr3	169482906.0	169483020.0	sense	0.4691776436391449	0.3286626902382525	0.05
Zfx	14	28	1.4470723370812995	0.25837416258374163	chr3	169482906.0	169483020.0	antisense	0.6237032110742414	0.20502202002096365	0.05
ZBTB7B	12	24	1.4250386233405292	0.18148185181481852	chr3	169482906.0	169483020.0	sense	0.5130890136792773	0.2898072844082436	0.05
EN2	21	31	1.4233207264748797	0.42305769423057693	chr3	169482906.0	169483020.0	antisense	0.8316929670669297	0.08003697096694118	0.05
FOXD2	21	28	1.4159470134241334	0.1999800019998	chr3	169482906.0	169483020.0	sense	0.5322544668610062	0.27388068512694164	0.05
Arid3a	25	31	1.4038230898714061	0.09869013098690131	chr3	169482906.0	169483020.0	sense	0.3632636736326368	0.4397780294141479	0.05
Gata4	20	31	1.3809590985540472	0.1653834616538346	chr3	169482906.0	169483020.0	antisense	0.48328854265411453	0.3157935005802926	0.05
Tcf12	14	25	1.3798380248324753	0.1822817718228177	chr3	169482906.0	169483020.0	sense	0.5130890136792773	0.2898072844082436	0.05
FOXP2	20	31	1.37392008866178	0.1381861813818618	chr3	169482906.0	169483020.0	sense	0.44545731762227503	0.35119390242207493	0.05
IRF7	13	27	1.3725628456490155	0.12368763123687632	chr3	169482906.0	169483020.0	sense	0.40629038361986586	0.3911634567537068	0.05
FOXC2	18	30	1.3686808147171425	0.25617438256174385	chr3	169482906.0	169483020.0	sense	0.6215252306545046	0.20654123659335166	0.05
Myog	14	25	1.3626598745075011	0.1907809219078092	chr3	169482906.0	169483020.0	sense	0.5240835291470853	0.280599489053249	0.05
MAFG::NFE2L1	24	30	1.3558656722999192	0.24917508249175083	chr3	169482906.0	169483020.0	sense	0.6146597604390505	0.2113652176442338	0.05
FOXF2	16	30	1.3555400320488704	0.2126787321267873	chr3	169482906.0	169483020.0	sense	0.5567609068238906	0.2543312664770687	0.05
MEOX1	21	31	1.3507892114196942	0.38706129387061294	chr3	169482906.0	169483020.0	sense	0.7828645151049097	0.10631339175248934	0.05
NFYB	12	27	1.3429271731708186	0.26177382261773824	chr3	169482906.0	169483020.0	antisense	0.6260857785189223	0.2033661610621973	0.05
BCL6B	12	29	1.3411916377523758	0.016698330166983303	chr3	169482906.0	169483020.0	antisense	0.14207267797810383	0.8474894332915885	0.05
Atoh1	22	32	1.2873824432357206	0.3114688531146885	chr3	169482906.0	169483020.0	sense	0.6946777425261766	0.15821661569728	0.05
NEUROD2	22	32	1.279126740472583	0.36546345365463456	chr3	169482906.0	169483020.0	antisense	0.7617491262921902	0.11818803523026183	0.05
TFE3	15	25	1.2785197494516813	0.5093490650934906	chr3	169482906.0	169483020.0	antisense	0.8556803483638774	0.06768844194448133	0.05
TFAP2A(var.2)	12	24	1.274164615462653	0.38196180381961803	chr3	169482906.0	169483020.0	antisense	0.7828645151049097	0.10631339175248934	0.05
Spz1	19	30	1.2697285079829375	0.30826917308269175	chr3	169482906.0	169483020.0	sense	0.6946777425261766	0.15821661569728	0.05
Sox17	22	31	1.2680779876867263	0.3144685531446855	chr3	169482906.0	169483020.0	sense	0.6974751242824435	0.15647127705725994	0.05
JUN	14	27	1.262624820802215	0.2211778822117788	chr3	169482906.0	169483020.0	sense	0.5711010988453393	0.24328700421623306	0.05
TCF7L2	11	25	1.2611722619216241	0.31186881311868814	chr3	169482906.0	169483020.0	sense	0.6946777425261766	0.15821661569728	0.05
TBX2	14	25	1.2495362594220958	0.4831516848315168	chr3	169482906.0	169483020.0	sense	0.8529106273046163	0.06909647422748678	0.05
GBX2	21	31	1.2438107372473115	0.34196580341965804	chr3	169482906.0	169483020.0	antisense	0.7401497350264974	0.13068041200213373	0.05
OLIG3	22	32	1.239688391186214	0.3574642535746425	chr3	169482906.0	169483020.0	antisense	0.7565717112499277	0.12114990131678516	0.05
Rhox11	13	30	1.2290102951683441	0.5103489651034897	chr3	169482906.0	169483020.0	sense	0.8556803483638774	0.06768844194448133	0.05
FOXI1	21	28	1.2284030623375963	0.15398460153984603	chr3	169482906.0	169483020.0	sense	0.4691776436391449	0.3286626902382525	0.05
FOXB1	18	29	1.2254050864230748	0.27307269273072693	chr3	169482906.0	169483020.0	sense	0.6471448745536406	0.1889984841287898	0.05
Sox5	23	30	1.2141438888614433	0.20157984201579843	chr3	169482906.0	169483020.0	antisense	0.5337751939091805	0.27264161301139317	0.05
Neurog1	22	32	1.2086859298075485	0.802019798020198	chr3	169482906.0	169483020.0	antisense	0.9794385900988354	0.009022788681275692	0.05
GATA5	21	29	1.1923550602443687	0.45695430456954306	chr3	169482906.0	169483020.0	antisense	0.8425168009514838	0.07442142993701793	0.05
XBP1	13	27	1.1677320291737243	0.28117188281171884	chr3	169482906.0	169483020.0	antisense	0.651465210621795	0.18610877141478127	0.05
FOXO4	21	28	1.1668647292517969	0.19388061193880612	chr3	169482906.0	169483020.0	sense	0.5240835291470853	0.280599489053249	0.05
FOXP3	21	28	1.1648273134324985	0.34226577342265774	chr3	169482906.0	169483020.0	sense	0.7401497350264974	0.13068041200213373	0.05
Myod1	11	24	1.153559017828425	0.33056694330566944	chr3	169482906.0	169483020.0	antisense	0.7269671337950951	0.13848522316308265	0.05
Ddit3::Cebpa	18	30	1.1535291881566505	0.47115288471152883	chr3	169482906.0	169483020.0	sense	0.8432011971216672	0.07406878554831565	0.05
Pparg::Rxra	17	32	1.1468205234905502	0.5341465853414659	chr3	169482906.0	169483020.0	sense	0.8745175955590561	0.05823144796080229	0.05
MYBL1	12	24	1.139003305756893	0.25107489251074894	chr3	169482906.0	169483020.0	antisense	0.6146597604390505	0.2113652176442338	0.05
MEIS3	15	23	1.1386711357035861	0.4697530246975302	chr3	169482906.0	169483020.0	sense	0.8432011971216672	0.07406878554831565	0.05
YY1	11	23	1.1348144479660356	0.3113688631136886	chr3	169482906.0	169483020.0	sense	0.6946777425261766	0.15821661569728	0.05
Sox11	16	31	1.1174014554323695	0.0405959404059594	chr3	169482906.0	169483020.0	antisense	0.21282114212821143	0.6719852304487606	0.05
FOXD1	21	29	1.1151438621674756	0.27987201279872015	chr3	169482906.0	169483020.0	sense	0.6513613212669764	0.1861780340104031	0.05
FOXL1	21	28	1.109060668606194	0.21287871212878712	chr3	169482906.0	169483020.0	sense	0.5567609068238906	0.2543312664770687	0.05
FOXO6	21	28	1.0821878298987297	0.19088091190880913	chr3	169482906.0	169483020.0	sense	0.5240835291470853	0.280599489053249	0.05
ZNF740	15	25	1.0656195607239611	0.18248175182481752	chr3	169482906.0	169483020.0	antisense	0.5130890136792773	0.2898072844082436	0.05
GBX1	21	31	1.055142282425064	0.38346165383461656	chr3	169482906.0	169483020.0	antisense	0.7828645151049097	0.10631339175248934	0.05
FIGLA	14	24	1.0521341555415646	0.4988501149885011	chr3	169482906.0	169483020.0	antisense	0.8556803483638774	0.06768844194448133	0.05
TBX5	17	25	1.0496386078968998	0.5797420257974203	chr3	169482906.0	169483020.0	sense	0.8927744393702224	0.04925825232156871	0.05
NRL	15	26	1.0458456473441935	0.8482151784821518	chr3	169482906.0	169483020.0	antisense	0.9831934642207122	0.007361017084899646	0.05
ZBTB7A	12	24	1.0382263553620803	0.45445455454454553	chr3	169482906.0	169483020.0	antisense	0.8425168009514838	0.07442142993701793	0.05
TFAP2A(var.3)	11	24	1.0379316504629388	0.38706129387061294	chr3	169482906.0	169483020.0	sense	0.7828645151049097	0.10631339175248934	0.05
TFEB	15	25	1.0309533094270489	0.46215378462153783	chr3	169482906.0	169483020.0	antisense	0.8425168009514838	0.07442142993701793	0.05
HNF4G	13	28	1.0289735286388428	0.46055394460553944	chr3	169482906.0	169483020.0	antisense	0.8425168009514838	0.07442142993701793	0.05
GATA2	13	27	1.024760614673461	0.39516048395160486	chr3	169482906.0	169483020.0	antisense	0.7918466840574631	0.10135889759406609	0.05
EGR2	12	23	1.0226989493236762	0.2562743725627437	chr3	169482906.0	169483020.0	antisense	0.6215252306545046	0.20654123659335166	0.05
NFYA	11	29	1.0194127183287516	0.29017098290170984	chr3	169482906.0	169483020.0	antisense	0.6634305732422353	0.17820451851981042	0.05
CENPB	17	32	1.018305307627032	0.45885411458854114	chr3	169482906.0	169483020.0	antisense	0.8425168009514838	0.07442142993701793	0.05
Rarg(var.2)	14	31	1.0182617310176993	0.0734926507349265	chr3	169482906.0	169483020.0	sense	0.3076023042857004	0.5120104155064451	0.05
NKX2-8	20	29	1.0162879900927366	0.5654434556544345	chr3	169482906.0	169483020.0	antisense	0.8927744393702224	0.04925825232156871	0.05
SP3	15	26	1.0068890290198924	0.45085491450854914	chr3	169482906.0	169483020.0	antisense	0.8425168009514838	0.07442142993701793	0.05
Gfi1b	13	24	1.0054330807558987	0.35276472352764726	chr3	169482906.0	169483020.0	sense	0.7534357675343577	0.12295376656693487	0.05
EMX2	21	31	1.0045781492410477	0.49445055494450557	chr3	169482906.0	169483020.0	sense	0.8556803483638774	0.06768844194448133	0.05
CDX2	20	31	1.004447312072085	0.27757224277572246	chr3	169482906.0	169483020.0	sense	0.6513613212669764	0.1861780340104031	0.05
INSM1	13	25	1.0032772754142376	0.27677232276772323	chr3	169482906.0	169483020.0	sense	0.6513613212669764	0.1861780340104031	0.05
PHOX2A	18	29	1.002970627653053	0.4597540245975402	chr3	169482906.0	169483020.0	sense	0.8425168009514838	0.07442142993701793	0.05
MSX1	21	29	0.9926758751947157	0.5685431456854314	chr3	169482906.0	169483020.0	antisense	0.8927744393702224	0.04925825232156871	0.05
SOX4	16	32	0.9866982630247051	0.047995200479952004	chr3	169482906.0	169483020.0	antisense	0.24051248721281718	0.6188623704883356	0.05
GRHL1	15	27	0.9819142742296589	0.38766123387661233	chr3	169482906.0	169483020.0	sense	0.7828645151049097	0.10631339175248934	0.05
TFAP2C(var.3)	11	24	0.980862975702253	0.36006399360063995	chr3	169482906.0	169483020.0	sense	0.7565717112499277	0.12114990131678516	0.05
RFX2	12	28	0.9687779796600348	0.1628837116288371	chr3	169482906.0	169483020.0	antisense	0.48328854265411453	0.3157935005802926	0.05
MAFK	13	28	0.9678859317256089	0.5067493250674933	chr3	169482906.0	169483020.0	sense	0.8556803483638774	0.06768844194448133	0.05
MEIS2	15	23	0.9672278281638917	0.43755624437556245	chr3	169482906.0	169483020.0	sense	0.8425168009514838	0.07442142993701793	0.05
RUNX2	16	25	0.9635234512359278	0.4052594740525947	chr3	169482906.0	169483020.0	antisense	0.8089602578203717	0.09207281365752978	0.05
LHX2	21	31	0.9518471711288184	0.5308469153084692	chr3	169482906.0	169483020.0	antisense	0.8741647987100025	0.05840668587405373	0.05
TFAP2B(var.3)	11	24	0.9508451834484164	0.34026597340265974	chr3	169482906.0	169483020.0	sense	0.7401497350264974	0.13068041200213373	0.05
MEIS1	16	23	0.9459104496237954	0.6339366063393661	chr3	169482906.0	169483020.0	sense	0.9279592701886835	0.0324710853333936	0.05
NKX2-3	20	30	0.9329859392818918	0.5247475252474753	chr3	169482906.0	169483020.0	antisense	0.8701085163049189	0.06042658060724949	0.05
FOS::JUN	17	24	0.9325723452604593	0.5042495750424958	chr3	169482906.0	169483020.0	sense	0.8556803483638774	0.06768844194448133	0.05
TAL1::TCF3	14	26	0.927567324591837	0.3905609439056094	chr3	169482906.0	169483020.0	antisense	0.7856632941357027	0.10476353643979941	0.05
POU4F3	14	30	0.9267084450747077	0.5322467753224678	chr3	169482906.0	169483020.0	sense	0.8741647987100025	0.05840668587405373	0.05
NFKB1	19	32	0.9218697165851586	0.14178582141785823	chr3	169482906.0	169483020.0	sense	0.44870025192602697	0.34804368662905494	0.05
TFAP2B	12	24	0.9185197634134531	0.5500449955004499	chr3	169482906.0	169483020.0	antisense	0.8868855350489796	0.052132428313079196	0.05
POU4F1	14	28	0.9161545428894915	0.5502449755024498	chr3	169482906.0	169483020.0	sense	0.8868855350489796	0.052132428313079196	0.05
ZIC4	13	28	0.9119677062367298	0.4978502149785021	chr3	169482906.0	169483020.0	sense	0.8556803483638774	0.06768844194448133	0.05
SP8	12	24	0.9112726118954734	0.4413558644135586	chr3	169482906.0	169483020.0	sense	0.8425168009514838	0.07442142993701793	0.05
FOXA1	17	32	0.8998752861335032	0.45135486451354867	chr3	169482906.0	169483020.0	antisense	0.8425168009514838	0.07442142993701793	0.05
VENTX	15	24	0.8938165849124472	0.46915308469153083	chr3	169482906.0	169483020.0	antisense	0.8432011971216672	0.07406878554831565	0.05
HMBOX1	21	31	0.8773959178809663	0.718028197180282	chr3	169482906.0	169483020.0	antisense	0.9555298316322215	0.01975574972773417	0.05
EOMES	15	28	0.8762021289284719	0.6236376362363764	chr3	169482906.0	169483020.0	sense	0.9209854582723547	0.03574722696051404	0.05
RORA	15	25	0.8682917268239714	0.4336566343365663	chr3	169482906.0	169483020.0	antisense	0.8425168009514838	0.07442142993701793	0.05
Atf3	24	32	0.8676773650323262	0.45535446455354467	chr3	169482906.0	169483020.0	sense	0.8425168009514838	0.07442142993701793	0.05
Nr1h3::Rxra	13	32	0.8673846872831565	0.46265373462653736	chr3	169482906.0	169483020.0	sense	0.8425168009514838	0.07442142993701793	0.05
NKX3-2	21	30	0.8648248355370296	0.5806419358064193	chr3	169482906.0	169483020.0	antisense	0.8927744393702224	0.04925825232156871	0.05
Foxj2	21	29	0.8643649876987091	0.33596640335966405	chr3	169482906.0	169483020.0	sense	0.7357238959648339	0.13328513804866463	0.05
Foxa2	16	28	0.862002981254812	0.43515648435156484	chr3	169482906.0	169483020.0	antisense	0.8425168009514838	0.07442142993701793	0.05
Nkx2-5(var.2)	14	25	0.86176316954304	0.5006499350064993	chr3	169482906.0	169483020.0	antisense	0.8556803483638774	0.06768844194448133	0.05
Hoxb5	11	27	0.8494115396497628	0.6637336266373363	chr3	169482906.0	169483020.0	sense	0.9360808484368954	0.028686640029337337	0.05
MAFF	12	30	0.846140268949319	0.5731426857314269	chr3	169482906.0	169483020.0	sense	0.8927744393702224	0.04925825232156871	0.05
Hic1	23	32	0.8460639090239216	0.678032196780322	chr3	169482906.0	169483020.0	antisense	0.9498406542324491	0.022349246071154547	0.05
LEF1	11	26	0.8458764093443671	0.278972102789721	chr3	169482906.0	169483020.0	sense	0.6513613212669764	0.1861780340104031	0.05
HEY2	22	32	0.84187366694078	0.5617438256174383	chr3	169482906.0	169483020.0	sense	0.8927744393702224	0.04925825232156871	0.05
GLI2	11	23	0.8332712749062173	0.4704529547045295	chr3	169482906.0	169483020.0	antisense	0.8432011971216672	0.07406878554831565	0.05
Nkx3-1	21	30	0.827076308205638	0.5443455654434557	chr3	169482906.0	169483020.0	antisense	0.8868855350489796	0.052132428313079196	0.05
TBP	13	28	0.824485578537096	0.6582341765823417	chr3	169482906.0	169483020.0	sense	0.9359548976609189	0.028745078792800697	0.05
LHX6	21	31	0.8186102601024066	0.6023397660233977	chr3	169482906.0	169483020.0	antisense	0.9087626121108819	0.04154954880729077	0.05
TCF4	14	24	0.8143772834803327	0.48485151484851513	chr3	169482906.0	169483020.0	sense	0.8530099532419639	0.06904590129104345	0.05
HOXD13	18	28	0.8117366221470101	0.42255774422557746	chr3	169482906.0	169483020.0	sense	0.8316929670669297	0.08003697096694118	0.05
TCF3	14	24	0.8085937650068973	0.5640435956404359	chr3	169482906.0	169483020.0	sense	0.8927744393702224	0.04925825232156871	0.05
PPARG	11	31	0.7857079387374809	0.24897510248975102	chr3	169482906.0	169483020.0	sense	0.6146597604390505	0.2113652176442338	0.05
Gata1	21	32	0.781449914633563	0.41955804419558046	chr3	169482906.0	169483020.0	antisense	0.8315053990784127	0.08013492650176868	0.05
MSX2	22	30	0.7797115983912761	0.5124487551244875	chr3	169482906.0	169483020.0	sense	0.8556803483638774	0.06768844194448133	0.05
NRF1	12	23	0.775102902843726	0.45085491450854914	chr3	169482906.0	169483020.0	antisense	0.8425168009514838	0.07442142993701793	0.05
KLF16	14	25	0.7624884929805426	0.35966403359664034	chr3	169482906.0	169483020.0	antisense	0.7565717112499277	0.12114990131678516	0.05
Nobox	21	29	0.7624840629207418	0.5671432856714329	chr3	169482906.0	169483020.0	antisense	0.8927744393702224	0.04925825232156871	0.05
Gmeb1	12	29	0.7564430728800223	0.8972102789721028	chr3	169482906.0	169483020.0	antisense	0.9831934642207122	0.007361017084899646	0.05
MAX::MYC	21	32	0.748534829314935	0.6016398360163984	chr3	169482906.0	169483020.0	sense	0.9087626121108819	0.04154954880729077	0.05
ID4	14	24	0.7483089371775947	0.6371362863713629	chr3	169482906.0	169483020.0	antisense	0.9279592701886835	0.0324710853333936	0.05
Sox3	22	32	0.7410942495439331	0.3518648135186481	chr3	169482906.0	169483020.0	antisense	0.7534357675343577	0.12295376656693487	0.05
Dux	22	30	0.7217182129399764	0.4520547945205479	chr3	169482906.0	169483020.0	sense	0.8425168009514838	0.07442142993701793	0.05
mix-a	21	32	0.7209603485703218	0.47685231476852313	chr3	169482906.0	169483020.0	antisense	0.847555997824875	0.07183159844295603	0.05
ZEB1	14	23	0.7194620379768341	0.43825617438256176	chr3	169482906.0	169483020.0	antisense	0.8425168009514838	0.07442142993701793	0.05
OLIG2	22	32	0.7177468892831285	0.5698430156984302	chr3	169482906.0	169483020.0	antisense	0.8927744393702224	0.04925825232156871	0.05
NR2F1	12	25	0.7143518970231055	0.6246375362463754	chr3	169482906.0	169483020.0	sense	0.9209854582723547	0.03574722696051404	0.05
ISX	22	30	0.7130983409790093	0.4687531246875312	chr3	169482906.0	169483020.0	sense	0.8432011971216672	0.07406878554831565	0.05
SNAI2	15	24	0.7112932503016622	0.7647235276472353	chr3	169482906.0	169483020.0	antisense	0.9638864200746996	0.015974138338807925	0.05
Arntl	14	24	0.6998474475209128	0.7454254574542546	chr3	169482906.0	169483020.0	sense	0.9638864200746996	0.015974138338807925	0.05
NKX6-1	22	30	0.6997275428134971	0.6300369963003699	chr3	169482906.0	169483020.0	sense	0.9263150172234901	0.033241295201100585	0.05
PLAG1	17	31	0.6974534840304576	0.2508749125087491	chr3	169482906.0	169483020.0	sense	0.6146597604390505	0.2113652176442338	0.05
CREB3	12	26	0.6931921105093461	0.5097490250974902	chr3	169482906.0	169483020.0	antisense	0.8556803483638774	0.06768844194448133	0.05
NHLH1	14	24	0.6861511460413714	0.6476352364763523	chr3	169482906.0	169483020.0	sense	0.9279592701886835	0.0324710853333936	0.05
TFAP4	14	24	0.685937301867119	0.47955204479552044	chr3	169482906.0	169483020.0	sense	0.8494454308835327	0.07086451535570323	0.05
Bhlha15	15	23	0.6582717040691325	0.5291470852914708	chr3	169482906.0	169483020.0	antisense	0.8741647987100025	0.05840668587405373	0.05
POU6F2	22	32	0.6488625707484689	0.6428357164283571	chr3	169482906.0	169483020.0	antisense	0.9279592701886835	0.0324710853333936	0.05
RARA(var.2)	14	31	0.6419664775096318	0.15558444155584442	chr3	169482906.0	169483020.0	sense	0.4694670067876933	0.3283949236822836	0.05
ZNF354C	25	31	0.6366648928141682	0.591940805919408	chr3	169482906.0	169483020.0	sense	0.9035802302122729	0.044033279747740184	0.05
MSC	14	24	0.6322425348339945	0.557044295570443	chr3	169482906.0	169483020.0	antisense	0.8927744393702224	0.04925825232156871	0.05
Nr5a2	13	28	0.6298000260165323	0.6452354764523548	chr3	169482906.0	169483020.0	antisense	0.9279592701886835	0.0324710853333936	0.05
TBR1	16	26	0.6218443113235232	0.6881311868813119	chr3	169482906.0	169483020.0	sense	0.9498406542324491	0.022349246071154547	0.05
CREB1	23	31	0.6171249945625021	0.7578242175782421	chr3	169482906.0	169483020.0	antisense	0.9638864200746996	0.015974138338807925	0.05
NEUROG2	22	32	0.6024135306971881	0.45615438456154384	chr3	169482906.0	169483020.0	antisense	0.8425168009514838	0.07442142993701793	0.05
TFAP2A	13	24	0.5977557165460547	0.6978302169783022	chr3	169482906.0	169483020.0	antisense	0.9532821911607289	0.02077852021907876	0.05
GCM1	15	26	0.5961592452157646	0.6832316768323168	chr3	169482906.0	169483020.0	sense	0.9498406542324491	0.022349246071154547	0.05
Sox2	15	23	0.5662815134696357	0.41975802419758024	chr3	169482906.0	169483020.0	antisense	0.8315053990784127	0.08013492650176868	0.05
TFAP2C(var.2)	13	24	0.559812454177253	0.7083291670832916	chr3	169482906.0	169483020.0	antisense	0.9532821911607289	0.02077852021907876	0.05
Ascl2	14	24	0.5580336717160876	0.6622337766223377	chr3	169482906.0	169483020.0	sense	0.9360808484368954	0.028686640029337337	0.05
Hoxd8	15	32	0.5537177619582406	0.694930506949305	chr3	169482906.0	169483020.0	antisense	0.9532821911607289	0.02077852021907876	0.05
Mafb	16	28	0.5504934716625864	0.8676132386761324	chr3	169482906.0	169483020.0	antisense	0.9831934642207122	0.007361017084899646	0.05
GLIS3	13	27	0.5468424528044383	0.26007399260073993	chr3	169482906.0	169483020.0	sense	0.6249000099990001	0.20418946838346297	0.05
Esrrg	22	32	0.5372570814703553	0.6837316268373163	chr3	169482906.0	169483020.0	sense	0.9498406542324491	0.022349246071154547	0.05
Klf4	14	24	0.533805890819417	0.5010498950104989	chr3	169482906.0	169483020.0	sense	0.8556803483638774	0.06768844194448133	0.05
ZIC3	13	28	0.5323276651997515	0.45265473452654736	chr3	169482906.0	169483020.0	antisense	0.8425168009514838	0.07442142993701793	0.05
Twist2	14	24	0.529115345791234	0.7414258574142586	chr3	169482906.0	169483020.0	antisense	0.9638864200746996	0.015974138338807925	0.05
Sox6	22	32	0.520495073793798	0.49435056494350565	chr3	169482906.0	169483020.0	antisense	0.8556803483638774	0.06768844194448133	0.05
TFAP2B(var.2)	13	24	0.5133239106536966	0.7107289271072893	chr3	169482906.0	169483020.0	antisense	0.9532821911607289	0.02077852021907876	0.05
HOXA13	22	32	0.5102971525177785	0.6458354164583542	chr3	169482906.0	169483020.0	sense	0.9279592701886835	0.0324710853333936	0.05
Lhx8	22	30	0.5096358686855156	0.8014198580141986	chr3	169482906.0	169483020.0	antisense	0.9794385900988354	0.009022788681275692	0.05
Myb	22	32	0.5076808367893111	0.6396360363963604	chr3	169482906.0	169483020.0	sense	0.9279592701886835	0.0324710853333936	0.05
MAF::NFE2	13	28	0.49961352075231824	0.5662433756624338	chr3	169482906.0	169483020.0	sense	0.8927744393702224	0.04925825232156871	0.05
CEBPD	16	26	0.48477633327874975	0.6814318568143186	chr3	169482906.0	169483020.0	antisense	0.9498406542324491	0.022349246071154547	0.05
CEBPB	16	26	0.48377489291639875	0.7222277772222778	chr3	169482906.0	169483020.0	antisense	0.9586603999446603	0.018335211963979938	0.05
GATA3	23	31	0.47250741042720096	0.46165383461653836	chr3	169482906.0	169483020.0	sense	0.8425168009514838	0.07442142993701793	0.05
Creb3l2	15	24	0.46891828009486886	0.6175382461753824	chr3	169482906.0	169483020.0	antisense	0.9187909289300297	0.03678330117300642	0.05
LBX1	22	30	0.46637482341965836	0.7805219478052194	chr3	169482906.0	169483020.0	sense	0.971440985397863	0.012583577456932464	0.05
Rarb(var.2)	14	31	0.4609054954456168	0.198980101989801	chr3	169482906.0	169483020.0	sense	0.5322544668610062	0.27388068512694164	0.05
CREB3L1	11	25	0.45519779113567155	0.6461353864613538	chr3	169482906.0	169483020.0	sense	0.9279592701886835	0.0324710853333936	0.05
MTF1	12	26	0.45432468631690726	0.35806419358064195	chr3	169482906.0	169483020.0	antisense	0.7565717112499277	0.12114990131678516	0.05
JUN(var.2)	13	27	0.4425155561284931	0.7428257174282572	chr3	169482906.0	169483020.0	antisense	0.9638864200746996	0.015974138338807925	0.05
Sox1	15	30	0.44029152673517746	0.3280671932806719	chr3	169482906.0	169483020.0	antisense	0.7245398864368882	0.13993770131409344	0.05
USF1	21	32	0.43112198391394496	0.8047195280471953	chr3	169482906.0	169483020.0	antisense	0.9794385900988354	0.009022788681275692	0.05
NR2C2	16	31	0.4200519975591162	0.5127487251274873	chr3	169482906.0	169483020.0	sense	0.8556803483638774	0.06768844194448133	0.05
PBX1	11	23	0.41818878111254026	0.7474252574742526	chr3	169482906.0	169483020.0	antisense	0.9638864200746996	0.015974138338807925	0.05
EGR3	11	26	0.41597723233260714	0.3852614738526147	chr3	169482906.0	169483020.0	sense	0.7828645151049097	0.10631339175248934	0.05
HLF	15	27	0.40777081318762576	0.8083191680831917	chr3	169482906.0	169483020.0	antisense	0.9801814211102255	0.008693533598310413	0.05
NFIA	13	23	0.4002725152085573	0.7643235676432357	chr3	169482906.0	169483020.0	antisense	0.9638864200746996	0.015974138338807925	0.05
Tcf7	11	23	0.39926922216336674	0.5064493550644935	chr3	169482906.0	169483020.0	sense	0.8556803483638774	0.06768844194448133	0.05
GLIS2	13	27	0.3948219341334182	0.5057494250574942	chr3	169482906.0	169483020.0	sense	0.8556803483638774	0.06768844194448133	0.05
FOXO3	21	29	0.3927321877027352	0.5628437156284372	chr3	169482906.0	169483020.0	sense	0.8927744393702224	0.04925825232156871	0.05
ATF4	15	28	0.38397756479555567	0.6199380061993801	chr3	169482906.0	169483020.0	sense	0.9192795006213664	0.03655242428042658	0.05
Mycn	16	24	0.3687584289267963	0.7042295770422957	chr3	169482906.0	169483020.0	antisense	0.9532821911607289	0.02077852021907876	0.05
ARNT::HIF1A	13	21	0.3615776134113784	0.8567143285671432	chr3	169482906.0	169483020.0	antisense	0.9831934642207122	0.007361017084899646	0.05
E2F3	12	30	0.35642250411151194	0.22557744225577442	chr3	169482906.0	169483020.0	sense	0.5795776857957768	0.2368883435637239	0.05
GMEB2	17	25	0.34105008729261094	0.9235076492350764	chr3	169482906.0	169483020.0	sense	0.9831934642207122	0.007361017084899646	0.05
IRF8	14	28	0.33954509275393563	0.3063693630636936	chr3	169482906.0	169483020.0	sense	0.6943480324456637	0.1584227908077265	0.05
SCRT1	11	26	0.32828599971498523	0.5144485551444855	chr3	169482906.0	169483020.0	antisense	0.8557653849999615	0.06764528434839591	0.05
Hoxd3	11	27	0.3191171455600981	0.8315168483151685	chr3	169482906.0	169483020.0	sense	0.9831934642207122	0.007361017084899646	0.05
Nfe2l2	11	26	0.3170694880217728	0.7537246275372462	chr3	169482906.0	169483020.0	antisense	0.9638864200746996	0.015974138338807925	0.05
Nr2e3	23	30	0.31638965650308953	0.7805219478052194	chr3	169482906.0	169483020.0	sense	0.971440985397863	0.012583577456932464	0.05
IRF9	13	28	0.314798066550771	0.23497650234976503	chr3	169482906.0	169483020.0	sense	0.5948917303391612	0.22556206821242283	0.05
Npas2	14	24	0.3142064368568172	0.9165083491650835	chr3	169482906.0	169483020.0	antisense	0.9831934642207122	0.007361017084899646	0.05
CLOCK	14	24	0.3114847687160231	0.8671132886711329	chr3	169482906.0	169483020.0	antisense	0.9831934642207122	0.007361017084899646	0.05
DMRT3	12	23	0.3065647219764146	0.9077092290770923	chr3	169482906.0	169483020.0	sense	0.9831934642207122	0.007361017084899646	0.05
Crx	19	30	0.3049956058490183	0.7539246075392461	chr3	169482906.0	169483020.0	sense	0.9638864200746996	0.015974138338807925	0.05
Alx1	11	28	0.3016461520643786	0.6118388161183882	chr3	169482906.0	169483020.0	sense	0.9151133877966671	0.038525091022629764	0.05
HEY1	14	24	0.30081828469569727	0.8617138286171383	chr3	169482906.0	169483020.0	sense	0.9831934642207122	0.007361017084899646	0.05
SMAD3	11	21	0.30038614421615345	0.6178382161783822	chr3	169482906.0	169483020.0	sense	0.9187909289300297	0.03678330117300642	0.05
Alx4	11	28	0.2995888286277794	0.5746425357464253	chr3	169482906.0	169483020.0	sense	0.8927744393702224	0.04925825232156871	0.05
MGA	13	21	0.29954932943812745	0.8688131186881312	chr3	169482906.0	169483020.0	antisense	0.9831934642207122	0.007361017084899646	0.05
Myc	13	23	0.29506059823372566	0.7458254174582541	chr3	169482906.0	169483020.0	antisense	0.9638864200746996	0.015974138338807925	0.05
TBX4	13	21	0.2902777413942313	0.9453054694530547	chr3	169482906.0	169483020.0	antisense	0.9831934642207122	0.007361017084899646	0.05
ZNF410	11	28	0.28619509593107617	0.23677632236776322	chr3	169482906.0	169483020.0	antisense	0.5951607737776947	0.2253657002667501	0.05
SOX21	15	30	0.28188065555808767	0.24697530246975302	chr3	169482906.0	169483020.0	antisense	0.6146597604390505	0.2113652176442338	0.05
Foxd3	19	31	0.2817293291384534	0.7265273472652735	chr3	169482906.0	169483020.0	antisense	0.9619073806905024	0.01686674292216617	0.05
MAX	14	24	0.2735135722274477	0.9027097290270973	chr3	169482906.0	169483020.0	antisense	0.9831934642207122	0.007361017084899646	0.05
MNT	14	24	0.26919853997693616	0.9128087191280871	chr3	169482906.0	169483020.0	antisense	0.9831934642207122	0.007361017084899646	0.05
Crem	17	27	0.2582995035384935	0.8973102689731027	chr3	169482906.0	169483020.0	antisense	0.9831934642207122	0.007361017084899646	0.05
BHLHE23	13	25	0.2561058918767377	0.6875312468753124	chr3	169482906.0	169483020.0	sense	0.9498406542324491	0.022349246071154547	0.05
TBX15	13	21	0.25480745623403206	0.7627237276272373	chr3	169482906.0	169483020.0	antisense	0.9638864200746996	0.015974138338807925	0.05
TBX21	12	22	0.2494026071456482	0.8649135086491351	chr3	169482906.0	169483020.0	antisense	0.9831934642207122	0.007361017084899646	0.05
SOX10	16	22	0.2461744621574656	0.9292070792920708	chr3	169482906.0	169483020.0	antisense	0.9831934642207122	0.007361017084899646	0.05
ZBTB33	14	29	0.24117095211937112	0.7975202479752025	chr3	169482906.0	169483020.0	sense	0.9794385900988354	0.009022788681275692	0.05
Phox2b	17	28	0.238151874788436	0.8637136286371363	chr3	169482906.0	169483020.0	sense	0.9831934642207122	0.007361017084899646	0.05
IRF1	11	32	0.23567840543068105	0.1927807219278072	chr3	169482906.0	169483020.0	antisense	0.5240835291470853	0.280599489053249	0.05
TBX1	13	21	0.231821126110648	0.8606139386061394	chr3	169482906.0	169483020.0	antisense	0.9831934642207122	0.007361017084899646	0.05
Esrra	14	25	0.23065413483278385	0.6547345265473453	chr3	169482906.0	169483020.0	antisense	0.9335363166980006	0.029868782337556927	0.05
SMAD2::SMAD3::SMAD4	11	24	0.23006374395792933	0.8977102289771023	chr3	169482906.0	169483020.0	sense	0.9831934642207122	0.007361017084899646	0.05
FOXG1	21	29	0.22212669187154202	0.6622337766223377	chr3	169482906.0	169483020.0	sense	0.9360808484368954	0.028686640029337337	0.05
FOSL1	12	23	0.20698661660207768	0.7575242475752425	chr3	169482906.0	169483020.0	sense	0.9638864200746996	0.015974138338807925	0.05
BHLHE22	22	32	0.19325903430651756	0.8455154484551545	chr3	169482906.0	169483020.0	antisense	0.9831934642207122	0.007361017084899646	0.05
OLIG1	14	24	0.19193855588623496	0.7357264273572642	chr3	169482906.0	169483020.0	sense	0.9638864200746996	0.015974138338807925	0.05
Ahr::Arnt	15	21	0.1910205531920477	0.9331066893310669	chr3	169482906.0	169483020.0	antisense	0.9831934642207122	0.007361017084899646	0.05
SREBF2	15	25	0.18593283270931024	0.8676132386761324	chr3	169482906.0	169483020.0	sense	0.9831934642207122	0.007361017084899646	0.05
JUNB	11	22	0.17505813523479585	0.8749125087491251	chr3	169482906.0	169483020.0	antisense	0.9831934642207122	0.007361017084899646	0.05
Foxq1	13	24	0.17293913665267144	0.7667233276672333	chr3	169482906.0	169483020.0	antisense	0.9638864200746996	0.015974138338807925	0.05
Mlxip	15	23	0.17241829350952295	0.8805119488051195	chr3	169482906.0	169483020.0	antisense	0.9831934642207122	0.007361017084899646	0.05
FOSL2	11	22	0.1679783330780984	0.8585141485851415	chr3	169482906.0	169483020.0	antisense	0.9831934642207122	0.007361017084899646	0.05
PROP1	17	28	0.16150575561569114	0.7159284071592841	chr3	169482906.0	169483020.0	sense	0.9555298316322215	0.01975574972773417	0.05
DUXA	17	30	0.1595961555849164	0.9151084891510849	chr3	169482906.0	169483020.0	sense	0.9831934642207122	0.007361017084899646	0.05
TBX20	13	24	0.15739780011742685	0.8058194180581941	chr3	169482906.0	169483020.0	antisense	0.9794385900988354	0.009022788681275692	0.05
USF2	13	24	0.15497809443676872	0.9064093590640936	chr3	169482906.0	169483020.0	antisense	0.9831934642207122	0.007361017084899646	0.05
JDP2(var.2)	11	23	0.14559820732142262	0.7428257174282572	chr3	169482906.0	169483020.0	antisense	0.9638864200746996	0.015974138338807925	0.05
Klf1	13	24	0.13300468077131222	0.8109189081091891	chr3	169482906.0	169483020.0	antisense	0.9810417559642638	0.008312507401972997	0.05
BHLHE40	11	21	0.13200854607678894	0.8999100089991001	chr3	169482906.0	169483020.0	sense	0.9831934642207122	0.007361017084899646	0.05
Atf1	18	26	0.13168329219388406	0.9779022097790221	chr3	169482906.0	169483020.0	antisense	0.9909485705125985	0.003948884487655538	0.05
JUND(var.2)	13	28	0.123418980938374	0.7944205579442056	chr3	169482906.0	169483020.0	sense	0.9794385900988354	0.009022788681275692	0.05
PAX3	22	32	0.12304968254524222	0.6384361563843616	chr3	169482906.0	169483020.0	sense	0.9279592701886835	0.0324710853333936	0.05
NFIL3	11	22	0.12058857012875143	0.8574142585741426	chr3	169482906.0	169483020.0	sense	0.9831934642207122	0.007361017084899646	0.05
Creb5	11	23	0.11989010801417778	0.7562243775622438	chr3	169482906.0	169483020.0	antisense	0.9638864200746996	0.015974138338807925	0.05
MEF2A	11	23	0.11663739553634891	0.6006399360063993	chr3	169482906.0	169483020.0	antisense	0.9087626121108819	0.04154954880729077	0.05
LIN54	18	27	0.11166939953078468	0.8933106689331067	chr3	169482906.0	169483020.0	sense	0.9831934642207122	0.007361017084899646	0.05
Nr2f6	14	28	0.11073516326202625	0.6958304169583042	chr3	169482906.0	169483020.0	antisense	0.9532821911607289	0.02077852021907876	0.05
BHLHE41	11	21	0.09431250861888339	0.7886211378862114	chr3	169482906.0	169483020.0	sense	0.9783224541507662	0.00951797856896956	0.05
TFEC	11	21	0.09076271314180744	0.9602039796020398	chr3	169482906.0	169483020.0	sense	0.9892963084643918	0.004673611479080428	0.05
MLXIPL	14	24	0.08999387234513037	0.9363063693630637	chr3	169482906.0	169483020.0	sense	0.9831934642207122	0.007361017084899646	0.05
Id2	15	23	0.08687501470971255	0.9311068893110689	chr3	169482906.0	169483020.0	sense	0.9831934642207122	0.007361017084899646	0.05
Arnt	16	22	0.08360051216956879	0.952004799520048	chr3	169482906.0	169483020.0	antisense	0.9862085647722653	0.006031230138706002	0.05
SCRT2	13	26	0.08038057482666067	0.6877312268773123	chr3	169482906.0	169483020.0	sense	0.9498406542324491	0.022349246071154547	0.05
DUX4	18	29	0.08003197793945183	0.8433156684331566	chr3	169482906.0	169483020.0	sense	0.9831934642207122	0.007361017084899646	0.05
E2F2	12	28	0.06861375665500913	0.36266373362663734	chr3	169482906.0	169483020.0	sense	0.758961603839616	0.11978019467418678	0.05
Arx	11	28	0.06536562620407499	0.649035096490351	chr3	169482906.0	169483020.0	antisense	0.9279592701886835	0.0324710853333936	0.05
MLX	14	24	0.060553961100655564	0.9052094790520948	chr3	169482906.0	169483020.0	sense	0.9831934642207122	0.007361017084899646	0.05
JUND	12	23	0.058656057736341825	0.8772122787721228	chr3	169482906.0	169483020.0	sense	0.9831934642207122	0.007361017084899646	0.05
FOS	12	23	0.057140003413586264	0.9085091490850915	chr3	169482906.0	169483020.0	sense	0.9831934642207122	0.007361017084899646	0.05
SREBF1	12	22	0.05443721371532367	0.8824117588241176	chr3	169482906.0	169483020.0	sense	0.9831934642207122	0.007361017084899646	0.05
EWSR1-FLI1	13	31	0.04568811423287352	0.0928907109289071	chr3	169482906.0	169483020.0	sense	0.34870325917048584	0.45754399345240654	0.05
Lhx3	16	29	0.03796638436654242	0.7077292270772922	chr3	169482906.0	169483020.0	antisense	0.9532821911607289	0.02077852021907876	0.05
DBP	11	23	0.0374896824243684	0.9219078092190781	chr3	169482906.0	169483020.0	sense	0.9831934642207122	0.007361017084899646	0.05
ESRRB	12	23	0.037316945101028995	0.8375162483751625	chr3	169482906.0	169483020.0	antisense	0.9831934642207122	0.007361017084899646	0.05
CTCF	13	32	0.03439148495064938	0.5792420757924207	chr3	169482906.0	169483020.0	sense	0.8927744393702224	0.04925825232156871	0.05
ONECUT1	11	25	0.024545528406159194	0.77002299770023	chr3	169482906.0	169483020.0	antisense	0.965318685522752	0.015329287158197988	0.05
MYF6	11	21	0.01973058320572983	0.8769123087691231	chr3	169482906.0	169483020.0	sense	0.9831934642207122	0.007361017084899646	0.05
ONECUT2	11	25	0.017246510229745264	0.8284171582841716	chr3	169482906.0	169483020.0	antisense	0.9831934642207122	0.007361017084899646	0.05
NFE2	11	22	0.017235642982701704	0.8056194380561944	chr3	169482906.0	169483020.0	antisense	0.9794385900988354	0.009022788681275692	0.05
JDP2	11	20	0.010911460707396934	0.8376162383761624	chr3	169482906.0	169483020.0	sense	0.9831934642207122	0.007361017084899646	0.05
Nr2f6(var.2)	13	28	-0.0	0.47305269473052697	chr3	169482906.0	169483020.0	sense	0.843691919467847	0.0738161103657468	0.05
Rarg	13	29	-0.0	0.43495650434956507	chr3	169482906.0	169483020.0	sense	0.8425168009514838	0.07442142993701793	0.05
NR3C1	12	29	-0.0	0.5502449755024498	chr3	169482906.0	169483020.0	sense	0.8868855350489796	0.052132428313079196	0.05
SRF	12	28	-0.0	0.6111388861113889	chr3	169482906.0	169483020.0	sense	0.9151133877966671	0.038525091022629764	0.05
PAX7	11	21	-0.0	0.8613138686131386	chr3	169482906.0	169483020.0	sense	0.9831934642207122	0.007361017084899646	0.05
RXRG	12	26	-0.0	0.6045395460453955	chr3	169482906.0	169483020.0	antisense	0.9094377518769864	0.041227021659880556	0.05
Mecom	12	26	-0.0	0.8469153084691531	chr3	169482906.0	169483020.0	antisense	0.9831934642207122	0.007361017084899646	0.05
Rxra	12	26	-0.0	0.5824417558244176	chr3	169482906.0	169483020.0	antisense	0.8927744393702224	0.04925825232156871	0.05
BATF::JUN	11	22	0.0	0.9546045395460454	chr3	169482906.0	169483020.0	antisense	0.9869317849091584	0.005712864008521344	0.05
Rarb	12	28	-0.0	0.3738626137386261	chr3	169482906.0	169483020.0	sense	0.7730465997224978	0.1117943257552234	0.05
CUX1	11	21	0.0	0.9802019798020198	chr3	169482906.0	169483020.0	sense	0.9909485705125985	0.003948884487655538	0.05
RXRB	12	26	-0.0	0.5831416858314169	chr3	169482906.0	169483020.0	antisense	0.8927744393702224	0.04925825232156871	0.05
Tcf21	14	28	-0.0	0.7533246675332467	chr3	169482906.0	169483020.0	sense	0.9638864200746996	0.015974138338807925	0.05
HES5	18	30	-0.0	0.767023297670233	chr3	169482906.0	169483020.0	antisense	0.9638864200746996	0.015974138338807925	0.05
RARA	13	31	-0.0	0.2635736426357364	chr3	169482906.0	169483020.0	sense	0.6274987180181064	0.2023871571110374	0.05
PROX1	20	32	-0.0	0.841915808419158	chr3	169482906.0	169483020.0	antisense	0.9831934642207122	0.007361017084899646	0.05
TGIF2	15	27	-0.0	0.8703129687031297	chr3	169482906.0	169483020.0	sense	0.9831934642207122	0.007361017084899646	0.05
RORA(var.2)	15	29	-0.0	0.7519248075192481	chr3	169482906.0	169483020.0	sense	0.9638864200746996	0.015974138338807925	0.05
TGIF1	15	27	-0.0	0.7099290070992901	chr3	169482906.0	169483020.0	sense	0.9532821911607289	0.02077852021907876	0.05
SREBF2(var.2)	19	29	-0.0	0.9227077292270773	chr3	169482906.0	169483020.0	sense	0.9831934642207122	0.007361017084899646	0.05
Srebf1(var.2)	19	29	-0.0	0.9607039296070393	chr3	169482906.0	169483020.0	sense	0.9892963084643918	0.004673611479080428	0.05
CEBPG	20	30	-0.0	0.9443055694430557	chr3	169482906.0	169483020.0	sense	0.9831934642207122	0.007361017084899646	0.05
ZBED1	17	30	-0.0	0.7638236176382361	chr3	169482906.0	169483020.0	antisense	0.9638864200746996	0.015974138338807925	0.05
CUX2	11	21	0.0	0.9867013298670133	chr3	169482906.0	169483020.0	sense	0.9919121987415158	0.003526768662015656	0.05
Vdr	15	31	-0.00017923973067627115	0.5953404659534046	chr3	169482906.0	169483020.0	sense	0.9061046974481437	0.0428216181101966	0.05
PAX5	11	30	-0.025237258830354794	0.7074292570742926	chr3	169482906.0	169483020.0	antisense	0.9532821911607289	0.02077852021907876	0.05
T	15	31	-0.06258908148632558	0.8002199780021998	chr3	169482906.0	169483020.0	sense	0.9794385900988354	0.009022788681275692	0.05
HNF1A	12	27	-0.08377940649949739	0.8718128187181282	chr3	169482906.0	169483020.0	sense	0.9831934642207122	0.007361017084899646	0.05
HNF1B	13	26	-0.12819175360454582	0.924007599240076	chr3	169482906.0	169483020.0	sense	0.9831934642207122	0.007361017084899646	0.05
TEF	11	23	-0.133575866842505	0.9401059894010599	chr3	169482906.0	169483020.0	antisense	0.9831934642207122	0.007361017084899646	0.05
Klf12	11	26	-0.15338972794896327	0.7162283771622838	chr3	169482906.0	169483020.0	sense	0.9555298316322215	0.01975574972773417	0.05
KLF14	13	27	-0.15806616982184368	0.827017298270173	chr3	169482906.0	169483020.0	antisense	0.9831934642207122	0.007361017084899646	0.05
ZNF143	11	27	-0.18899313701561268	0.7108289171082892	chr3	169482906.0	169483020.0	sense	0.9532821911607289	0.02077852021907876	0.05
ZIC1	11	25	-0.21154278083577757	0.8521147885211479	chr3	169482906.0	169483020.0	sense	0.9831934642207122	0.007361017084899646	0.05
NFIC::TLX1	16	30	-0.24179471533357166	0.932906709329067	chr3	169482906.0	169483020.0	antisense	0.9831934642207122	0.007361017084899646	0.05
Bach1::Mafk	14	29	-0.28412091404315404	0.9442055794420557	chr3	169482906.0	169483020.0	sense	0.9831934642207122	0.007361017084899646	0.05
Dmbx1	11	28	-0.2860058921905426	0.9186081391860814	chr3	169482906.0	169483020.0	antisense	0.9831934642207122	0.007361017084899646	0.05
MEF2D	18	30	-0.3155615205235484	0.8893110688931107	chr3	169482906.0	169483020.0	sense	0.9831934642207122	0.007361017084899646	0.05
BATF3	11	25	-0.3263342209630575	0.8589141085891411	chr3	169482906.0	169483020.0	sense	0.9831934642207122	0.007361017084899646	0.05
RXRA::VDR	14	29	-0.32762019530690345	0.8714128587141285	chr3	169482906.0	169483020.0	antisense	0.9831934642207122	0.007361017084899646	0.05
PKNOX1	12	24	-0.35108944080604104	0.9379062093790621	chr3	169482906.0	169483020.0	antisense	0.9831934642207122	0.007361017084899646	0.05
PKNOX2	12	24	-0.3563344631438804	0.9379062093790621	chr3	169482906.0	169483020.0	antisense	0.9831934642207122	0.007361017084899646	0.05
MEF2B	18	30	-0.3727807457920046	0.9081091890810918	chr3	169482906.0	169483020.0	sense	0.9831934642207122	0.007361017084899646	0.05
Hmx1	11	28	-0.3839167960827703	0.9697030296970303	chr3	169482906.0	169483020.0	sense	0.9909485705125985	0.003948884487655538	0.05
ESR1	11	28	-0.3982918481275348	0.7898210178982101	chr3	169482906.0	169483020.0	sense	0.9783224541507662	0.00951797856896956	0.05
MAFG	11	32	-0.4031360566479842	0.5488451154884512	chr3	169482906.0	169483020.0	antisense	0.8868855350489796	0.052132428313079196	0.05
NR1H2::RXRA	11	28	-0.42432795793834793	0.6688331166883311	chr3	169482906.0	169483020.0	sense	0.9407164974559453	0.026541239634831914	0.05
MYBL2	12	27	-0.4488337254953642	0.981001899810019	chr3	169482906.0	169483020.0	sense	0.9909485705125985	0.003948884487655538	0.05
Hmx3	11	28	-0.4646518847610955	0.9792020797920208	chr3	169482906.0	169483020.0	sense	0.9909485705125985	0.003948884487655538	0.05
ONECUT3	13	27	-0.4679111247896069	0.9473052694730527	chr3	169482906.0	169483020.0	antisense	0.9833028697130287	0.007312693372485748	0.05
Ar	14	31	-0.5082182725547398	0.9117088291170883	chr3	169482906.0	169483020.0	antisense	0.9831934642207122	0.007361017084899646	0.05
NR3C2	14	31	-0.5159045669604384	0.8972102789721028	chr3	169482906.0	169483020.0	antisense	0.9831934642207122	0.007361017084899646	0.05
IRF2	14	32	-0.5892249241427185	0.7422257774222578	chr3	169482906.0	169483020.0	sense	0.9638864200746996	0.015974138338807925	0.05
Znf423	11	26	-0.5965975640611054	0.89001099890011	chr3	169482906.0	169483020.0	sense	0.9831934642207122	0.007361017084899646	0.05
HES7	11	23	-0.6221738382689398	0.995000499950005	chr3	169482906.0	169483020.0	antisense	0.995000499950005	0.0021767010377179347	0.05
GLIS1	11	27	-0.6307847678371223	0.7749225077492251	chr3	169482906.0	169483020.0	sense	0.9691199554743322	0.013622463634187202	0.05
Six3	11	28	-0.6584264117473037	0.9884011598840116	chr3	169482906.0	169483020.0	sense	0.9919121987415158	0.003526768662015656	0.05
Hnf4a	12	28	-0.6767845557285623	0.9135086491350864	chr3	169482906.0	169483020.0	antisense	0.9831934642207122	0.007361017084899646	0.05
ATF7	12	26	-0.6987198539227075	0.99000099990001	chr3	169482906.0	169483020.0	sense	0.9919121987415158	0.003526768662015656	0.05
POU4F2	13	29	-0.716530142097831	0.9175082491750824	chr3	169482906.0	169483020.0	antisense	0.9831934642207122	0.007361017084899646	0.05
Hmx2	11	28	-0.7473567329227095	0.9814018598140186	chr3	169482906.0	169483020.0	antisense	0.9909485705125985	0.003948884487655538	0.05
PAX1	15	32	-0.817683966838124	0.9773022697730227	chr3	169482906.0	169483020.0	antisense	0.9909485705125985	0.003948884487655538	0.05
PAX9	15	32	-0.8527069286312775	0.9736026397360263	chr3	169482906.0	169483020.0	sense	0.9909485705125985	0.003948884487655538	0.05
SP4	11	28	-0.9689203409687532	0.9048095190480951	chr3	169482906.0	169483020.0	sense	0.9831934642207122	0.007361017084899646	0.05
REST	11	32	-1.0731003857290238	0.5752424757524247	chr3	169482906.0	169483020.0	antisense	0.8927744393702224	0.04925825232156871	0.05
KLF13	14	32	-1.1691090792474679	0.9388061193880612	chr3	169482906.0	169483020.0	sense	0.9831934642207122	0.007361017084899646	0.05
Foxk1	11	28	-1.1701898435108768	0.9805019498050195	chr3	169482906.0	169483020.0	sense	0.9909485705125985	0.003948884487655538	0.05
Foxj3	13	30	-1.3566520332474326	0.9862013798620138	chr3	169482906.0	169483020.0	antisense	0.9919121987415158	0.003526768662015656	0.05
RREB1	12	32	-1.3603468379210553	0.7067293270672933	chr3	169482906.0	169483020.0	sense	0.9532821911607289	0.02077852021907876	0.05
TBX19	12	32	-1.4549934041599324	0.9748025197480252	chr3	169482906.0	169483020.0	sense	0.9909485705125985	0.003948884487655538	0.05
