motif	start	end	score	pval	tile_chr	tile_start	tile_end	strand	padj	neg_log_pval	fdr_cutoff
EGR1	57	71	1.4895337901658396	0.005499450054994501	chr1	173837344.0	173837458.0	antisense	0.13838616138386162	0.8589073371561237	0.05
THAP1	59	68	1.4106493461916514	9.999000099990002e-05	chr1	173837344.0	173837458.0	antisense	0.025947405259474053	1.585906065092386	0.05
MZF1(var.2)	57	67	1.4032209780948144	0.00019998000199980003	chr1	173837344.0	173837458.0	sense	0.025947405259474053	1.585906065092386	0.05
SP2	56	71	1.3481425847049997	0.016998300169983	chr1	173837344.0	173837458.0	antisense	0.17501779233841322	0.7569177986187923	0.05
SP3	60	71	1.183819251613829	0.017198280171982803	chr1	173837344.0	173837458.0	antisense	0.17501779233841322	0.7569177986187923	0.05
ZNF740	58	68	1.157923889532039	0.0124987501249875	chr1	173837344.0	173837458.0	antisense	0.1655691573699773	0.7810205614614976	0.05
SP1	60	71	1.1559708754807387	0.008899110088991101	chr1	173837344.0	173837458.0	antisense	0.14624901146249014	0.8349070607523571	0.05
KLF16	60	71	1.0770418467435705	0.0086991300869913	chr1	173837344.0	173837458.0	antisense	0.14624901146249014	0.8349070607523571	0.05
GCM2	57	67	1.0305498438926581	9.999000099990002e-05	chr1	173837344.0	173837458.0	sense	0.025947405259474053	1.585906065092386	0.05
ZNF263	51	72	1.0054030592519083	0.15198480151984803	chr1	173837344.0	173837458.0	sense	0.4465299232788586	0.35014943245416885	0.05
MZF1	60	66	0.9912136821650903	0.00019998000199980003	chr1	173837344.0	173837458.0	sense	0.025947405259474053	1.585906065092386	0.05
KLF14	58	72	0.9495956218965492	0.0064993500649935	chr1	173837344.0	173837458.0	antisense	0.14624901146249014	0.8349070607523571	0.05
TFAP2A(var.2)	55	67	0.9428900631599805	0.0031996800319968005	chr1	173837344.0	173837458.0	antisense	0.10378962103789621	0.9838460737644236	0.05
E2F6	58	69	0.939699392972483	0.008399160083991601	chr1	173837344.0	173837458.0	sense	0.14624901146249014	0.8349070607523571	0.05
YY2	56	67	0.9219831579730894	0.00029997000299970003	chr1	173837344.0	173837458.0	antisense	0.031136886311368867	1.506724819044761	0.05
E2F4	58	69	0.9122619864951503	0.009299070092990702	chr1	173837344.0	173837458.0	sense	0.14624901146249014	0.8349070607523571	0.05
Pparg::Rxra	58	73	0.8945156544394973	0.007699230076992301	chr1	173837344.0	173837458.0	sense	0.14624901146249014	0.8349070607523571	0.05
SP8	59	71	0.8929070852924573	0.0334966503349665	chr1	173837344.0	173837458.0	antisense	0.23814741813489881	0.6231541225120155	0.05
KLF5	61	71	0.8861587284328141	0.04129587041295871	chr1	173837344.0	173837458.0	antisense	0.24139833207690464	0.6172657349524187	0.05
Hes1	57	67	0.8824031260395302	0.038896110388961104	chr1	173837344.0	173837458.0	antisense	0.24139833207690464	0.6172657349524187	0.05
TFAP2C	54	66	0.8655896368163152	0.0020997900209979003	chr1	173837344.0	173837458.0	antisense	0.08383007853060849	1.0766001270013223	0.05
TFAP2B	54	66	0.8568051296152794	0.001999800019998	chr1	173837344.0	173837458.0	antisense	0.08383007853060849	1.0766001270013223	0.05
EGR4	52	68	0.8365279924333905	0.022497750224977502	chr1	173837344.0	173837458.0	antisense	0.2023897610238976	0.6938114624019056	0.05
ZIC4	52	67	0.8277235424592477	0.035096490350964904	chr1	173837344.0	173837458.0	antisense	0.23992925382786398	0.6199167966280115	0.05
ZBTB7C	57	69	0.8264987046794482	0.015298470152984701	chr1	173837344.0	173837458.0	antisense	0.17501779233841322	0.7569177986187923	0.05
RREB1	53	73	0.8153909877457396	0.14558544145585442	chr1	173837344.0	173837458.0	antisense	0.4392956053231886	0.35724314135893537	0.05
ZIC3	52	67	0.8121737274562427	0.0212978702129787	chr1	173837344.0	173837458.0	antisense	0.20097444800974448	0.696859155483911	0.05
HIC2	59	68	0.8070141350085501	0.006899310068993101	chr1	173837344.0	173837458.0	antisense	0.14624901146249014	0.8349070607523571	0.05
INSM1	55	67	0.7945120601957956	0.012798720127987202	chr1	173837344.0	173837458.0	sense	0.1655691573699773	0.7810205614614976	0.05
Tcfl5	55	65	0.7937968599367967	0.038396160383961604	chr1	173837344.0	173837458.0	sense	0.24139833207690464	0.6172657349524187	0.05
Klf4	55	65	0.784795496574755	0.049595040495950406	chr1	173837344.0	173837458.0	sense	0.259977885706575	0.5850635925063656	0.05
EGR3	53	68	0.759975227115597	0.023297670232976703	chr1	173837344.0	173837458.0	antisense	0.2023897610238976	0.6938114624019056	0.05
GLIS2	52	66	0.7575765802329825	0.018698130186981302	chr1	173837344.0	173837458.0	antisense	0.18310055786874144	0.7373103324926948	0.05
TFAP2A(var.3)	54	67	0.7549292184083823	0.0017998200179982	chr1	173837344.0	173837458.0	sense	0.08383007853060849	1.0766001270013223	0.05
PLAG1	59	73	0.7529832926682053	0.0413958604139586	chr1	173837344.0	173837458.0	sense	0.24139833207690464	0.6172657349524187	0.05
GCM1	57	68	0.7439601706256537	0.0008999100089991	chr1	173837344.0	173837458.0	sense	0.07413544359849729	1.1299741094426616	0.05
Gmeb1	56	73	0.7400890885113435	0.0867913208679132	chr1	173837344.0	173837458.0	sense	0.3361544442570668	0.47346114261672057	0.05
TFAP2C(var.3)	54	67	0.7361644392573863	0.0016998300169983002	chr1	173837344.0	173837458.0	sense	0.08383007853060849	1.0766001270013223	0.05
ETV6	60	70	0.7334152943695394	0.0024997500249975004	chr1	173837344.0	173837458.0	sense	0.09266930449812162	1.0330640964346052	0.05
GSC2	61	71	0.7329611781409138	0.003999600039996	chr1	173837344.0	173837458.0	antisense	0.11471484430504318	0.9403803799833333	0.05
Klf1	59	70	0.6963875506859192	0.0380961903809619	chr1	173837344.0	173837458.0	antisense	0.24139833207690464	0.6172657349524187	0.05
Mitf	54	64	0.6932340334837546	0.0156984301569843	chr1	173837344.0	173837458.0	sense	0.17501779233841322	0.7569177986187923	0.05
TFAP2B(var.3)	54	67	0.6886254058496512	0.0026997300269973002	chr1	173837344.0	173837458.0	sense	0.09341065893410659	1.0296035643250987	0.05
ZBTB7B	57	69	0.6780959906393986	0.011498850114988501	chr1	173837344.0	173837458.0	antisense	0.1655691573699773	0.7810205614614976	0.05
TBX5	58	66	0.6657548127909566	0.0165983401659834	chr1	173837344.0	173837458.0	sense	0.17501779233841322	0.7569177986187923	0.05
HINFP	59	71	0.6617306374597763	0.011198880111988802	chr1	173837344.0	173837458.0	antisense	0.1655691573699773	0.7810205614614976	0.05
Spz1	60	71	0.6537700076456953	0.0016998300169983002	chr1	173837344.0	173837458.0	sense	0.08383007853060849	1.0766001270013223	0.05
ZBTB7A	58	70	0.6537135896063895	0.0221977802219778	chr1	173837344.0	173837458.0	antisense	0.2023897610238976	0.6938114624019056	0.05
ZIC1	53	67	0.648208456438462	0.016298370162983702	chr1	173837344.0	173837458.0	antisense	0.17501779233841322	0.7569177986187923	0.05
Klf12	57	72	0.6390477512684475	0.027297270272972702	chr1	173837344.0	173837458.0	antisense	0.22136380111988802	0.654893396371536	0.05
TEAD1	61	71	0.6328235120148318	0.007699230076992301	chr1	173837344.0	173837458.0	antisense	0.14624901146249014	0.8349070607523571	0.05
GSC	61	71	0.6309270644751053	0.004199580041995801	chr1	173837344.0	173837458.0	antisense	0.11471484430504318	0.9403803799833333	0.05
NFKB2	60	73	0.6241383368013885	0.000999900009999	chr1	173837344.0	173837458.0	antisense	0.07413544359849729	1.1299741094426616	0.05
ELK4	60	71	0.6239221959846876	0.014298570142985701	chr1	173837344.0	173837458.0	antisense	0.17258041637696694	0.7630084875429295	0.05
KLF13	55	73	0.6233848441338309	0.013098690130986902	chr1	173837344.0	173837458.0	antisense	0.1655691573699773	0.7810205614614976	0.05
CTCF	51	70	0.6190007199042816	0.0331966803319668	chr1	173837344.0	173837458.0	sense	0.23814741813489881	0.6231541225120155	0.05
RUNX1	56	67	0.6164930657731513	0.0821917808219178	chr1	173837344.0	173837458.0	sense	0.33157218629282104	0.47942190709090915	0.05
GLIS3	53	67	0.5986115397099135	0.0170982901709829	chr1	173837344.0	173837458.0	antisense	0.17501779233841322	0.7569177986187923	0.05
TEAD4	61	71	0.5915022499000819	0.0072992700729927005	chr1	173837344.0	173837458.0	antisense	0.14624901146249014	0.8349070607523571	0.05
ETV5	60	70	0.5875601836323854	0.0165983401659834	chr1	173837344.0	173837458.0	sense	0.17501779233841322	0.7569177986187923	0.05
Zfx	54	68	0.5851746084779471	0.07839216078392161	chr1	173837344.0	173837458.0	sense	0.32756004399560046	0.4847090792270409	0.05
SREBF2	58	68	0.5813951428094969	0.009299070092990702	chr1	173837344.0	173837458.0	sense	0.14624901146249014	0.8349070607523571	0.05
NR2C2	58	73	0.5675479023333153	0.06969303069693031	chr1	173837344.0	173837458.0	sense	0.30653121128565114	0.5135252986365207	0.05
TFAP2A	55	66	0.5584715828567797	0.053394660533946606	chr1	173837344.0	173837458.0	antisense	0.26392217921065037	0.5785241114697864	0.05
REL	61	71	0.54915060625827	0.006199380061993801	chr1	173837344.0	173837458.0	sense	0.1462490114624901	0.8349070607523572	0.05
ELF5	59	70	0.5474353661833559	0.0268973102689731	chr1	173837344.0	173837458.0	sense	0.22136380111988802	0.654893396371536	0.05
Hic1	59	68	0.5457348029440237	0.026297370262973702	chr1	173837344.0	173837458.0	antisense	0.22136380111988802	0.654893396371536	0.05
EGR2	55	66	0.5455843436657649	0.06229377062293771	chr1	173837344.0	173837458.0	antisense	0.2912654680477898	0.5357110015558927	0.05
SPIC	56	70	0.5438133158353553	0.21927807219278073	chr1	173837344.0	173837458.0	sense	0.5393617036400625	0.2681198930485746	0.05
SREBF1	57	67	0.541627579013924	0.040695930406959305	chr1	173837344.0	173837458.0	antisense	0.24139833207690464	0.6172657349524187	0.05
YY1	54	66	0.5403452504694197	0.005599440055994401	chr1	173837344.0	173837458.0	sense	0.13838616138386162	0.8589073371561237	0.05
PITX3	62	71	0.5376226684533284	0.0122987701229877	chr1	173837344.0	173837458.0	antisense	0.1655691573699773	0.7810205614614976	0.05
NFATC1	60	70	0.5375670889301947	0.16828317168283172	chr1	173837344.0	173837458.0	antisense	0.46456896863505137	0.33294980271626085	0.05
SPIB	60	67	0.5230914899375961	0.026997300269973004	chr1	173837344.0	173837458.0	sense	0.22136380111988802	0.654893396371536	0.05
SP4	56	73	0.5219488282263447	0.11598840115988401	chr1	173837344.0	173837458.0	antisense	0.3809998746960747	0.4190751671559089	0.05
Hes2	59	72	0.5167826722169443	0.1302869713028697	chr1	173837344.0	173837458.0	sense	0.41012626010126263	0.38708242224640965	0.05
Crx	59	70	0.5145109370606078	0.023397660233976603	chr1	173837344.0	173837458.0	sense	0.2023897610238976	0.6938114624019056	0.05
GLIS1	52	68	0.5126377499134144	0.0370962903709629	chr1	173837344.0	173837458.0	antisense	0.24139833207690464	0.6172657349524187	0.05
CENPB	57	72	0.504867562274674	0.1040895910408959	chr1	173837344.0	173837458.0	antisense	0.35950812813455496	0.44429128618769087	0.05
NFKB1	60	73	0.5006790380149615	0.0015998400159984002	chr1	173837344.0	173837458.0	sense	0.08383007853060849	1.0766001270013223	0.05
TBP	52	67	0.49259358221513255	0.1865813418658134	chr1	173837344.0	173837458.0	sense	0.4994206764890521	0.3015334814095526	0.05
NR2F1	58	71	0.48905654627564155	0.051594840515948405	chr1	173837344.0	173837458.0	sense	0.259977885706575	0.5850635925063656	0.05
TFAP2C(var.2)	55	66	0.4876287217404733	0.0375962403759624	chr1	173837344.0	173837458.0	antisense	0.24139833207690464	0.6172657349524187	0.05
E2F8	56	68	0.48680800004629277	0.0040995900409959	chr1	173837344.0	173837458.0	antisense	0.11471484430504318	0.9403803799833333	0.05
TFAP2B(var.2)	55	66	0.47898405579034264	0.032596740325967405	chr1	173837344.0	173837458.0	antisense	0.23814741813489881	0.6231541225120155	0.05
ZBTB33	52	67	0.4783893877619676	0.056694330566943306	chr1	173837344.0	173837458.0	antisense	0.27499399592751006	0.5606767882207079	0.05
Gabpa	61	72	0.4773462326345364	0.040995900409959006	chr1	173837344.0	173837458.0	sense	0.24139833207690464	0.6172657349524187	0.05
ZNF354C	61	67	0.4772785357246423	0.023397660233976603	chr1	173837344.0	173837458.0	antisense	0.2023897610238976	0.6938114624019056	0.05
SMAD2::SMAD3::SMAD4	60	73	0.4712244902793022	0.06779322067793221	chr1	173837344.0	173837458.0	antisense	0.30072377377646853	0.521832237307503	0.05
NFATC3	60	70	0.47085872291554054	0.20637936206379362	chr1	173837344.0	173837458.0	antisense	0.5259676930857639	0.2790409310277835	0.05
PAX1	51	68	0.46612539562976607	0.012098790120987902	chr1	173837344.0	173837458.0	antisense	0.1655691573699773	0.7810205614614976	0.05
Myod1	60	73	0.4634948484855237	0.05039496050394961	chr1	173837344.0	173837458.0	antisense	0.259977885706575	0.5850635925063656	0.05
MNT	55	65	0.46179335520146225	0.03189681031896811	chr1	173837344.0	173837458.0	antisense	0.23814741813489881	0.6231541225120155	0.05
ID4	56	66	0.4587986157869879	0.031096890310968902	chr1	173837344.0	173837458.0	antisense	0.23734244222636558	0.6246245931078037	0.05
NRF1	61	72	0.45723306197461466	0.06769323067693231	chr1	173837344.0	173837458.0	antisense	0.30072377377646853	0.521832237307503	0.05
GLI2	57	69	0.45016944684609805	0.09159084091590841	chr1	173837344.0	173837458.0	antisense	0.3395403316811176	0.4691086314387925	0.05
RHOXF1	62	70	0.4493920377640472	0.018598140185981403	chr1	173837344.0	173837458.0	antisense	0.18310055786874144	0.7373103324926948	0.05
Hand1::Tcf3	55	65	0.4484177722587705	0.04739526047395261	chr1	173837344.0	173837458.0	sense	0.259977885706575	0.5850635925063656	0.05
EBF1	53	67	0.44797303184280624	0.0084991500849915	chr1	173837344.0	173837458.0	antisense	0.14624901146249014	0.8349070607523571	0.05
PRDM1	56	71	0.4468297384941165	0.2566743325667433	chr1	173837344.0	173837458.0	sense	0.5741981836299128	0.24093818564786115	0.05
EN2	54	64	0.4436903823987082	0.06529347065293471	chr1	173837344.0	173837458.0	antisense	0.29725711639362384	0.5268677394898034	0.05
TFE3	55	65	0.44209251468486505	0.04329567043295671	chr1	173837344.0	173837458.0	antisense	0.24692805444730256	0.6074295653961329	0.05
FEV	60	70	0.4286170401846143	0.033096690330966905	chr1	173837344.0	173837458.0	sense	0.23814741813489881	0.6231541225120155	0.05
Rfx1	52	66	0.4281492028732871	0.035596440355964404	chr1	173837344.0	173837458.0	antisense	0.23992925382786398	0.6199167966280115	0.05
Znf423	51	66	0.42718048794895946	0.06179382061793821	chr1	173837344.0	173837458.0	sense	0.2912654680477898	0.5357110015558927	0.05
NKX2-8	55	64	0.42451564998279373	0.0423957604239576	chr1	173837344.0	173837458.0	antisense	0.24448221844482218	0.6117527222749971	0.05
EWSR1-FLI1	55	73	0.4236129625772557	0.09679032096790322	chr1	173837344.0	173837458.0	sense	0.34884844848848456	0.45736320421526067	0.05
TBX20	57	68	0.4235258704939212	0.07329267073292671	chr1	173837344.0	173837458.0	sense	0.3143710422346195	0.502557465103727	0.05
EOMES	57	70	0.4235231612125459	0.16268373162683733	chr1	173837344.0	173837458.0	sense	0.4563938200774517	0.3406602448945598	0.05
ETS1	60	70	0.4208062703578581	0.031096890310968902	chr1	173837344.0	173837458.0	sense	0.23734244222636558	0.6246245931078037	0.05
FIGLA	56	66	0.4206506602875534	0.05829417058294171	chr1	173837344.0	173837458.0	antisense	0.2775658213995114	0.5566340126100144	0.05
ERG	60	70	0.4188507091579708	0.034596540345965404	chr1	173837344.0	173837458.0	sense	0.23992925382786398	0.6199167966280115	0.05
ZNF143	51	67	0.4183417383270144	0.0211978802119788	chr1	173837344.0	173837458.0	antisense	0.20097444800974448	0.696859155483911	0.05
CREB3L1	53	67	0.4163894199284843	0.04839516048395161	chr1	173837344.0	173837458.0	antisense	0.259977885706575	0.5850635925063656	0.05
NFIX	60	69	0.41458389695816783	0.0816918308169183	chr1	173837344.0	173837458.0	antisense	0.33157218629282104	0.47942190709090915	0.05
TBX2	57	68	0.4142500114933818	0.1822817718228177	chr1	173837344.0	173837458.0	sense	0.4979170504002231	0.3028430017262575	0.05
Pitx1	62	70	0.4135633895634863	0.05119488051194881	chr1	173837344.0	173837458.0	antisense	0.259977885706575	0.5850635925063656	0.05
ETV4	60	70	0.4114714666058445	0.06629337066293371	chr1	173837344.0	173837458.0	sense	0.29918486412228346	0.5240603813772433	0.05
Pax6	53	67	0.40426877789245097	0.10078992100789921	chr1	173837344.0	173837458.0	antisense	0.3534457365074304	0.4516772527138556	0.05
MAX	55	65	0.4038536559631143	0.0354964503549645	chr1	173837344.0	173837458.0	antisense	0.23992925382786398	0.6199167966280115	0.05
HOXA2	54	64	0.40322662123271247	0.2086791320867913	chr1	173837344.0	173837458.0	antisense	0.5259676930857639	0.2790409310277835	0.05
Arntl	54	64	0.4016299935476195	0.04889511048895111	chr1	173837344.0	173837458.0	sense	0.259977885706575	0.5850635925063656	0.05
ETV1	60	70	0.40097732907637007	0.07189281071892811	chr1	173837344.0	173837458.0	sense	0.31354931733717384	0.5036941404380529	0.05
E2F1	57	69	0.40062080961364505	0.0370962903709629	chr1	173837344.0	173837458.0	antisense	0.24139833207690464	0.6172657349524187	0.05
ETV3	60	70	0.3982206361925202	0.045795420457954206	chr1	173837344.0	173837458.0	sense	0.25556799158793797	0.5924935399784708	0.05
Gfi1	60	70	0.3951890039934527	0.15948405159484053	chr1	173837344.0	173837458.0	antisense	0.4498490368354469	0.34693320504474134	0.05
TBR1	58	68	0.39282481212788434	0.08209179082091791	chr1	173837344.0	173837458.0	sense	0.33157218629282104	0.47942190709090915	0.05
RUNX2	59	68	0.39186477717455265	0.14428557144285573	chr1	173837344.0	173837458.0	antisense	0.43882980123040327	0.3577038868620466	0.05
Rhox11	55	72	0.38969191711904577	0.2947705229477052	chr1	173837344.0	173837458.0	sense	0.6272040828704015	0.20259112321533615	0.05
RARA::RXRA	54	71	0.38814916021371476	0.23167683231676833	chr1	173837344.0	173837458.0	sense	0.5506485550539969	0.2591254960624134	0.05
NFAT5	60	70	0.3879148535443743	0.23347665233476653	chr1	173837344.0	173837458.0	antisense	0.5506485550539969	0.2591254960624134	0.05
SPI1	56	70	0.3874065533937462	0.16718328167183283	chr1	173837344.0	173837458.0	sense	0.46456896863505137	0.33294980271626085	0.05
ARNT::HIF1A	56	64	0.3859383241935	0.0847915208479152	chr1	173837344.0	173837458.0	sense	0.3316585634669616	0.47930878468119786	0.05
SCRT2	52	65	0.3851650901859576	0.030096990300969902	chr1	173837344.0	173837458.0	sense	0.23667178736671787	0.6258535093764301	0.05
RUNX3	58	68	0.3825262340099076	0.23707629237076291	chr1	173837344.0	173837458.0	antisense	0.5542459267586755	0.2562974899008553	0.05
ERF	60	70	0.3816548101785702	0.04459554044595541	chr1	173837344.0	173837458.0	sense	0.25157701621142237	0.5993290380618181	0.05
ESR2	54	69	0.3815425239035752	0.1591840815918408	chr1	173837344.0	173837458.0	antisense	0.4498490368354469	0.34693320504474134	0.05
TBX21	57	67	0.38148994987918655	0.07889211078892111	chr1	173837344.0	173837458.0	sense	0.32756004399560046	0.4847090792270409	0.05
LBX2	54	64	0.38106599149858816	0.23417658234176583	chr1	173837344.0	173837458.0	antisense	0.5506485550539969	0.2591254960624134	0.05
CREB3	53	67	0.37842808116026255	0.07749225077492251	chr1	173837344.0	173837458.0	antisense	0.32756004399560046	0.4847090792270409	0.05
PAX5	54	73	0.37573004066899673	0.3661633836616338	chr1	173837344.0	173837458.0	sense	0.6888196072479084	0.1618944991874207	0.05
Neurog1	53	63	0.3757265395934854	0.23207679232076792	chr1	173837344.0	173837458.0	sense	0.5506485550539969	0.2591254960624134	0.05
E2F7	55	69	0.37570940741926767	0.013398660133986601	chr1	173837344.0	173837458.0	antisense	0.1655691573699773	0.7810205614614976	0.05
GSX1	54	64	0.37517886634078046	0.4360563943605639	chr1	173837344.0	173837458.0	antisense	0.7414027326909004	0.12994581756408713	0.05
TCF3	56	66	0.3738867320338572	0.08349165083491651	chr1	173837344.0	173837458.0	antisense	0.33157218629282104	0.47942190709090915	0.05
MGA	58	66	0.3735602631266469	0.104989501049895	chr1	173837344.0	173837458.0	sense	0.35950812813455496	0.44429128618769087	0.05
NKX2-3	55	65	0.37055927954050394	0.07849215078492151	chr1	173837344.0	173837458.0	antisense	0.32756004399560046	0.4847090792270409	0.05
Ahr::Arnt	59	65	0.3688247604306555	0.06369363063693631	chr1	173837344.0	173837458.0	sense	0.29515173482651735	0.529954659763236	0.05
Gata4	60	71	0.36882469352281055	0.20257974202579743	chr1	173837344.0	173837458.0	antisense	0.5204895352048954	0.28358799785076694	0.05
TBX4	58	66	0.36291914251186674	0.13588641135886412	chr1	173837344.0	173837458.0	sense	0.42230567362425436	0.37437308384349377	0.05
NFATC2	62	69	0.36200782064954434	0.1274872512748725	chr1	173837344.0	173837458.0	antisense	0.40843137908431376	0.38888089920106184	0.05
FLI1	60	70	0.36171040459524156	0.047595240475952406	chr1	173837344.0	173837458.0	sense	0.259977885706575	0.5850635925063656	0.05
GATA1::TAL1	53	71	0.3605187678761145	0.19868013198680132	chr1	173837344.0	173837458.0	sense	0.5204895352048954	0.28358799785076694	0.05
ELK3	60	70	0.3602834038350046	0.08999100089991001	chr1	173837344.0	173837458.0	sense	0.3395403316811176	0.4691086314387925	0.05
TCF4	56	66	0.3600179625455651	0.14458554144585542	chr1	173837344.0	173837458.0	antisense	0.43882980123040327	0.3577038868620466	0.05
NKX3-2	56	65	0.35988595199909534	0.10528947105289471	chr1	173837344.0	173837458.0	antisense	0.35950812813455496	0.44429128618769087	0.05
RELA	62	72	0.359312428509931	0.012798720127987202	chr1	173837344.0	173837458.0	sense	0.1655691573699773	0.7810205614614976	0.05
ZEB1	55	64	0.35865386360905727	0.132986701329867	chr1	173837344.0	173837458.0	antisense	0.41578372283253595	0.3811325165013742	0.05
ELF4	58	70	0.3573196676801644	0.051294870512948704	chr1	173837344.0	173837458.0	sense	0.259977885706575	0.5850635925063656	0.05
ELK1	60	70	0.3542005760458233	0.04079592040795921	chr1	173837344.0	173837458.0	sense	0.24139833207690464	0.6172657349524187	0.05
EHF	58	70	0.3525797024652065	0.10868913108689131	chr1	173837344.0	173837458.0	sense	0.3686905819221999	0.43333795615970916	0.05
USF1	54	65	0.3521575216639553	0.08499150084991501	chr1	173837344.0	173837458.0	antisense	0.3316585634669616	0.47930878468119786	0.05
Nkx3-1	56	65	0.3509696668370039	0.09149085091490851	chr1	173837344.0	173837458.0	antisense	0.3395403316811176	0.4691086314387925	0.05
ELF1	58	70	0.35036968374608535	0.0565943405659434	chr1	173837344.0	173837458.0	sense	0.27499399592751006	0.5606767882207079	0.05
TFEB	55	65	0.3470032600027771	0.0527947205279472	chr1	173837344.0	173837458.0	antisense	0.2634659610961981	0.5792754861933729	0.05
PBX1	53	65	0.3467440781985117	0.21497850214978503	chr1	173837344.0	173837458.0	antisense	0.5360808416765979	0.270769713205228	0.05
PAX9	51	68	0.3462031574379991	0.039696030396960305	chr1	173837344.0	173837458.0	antisense	0.24139833207690464	0.6172657349524187	0.05
HEY1	55	65	0.3456543726777282	0.11588841115888411	chr1	173837344.0	173837458.0	antisense	0.3809998746960747	0.4190751671559089	0.05
ESX1	54	64	0.3447717565474796	0.35156484351564843	chr1	173837344.0	173837458.0	antisense	0.6782979694595597	0.1685794830290785	0.05
FOXH1	59	70	0.3445224271583104	0.19198080191980801	chr1	173837344.0	173837458.0	antisense	0.5083573275325528	0.2938309120813313	0.05
Dmbx1	56	73	0.3432292561668379	0.39786021397860216	chr1	173837344.0	173837458.0	sense	0.7102990731854649	0.1485587520049841	0.05
HLTF	54	64	0.3387023868278331	0.3301669833016698	chr1	173837344.0	173837458.0	antisense	0.6606229110929212	0.1800463685969403	0.05
RFX4	53	69	0.3374791647495177	0.12288771122887711	chr1	173837344.0	173837458.0	antisense	0.39861701329867016	0.3994441691978755	0.05
SCRT1	52	67	0.3371189434946436	0.11248875112488751	chr1	173837344.0	173837458.0	sense	0.374241422011645	0.4268481453354851	0.05
Stat4	57	71	0.33642295640496217	0.1558844115588441	chr1	173837344.0	173837458.0	sense	0.4469834784477353	0.3497085291087477	0.05
NFIC::TLX1	53	67	0.33567380237488875	0.0494950504949505	chr1	173837344.0	173837458.0	antisense	0.259977885706575	0.5850635925063656	0.05
ZNF410	53	70	0.335093315578578	0.08789121087891211	chr1	173837344.0	173837458.0	antisense	0.3378928773789288	0.471220962849639	0.05
Barhl1	54	64	0.3350587957198113	0.3882611738826117	chr1	173837344.0	173837458.0	sense	0.7069307055308455	0.15062315435086993	0.05
TBX1	58	66	0.3336866191830212	0.0978902109789021	chr1	173837344.0	173837458.0	sense	0.35037944481413924	0.45546137986024193	0.05
Npas2	55	65	0.3329363513677088	0.09019098090190981	chr1	173837344.0	173837458.0	sense	0.3395403316811176	0.4691086314387925	0.05
Mycn	57	65	0.32547288384354	0.028097190280971903	chr1	173837344.0	173837458.0	antisense	0.2243452577819141	0.6490831061661805	0.05
TBX15	58	66	0.32386624701158234	0.11128887111288871	chr1	173837344.0	173837458.0	sense	0.374241422011645	0.4268481453354851	0.05
RORA	58	68	0.32355105552816493	0.06519348065193481	chr1	173837344.0	173837458.0	sense	0.29725711639362384	0.5268677394898034	0.05
Arid5a	52	66	0.32294325600178403	0.47505249475052497	chr1	173837344.0	173837458.0	sense	0.7645303161991494	0.11660528867290611	0.05
Myb	59	69	0.32259633659927084	0.0988901109889011	chr1	173837344.0	173837458.0	antisense	0.3505547404443229	0.4552441556811998	0.05
MTF1	55	69	0.32036003892764403	0.072992700729927	chr1	173837344.0	173837458.0	antisense	0.3143710422346195	0.502557465103727	0.05
SNAI2	56	65	0.3169596659604034	0.15558444155584442	chr1	173837344.0	173837458.0	sense	0.4469834784477353	0.3497085291087477	0.05
NFIC	59	65	0.31476155114398285	0.08299170082991701	chr1	173837344.0	173837458.0	sense	0.33157218629282104	0.47942190709090915	0.05
TEAD3	62	70	0.3140023505752446	0.05829417058294171	chr1	173837344.0	173837458.0	antisense	0.2775658213995114	0.5566340126100144	0.05
Six3	56	73	0.3112741322046314	0.3658634136586341	chr1	173837344.0	173837458.0	sense	0.6888196072479084	0.1618944991874207	0.05
NFYB	54	69	0.3095082755704895	0.27997200279972	chr1	173837344.0	173837458.0	antisense	0.61052718257586	0.21429499514269756	0.05
PPARG	52	72	0.30596778373305794	0.13958604139586042	chr1	173837344.0	173837458.0	sense	0.43122116359792595	0.36529993286712537	0.05
Nr2f6	59	73	0.3050914673144319	0.16828317168283172	chr1	173837344.0	173837458.0	sense	0.46456896863505137	0.33294980271626085	0.05
REST	52	73	0.3043801451441567	0.11198880111988802	chr1	173837344.0	173837458.0	sense	0.374241422011645	0.4268481453354851	0.05
ELF3	58	71	0.3030596518321284	0.18668133186681332	chr1	173837344.0	173837458.0	sense	0.4994206764890521	0.3015334814095526	0.05
Dlx1	54	64	0.3003612223706624	0.48525147485251474	chr1	173837344.0	173837458.0	antisense	0.7682963410975976	0.1144712350728827	0.05
TAL1::TCF3	53	65	0.29970627173999725	0.09929007099290071	chr1	173837344.0	173837458.0	antisense	0.3505547404443229	0.4552441556811998	0.05
Pax2	60	68	0.29871383158996195	0.31756824317568244	chr1	173837344.0	173837458.0	antisense	0.6540393579689651	0.1843961164548902	0.05
Ddit3::Cebpa	61	73	0.2982793322568396	0.2430756924307569	chr1	173837344.0	173837458.0	antisense	0.5606945972069459	0.2512736286964316	0.05
STAT3	57	68	0.2979649345845541	0.09569043095690431	chr1	173837344.0	173837458.0	sense	0.34802184117252605	0.4583934997228031	0.05
HEY2	55	65	0.29793727112646556	0.20977902209779023	chr1	173837344.0	173837458.0	antisense	0.5259676930857639	0.2790409310277835	0.05
XBP1	54	68	0.2967076813895343	0.18618138186181382	chr1	173837344.0	173837458.0	antisense	0.4994206764890521	0.3015334814095526	0.05
MAX::MYC	54	65	0.292678200327734	0.12268773122687732	chr1	173837344.0	173837458.0	sense	0.39861701329867016	0.3994441691978755	0.05
Bcl6	53	67	0.2913881261117817	0.27047295270472954	chr1	173837344.0	173837458.0	antisense	0.5948112815837061	0.22562080295592313	0.05
Nkx2-5(var.2)	57	68	0.2906735677922523	0.25207479252074794	chr1	173837344.0	173837458.0	antisense	0.5663498585206415	0.2469152036441032	0.05
CEBPE	58	68	0.28796203395949943	0.1292870712928707	chr1	173837344.0	173837458.0	antisense	0.41012626010126263	0.38708242224640965	0.05
HOXA13	53	63	0.2853295103160614	0.24757524247575244	chr1	173837344.0	173837458.0	antisense	0.5640146511664623	0.24870961438881392	0.05
USF2	55	66	0.2844920019665569	0.0958904109589041	chr1	173837344.0	173837458.0	sense	0.34802184117252605	0.4583934997228031	0.05
MEIS3	61	69	0.28412136885854844	0.15228477152284772	chr1	173837344.0	173837458.0	sense	0.4465299232788586	0.35014943245416885	0.05
Myc	52	62	0.28350666236891564	0.09429057094290572	chr1	173837344.0	173837458.0	antisense	0.3470695483643126	0.4595834893464562	0.05
Dlx3	55	63	0.28328889187464895	0.38636136386361364	chr1	173837344.0	173837458.0	antisense	0.7069307055308455	0.15062315435086993	0.05
NHLH1	53	63	0.27956229555542245	0.22977702229777022	chr1	173837344.0	173837458.0	antisense	0.5506485550539969	0.2591254960624134	0.05
GSX2	54	64	0.27081210213834134	0.49905009499050096	chr1	173837344.0	173837458.0	antisense	0.7790135516362894	0.10845498732144063	0.05
HOXD13	53	63	0.2697106859251389	0.24637536246375363	chr1	173837344.0	173837458.0	antisense	0.5640146511664623	0.24870961438881392	0.05
Dlx4	55	63	0.2679727475614694	0.38666133386661333	chr1	173837344.0	173837458.0	antisense	0.7069307055308455	0.15062315435086993	0.05
Myog	57	68	0.2673005150801872	0.20757924207579243	chr1	173837344.0	173837458.0	sense	0.5259676930857639	0.2790409310277835	0.05
HOXB3	54	64	0.2652656283995171	0.47875212478752127	chr1	173837344.0	173837458.0	antisense	0.7645303161991494	0.11660528867290611	0.05
CEBPA	57	68	0.2630541689036303	0.25907409259074093	chr1	173837344.0	173837458.0	antisense	0.5770792019510496	0.23876457746859897	0.05
RXRB	59	73	0.2623574582766814	0.13038696130386962	chr1	173837344.0	173837458.0	sense	0.41012626010126263	0.38708242224640965	0.05
TFEC	55	65	0.2622809161538072	0.22627737226277372	chr1	173837344.0	173837458.0	antisense	0.5471885369602575	0.2618630092174927	0.05
HES5	61	73	0.2622213736043163	0.18068193180681932	chr1	173837344.0	173837458.0	antisense	0.49615832067586896	0.3043797210407171	0.05
BSX	55	63	0.2612080481380227	0.3113688631136886	chr1	173837344.0	173837458.0	antisense	0.6474396560343966	0.18880070334329863	0.05
HNF4G	58	73	0.25863108488050646	0.40505949405059494	chr1	173837344.0	173837458.0	sense	0.7174944621578797	0.14418144659892607	0.05
OTX2	62	70	0.2582441993557496	0.3213678632136786	chr1	173837344.0	173837458.0	antisense	0.6540781215996048	0.18437037743503423	0.05
Twist2	53	63	0.25656127195954487	0.2094790520947905	chr1	173837344.0	173837458.0	antisense	0.5259676930857639	0.2790409310277835	0.05
Nr5a2	51	66	0.2544898792492927	0.3895610438956104	chr1	173837344.0	173837458.0	antisense	0.7069307055308455	0.15062315435086993	0.05
RXRG	59	73	0.25339619591909185	0.1531846815318468	chr1	173837344.0	173837458.0	sense	0.4466452231181376	0.3500373064407137	0.05
FOSL1	61	72	0.2527484735281222	0.1262873712628737	chr1	173837344.0	173837458.0	sense	0.4071002837604438	0.3902985949049238	0.05
OTX1	62	70	0.2523688202913231	0.22657734226577342	chr1	173837344.0	173837458.0	antisense	0.5471885369602575	0.2618630092174927	0.05
Rxra	59	73	0.2516859132720531	0.1481851814818518	chr1	173837344.0	173837458.0	sense	0.44273686917022587	0.3538543103896738	0.05
BHLHE40	55	65	0.2506120017799622	0.14928507149285072	chr1	173837344.0	173837458.0	antisense	0.44273686917022587	0.3538543103896738	0.05
NEUROD2	53	63	0.24884060200908625	0.22667733226677333	chr1	173837344.0	173837458.0	antisense	0.5471885369602575	0.2618630092174927	0.05
Id2	56	64	0.24836000275058162	0.09109089091090891	chr1	173837344.0	173837458.0	sense	0.3395403316811176	0.4691086314387925	0.05
Mlxip	56	64	0.24780697795592255	0.0836916308369163	chr1	173837344.0	173837458.0	sense	0.33157218629282104	0.47942190709090915	0.05
HOXB13	53	63	0.24767676613900663	0.2693730626937306	chr1	173837344.0	173837458.0	antisense	0.5948112815837061	0.22562080295592313	0.05
ZBTB18	52	65	0.245232478269513	0.19968003199680032	chr1	173837344.0	173837458.0	antisense	0.5204895352048954	0.28358799785076694	0.05
Tcf12	53	64	0.2448839383677022	0.24067593240675933	chr1	173837344.0	173837458.0	sense	0.5576375398174469	0.2536479974875376	0.05
ATF4	60	73	0.2437128790403594	0.29487051294870514	chr1	173837344.0	173837458.0	sense	0.6272040828704015	0.20259112321533615	0.05
SPDEF	53	64	0.24205577222024502	0.15848415158484153	chr1	173837344.0	173837458.0	antisense	0.4498490368354469	0.34693320504474134	0.05
DLX6	55	63	0.2413809972240235	0.3962603739626037	chr1	173837344.0	173837458.0	antisense	0.7102990731854649	0.1485587520049841	0.05
TP53	53	71	0.23876588145003064	0.25207479252074794	chr1	173837344.0	173837458.0	antisense	0.5663498585206415	0.2469152036441032	0.05
EVX2	62	72	0.23779049013341597	0.52994700529947	chr1	173837344.0	173837458.0	sense	0.7807743304989615	0.10747447339709015	0.05
JUND(var.2)	58	73	0.23594065618377952	0.42475752424757524	chr1	173837344.0	173837458.0	sense	0.7372881440952894	0.13236274967942183	0.05
FOSL2	60	71	0.2354265262337193	0.19018098190180982	chr1	173837344.0	173837458.0	sense	0.5061739979848169	0.2957001681895277	0.05
RFX3	52	68	0.23497600990901477	0.3337666233376662	chr1	173837344.0	173837458.0	antisense	0.6606229110929212	0.1800463685969403	0.05
JUNB	60	71	0.23480633410207205	0.20157984201579843	chr1	173837344.0	173837458.0	sense	0.5204895352048954	0.28358799785076694	0.05
MIXL1	54	64	0.23461766219976932	0.5182481751824818	chr1	173837344.0	173837458.0	antisense	0.7790135516362894	0.10845498732144063	0.05
Stat5a::Stat5b	57	68	0.23395358068181588	0.2843715628437156	chr1	173837344.0	173837458.0	antisense	0.614953504649535	0.21115771908228215	0.05
Nobox	56	64	0.23393927089601424	0.3320667933206679	chr1	173837344.0	173837458.0	sense	0.6606229110929212	0.1800463685969403	0.05
MSX1	55	63	0.23350857635715563	0.3347665233476652	chr1	173837344.0	173837458.0	antisense	0.6606229110929212	0.1800463685969403	0.05
SOX9	53	62	0.23283169859648653	0.31186881311868814	chr1	173837344.0	173837458.0	antisense	0.6474396560343966	0.18880070334329863	0.05
E2F3	54	72	0.23219277105152583	0.1835816418358164	chr1	173837344.0	173837458.0	sense	0.4988422623706215	0.3020367598109088	0.05
Prrx2	55	63	0.23153890637447216	0.47705229477052297	chr1	173837344.0	173837458.0	antisense	0.7645303161991494	0.11660528867290611	0.05
NOTO	54	64	0.22960238071150282	0.45415458454154584	chr1	173837344.0	173837458.0	antisense	0.7552104214498677	0.12193202566583629	0.05
Atf3	61	69	0.22812652526888394	0.14908509149085092	chr1	173837344.0	173837458.0	sense	0.44273686917022587	0.3538543103896738	0.05
Ar	53	70	0.22734412954231395	0.33096690330966905	chr1	173837344.0	173837458.0	sense	0.6606229110929212	0.1800463685969403	0.05
Vdr	52	68	0.22617461787521537	0.24777522247775222	chr1	173837344.0	173837458.0	sense	0.5640146511664623	0.24870961438881392	0.05
Bhlha15	54	62	0.2261406469308901	0.103989601039896	chr1	173837344.0	173837458.0	antisense	0.35950812813455496	0.44429128618769087	0.05
T	51	67	0.22590469725655615	0.29957004299570045	chr1	173837344.0	173837458.0	antisense	0.6320197248567827	0.19926936750435503	0.05
FOXF2	51	65	0.22582958139138554	0.2816718328167183	chr1	173837344.0	173837458.0	antisense	0.6116639382086896	0.21348712339076914	0.05
JUN	55	68	0.2257990284434381	0.3982601739826017	chr1	173837344.0	173837458.0	sense	0.7102990731854649	0.1485587520049841	0.05
STAT1	57	68	0.223777368447709	0.23447655234476553	chr1	173837344.0	173837458.0	sense	0.5506485550539969	0.2591254960624134	0.05
OLIG3	53	63	0.22353779153310893	0.35366463353664634	chr1	173837344.0	173837458.0	antisense	0.6798220177982203	0.1676047737726405	0.05
TBX19	52	72	0.2234148050227128	0.45465453454654536	chr1	173837344.0	173837458.0	sense	0.7552104214498677	0.12193202566583629	0.05
VENTX	55	64	0.22314793727531693	0.2770722927707229	chr1	173837344.0	173837458.0	antisense	0.6067532487257603	0.21698788965627697	0.05
Nr1h3::Rxra	54	73	0.2226934254652359	0.674032596740326	chr1	173837344.0	173837458.0	sense	0.8409204752601663	0.07524507291635618	0.05
EMX1	63	73	0.2211539486942943	0.5713428657134286	chr1	173837344.0	173837458.0	antisense	0.7993474846063782	0.09726438734291229	0.05
Creb3l2	55	64	0.2195284693274027	0.1957804219578042	chr1	173837344.0	173837458.0	sense	0.5157869999802049	0.2875296081228788	0.05
RXRA::VDR	53	68	0.21897092869883822	0.2395760423957604	chr1	173837344.0	173837458.0	sense	0.5575783228852003	0.2536941187592917	0.05
RAX2	55	63	0.21895088094180218	0.48325167483251674	chr1	173837344.0	173837458.0	antisense	0.7682963410975976	0.1144712350728827	0.05
LHX9	55	63	0.2175738253325591	0.43425657434256576	chr1	173837344.0	173837458.0	antisense	0.7414027326909004	0.12994581756408713	0.05
ESR1	53	70	0.2172176125758344	0.2505749425057494	chr1	173837344.0	173837458.0	sense	0.5663498585206415	0.2469152036441032	0.05
MSX2	55	63	0.21711611631166133	0.33096690330966905	chr1	173837344.0	173837458.0	antisense	0.6606229110929212	0.1800463685969403	0.05
E2F2	55	71	0.21596839524061417	0.1556844315568443	chr1	173837344.0	173837458.0	antisense	0.4469834784477353	0.3497085291087477	0.05
RORA(var.2)	55	69	0.21421860226342399	0.36726327367263273	chr1	173837344.0	173837458.0	sense	0.6888196072479084	0.1618944991874207	0.05
LHX2	54	64	0.21359261453155423	0.46405359464053597	chr1	173837344.0	173837458.0	antisense	0.7621639734760701	0.11795158362777868	0.05
TP73	55	73	0.21235496491446368	0.47165283471652836	chr1	173837344.0	173837458.0	sense	0.7645303161991494	0.11660528867290611	0.05
PROX1	57	69	0.21152682916662838	0.22547745225477453	chr1	173837344.0	173837458.0	antisense	0.5471885369602575	0.2618630092174927	0.05
ISL2	56	64	0.20689700102992448	0.5415458454154585	chr1	173837344.0	173837458.0	antisense	0.785466051732777	0.10487258066058654	0.05
Foxo1	62	73	0.20350060177893445	0.30156984301569845	chr1	173837344.0	173837458.0	antisense	0.6336629494945243	0.19814168549033406	0.05
LEF1	51	66	0.20316020873435034	0.35836416358364165	chr1	173837344.0	173837458.0	sense	0.6863136564572325	0.16347735931272295	0.05
NR4A2	60	68	0.203135573989221	0.3441655834416558	chr1	173837344.0	173837458.0	sense	0.6715110443842833	0.1729468400679304	0.05
SHOX	55	63	0.20239562098816105	0.48555144485551444	chr1	173837344.0	173837458.0	sense	0.7682963410975976	0.1144712350728827	0.05
POU6F2	55	65	0.2014317155980336	0.46005399460054	chr1	173837344.0	173837458.0	antisense	0.7579937244370801	0.12033438995320914	0.05
OLIG2	53	63	0.20082419377990982	0.3277672232776722	chr1	173837344.0	173837458.0	antisense	0.6606229110929212	0.1800463685969403	0.05
Hoxa9	52	63	0.19901026486803716	0.40285971402859716	chr1	173837344.0	173837458.0	antisense	0.7160417519891846	0.14506165348844532	0.05
MEIS1	62	69	0.19749588885851185	0.36576342365763426	chr1	173837344.0	173837458.0	sense	0.6888196072479084	0.1618944991874207	0.05
Stat6	54	69	0.19732139812589428	0.5453454654534546	chr1	173837344.0	173837458.0	antisense	0.785466051732777	0.10487258066058654	0.05
BARHL2	53	63	0.19647547450281896	0.5932406759324068	chr1	173837344.0	173837458.0	sense	0.8059997665154951	0.0936650840026597	0.05
HOXC13	53	64	0.19581507058988173	0.32066793320667936	chr1	173837344.0	173837458.0	antisense	0.6540781215996048	0.18437037743503423	0.05
ALX3	54	64	0.19400206238726453	0.5261473852614739	chr1	173837344.0	173837458.0	antisense	0.7790135516362894	0.10845498732144063	0.05
CREB1	59	67	0.19288858375014706	0.2977702229777022	chr1	173837344.0	173837458.0	sense	0.6307867172466426	0.20011746037678	0.05
Srebf1(var.2)	57	67	0.1927167762195807	0.21587841215878412	chr1	173837344.0	173837458.0	antisense	0.5360808416765979	0.270769713205228	0.05
NRL	56	67	0.19261631616512306	0.8413158684131586	chr1	173837344.0	173837458.0	sense	0.9126552897946114	0.0396932246655379	0.05
IRF1	52	73	0.19184860281872912	0.36896310368963103	chr1	173837344.0	173837458.0	antisense	0.6888196072479084	0.1618944991874207	0.05
BHLHE22	53	63	0.19159931861365315	0.34626537346265374	chr1	173837344.0	173837458.0	antisense	0.6730776360566191	0.17193483924351918	0.05
Sox6	52	62	0.18980355532535975	0.2863713628637136	chr1	173837344.0	173837458.0	antisense	0.6167084536359642	0.20992009836745526	0.05
TCF7L2	51	65	0.18950224394171308	0.3788621137886211	chr1	173837344.0	173837458.0	sense	0.6997488863213321	0.1550577840584916	0.05
SRF	51	67	0.1891308861327646	0.38946105389461055	chr1	173837344.0	173837458.0	antisense	0.7069307055308455	0.15062315435086993	0.05
Hoxc9	51	64	0.18876408280399862	0.49765023497650235	chr1	173837344.0	173837458.0	antisense	0.7790135516362894	0.10845498732144063	0.05
Sox2	54	62	0.1886675200799395	0.28927107289271076	chr1	173837344.0	173837458.0	antisense	0.6203788712037888	0.20734300176085313	0.05
MEOX1	54	64	0.18772798738869584	0.511948805119488	chr1	173837344.0	173837458.0	antisense	0.7790135516362894	0.10845498732144063	0.05
Creb5	61	73	0.18715896531867762	0.3397660233976602	chr1	173837344.0	173837458.0	antisense	0.6679491141794911	0.1752566217652091	0.05
Esrrg	59	69	0.18692655549730933	0.36866313368663134	chr1	173837344.0	173837458.0	sense	0.6888196072479084	0.1618944991874207	0.05
HOXB2	54	64	0.18649433146374503	0.526047395260474	chr1	173837344.0	173837458.0	antisense	0.7790135516362894	0.10845498732144063	0.05
ETV2	58	69	0.18639163483928814	0.34266573342665735	chr1	173837344.0	173837458.0	sense	0.67110760622051	0.17320783893534575	0.05
SREBF2(var.2)	57	67	0.18549102327888328	0.21747825217478253	chr1	173837344.0	173837458.0	antisense	0.5374819660891054	0.26963610287166795	0.05
NKX6-2	55	63	0.18500015718503013	0.5029497050294971	chr1	173837344.0	173837458.0	antisense	0.7790135516362894	0.10845498732144063	0.05
CLOCK	55	65	0.18358683482051408	0.4373562643735626	chr1	173837344.0	173837458.0	sense	0.7414027326909004	0.12994581756408713	0.05
MYBL1	51	63	0.18299696773511698	0.41025897410258977	chr1	173837344.0	173837458.0	antisense	0.720741777173634	0.14222030370699365	0.05
Sox17	54	63	0.18298899317180276	0.3133686631336866	chr1	173837344.0	173837458.0	antisense	0.64796149867085	0.1884507987768717	0.05
Arnt	57	63	0.18285506741452281	0.1421857814218578	chr1	173837344.0	173837458.0	sense	0.43665337608251004	0.3598631776483309	0.05
HSF4	59	72	0.1821431976373327	0.5704429557044296	chr1	173837344.0	173837458.0	sense	0.7993474846063782	0.09726438734291229	0.05
Hoxd9	53	63	0.18185420828945886	0.31056894310568944	chr1	173837344.0	173837458.0	antisense	0.6474396560343966	0.18880070334329863	0.05
EVX1	63	73	0.1807759111465593	0.6413358664133587	chr1	173837344.0	173837458.0	sense	0.8259387460757648	0.08305215997709253	0.05
VAX2	55	63	0.18013027332183754	0.5331466853314668	chr1	173837344.0	173837458.0	antisense	0.7816472590029132	0.10698919071237106	0.05
Rarg(var.2)	52	69	0.17945510652990568	0.36636336366363365	chr1	173837344.0	173837458.0	sense	0.6888196072479084	0.1618944991874207	0.05
VAX1	55	63	0.17857246243075087	0.5369463053694631	chr1	173837344.0	173837458.0	antisense	0.7827953159740206	0.10635178170172435	0.05
NFIA	61	71	0.1784840650010892	0.4243575642435756	chr1	173837344.0	173837458.0	sense	0.7372881440952894	0.13236274967942183	0.05
GATA5	63	71	0.17815879040557242	0.4470552944705529	chr1	173837344.0	173837458.0	sense	0.7508792810039384	0.12442987898520767	0.05
BARX1	55	63	0.17698031627574728	0.45395460453954606	chr1	173837344.0	173837458.0	antisense	0.7552104214498677	0.12193202566583629	0.05
TP63	55	73	0.1750844127627537	0.33286671332866713	chr1	173837344.0	173837458.0	sense	0.6606229110929212	0.1800463685969403	0.05
MLXIPL	55	65	0.17459805066805953	0.43275672432756723	chr1	173837344.0	173837458.0	sense	0.7414027326909004	0.12994581756408713	0.05
JUN(var.2)	59	73	0.1734564883535039	0.6441355864413558	chr1	173837344.0	173837458.0	sense	0.8274910132749101	0.08223671405533718	0.05
PKNOX2	55	67	0.17342977517858488	0.20117988201179882	chr1	173837344.0	173837458.0	sense	0.5204895352048954	0.28358799785076694	0.05
Hoxb5	52	68	0.1732736273574905	0.6892310768923108	chr1	173837344.0	173837458.0	sense	0.8483461513003628	0.07142690608583017	0.05
Nfe2l2	58	73	0.1720218933209418	0.6599340065993401	chr1	173837344.0	173837458.0	sense	0.8328361338623419	0.07944044056212955	0.05
Ascl2	63	73	0.1718238217002127	0.43155684431556846	chr1	173837344.0	173837458.0	antisense	0.7414027326909004	0.12994581756408713	0.05
Dux	54	62	0.17030115493362613	0.39276072392760725	chr1	173837344.0	173837458.0	antisense	0.7102537133046277	0.1485864870474851	0.05
Tcf21	51	65	0.1683803349989595	0.43855614438556145	chr1	173837344.0	173837458.0	sense	0.7414027326909004	0.12994581756408713	0.05
JUND	61	72	0.16620535310986603	0.4286571342865713	chr1	173837344.0	173837458.0	sense	0.7414027326909004	0.12994581756408713	0.05
JDP2(var.2)	61	73	0.1614966592734759	0.39566043395660433	chr1	173837344.0	173837458.0	antisense	0.7102990731854649	0.1485587520049841	0.05
Atoh1	53	63	0.1611714356093768	0.5356464353564644	chr1	173837344.0	173837458.0	sense	0.7827953159740206	0.10635178170172435	0.05
MAFF	54	72	0.15941941342943342	0.8529147085291471	chr1	173837344.0	173837458.0	antisense	0.9145924250550151	0.03877239990529426	0.05
NFYA	51	69	0.15845349949580356	0.6641335866413358	chr1	173837344.0	173837458.0	antisense	0.8345891803071508	0.07852724982243944	0.05
HES7	61	73	0.15758912576925563	0.40775922407759224	chr1	173837344.0	173837458.0	antisense	0.719819854749219	0.1427761783984409	0.05
PKNOX1	55	67	0.15545171013611947	0.26577342265773424	chr1	173837344.0	173837458.0	sense	0.5894718220485644	0.22953695023183443	0.05
MAFK	56	71	0.15477704272382622	0.7794220577942206	chr1	173837344.0	173837458.0	antisense	0.8932508064982976	0.049026583009539035	0.05
Rarg	52	68	0.15348109321252776	0.3785621437856214	chr1	173837344.0	173837458.0	sense	0.6997488863213321	0.1550577840584916	0.05
HOXA10	53	64	0.15156008779264787	0.5173482651734826	chr1	173837344.0	173837458.0	antisense	0.7790135516362894	0.10845498732144063	0.05
Arx	51	68	0.15101312460951355	0.6004399560043996	chr1	173837344.0	173837458.0	antisense	0.8073272983582471	0.09295036236123488	0.05
CDX1	54	63	0.15048794365913779	0.37336266373362664	chr1	173837344.0	173837458.0	antisense	0.6945348475905098	0.15830595908894285	0.05
MEOX2	54	64	0.15036139861655506	0.5989401059894011	chr1	173837344.0	173837458.0	antisense	0.8073272983582471	0.09295036236123488	0.05
Hoxd3	52	68	0.14999946884690152	0.7421257874212579	chr1	173837344.0	173837458.0	antisense	0.8704973746417682	0.060232534345975	0.05
LBX1	55	63	0.14930414003107756	0.5071492850714928	chr1	173837344.0	173837458.0	sense	0.7790135516362894	0.10845498732144063	0.05
EMX2	54	64	0.14887104799184095	0.5463453654634537	chr1	173837344.0	173837458.0	antisense	0.785466051732777	0.10487258066058654	0.05
HOXC12	60	71	0.1485373501772744	0.4754524547545245	chr1	173837344.0	173837458.0	sense	0.7645303161991494	0.11660528867290611	0.05
GBX2	54	64	0.1481037011240408	0.5729427057294271	chr1	173837344.0	173837458.0	antisense	0.7993474846063782	0.09726438734291229	0.05
Sox3	52	62	0.14792148016662693	0.35076492350764926	chr1	173837344.0	173837458.0	antisense	0.6782979694595597	0.1685794830290785	0.05
UNCX	55	63	0.1462799088433898	0.5248475152484752	chr1	173837344.0	173837458.0	antisense	0.7790135516362894	0.10845498732144063	0.05
Nr2f6(var.2)	52	67	0.14505486344450796	0.43455654434556545	chr1	173837344.0	173837458.0	sense	0.7414027326909004	0.12994581756408713	0.05
MAFG	52	73	0.1437956286488538	0.7118288171182882	chr1	173837344.0	173837458.0	sense	0.8591608281032361	0.06592553207098995	0.05
ESRRB	51	62	0.1429936134877043	0.47785221477852213	chr1	173837344.0	173837458.0	antisense	0.7645303161991494	0.11660528867290611	0.05
RAX	53	63	0.14145537362366628	0.5860413958604139	chr1	173837344.0	173837458.0	antisense	0.8044380258544066	0.09450740845270329	0.05
FOS::JUN	59	66	0.1407306069276155	0.5925407459254075	chr1	173837344.0	173837458.0	antisense	0.8059997665154951	0.0936650840026597	0.05
HOXC11	60	71	0.1405773266365971	0.6148385161483851	chr1	173837344.0	173837458.0	sense	0.8182081791820818	0.0871361834102557	0.05
BHLHE41	55	65	0.13878287517181181	0.4684531546845315	chr1	173837344.0	173837458.0	sense	0.7645303161991494	0.11660528867290611	0.05
Hoxa11	60	72	0.13859050601120326	0.7022297770222977	chr1	173837344.0	173837458.0	sense	0.8517781399430151	0.06967350986445932	0.05
Pou5f1::Sox2	51	66	0.13830763884779487	0.5998400159984002	chr1	173837344.0	173837458.0	sense	0.8073272983582471	0.09295036236123488	0.05
MYBL2	57	72	0.1374666678443271	0.7762223777622238	chr1	173837344.0	173837458.0	antisense	0.8932508064982976	0.049026583009539035	0.05
Gata1	52	63	0.1371716395862198	0.4413558644135586	chr1	173837344.0	173837458.0	antisense	0.7437132910085615	0.1285944571032128	0.05
Gfi1b	56	67	0.13677826764754683	0.5026497350264973	chr1	173837344.0	173837458.0	antisense	0.7790135516362894	0.10845498732144063	0.05
Msx3	54	62	0.13618133378029781	0.5125487451254874	chr1	173837344.0	173837458.0	antisense	0.7790135516362894	0.10845498732144063	0.05
GBX1	54	64	0.13486919074433715	0.5760423957604239	chr1	173837344.0	173837458.0	antisense	0.8000681215300929	0.09687303357669605	0.05
RFX2	52	68	0.13337575820819217	0.6585341465853415	chr1	173837344.0	173837458.0	sense	0.8328361338623419	0.07944044056212955	0.05
GATA2	52	66	0.13305606348844054	0.6203379662033797	chr1	173837344.0	173837458.0	antisense	0.8192249477342342	0.0865968306622642	0.05
RFX5	52	68	0.12898112874397996	0.6739326067393261	chr1	173837344.0	173837458.0	antisense	0.8409204752601663	0.07524507291635618	0.05
PRRX1	55	63	0.12798568329263965	0.5158484151584841	chr1	173837344.0	173837458.0	antisense	0.7790135516362894	0.10845498732144063	0.05
CDX2	54	65	0.127734197953579	0.31966803319668036	chr1	173837344.0	173837458.0	antisense	0.6540781215996048	0.18437037743503423	0.05
HLF	61	73	0.12740850324291128	0.7370262973702629	chr1	173837344.0	173837458.0	antisense	0.8673846901024184	0.06178824769649998	0.05
Shox2	55	63	0.1270208126985985	0.5105489451054894	chr1	173837344.0	173837458.0	antisense	0.7790135516362894	0.10845498732144063	0.05
MEF2C	51	66	0.12670811983346322	0.5597440255974403	chr1	173837344.0	173837458.0	antisense	0.7937353805603047	0.10032426069267188	0.05
HESX1	53	63	0.12622603535175456	0.6198380161983802	chr1	173837344.0	173837458.0	sense	0.8192249477342342	0.0865968306622642	0.05
NFE2	61	72	0.12473702922288528	0.5813418658134186	chr1	173837344.0	173837458.0	antisense	0.8024373094605433	0.09558888692165693	0.05
TGIF2	59	71	0.12352207549570894	0.6135386461353864	chr1	173837344.0	173837458.0	antisense	0.8182081791820818	0.0871361834102557	0.05
Rarb(var.2)	51	68	0.12287510441122071	0.5093490650934906	chr1	173837344.0	173837458.0	sense	0.7790135516362894	0.10845498732144063	0.05
VSX1	55	63	0.12207033439040961	0.5426457354264573	chr1	173837344.0	173837458.0	antisense	0.785466051732777	0.10487258066058654	0.05
HOXD12	53	64	0.12172425054496568	0.5221477852214779	chr1	173837344.0	173837458.0	antisense	0.7790135516362894	0.10845498732144063	0.05
EN1	55	63	0.12033196799400568	0.5235476452354765	chr1	173837344.0	173837458.0	antisense	0.7790135516362894	0.10845498732144063	0.05
Esrra	55	66	0.12003533442430121	0.5648435156484352	chr1	173837344.0	173837458.0	sense	0.7987841542821195	0.09757055894416691	0.05
ATF7	56	70	0.11920723003342786	0.8145185481451854	chr1	173837344.0	173837458.0	sense	0.9032801848020325	0.044177516752549995	0.05
DMRT3	61	72	0.11875051933470472	0.6843315668433156	chr1	173837344.0	173837458.0	antisense	0.8456382933135257	0.07281535895724267	0.05
CEBPG	58	68	0.11653748089496219	0.6458354164583542	chr1	173837344.0	173837458.0	sense	0.8276261262762613	0.08216580809992372	0.05
HMBOX1	63	73	0.11550654087707704	0.7841215878412159	chr1	173837344.0	173837458.0	antisense	0.8932508064982976	0.049026583009539035	0.05
RARA(var.2)	52	69	0.11550250716178126	0.5838416158384162	chr1	173837344.0	173837458.0	antisense	0.8037501289658834	0.09487894438291031	0.05
Dlx2	55	63	0.11548437076554918	0.5236476352364764	chr1	173837344.0	173837458.0	antisense	0.7790135516362894	0.10845498732144063	0.05
Atf1	62	70	0.11544162981610831	0.7315268473152685	chr1	173837344.0	173837458.0	sense	0.8628691676286918	0.06405504911021292	0.05
MEF2A	51	63	0.11503909940791257	0.47685231476852313	chr1	173837344.0	173837458.0	sense	0.7645303161991494	0.11660528867290611	0.05
FOXP1	58	73	0.11497224589889164	0.4754524547545245	chr1	173837344.0	173837458.0	sense	0.7645303161991494	0.11660528867290611	0.05
FOS	61	72	0.11348778307672347	0.7054294570542946	chr1	173837344.0	173837458.0	sense	0.8534216508419089	0.06883634352276238	0.05
TFAP4	53	63	0.11302957928764697	0.7241275872412759	chr1	173837344.0	173837458.0	antisense	0.8599372939418386	0.06553321606796671	0.05
CEBPD	58	68	0.1128128601338036	0.7229277072292771	chr1	173837344.0	173837458.0	sense	0.8599372939418386	0.06553321606796671	0.05
Tcf7	51	63	0.11262415922480867	0.4216578342165783	chr1	173837344.0	173837458.0	sense	0.7368364173683641	0.13262891773075372	0.05
TFCP2	58	68	0.11207891526413563	0.8521147885211479	chr1	173837344.0	173837458.0	antisense	0.9145924250550151	0.03877239990529426	0.05
BATF::JUN	62	73	0.11195643457181674	0.6793320667933207	chr1	173837344.0	173837458.0	sense	0.8454996226996006	0.07288658186815318	0.05
Mafb	52	64	0.11048481995377779	0.9315068493150684	chr1	173837344.0	173837458.0	sense	0.964974161266508	0.015484315433007467	0.05
Rarb	57	73	0.1103909481546341	0.45545445455454453	chr1	173837344.0	173837458.0	sense	0.7552104214498677	0.12193202566583629	0.05
CEBPB	58	68	0.1103110911773994	0.7658234176582341	chr1	173837344.0	173837458.0	sense	0.891171196781667	0.05003885861663399	0.05
SMAD3	62	72	0.1091919294115519	0.6474352564743525	chr1	173837344.0	173837458.0	antisense	0.8276327539659827	0.0821623302523095	0.05
FOXA1	58	73	0.1085622481881371	0.7255274472552745	chr1	173837344.0	173837458.0	antisense	0.8599372939418386	0.06553321606796671	0.05
MLX	55	65	0.10836352552730143	0.7709229077092291	chr1	173837344.0	173837458.0	sense	0.8921515420840989	0.04956136950171901	0.05
MEIS2	62	70	0.1062678268429507	0.8463153684631537	chr1	173837344.0	173837458.0	sense	0.9131760420631534	0.03944549111112603	0.05
NR3C1	53	70	0.10546039025753301	0.8024197580241976	chr1	173837344.0	173837458.0	antisense	0.9032801848020325	0.044177516752549995	0.05
BCL6B	54	71	0.10527454965706232	0.41105889411058893	chr1	173837344.0	173837458.0	sense	0.720741777173634	0.14222030370699365	0.05
NR3C2	53	70	0.10370377361826974	0.8223177682231777	chr1	173837344.0	173837458.0	antisense	0.9041546162508485	0.04375729602599203	0.05
MSC	57	67	0.10317076408872083	0.8047195280471953	chr1	173837344.0	173837458.0	antisense	0.9032801848020325	0.044177516752549995	0.05
Foxa2	59	71	0.1028970140151814	0.6611338866113389	chr1	173837344.0	173837458.0	sense	0.8328361338623419	0.07944044056212955	0.05
MNX1	63	73	0.10263700122165872	0.5874412558744125	chr1	173837344.0	173837458.0	sense	0.8044380258544066	0.09450740845270329	0.05
DUXA	55	68	0.10194417370719414	0.6943305669433056	chr1	173837344.0	173837458.0	antisense	0.8483461513003628	0.07142690608583017	0.05
SOX10	56	62	0.10192620534668258	0.531046895310469	chr1	173837344.0	173837458.0	antisense	0.7807743304989615	0.10747447339709015	0.05
BHLHE23	52	64	0.09776691026674808	0.6304369563043696	chr1	173837344.0	173837458.0	sense	0.8252317984281974	0.08342404582754609	0.05
NEUROG2	63	73	0.09756684722669925	0.6827317268273173	chr1	173837344.0	173837458.0	antisense	0.8456382933135257	0.07281535895724267	0.05
Crem	61	71	0.09743717122162497	0.8072192780721927	chr1	173837344.0	173837458.0	sense	0.9032801848020325	0.044177516752549995	0.05
Bach1::Mafk	58	73	0.0967452331174409	0.8583141685831417	chr1	173837344.0	173837458.0	sense	0.9184846463807228	0.03692809907277378	0.05
MAFG::NFE2L1	61	67	0.09627497958362945	0.824017598240176	chr1	173837344.0	173837458.0	sense	0.9041546162508485	0.04375729602599203	0.05
TGIF1	55	67	0.09622264943489019	0.6328367163283671	chr1	173837344.0	173837458.0	sense	0.8252317984281974	0.08342404582754609	0.05
GMEB2	60	68	0.09539780935295941	0.8202179782021798	chr1	173837344.0	173837458.0	antisense	0.9041546162508485	0.04375729602599203	0.05
Hmx2	51	68	0.09136018994540757	0.8048195180481952	chr1	173837344.0	173837458.0	antisense	0.9032801848020325	0.044177516752549995	0.05
RARA	53	71	0.09069727242138588	0.5729427057294271	chr1	173837344.0	173837458.0	sense	0.7993474846063782	0.09726438734291229	0.05
STAT1::STAT2	56	71	0.09017850250844507	0.5545445455454454	chr1	173837344.0	173837458.0	antisense	0.7906830196101269	0.10199758783561796	0.05
GATA3	54	62	0.08913121722766501	0.45955404459554045	chr1	173837344.0	173837458.0	sense	0.7579937244370801	0.12033438995320914	0.05
HOXC10	53	63	0.088683525440147	0.720927907209279	chr1	173837344.0	173837458.0	antisense	0.8599372939418386	0.06553321606796671	0.05
ZBED1	55	68	0.08790677989885394	0.8423157684231577	chr1	173837344.0	173837458.0	antisense	0.9126552897946114	0.0396932246655379	0.05
MYF6	57	67	0.08655419124277432	0.827017298270173	chr1	173837344.0	173837458.0	antisense	0.9055315987388604	0.043096390277053705	0.05
Hmx1	51	68	0.08641609599387767	0.9105089491050895	chr1	173837344.0	173837458.0	antisense	0.9499459692584958	0.022301095679784392	0.05
HOXA5	55	63	0.08537135592090872	0.7286271372862714	chr1	173837344.0	173837458.0	antisense	0.8614065700491453	0.06479182014573324	0.05
Foxd3	56	68	0.08535807001695647	0.5997400259974003	chr1	173837344.0	173837458.0	sense	0.8073272983582471	0.09295036236123488	0.05
Hmx3	51	68	0.08531090320857475	0.8508149185081492	chr1	173837344.0	173837458.0	antisense	0.9145924250550151	0.03877239990529426	0.05
DUX4	56	67	0.08524902646395305	0.6177382261773823	chr1	173837344.0	173837458.0	antisense	0.8192249477342342	0.0865968306622642	0.05
IRF2	55	73	0.08463992797665609	0.5765423457654234	chr1	173837344.0	173837458.0	sense	0.8000681215300929	0.09687303357669605	0.05
NKX6-1	55	63	0.08409750407751602	0.522047795220478	chr1	173837344.0	173837458.0	antisense	0.7790135516362894	0.10845498732144063	0.05
OLIG1	53	63	0.08400153325959571	0.6585341465853415	chr1	173837344.0	173837458.0	sense	0.8328361338623419	0.07944044056212955	0.05
SRY	62	71	0.08336020933993922	0.6923307669233076	chr1	173837344.0	173837458.0	sense	0.8483461513003628	0.07142690608583017	0.05
SOX21	54	69	0.08271441386572091	0.6222377762223777	chr1	173837344.0	173837458.0	sense	0.8196482382218631	0.08637249026950843	0.05
POU3F3	58	71	0.082590476463299	0.6317368263173683	chr1	173837344.0	173837458.0	sense	0.8252317984281974	0.08342404582754609	0.05
BATF3	56	70	0.08251980023038659	0.8054194580541946	chr1	173837344.0	173837458.0	sense	0.9032801848020325	0.044177516752549995	0.05
NR1H2::RXRA	51	68	0.08233358279291762	0.5801419858014198	chr1	173837344.0	173837458.0	sense	0.8024373094605433	0.09558888692165693	0.05
PDX1	55	63	0.08174394776847156	0.5667433256674332	chr1	173837344.0	173837458.0	antisense	0.7992928967972768	0.0972940465264997	0.05
FOXP2	61	72	0.0803274718735041	0.49535046495350465	chr1	173837344.0	173837458.0	sense	0.7790135516362894	0.10845498732144063	0.05
Lhx8	54	62	0.07602623077178597	0.7232276772322768	chr1	173837344.0	173837458.0	antisense	0.8599372939418386	0.06553321606796671	0.05
MAF::NFE2	52	67	0.0759928286918859	0.9457054294570543	chr1	173837344.0	173837458.0	sense	0.9757875107121494	0.01064474480492476	0.05
Nr2e3	58	65	0.07579798562652344	0.7718228177182281	chr1	173837344.0	173837458.0	antisense	0.8921515420840989	0.04956136950171901	0.05
LMX1B	55	63	0.07451174357248203	0.5454454554544546	chr1	173837344.0	173837458.0	antisense	0.785466051732777	0.10487258066058654	0.05
VSX2	54	62	0.07439202959770684	0.6399360063993601	chr1	173837344.0	173837458.0	antisense	0.8259387460757648	0.08305215997709253	0.05
ISX	54	62	0.07244323922757492	0.5527447255274472	chr1	173837344.0	173837458.0	antisense	0.7902879133574245	0.10221466009837536	0.05
FOXP3	64	71	0.07129571787959349	0.7848215178482152	chr1	173837344.0	173837458.0	sense	0.8932508064982976	0.049026583009539035	0.05
Arid3b	52	63	0.06917942897453486	0.5130486951304869	chr1	173837344.0	173837458.0	sense	0.7790135516362894	0.10845498732144063	0.05
LHX6	63	73	0.06814022395052986	0.8186181381861813	chr1	173837344.0	173837458.0	antisense	0.9041546162508485	0.04375729602599203	0.05
Nr2e1	59	68	0.06812508228646805	0.8118188181181882	chr1	173837344.0	173837458.0	sense	0.9032801848020325	0.044177516752549995	0.05
POU2F1	51	63	0.0667354578492976	0.8028197180281972	chr1	173837344.0	173837458.0	antisense	0.9032801848020325	0.044177516752549995	0.05
IRF7	51	65	0.06662944336749815	0.6822317768223177	chr1	173837344.0	173837458.0	antisense	0.8456382933135257	0.07281535895724267	0.05
Nkx2-5	54	61	0.06658788501486633	0.674032596740326	chr1	173837344.0	173837458.0	sense	0.8409204752601663	0.07524507291635618	0.05
HSF1	60	73	0.06515983631603076	0.8394160583941606	chr1	173837344.0	173837458.0	antisense	0.9126552897946114	0.0396932246655379	0.05
MEF2D	51	63	0.06407435250417455	0.5580441955804419	chr1	173837344.0	173837458.0	antisense	0.7934929794691764	0.10045691136821906	0.05
Lhx4	55	63	0.06324692759377498	0.549045095490451	chr1	173837344.0	173837458.0	antisense	0.7871668634241549	0.10393319625219367	0.05
POU4F1	54	68	0.06323150668352638	0.724027597240276	chr1	173837344.0	173837458.0	sense	0.8599372939418386	0.06553321606796671	0.05
PAX4	54	62	0.062319865155131805	0.7430256974302569	chr1	173837344.0	173837458.0	antisense	0.8704973746417682	0.060232534345975	0.05
IRF8	55	69	0.062258922549015105	0.6552344765523448	chr1	173837344.0	173837458.0	antisense	0.8328361338623419	0.07944044056212955	0.05
FOXD2	64	71	0.061788826128901846	0.7574242575742426	chr1	173837344.0	173837458.0	sense	0.8833779543393975	0.0538534432349938	0.05
HOXD11	53	63	0.061746067842522206	0.8324167583241676	chr1	173837344.0	173837458.0	antisense	0.9076140705257205	0.0420987799705405	0.05
PHOX2A	56	67	0.06136726062253509	0.5268473152684732	chr1	173837344.0	173837458.0	antisense	0.7790135516362894	0.10845498732144063	0.05
FOXI1	64	71	0.06129092199021027	0.6379362063793621	chr1	173837344.0	173837458.0	sense	0.8256580825707953	0.08319976332742479	0.05
NFIL3	52	63	0.06082707020533237	0.7170282971702829	chr1	173837344.0	173837458.0	sense	0.8599372939418386	0.06553321606796671	0.05
GRHL1	54	66	0.06071193724500602	0.9704029597040296	chr1	173837344.0	173837458.0	sense	0.993371077093474	0.0028884890373591806	0.05
FOXD1	64	72	0.06040403237806762	0.8293170682931706	chr1	173837344.0	173837458.0	sense	0.9061380177771696	0.042805648025272314	0.05
mix-a	51	62	0.06032350610898144	0.5912408759124088	chr1	173837344.0	173837458.0	antisense	0.8059997665154951	0.0936650840026597	0.05
JDP2	58	67	0.05996036763393535	0.8209179082091791	chr1	173837344.0	173837458.0	antisense	0.9041546162508485	0.04375729602599203	0.05
Phox2b	56	67	0.0594756897310546	0.5229477052294771	chr1	173837344.0	173837458.0	antisense	0.7790135516362894	0.10845498732144063	0.05
FOXO3	64	72	0.05844359976073258	0.6282371762823717	chr1	173837344.0	173837458.0	sense	0.8252317984281974	0.08342404582754609	0.05
HSF2	59	72	0.05831328069634355	0.9115088491150884	chr1	173837344.0	173837458.0	sense	0.9499459692584958	0.022301095679784392	0.05
FOXO4	64	71	0.056768082160065125	0.6961303869613039	chr1	173837344.0	173837458.0	sense	0.8483461513003628	0.07142690608583017	0.05
FOXO6	64	71	0.05526557285555373	0.7024297570242976	chr1	173837344.0	173837458.0	sense	0.8517781399430151	0.06967350986445932	0.05
MEF2B	51	63	0.05486268838670374	0.6906309369063094	chr1	173837344.0	173837458.0	antisense	0.8483461513003628	0.07142690608583017	0.05
IRF9	55	70	0.05407793026483558	0.6073392660733926	chr1	173837344.0	173837458.0	antisense	0.8123945337425019	0.09023300744036572	0.05
FOXC2	51	63	0.052171062975392896	0.8128187181281872	chr1	173837344.0	173837458.0	antisense	0.9032801848020325	0.044177516752549995	0.05
Hnf4a	57	73	0.04946381042196784	0.9222077792220778	chr1	173837344.0	173837458.0	antisense	0.9591700148622412	0.01810440641401957	0.05
LMX1A	55	63	0.04845111212052797	0.6029397060293971	chr1	173837344.0	173837458.0	antisense	0.8085935592487262	0.09226972230716494	0.05
CUX1	63	73	0.048188099640655443	0.8921107889211078	chr1	173837344.0	173837458.0	antisense	0.9378883973950783	0.027848836758548195	0.05
POU3F1	51	63	0.046638452924209026	0.8694130586941305	chr1	173837344.0	173837458.0	sense	0.9265408161442582	0.03313544430430791	0.05
POU4F3	51	67	0.044685486982174574	0.8680131986801319	chr1	173837344.0	173837458.0	sense	0.9265408161442582	0.03313544430430791	0.05
FOXB1	61	72	0.043421881144389704	0.6963303669633036	chr1	173837344.0	173837458.0	sense	0.8483461513003628	0.07142690608583017	0.05
LIN54	52	61	0.04220010921065067	0.6605339466053395	chr1	173837344.0	173837458.0	sense	0.8328361338623419	0.07944044056212955	0.05
Foxq1	51	62	0.042004816929927476	0.7257274272572742	chr1	173837344.0	173837458.0	sense	0.8599372939418386	0.06553321606796671	0.05
POU1F1	58	72	0.041538089296602396	0.8927107289271073	chr1	173837344.0	173837458.0	sense	0.9378883973950783	0.027848836758548195	0.05
FOXC1	61	72	0.04033560711450333	0.7455254474552545	chr1	173837344.0	173837458.0	sense	0.8714588000659393	0.0597531401970997	0.05
Alx4	51	68	0.04001676888425227	0.9102089791020898	chr1	173837344.0	173837458.0	sense	0.9499459692584958	0.022301095679784392	0.05
Hoxd8	51	68	0.03991331475881986	0.8763123687631237	chr1	173837344.0	173837458.0	sense	0.9319797528443877	0.030593522542447713	0.05
FOXL1	64	71	0.03942239692400582	0.7829217078292171	chr1	173837344.0	173837458.0	sense	0.8932508064982976	0.049026583009539035	0.05
POU5F1B	52	61	0.039108657446331956	0.8902109789021098	chr1	173837344.0	173837458.0	antisense	0.9378883973950783	0.027848836758548195	0.05
DBP	61	73	0.03904087257483318	0.974002599740026	chr1	173837344.0	173837458.0	antisense	0.9950932072147116	0.0021362383666601614	0.05
CUX2	63	73	0.038924091830651104	0.9419058094190581	chr1	173837344.0	173837458.0	antisense	0.973803018104564	0.011528883780546784	0.05
Alx1	51	68	0.03800516811502015	0.91000899910009	chr1	173837344.0	173837458.0	sense	0.9499459692584958	0.022301095679784392	0.05
Foxj2	64	72	0.03680074068043597	0.8135186481351865	chr1	173837344.0	173837458.0	sense	0.9032801848020325	0.044177516752549995	0.05
FOXG1	64	72	0.035742749215913076	0.7694230576942306	chr1	173837344.0	173837458.0	sense	0.8921515420840989	0.04956136950171901	0.05
POU2F2	51	64	0.032987160290326174	0.9485051494850515	chr1	173837344.0	173837458.0	antisense	0.9767344694102019	0.010223485558077392	0.05
POU6F1	51	61	0.03142533705574233	0.7811218878112188	chr1	173837344.0	173837458.0	sense	0.8932508064982976	0.049026583009539035	0.05
SOX8	51	67	0.030464159690917328	0.8083191680831917	chr1	173837344.0	173837458.0	sense	0.9032801848020325	0.044177516752549995	0.05
Sox1	54	69	0.028765283699549834	0.8815118488151185	chr1	173837344.0	173837458.0	antisense	0.9340006815644966	0.029652806853855334	0.05
Lhx3	60	73	0.024896629770495986	0.6364363563643636	chr1	173837344.0	173837458.0	antisense	0.8256580825707953	0.08319976332742479	0.05
Sox5	57	64	0.021957669300627237	0.8000199980002	chr1	173837344.0	173837458.0	sense	0.9032801848020325	0.044177516752549995	0.05
Sox11	52	67	0.02104304490918391	0.8459154084591541	chr1	173837344.0	173837458.0	sense	0.9131760420631534	0.03944549111112603	0.05
SOX4	51	67	0.019729850621030585	0.8854114588541145	chr1	173837344.0	173837458.0	sense	0.9359033546747159	0.02876899602527972	0.05
Mecom	51	65	0.01716020012862465	0.8818118188181182	chr1	173837344.0	173837458.0	antisense	0.9340006815644966	0.029652806853855334	0.05
TEF	61	73	0.017091231317524994	0.9817018298170183	chr1	173837344.0	173837458.0	antisense	0.9998000199980002	8.685889667019445e-05	0.05
ONECUT1	51	65	0.0152970007514316	0.9693030696930307	chr1	173837344.0	173837458.0	antisense	0.993371077093474	0.0028884890373591806	0.05
POU3F4	51	60	0.01151814720284262	0.9523047695230477	chr1	173837344.0	173837458.0	sense	0.978705297787053	0.009348060814223954	0.05
PROP1	56	67	0.010571411854366872	0.6363363663633637	chr1	173837344.0	173837458.0	antisense	0.8256580825707953	0.08319976332742479	0.05
ONECUT2	51	65	0.007208343537025892	0.9947005299470053	chr1	173837344.0	173837458.0	antisense	0.9998000199980002	8.685889667019445e-05	0.05
Arid3a	51	57	0.006329910053537599	0.7756224377562244	chr1	173837344.0	173837458.0	antisense	0.8932508064982976	0.049026583009539035	0.05
HNF1A	52	67	-0.0	0.9954004599540046	chr1	173837344.0	173837458.0	sense	0.9998000199980002	8.685889667019445e-05	0.05
HNF1B	53	66	-0.0	0.997000299970003	chr1	173837344.0	173837458.0	sense	0.9998000199980002	8.685889667019445e-05	0.05
ONECUT3	51	65	-0.0	0.987001299870013	chr1	173837344.0	173837458.0	sense	0.9998000199980002	8.685889667019445e-05	0.05
POU4F2	53	69	-0.0	0.9254074592540746	chr1	173837344.0	173837458.0	antisense	0.9605729427057295	0.017469650675500683	0.05
PAX7	54	64	-0.0	0.9927007299270073	chr1	173837344.0	173837458.0	sense	0.9998000199980002	8.685889667019445e-05	0.05
PAX3	54	64	-0.0	0.994000599940006	chr1	173837344.0	173837458.0	sense	0.9998000199980002	8.685889667019445e-05	0.05
POU3F2	61	73	-0.0	0.9984001599840016	chr1	173837344.0	173837458.0	sense	0.9998000199980002	8.685889667019445e-05	0.05
Pou2f3	52	68	-0.010957147181445834	0.9998000199980002	chr1	173837344.0	173837458.0	antisense	0.9998000199980002	8.685889667019445e-05	0.05
Foxj3	56	73	-0.01316793526850736	0.9991000899910009	chr1	173837344.0	173837458.0	sense	0.9998000199980002	8.685889667019445e-05	0.05
Foxk1	56	73	-0.01844144118330151	0.9984001599840016	chr1	173837344.0	173837458.0	sense	0.9998000199980002	8.685889667019445e-05	0.05
