motif	start	end	score	pval	tile_chr	tile_start	tile_end	strand	padj	neg_log_pval	fdr_cutoff
ETV5	45	55	8.284881356844188	9.999000099990002e-05	chr1	173837438.0	173837552.0	antisense	0.0021622837716228378	2.665087311140011	0.05
ELF5	45	56	8.262839359278823	9.999000099990002e-05	chr1	173837438.0	173837552.0	antisense	0.0021622837716228378	2.665087311140011	0.05
FEV	45	55	7.14851839467032	9.999000099990002e-05	chr1	173837438.0	173837552.0	antisense	0.0021622837716228378	2.665087311140011	0.05
ETV3	45	55	7.0750530795245465	9.999000099990002e-05	chr1	173837438.0	173837552.0	antisense	0.0021622837716228378	2.665087311140011	0.05
ERG	45	55	6.981254688625201	9.999000099990002e-05	chr1	173837438.0	173837552.0	antisense	0.0021622837716228378	2.665087311140011	0.05
ELK4	44	55	6.874228002283369	9.999000099990002e-05	chr1	173837438.0	173837552.0	sense	0.0021622837716228378	2.665087311140011	0.05
Gabpa	43	54	6.795341608675398	9.999000099990002e-05	chr1	173837438.0	173837552.0	antisense	0.0021622837716228378	2.665087311140011	0.05
ETV4	45	55	6.7922820387791365	9.999000099990002e-05	chr1	173837438.0	173837552.0	antisense	0.0021622837716228378	2.665087311140011	0.05
ETS1	45	55	6.774213719003672	9.999000099990002e-05	chr1	173837438.0	173837552.0	antisense	0.0021622837716228378	2.665087311140011	0.05
ETV1	45	55	6.736601107536292	9.999000099990002e-05	chr1	173837438.0	173837552.0	antisense	0.0021622837716228378	2.665087311140011	0.05
ELF4	45	57	6.541316393017989	9.999000099990002e-05	chr1	173837438.0	173837552.0	antisense	0.0021622837716228378	2.665087311140011	0.05
ERF	45	55	6.508988066214696	9.999000099990002e-05	chr1	173837438.0	173837552.0	antisense	0.0021622837716228378	2.665087311140011	0.05
ELK3	45	55	6.497602021924617	9.999000099990002e-05	chr1	173837438.0	173837552.0	antisense	0.0021622837716228378	2.665087311140011	0.05
ELF1	45	57	6.482662931025152	9.999000099990002e-05	chr1	173837438.0	173837552.0	antisense	0.0021622837716228378	2.665087311140011	0.05
ETV6	45	55	6.474402752851235	9.999000099990002e-05	chr1	173837438.0	173837552.0	antisense	0.0021622837716228378	2.665087311140011	0.05
ELK1	45	55	6.368085374210539	9.999000099990002e-05	chr1	173837438.0	173837552.0	antisense	0.0021622837716228378	2.665087311140011	0.05
EHF	45	57	6.2955711177706695	9.999000099990002e-05	chr1	173837438.0	173837552.0	antisense	0.0021622837716228378	2.665087311140011	0.05
FLI1	45	55	6.282181262153417	9.999000099990002e-05	chr1	173837438.0	173837552.0	antisense	0.0021622837716228378	2.665087311140011	0.05
ELF3	44	57	6.105301458168892	9.999000099990002e-05	chr1	173837438.0	173837552.0	antisense	0.0021622837716228378	2.665087311140011	0.05
THAP1	47	56	5.805831520668516	0.00029997000299970003	chr1	173837438.0	173837552.0	sense	0.005368428674373942	2.2701528126076984	0.05
Stat4	44	58	5.598755898945709	9.999000099990002e-05	chr1	173837438.0	173837552.0	antisense	0.0021622837716228378	2.665087311140011	0.05
SPDEF	45	56	4.634324215137594	9.999000099990002e-05	chr1	173837438.0	173837552.0	antisense	0.0021622837716228378	2.665087311140011	0.05
STAT3	47	58	4.5694705154629665	9.999000099990002e-05	chr1	173837438.0	173837552.0	sense	0.0021622837716228378	2.665087311140011	0.05
Stat6	45	60	4.459416833129251	9.999000099990002e-05	chr1	173837438.0	173837552.0	sense	0.0021622837716228378	2.665087311140011	0.05
Stat5a::Stat5b	46	57	4.296098740128887	9.999000099990002e-05	chr1	173837438.0	173837552.0	sense	0.0021622837716228378	2.665087311140011	0.05
ETV2	45	56	4.2578541858829775	0.00019998000199980003	chr1	173837438.0	173837552.0	antisense	0.0038440600384406004	2.415209837923411	0.05
STAT1	47	58	4.113733863939746	0.00029997000299970003	chr1	173837438.0	173837552.0	antisense	0.005368428674373942	2.2701528126076984	0.05
E2F6	46	57	4.0893360238175696	0.00019998000199980003	chr1	173837438.0	173837552.0	antisense	0.0038440600384406004	2.415209837923411	0.05
E2F4	46	57	4.046352820017954	0.00019998000199980003	chr1	173837438.0	173837552.0	antisense	0.0038440600384406004	2.415209837923411	0.05
Bcl6	47	61	4.046268997131747	0.0017998200179982	chr1	173837438.0	173837552.0	sense	0.029190830916908307	1.5347535426450047	0.05
NFATC1	45	55	3.9553485845292866	0.0065993400659934	chr1	173837438.0	173837552.0	sense	0.08154898795834702	1.0885814242844367	0.05
SPIC	45	59	3.8931690210356353	0.0022997700229977	chr1	173837438.0	173837552.0	antisense	0.035105312998111954	1.454627150453067	0.05
HSF4	48	61	3.5886817475982866	0.0030996900309969004	chr1	173837438.0	173837552.0	sense	0.041249721181727976	1.3845789826206314	0.05
NFATC3	45	55	3.581102932101037	0.008399160083991601	chr1	173837438.0	173837552.0	sense	0.09687031296870313	1.0138092971418668	0.05
REL	42	52	3.5200317189950994	0.0031996800319968005	chr1	173837438.0	173837552.0	sense	0.04151584841515849	1.3817860824364612	0.05
SPIB	48	55	3.39738481908895	0.0024997500249975004	chr1	173837438.0	173837552.0	antisense	0.03687262852662102	1.4332959018862277	0.05
NKX2-8	44	53	3.2777310903289587	0.0072992700729927005	chr1	173837438.0	173837552.0	sense	0.08810049227635375	1.0550216648875355	0.05
NRL	41	52	3.2259605544822723	0.026297370262973702	chr1	173837438.0	173837552.0	sense	0.24372027083005984	0.6131083479448474	0.05
NFATC2	46	53	3.178403703033825	0.0026997300269973002	chr1	173837438.0	173837552.0	sense	0.03687262852662102	1.4332959018862277	0.05
Nr2e1	43	52	3.155421260731299	0.0018998100189981002	chr1	173837438.0	173837552.0	antisense	0.029878830298788305	1.5246364083534634	0.05
SPI1	45	59	3.1455870635815097	0.0007999200079992001	chr1	173837438.0	173837552.0	antisense	0.013838616138386162	1.8589073371561238	0.05
GSC2	44	54	3.1356608583368084	0.029797020297970205	chr1	173837438.0	173837552.0	sense	0.2621127717736701	0.5815118169942938	0.05
HSF2	48	61	3.1000942485060072	0.0025997400259974	chr1	173837438.0	173837552.0	sense	0.03687262852662102	1.4332959018862277	0.05
TFAP2A	45	56	2.9908791551080927	0.012598740125987402	chr1	173837438.0	173837552.0	sense	0.13622387761223878	0.8657467616864292	0.05
TEAD1	44	54	2.989657408918495	0.014598540145985401	chr1	173837438.0	173837552.0	sense	0.1485616144267926	0.8280933897419042	0.05
Hand1::Tcf3	47	57	2.9352469337017095	0.013498650134986502	chr1	173837438.0	173837552.0	antisense	0.1429754983685305	0.8447383809619123	0.05
NKX3-2	43	52	2.8911524238485913	0.0115988401159884	chr1	173837438.0	173837552.0	sense	0.13086517435213	0.8831759118830604	0.05
HSF1	48	61	2.8646582473458833	0.0026997300269973002	chr1	173837438.0	173837552.0	sense	0.03687262852662102	1.4332959018862277	0.05
MZF1(var.2)	47	57	2.853441887589638	0.0163983601639836	chr1	173837438.0	173837552.0	antisense	0.16366824855975942	0.7860355650155061	0.05
NFIX	46	55	2.79385339322862	0.031596840315968405	chr1	173837438.0	173837552.0	sense	0.2644961310320581	0.5775806763082548	0.05
NKX2-3	43	53	2.775051641868168	0.014298570142985701	chr1	173837438.0	173837552.0	sense	0.14841915808419157	0.8285100362993618	0.05
GLIS3	47	61	2.7254459327623484	0.0014998500149985001	chr1	173837438.0	173837552.0	antisense	0.025110392186587793	1.6001465042069962	0.05
Pax2	50	58	2.7247063620956475	0.055094490550944904	chr1	173837438.0	173837552.0	antisense	0.3574255074492551	0.4468144575685633	0.05
Nkx3-1	43	52	2.6546223517775247	0.0122987701229877	chr1	173837438.0	173837552.0	sense	0.13580982327299182	0.8670688159247244	0.05
ZIC4	45	60	2.570688094055015	0.0354964503549645	chr1	173837438.0	173837552.0	sense	0.28785402709729024	0.5408276903571979	0.05
Pparg::Rxra	42	57	2.53453771138995	0.07679232076792321	chr1	173837438.0	173837552.0	antisense	0.44166996343843873	0.3549021347160167	0.05
Prrx2	44	52	2.5284418908560404	0.06919308069193081	chr1	173837438.0	173837552.0	sense	0.41336900792679354	0.38366208743521657	0.05
Pax6	48	62	2.5238207899726475	0.030596940305969402	chr1	173837438.0	173837552.0	sense	0.2644961310320581	0.5775806763082548	0.05
TFAP2C	44	56	2.5087919013248685	0.05449455054494551	chr1	173837438.0	173837552.0	antisense	0.3574255074492551	0.4468144575685633	0.05
Neurog1	45	55	2.4719949985899867	0.13038696130386962	chr1	173837438.0	173837552.0	antisense	0.5328412040685695	0.2734021989884603	0.05
Tcfl5	47	57	2.4630506049494727	0.19018098190180982	chr1	173837438.0	173837552.0	sense	0.6807167559106159	0.16703355906198455	0.05
Pou5f1::Sox2	46	61	2.449400719826282	0.03519648035196481	chr1	173837438.0	173837552.0	antisense	0.28785402709729024	0.5408276903571979	0.05
Rarg(var.2)	43	60	2.44711729846103	0.0047995200479952005	chr1	173837438.0	173837552.0	antisense	0.060754900119744125	1.216418688772553	0.05
Ddit3::Cebpa	40	52	2.4400163708121148	0.0413958604139586	chr1	173837438.0	173837552.0	sense	0.30645989455108547	0.5136263521889591	0.05
Hes1	47	57	2.4202275092346444	0.2852714728527147	chr1	173837438.0	173837552.0	antisense	0.8600139986001399	0.06549447961071575	0.05
RAX2	44	52	2.4163657976405393	0.0730926907309269	chr1	173837438.0	173837552.0	sense	0.42623715156574227	0.3703486991154572	0.05
TFAP2B	44	56	2.4065626048019246	0.0560943905609439	chr1	173837438.0	173837552.0	antisense	0.3594196135941961	0.44439822705089316	0.05
NFAT5	46	56	2.40591132736321	0.0425957404259574	chr1	173837438.0	173837552.0	sense	0.30645989455108547	0.5136263521889591	0.05
PAX5	41	60	2.3996588625268527	0.07829217078292171	chr1	173837438.0	173837552.0	antisense	0.44166996343843873	0.3549021347160167	0.05
Hes2	43	56	2.3809640873759874	0.21637836216378362	chr1	173837438.0	173837552.0	antisense	0.7339893461634228	0.13431024381147183	0.05
ALX3	43	53	2.379024040416236	0.12488751124887511	chr1	173837438.0	173837552.0	sense	0.5248071966996849	0.2800002180959422	0.05
TFAP2C(var.2)	45	56	2.3662046968407378	0.043195680431956804	chr1	173837438.0	173837552.0	sense	0.30645989455108547	0.5136263521889591	0.05
TFAP2A(var.2)	44	56	2.3645262789295742	0.06029397060293971	chr1	173837438.0	173837552.0	sense	0.37701892461356273	0.4236368496643274	0.05
GCM2	48	58	2.3604938429581144	0.036996300369963	chr1	173837438.0	173837552.0	antisense	0.29092545290925453	0.5362182809032785	0.05
EGR4	46	62	2.3249977853150163	0.070992900709929	chr1	173837438.0	173837552.0	antisense	0.41869676668696765	0.37810039285949815	0.05
TFAP2B(var.3)	44	57	2.2994343441017335	0.0314968503149685	chr1	173837438.0	173837552.0	antisense	0.2644961310320581	0.5775806763082548	0.05
TFAP2B(var.2)	45	56	2.2368898217574	0.0403959604039596	chr1	173837438.0	173837552.0	sense	0.30645989455108547	0.5136263521889591	0.05
EGR1	47	61	2.228655560009164	0.025197480251974803	chr1	173837438.0	173837552.0	sense	0.2377725863777259	0.6238382181411045	0.05
TFAP2A(var.3)	44	57	2.216837605322769	0.0463953604639536	chr1	173837438.0	173837552.0	antisense	0.3168314747472621	0.4991716811543153	0.05
NFIC	48	54	2.1874960141550615	0.043695630436956304	chr1	173837438.0	173837552.0	antisense	0.30645989455108547	0.5136263521889591	0.05
TFAP2C(var.3)	44	57	2.185507332800653	0.0428957104289571	chr1	173837438.0	173837552.0	antisense	0.30645989455108547	0.5136263521889591	0.05
HINFP	44	56	2.1574863592706404	0.055094490550944904	chr1	173837438.0	173837552.0	sense	0.3574255074492551	0.4468144575685633	0.05
Gata4	41	52	2.145493992800941	0.029797020297970205	chr1	173837438.0	173837552.0	sense	0.2621127717736701	0.5815118169942938	0.05
MSX1	44	52	2.093393774698837	0.0690930906909309	chr1	173837438.0	173837552.0	sense	0.41336900792679354	0.38366208743521657	0.05
EVX2	43	53	2.06291758560324	0.1877812218778122	chr1	173837438.0	173837552.0	antisense	0.6767948205179483	0.1695429735935623	0.05
ZIC3	45	60	2.0625242435646354	0.040195980401959805	chr1	173837438.0	173837552.0	sense	0.30645989455108547	0.5136263521889591	0.05
GATA1::TAL1	42	60	2.0518072785723076	0.12538746125387462	chr1	173837438.0	173837552.0	sense	0.5248071966996849	0.2800002180959422	0.05
HOXB2	42	52	2.0443102267565965	0.20437956204379562	chr1	173837438.0	173837552.0	antisense	0.7085371462853715	0.1496373761802929	0.05
TEAD4	44	54	2.043037610998092	0.09549045095490451	chr1	173837438.0	173837552.0	sense	0.4795280087375878	0.3191860210586398	0.05
GSX2	42	52	2.0328046532221355	0.3026697330266973	chr1	173837438.0	173837552.0	antisense	0.8726977302269773	0.05913615357513794	0.05
HMBOX1	42	52	2.031832924362582	0.10538946105389461	chr1	173837438.0	173837552.0	antisense	0.48526200011577786	0.314023716074324	0.05
RARA::RXRA	42	59	2.0292503991607798	0.09559044095590441	chr1	173837438.0	173837552.0	antisense	0.4795280087375878	0.3191860210586398	0.05
MAFG	41	62	2.0098727252075697	0.08259174082591741	chr1	173837438.0	173837552.0	antisense	0.45503554907667126	0.34195467331046503	0.05
EBF1	47	61	2.007095956960429	0.049595040495950406	chr1	173837438.0	173837552.0	sense	0.33428345477140603	0.4758851181106892	0.05
Hoxd9	41	51	1.99153626970596	0.10378962103789621	chr1	173837438.0	173837552.0	antisense	0.48526200011577786	0.314023716074324	0.05
TBX5	42	50	1.9852940148906018	0.0994900509949005	chr1	173837438.0	173837552.0	antisense	0.48339054983390545	0.315701844195446	0.05
ZBTB7C	48	60	1.9799682800506062	0.1506849315068493	chr1	173837438.0	173837552.0	antisense	0.58801112369966	0.23061445808085884	0.05
GSX1	42	52	1.9399619965706576	0.3334666533346665	chr1	173837438.0	173837552.0	antisense	0.919004924904335	0.036682161243871775	0.05
BCL6B	44	61	1.9146638631304704	0.007499250074992501	chr1	173837438.0	173837552.0	antisense	0.08845706338457064	1.0532674825228923	0.05
TBX2	40	51	1.9047007870364732	0.1566843315668433	chr1	173837438.0	173837552.0	antisense	0.6023642080236421	0.2201408414548208	0.05
MZF1	49	55	1.9045668991055698	0.036396360363963605	chr1	173837438.0	173837552.0	antisense	0.2906109389061094	0.5366880424222044	0.05
YY2	48	59	1.891283932741177	0.11098890110988902	chr1	173837438.0	173837552.0	sense	0.49432005951947183	0.3059917655014879	0.05
CENPB	40	55	1.891204272745013	0.12958704129587043	chr1	173837438.0	173837552.0	antisense	0.5328412040685695	0.2734021989884603	0.05
RELA	42	52	1.8897133186473947	0.027197280271972803	chr1	173837438.0	173837552.0	sense	0.2476383940553313	0.6061820210666975	0.05
PHOX2A	40	51	1.8706336705226705	0.10058994100589941	chr1	173837438.0	173837552.0	antisense	0.48339054983390545	0.315701844195446	0.05
Rfx1	46	60	1.8590422688314623	0.0983901609839016	chr1	173837438.0	173837552.0	sense	0.48339054983390545	0.315701844195446	0.05
E2F8	47	59	1.8470072324465163	0.019598040195980403	chr1	173837438.0	173837552.0	sense	0.18835894188358943	0.7250137578948973	0.05
TBX4	42	50	1.8369209978108718	0.0826917308269173	chr1	173837438.0	173837552.0	antisense	0.45503554907667126	0.34195467331046503	0.05
XBP1	46	60	1.8363666459711747	0.0832916708329167	chr1	173837438.0	173837552.0	sense	0.45503554907667126	0.34195467331046503	0.05
UNCX	44	52	1.8253260034125462	0.194980501949805	chr1	173837438.0	173837552.0	sense	0.6884005477003319	0.162158792814063	0.05
TEAD3	45	53	1.820323187377569	0.043495650434956505	chr1	173837438.0	173837552.0	sense	0.30645989455108547	0.5136263521889591	0.05
Esrrg	42	52	1.8155498999955941	0.058394160583941604	chr1	173837438.0	173837552.0	antisense	0.36959230906177676	0.432277074699722	0.05
ZBTB18	47	60	1.8082708000412924	0.06929307069293071	chr1	173837438.0	173837552.0	sense	0.41336900792679354	0.38366208743521657	0.05
ZNF263	40	61	1.7711863368494114	0.1366863313668633	chr1	173837438.0	173837552.0	antisense	0.5542203592140786	0.25631752450845086	0.05
TBX19	40	60	1.7223523403051524	0.12068793120687932	chr1	173837438.0	173837552.0	antisense	0.5176614569947964	0.2859541696475057	0.05
CREB3	47	61	1.7197440803087576	0.1065893410658934	chr1	173837438.0	173837552.0	sense	0.48526200011577786	0.314023716074324	0.05
Zfx	46	60	1.7063320310402892	0.16328367163283672	chr1	173837438.0	173837552.0	sense	0.6185709896163668	0.20861045184814342	0.05
TCF7L2	48	62	1.6996669193203213	0.14828517148285172	chr1	173837438.0	173837552.0	antisense	0.5830303333303034	0.23430884960587262	0.05
NR4A2	42	50	1.6888036918299094	0.08759124087591241	chr1	173837438.0	173837552.0	antisense	0.4735401459854015	0.32464319629989247	0.05
LBX2	46	56	1.6823676249717698	0.39076092390760925	chr1	173837438.0	173837552.0	antisense	0.9611607559623185	0.017203969679361986	0.05
CDX1	42	51	1.6579460962447945	0.1468853114688531	chr1	173837438.0	173837552.0	antisense	0.5819349362773646	0.2351255692939126	0.05
TFCP2	47	57	1.6568373697442886	0.11538846115388461	chr1	173837438.0	173837552.0	antisense	0.49905509449055097	0.301851506656317	0.05
Mitf	47	57	1.6324459698013314	0.36246375362463756	chr1	173837438.0	173837552.0	sense	0.9511427645114277	0.021754291489379428	0.05
Barhl1	42	52	1.6253159930992367	0.45485451454854514	chr1	173837438.0	173837552.0	sense	0.9967003299670033	0.0014353979617682702	0.05
RARA(var.2)	42	59	1.6138731755911755	0.04459554044595541	chr1	173837438.0	173837552.0	antisense	0.3086011398860114	0.510602474107963	0.05
EWSR1-FLI1	42	60	1.5670883631362842	0.019598040195980403	chr1	173837438.0	173837552.0	antisense	0.18835894188358943	0.7250137578948973	0.05
HOXA5	45	53	1.5560141104988496	0.14488551144885511	chr1	173837438.0	173837552.0	antisense	0.5784275418611985	0.237751036264067	0.05
TBX21	41	51	1.5482091518168009	0.11238876112388761	chr1	173837438.0	173837552.0	antisense	0.49432005951947183	0.3059917655014879	0.05
SP1	47	58	1.542618356832898	0.08949105089491051	chr1	173837438.0	173837552.0	sense	0.478823251695449	0.31982476837873774	0.05
MGA	42	50	1.5320109904422872	0.11018898110188981	chr1	173837438.0	173837552.0	antisense	0.49432005951947183	0.3059917655014879	0.05
SP2	47	62	1.5265475924427818	0.17798220177982202	chr1	173837438.0	173837552.0	sense	0.6527051520200092	0.1852829592589337	0.05
GATA2	46	60	1.5260303119510392	0.20657934206579343	chr1	173837438.0	173837552.0	sense	0.7100309836566013	0.14872269953797243	0.05
TBR1	40	50	1.518633018652016	0.1536846315368463	chr1	173837438.0	173837552.0	antisense	0.595241222146442	0.22530700029346734	0.05
IRF7	40	54	1.4975057186821352	0.10268973102689731	chr1	173837438.0	173837552.0	antisense	0.48450882184508826	0.31469831098935164	0.05
TBX1	42	50	1.4617548961959803	0.09119088091190881	chr1	173837438.0	173837552.0	antisense	0.4795280087375878	0.3191860210586398	0.05
NFKB2	42	55	1.4567431903706163	0.11388861113888611	chr1	173837438.0	173837552.0	sense	0.4967074721099319	0.3038993067418352	0.05
INSM1	48	60	1.4494651771789075	0.12218778122187782	chr1	173837438.0	173837552.0	sense	0.5197988397881523	0.2841646941966176	0.05
RORA	48	58	1.4420958323186535	0.12838716128387162	chr1	173837438.0	173837552.0	sense	0.5328412040685695	0.2734021989884603	0.05
TBX20	40	51	1.4346466052157356	0.1678832116788321	chr1	173837438.0	173837552.0	antisense	0.6223670490093847	0.20595340896859415	0.05
YY1	46	58	1.4345837118677938	0.1785821417858214	chr1	173837438.0	173837552.0	antisense	0.6527051520200092	0.1852829592589337	0.05
HIC2	48	57	1.4323285438972007	0.300969903009699	chr1	173837438.0	173837552.0	sense	0.8726977302269773	0.05913615357513794	0.05
Crx	42	53	1.4241110553164251	0.1825817418258174	chr1	173837438.0	173837552.0	antisense	0.6626568112419526	0.17871133369518655	0.05
Spz1	44	55	1.4022464323535448	0.21977802219778023	chr1	173837438.0	173837552.0	antisense	0.7341785052264004	0.13419833462121142	0.05
TBX15	42	50	1.3946543276811727	0.09249075092490751	chr1	173837438.0	173837552.0	antisense	0.4795280087375878	0.3191860210586398	0.05
ESRRB	41	52	1.3684590414544116	0.1060893910608939	chr1	173837438.0	173837552.0	antisense	0.48526200011577786	0.314023716074324	0.05
ZBTB33	45	60	1.3634499935320001	0.2906709329067093	chr1	173837438.0	173837552.0	antisense	0.8654049367790494	0.06278063165892134	0.05
Nr2e3	44	51	1.3454880584821152	0.0948905109489051	chr1	173837438.0	173837552.0	antisense	0.4795280087375878	0.3191860210586398	0.05
Vdr	43	59	1.337363243343452	0.09609039096090391	chr1	173837438.0	173837552.0	antisense	0.4795280087375878	0.3191860210586398	0.05
MEF2C	42	57	1.3162583538800805	0.29347065293470653	chr1	173837438.0	173837552.0	antisense	0.8654049367790494	0.06278063165892134	0.05
SP3	49	60	1.3159554215751468	0.2927707229277072	chr1	173837438.0	173837552.0	sense	0.8654049367790494	0.06278063165892134	0.05
FIGLA	49	59	1.3047104729666588	0.3060693930606939	chr1	173837438.0	173837552.0	antisense	0.8728022802115393	0.05908412781614498	0.05
PRDM1	44	59	1.2854330027924916	0.2850714928507149	chr1	173837438.0	173837552.0	antisense	0.8600139986001399	0.06549447961071575	0.05
POU3F1	44	56	1.2764919852006729	0.3628637136286371	chr1	173837438.0	173837552.0	antisense	0.9511427645114277	0.021754291489379428	0.05
Arid5a	48	62	1.2496217137111554	0.5513448655134486	chr1	173837438.0	173837552.0	antisense	0.9967003299670033	0.0014353979617682702	0.05
BARHL2	49	59	1.247414742491862	0.4938506149385061	chr1	173837438.0	173837552.0	antisense	0.9967003299670033	0.0014353979617682702	0.05
PITX3	43	52	1.2460500009855153	0.3845615438456154	chr1	173837438.0	173837552.0	sense	0.9595597583098832	0.017927973616276544	0.05
Pitx1	44	52	1.2454377260817862	0.35826417358264173	chr1	173837438.0	173837552.0	sense	0.9511427645114277	0.021754291489379428	0.05
Rarb(var.2)	43	60	1.2453439172489156	0.07749225077492251	chr1	173837438.0	173837552.0	antisense	0.44166996343843873	0.3549021347160167	0.05
Gfi1	40	50	1.2439754839498125	0.4213578642135786	chr1	173837438.0	173837552.0	sense	0.9958193369852204	0.0018194447763245252	0.05
NFYA	44	62	1.242246757837317	0.2866713328667133	chr1	173837438.0	173837552.0	sense	0.8600139986001399	0.06549447961071575	0.05
E2F1	48	60	1.2401493597785256	0.34296570342965704	chr1	173837438.0	173837552.0	sense	0.9284891098519015	0.03222318568721884	0.05
KLF5	47	57	1.2394044047452826	0.16728327167283272	chr1	173837438.0	173837552.0	sense	0.6223670490093847	0.20595340896859415	0.05
PLAG1	43	57	1.2317187924655557	0.1116888311168883	chr1	173837438.0	173837552.0	antisense	0.49432005951947183	0.3059917655014879	0.05
Hic1	48	57	1.2294142136344897	0.37366263373662634	chr1	173837438.0	173837552.0	sense	0.9595597583098832	0.017927973616276544	0.05
DMRT3	40	51	1.220442316457022	0.37446255374462556	chr1	173837438.0	173837552.0	antisense	0.9595597583098832	0.017927973616276544	0.05
TCF4	49	59	1.2063694460605041	0.2546745325467453	chr1	173837438.0	173837552.0	antisense	0.8010671660106716	0.09633106867869601	0.05
MYBL1	49	61	1.1939631965969693	0.2248775122487751	chr1	173837438.0	173837552.0	sense	0.7363188209480939	0.1329340984375516	0.05
POU3F2	44	56	1.1887871023339995	0.28377162283771623	chr1	173837438.0	173837552.0	antisense	0.8600139986001399	0.06549447961071575	0.05
RFX4	45	61	1.1880768172934881	0.3174682531746825	chr1	173837438.0	173837552.0	antisense	0.8858388354712916	0.05264528401832664	0.05
E2F7	46	60	1.1715363274515074	0.06669333066693331	chr1	173837438.0	173837552.0	sense	0.4120695073349808	0.3850295215737375	0.05
Gata1	40	51	1.1659988519820006	0.24327567243275672	chr1	173837438.0	173837552.0	sense	0.784224062065843	0.1055598365294361	0.05
RFX3	45	61	1.1649692560823186	0.25917408259174085	chr1	173837438.0	173837552.0	sense	0.8103093305127319	0.09134916026990417	0.05
Atf3	42	50	1.1579493714820561	0.22367763223677634	chr1	173837438.0	173837552.0	sense	0.7363188209480939	0.1329340984375516	0.05
MEIS1	43	50	1.147616883343615	0.38536146385361464	chr1	173837438.0	173837552.0	sense	0.9595597583098832	0.017927973616276544	0.05
DUXA	40	53	1.1425506351587897	0.3882611738826117	chr1	173837438.0	173837552.0	antisense	0.9595597583098832	0.017927973616276544	0.05
RUNX1	46	57	1.1402361691419265	0.4443555644435556	chr1	173837438.0	173837552.0	sense	0.9967003299670033	0.0014353979617682702	0.05
POU4F3	45	61	1.1344693324619697	0.46515348465153483	chr1	173837438.0	173837552.0	antisense	0.9967003299670033	0.0014353979617682702	0.05
LMX1B	44	52	1.0963675716407346	0.5228477152284772	chr1	173837438.0	173837552.0	antisense	0.9967003299670033	0.0014353979617682702	0.05
MIXL1	43	53	1.0950022403110675	0.6665333466653335	chr1	173837438.0	173837552.0	sense	0.9967003299670033	0.0014353979617682702	0.05
RFX5	45	61	1.0937568286997812	0.16748325167483252	chr1	173837438.0	173837552.0	sense	0.6223670490093847	0.20595340896859415	0.05
SRY	42	51	1.092260146546155	0.42595740425957407	chr1	173837438.0	173837552.0	antisense	0.9958193369852204	0.0018194447763245252	0.05
HOXB3	42	52	1.087403810062028	0.6662333766623337	chr1	173837438.0	173837552.0	antisense	0.9967003299670033	0.0014353979617682702	0.05
GATA5	41	49	1.0849836370342032	0.4530546945305469	chr1	173837438.0	173837552.0	antisense	0.9967003299670033	0.0014353979617682702	0.05
HOXA2	42	52	1.0823900309744265	0.6418358164183582	chr1	173837438.0	173837552.0	antisense	0.9967003299670033	0.0014353979617682702	0.05
NR2F1	49	62	1.0759978558486873	0.42285771422857715	chr1	173837438.0	173837552.0	antisense	0.9958193369852204	0.0018194447763245252	0.05
FOXP3	44	51	1.0739080709929458	0.34706529347065296	chr1	173837438.0	173837552.0	antisense	0.9284891098519015	0.03222318568721884	0.05
HLTF	48	58	1.0678062246355295	0.6142385761423858	chr1	173837438.0	173837552.0	sense	0.9967003299670033	0.0014353979617682702	0.05
CTCF	41	60	1.0610780661473207	0.29587041295870414	chr1	173837438.0	173837552.0	antisense	0.8675522278280647	0.06170437062957838	0.05
ZBTB7A	49	61	1.0581132653389844	0.41375862413758624	chr1	173837438.0	173837552.0	antisense	0.9958193369852204	0.0018194447763245252	0.05
Nr5a2	46	61	1.0577595392872743	0.45885411458854114	chr1	173837438.0	173837552.0	sense	0.9967003299670033	0.0014353979617682702	0.05
MEOX2	47	57	1.050175134230659	0.6966303369663034	chr1	173837438.0	173837552.0	sense	0.9967003299670033	0.0014353979617682702	0.05
STAT1::STAT2	43	58	1.0471734293168666	0.2723727627237276	chr1	173837438.0	173837552.0	sense	0.8464758314587704	0.07238543733524051	0.05
Myc	50	60	1.0458247429879595	0.2836716328367163	chr1	173837438.0	173837552.0	sense	0.8600139986001399	0.06549447961071575	0.05
ESR2	47	62	1.0452053022306258	0.57994200579942	chr1	173837438.0	173837552.0	antisense	0.9967003299670033	0.0014353979617682702	0.05
SP8	49	61	1.0397292486156753	0.3848615138486151	chr1	173837438.0	173837552.0	sense	0.9595597583098832	0.017927973616276544	0.05
NFIC::TLX1	43	57	1.0261544836328085	0.2206779322067793	chr1	173837438.0	173837552.0	antisense	0.7341785052264004	0.13419833462121142	0.05
NR2C2	43	58	1.024423426878851	0.3174682531746825	chr1	173837438.0	173837552.0	antisense	0.8858388354712916	0.05264528401832664	0.05
Sox3	42	52	1.021911896174077	0.24917508249175083	chr1	173837438.0	173837552.0	sense	0.7913958604139587	0.10160622574560012	0.05
Gmeb1	40	57	1.021588238473292	0.9248075192480751	chr1	173837438.0	173837552.0	sense	0.9967003299670033	0.0014353979617682702	0.05
KLF16	49	60	1.0033856407610862	0.28147185281471854	chr1	173837438.0	173837552.0	sense	0.8600139986001399	0.06549447961071575	0.05
GSC	43	53	1.0020815138734827	0.5707429257074292	chr1	173837438.0	173837552.0	sense	0.9967003299670033	0.0014353979617682702	0.05
TBP	45	60	0.9970501344191927	0.6342365763423657	chr1	173837438.0	173837552.0	antisense	0.9967003299670033	0.0014353979617682702	0.05
RFX2	45	61	0.9929117835650565	0.20477952204779523	chr1	173837438.0	173837552.0	sense	0.7085371462853715	0.1496373761802929	0.05
OTX2	42	50	0.9886245615827055	0.44555544445555445	chr1	173837438.0	173837552.0	sense	0.9967003299670033	0.0014353979617682702	0.05
POU5F1B	46	55	0.9781154771620907	0.43885611438856115	chr1	173837438.0	173837552.0	antisense	0.9967003299670033	0.0014353979617682702	0.05
PRRX1	44	52	0.9743442038409563	0.5137486251374862	chr1	173837438.0	173837552.0	antisense	0.9967003299670033	0.0014353979617682702	0.05
TFE3	48	58	0.9724790459277323	0.6558344165583442	chr1	173837438.0	173837552.0	sense	0.9967003299670033	0.0014353979617682702	0.05
GATA3	41	49	0.9688248910065312	0.1934806519348065	chr1	173837438.0	173837552.0	antisense	0.6877839613298944	0.1625479558579117	0.05
POU1F1	43	57	0.967180791691417	0.49395060493950604	chr1	173837438.0	173837552.0	antisense	0.9967003299670033	0.0014353979617682702	0.05
SHOX	44	52	0.965788784115736	0.6106389361063893	chr1	173837438.0	173837552.0	sense	0.9967003299670033	0.0014353979617682702	0.05
Foxq1	41	52	0.9614899328546959	0.3116688331166883	chr1	173837438.0	173837552.0	antisense	0.881647704794738	0.054704918754773145	0.05
BSX	43	51	0.9614014733452865	0.48055194480551944	chr1	173837438.0	173837552.0	antisense	0.9967003299670033	0.0014353979617682702	0.05
Foxo1	49	60	0.9586490069572896	0.37976202379762025	chr1	173837438.0	173837552.0	sense	0.9595597583098832	0.017927973616276544	0.05
Sox1	43	58	0.9543520703387298	0.19688031196880312	chr1	173837438.0	173837552.0	sense	0.6904113642689785	0.16089206868524397	0.05
SNAI2	43	52	0.9542599272183859	0.571942805719428	chr1	173837438.0	173837552.0	antisense	0.9967003299670033	0.0014353979617682702	0.05
GCM1	47	58	0.9477706819894401	0.44985501449855014	chr1	173837438.0	173837552.0	antisense	0.9967003299670033	0.0014353979617682702	0.05
GLIS1	46	62	0.9457703202852906	0.1024897510248975	chr1	173837438.0	173837552.0	antisense	0.48450882184508826	0.31469831098935164	0.05
POU2F1	45	57	0.9452732268790862	0.5604439556044396	chr1	173837438.0	173837552.0	antisense	0.9967003299670033	0.0014353979617682702	0.05
Myb	43	53	0.9443391604812651	0.34626537346265374	chr1	173837438.0	173837552.0	sense	0.9284891098519015	0.03222318568721884	0.05
LEF1	47	62	0.9298039607208647	0.31256874312568744	chr1	173837438.0	173837552.0	antisense	0.881647704794738	0.054704918754773145	0.05
VENTX	49	58	0.9282827415386636	0.43685631436856315	chr1	173837438.0	173837552.0	sense	0.9967003299670033	0.0014353979617682702	0.05
Myod1	49	62	0.9253311014981899	0.49375062493750627	chr1	173837438.0	173837552.0	sense	0.9967003299670033	0.0014353979617682702	0.05
MAFK	47	62	0.9136233853915555	0.5985401459854015	chr1	173837438.0	173837552.0	sense	0.9967003299670033	0.0014353979617682702	0.05
Arid3b	41	52	0.911712699984149	0.521047895210479	chr1	173837438.0	173837552.0	sense	0.9967003299670033	0.0014353979617682702	0.05
TCF3	49	59	0.9049666970260833	0.49355064493550643	chr1	173837438.0	173837552.0	antisense	0.9967003299670033	0.0014353979617682702	0.05
IRF8	40	54	0.9044333033953926	0.16318368163183683	chr1	173837438.0	173837552.0	antisense	0.6185709896163668	0.20861045184814342	0.05
POU6F1	47	57	0.9041253562603135	0.5123487651234877	chr1	173837438.0	173837552.0	sense	0.9967003299670033	0.0014353979617682702	0.05
MAX::MYC	48	59	0.9023466753712767	0.4687531246875312	chr1	173837438.0	173837552.0	sense	0.9967003299670033	0.0014353979617682702	0.05
Mafb	41	53	0.901343143195169	0.6797320267973203	chr1	173837438.0	173837552.0	antisense	0.9967003299670033	0.0014353979617682702	0.05
ZBTB7B	49	61	0.8870516481197943	0.41505849415058493	chr1	173837438.0	173837552.0	antisense	0.9958193369852204	0.0018194447763245252	0.05
RHOXF1	44	52	0.8811693972040828	0.5954404559544045	chr1	173837438.0	173837552.0	antisense	0.9967003299670033	0.0014353979617682702	0.05
HLF	46	58	0.8795206428103504	0.567943205679432	chr1	173837438.0	173837552.0	sense	0.9967003299670033	0.0014353979617682702	0.05
FOXH1	44	55	0.8795050049104091	0.3975602439756024	chr1	173837438.0	173837552.0	sense	0.9732724840723475	0.011765554631880564	0.05
CREB1	44	52	0.8793164705743832	0.49595040495950404	chr1	173837438.0	173837552.0	antisense	0.9967003299670033	0.0014353979617682702	0.05
Mycn	49	57	0.8770218961311242	0.3023697630236976	chr1	173837438.0	173837552.0	sense	0.8726977302269773	0.05913615357513794	0.05
Klf4	49	59	0.874204373394022	0.33466653334666535	chr1	173837438.0	173837552.0	antisense	0.919004924904335	0.036682161243871775	0.05
Sox11	43	58	0.8677983679686132	0.10028997100289971	chr1	173837438.0	173837552.0	sense	0.48339054983390545	0.315701844195446	0.05
IRF2	41	59	0.8642406918498996	0.22557744225577442	chr1	173837438.0	173837552.0	antisense	0.7363188209480939	0.1329340984375516	0.05
NEUROD2	49	59	0.8637996176577886	0.6182381761823817	chr1	173837438.0	173837552.0	antisense	0.9967003299670033	0.0014353979617682702	0.05
SOX4	42	58	0.8606719774815935	0.09379062093790622	chr1	173837438.0	173837552.0	sense	0.4795280087375878	0.3191860210586398	0.05
IRF9	46	61	0.8593984566940723	0.13858614138586142	chr1	173837438.0	173837552.0	antisense	0.5575674990640471	0.2537025494518658	0.05
TAL1::TCF3	49	61	0.8448285064251659	0.4714528547145285	chr1	173837438.0	173837552.0	antisense	0.9967003299670033	0.0014353979617682702	0.05
CEBPB	47	57	0.839224169575494	0.48365163483651635	chr1	173837438.0	173837552.0	sense	0.9967003299670033	0.0014353979617682702	0.05
ID4	49	59	0.8325982435032794	0.5696430356964304	chr1	173837438.0	173837552.0	antisense	0.9967003299670033	0.0014353979617682702	0.05
FOS::JUN	48	55	0.8318064381120936	0.5172482751724827	chr1	173837438.0	173837552.0	sense	0.9967003299670033	0.0014353979617682702	0.05
EGR2	47	58	0.8292404782936899	0.3705629437056294	chr1	173837438.0	173837552.0	sense	0.9595597583098832	0.017927973616276544	0.05
CEBPE	47	57	0.8250069327736899	0.5738426157384262	chr1	173837438.0	173837552.0	sense	0.9967003299670033	0.0014353979617682702	0.05
TEF	46	58	0.8194633555794497	0.4370562943705629	chr1	173837438.0	173837552.0	sense	0.9967003299670033	0.0014353979617682702	0.05
Creb3l2	49	58	0.8179151749794136	0.3838616138386161	chr1	173837438.0	173837552.0	sense	0.9595597583098832	0.017927973616276544	0.05
Gfi1b	49	60	0.8166390944225167	0.49125087491250874	chr1	173837438.0	173837552.0	antisense	0.9967003299670033	0.0014353979617682702	0.05
ZNF740	49	59	0.8138619916992871	0.30516948305169483	chr1	173837438.0	173837552.0	sense	0.8728022802115393	0.05908412781614498	0.05
Tcf12	48	59	0.8107382074802667	0.4781521847815218	chr1	173837438.0	173837552.0	antisense	0.9967003299670033	0.0014353979617682702	0.05
NKX6-2	44	52	0.8052599294897244	0.7034296570342966	chr1	173837438.0	173837552.0	antisense	0.9967003299670033	0.0014353979617682702	0.05
MSC	40	50	0.8024354004283865	0.42855714428557146	chr1	173837438.0	173837552.0	antisense	0.9967003299670033	0.0014353979617682702	0.05
CEBPD	47	57	0.8024060840031433	0.47835216478352166	chr1	173837438.0	173837552.0	sense	0.9967003299670033	0.0014353979617682702	0.05
Myog	48	59	0.8002873959629137	0.49185081491850813	chr1	173837438.0	173837552.0	antisense	0.9967003299670033	0.0014353979617682702	0.05
NFKB1	42	55	0.7996490375274605	0.2181781821817818	chr1	173837438.0	173837552.0	antisense	0.7341785052264004	0.13419833462121142	0.05
Sox6	40	50	0.7988115239088763	0.37816218378162186	chr1	173837438.0	173837552.0	sense	0.9595597583098832	0.017927973616276544	0.05
RUNX2	48	57	0.7952990408515216	0.49535046495350465	chr1	173837438.0	173837552.0	sense	0.9967003299670033	0.0014353979617682702	0.05
PAX4	44	52	0.7931794119342676	0.5612438756124387	chr1	173837438.0	173837552.0	antisense	0.9967003299670033	0.0014353979617682702	0.05
TFEB	48	58	0.7915284748189029	0.6183381661833817	chr1	173837438.0	173837552.0	sense	0.9967003299670033	0.0014353979617682702	0.05
MNT	49	59	0.7912309271128446	0.6206379362063794	chr1	173837438.0	173837552.0	sense	0.9967003299670033	0.0014353979617682702	0.05
MAX	49	59	0.7854474597142489	0.6096390360963904	chr1	173837438.0	173837552.0	sense	0.9967003299670033	0.0014353979617682702	0.05
ZNF354C	42	48	0.784334600602035	0.42485751424857515	chr1	173837438.0	173837552.0	sense	0.9958193369852204	0.0018194447763245252	0.05
NFIA	46	56	0.7790738286162624	0.5457454254574543	chr1	173837438.0	173837552.0	sense	0.9967003299670033	0.0014353979617682702	0.05
Foxa2	40	52	0.77080370095842	0.5311468853114688	chr1	173837438.0	173837552.0	sense	0.9967003299670033	0.0014353979617682702	0.05
ZEB1	51	60	0.7704483668922881	0.42415758424157585	chr1	173837438.0	173837552.0	antisense	0.9958193369852204	0.0018194447763245252	0.05
FOXP1	41	56	0.7654726852352132	0.52004799520048	chr1	173837438.0	173837552.0	antisense	0.9967003299670033	0.0014353979617682702	0.05
ARNT::HIF1A	50	58	0.7649938252216687	0.5724427557244276	chr1	173837438.0	173837552.0	antisense	0.9967003299670033	0.0014353979617682702	0.05
CEBPG	47	57	0.7615712710433462	0.40235976402359763	chr1	173837438.0	173837552.0	sense	0.975816437047884	0.010631870729724664	0.05
DBP	46	58	0.75558425995028	0.551944805519448	chr1	173837438.0	173837552.0	sense	0.9967003299670033	0.0014353979617682702	0.05
Esrra	49	60	0.7500950145489214	0.3397660233976602	chr1	173837438.0	173837552.0	sense	0.928097716544135	0.03240629584820701	0.05
Dlx1	41	51	0.7477829770125434	0.8363163683631637	chr1	173837438.0	173837552.0	sense	0.9967003299670033	0.0014353979617682702	0.05
FOXF2	47	61	0.7452595062960476	0.5332466753324667	chr1	173837438.0	173837552.0	sense	0.9967003299670033	0.0014353979617682702	0.05
NFYB	46	61	0.7452264544902749	0.6033396660333966	chr1	173837438.0	173837552.0	sense	0.9967003299670033	0.0014353979617682702	0.05
Nkx2-5(var.2)	48	59	0.7428275034248504	0.6051394860513949	chr1	173837438.0	173837552.0	sense	0.9967003299670033	0.0014353979617682702	0.05
CREB3L1	41	55	0.7351169722237592	0.5409459054094591	chr1	173837438.0	173837552.0	sense	0.9967003299670033	0.0014353979617682702	0.05
PPARG	40	60	0.7305384317129929	0.39956004399560047	chr1	173837438.0	173837552.0	antisense	0.9735758818484349	0.011630193313197826	0.05
POU3F4	46	55	0.7279618813806393	0.4203579642035796	chr1	173837438.0	173837552.0	antisense	0.9958193369852204	0.0018194447763245252	0.05
RUNX3	48	58	0.7232637458122136	0.5558444155584441	chr1	173837438.0	173837552.0	sense	0.9967003299670033	0.0014353979617682702	0.05
POU3F3	44	57	0.7204967397769881	0.6386361363863614	chr1	173837438.0	173837552.0	antisense	0.9967003299670033	0.0014353979617682702	0.05
PAX1	41	58	0.720249460389287	0.3708629137086291	chr1	173837438.0	173837552.0	antisense	0.9595597583098832	0.017927973616276544	0.05
POU4F1	47	61	0.7070368940077487	0.6797320267973203	chr1	173837438.0	173837552.0	antisense	0.9967003299670033	0.0014353979617682702	0.05
BARX1	44	52	0.7050907849070575	0.6802319768023197	chr1	173837438.0	173837552.0	antisense	0.9967003299670033	0.0014353979617682702	0.05
USF1	49	60	0.7039344098898213	0.6372362763723628	chr1	173837438.0	173837552.0	sense	0.9967003299670033	0.0014353979617682702	0.05
Klf1	42	53	0.6914760987645934	0.49465053494650535	chr1	173837438.0	173837552.0	sense	0.9967003299670033	0.0014353979617682702	0.05
GLI2	40	52	0.6868533713913713	0.6058394160583942	chr1	173837438.0	173837552.0	sense	0.9967003299670033	0.0014353979617682702	0.05
EN2	49	59	0.6791534760404236	0.8434156584341566	chr1	173837438.0	173837552.0	sense	0.9967003299670033	0.0014353979617682702	0.05
HOXB13	50	60	0.6760393268401839	0.5193480651934806	chr1	173837438.0	173837552.0	sense	0.9967003299670033	0.0014353979617682702	0.05
ZNF410	45	62	0.6742779271283886	0.21337866213378662	chr1	173837438.0	173837552.0	sense	0.7285758266278635	0.1375252422847263	0.05
Hoxc9	48	61	0.6703566819520439	0.6481351864813518	chr1	173837438.0	173837552.0	sense	0.9967003299670033	0.0014353979617682702	0.05
MEIS3	50	58	0.6513624975344159	0.8131186881311869	chr1	173837438.0	173837552.0	antisense	0.9967003299670033	0.0014353979617682702	0.05
Dlx3	49	57	0.6511845618221124	0.841915808419158	chr1	173837438.0	173837552.0	sense	0.9967003299670033	0.0014353979617682702	0.05
Sox5	42	49	0.6509364409891387	0.5448455154484552	chr1	173837438.0	173837552.0	antisense	0.9967003299670033	0.0014353979617682702	0.05
Hoxd3	44	60	0.6439162510907556	0.8204179582041796	chr1	173837438.0	173837552.0	sense	0.9967003299670033	0.0014353979617682702	0.05
ZIC1	45	59	0.6373495941429047	0.3865613438656134	chr1	173837438.0	173837552.0	sense	0.9595597583098832	0.017927973616276544	0.05
Tcf7	50	62	0.6365507713336279	0.4527547245275472	chr1	173837438.0	173837552.0	antisense	0.9967003299670033	0.0014353979617682702	0.05
MAFG::NFE2L1	51	57	0.6341769987131167	0.7082291770822917	chr1	173837438.0	173837552.0	sense	0.9967003299670033	0.0014353979617682702	0.05
TP63	42	60	0.6317883311512849	0.23557644235576441	chr1	173837438.0	173837552.0	antisense	0.7641510848915108	0.11682076596926556	0.05
RAX	42	52	0.6306963944166935	0.712928707129287	chr1	173837438.0	173837552.0	antisense	0.9967003299670033	0.0014353979617682702	0.05
Hoxb5	46	62	0.6265752578920913	0.8273172682731726	chr1	173837438.0	173837552.0	antisense	0.9967003299670033	0.0014353979617682702	0.05
OLIG2	49	59	0.6234319348055254	0.6815318468153184	chr1	173837438.0	173837552.0	sense	0.9967003299670033	0.0014353979617682702	0.05
HEY2	41	51	0.6211472318600925	0.7330266973302669	chr1	173837438.0	173837552.0	antisense	0.9967003299670033	0.0014353979617682702	0.05
FOXP2	42	53	0.617414713960896	0.525947405259474	chr1	173837438.0	173837552.0	antisense	0.9967003299670033	0.0014353979617682702	0.05
CEBPA	47	58	0.6121117225566473	0.6806319368063194	chr1	173837438.0	173837552.0	sense	0.9967003299670033	0.0014353979617682702	0.05
HOXA13	50	60	0.6109171248702687	0.5986401359864013	chr1	173837438.0	173837552.0	sense	0.9967003299670033	0.0014353979617682702	0.05
Dlx4	49	57	0.6016100128477514	0.8492150784921508	chr1	173837438.0	173837552.0	sense	0.9967003299670033	0.0014353979617682702	0.05
Phox2b	45	56	0.5983652152428375	0.6239376062393761	chr1	173837438.0	173837552.0	antisense	0.9967003299670033	0.0014353979617682702	0.05
OTX1	42	50	0.59534558638393	0.7499250074992501	chr1	173837438.0	173837552.0	sense	0.9967003299670033	0.0014353979617682702	0.05
PAX9	41	58	0.5950064736393514	0.34396560343965604	chr1	173837438.0	173837552.0	antisense	0.9284891098519015	0.03222318568721884	0.05
SOX9	47	56	0.5781430701847454	0.8707129287071292	chr1	173837438.0	173837552.0	antisense	0.9967003299670033	0.0014353979617682702	0.05
FOXI1	41	48	0.5749878063760177	0.5232476752324767	chr1	173837438.0	173837552.0	antisense	0.9967003299670033	0.0014353979617682702	0.05
FOXD2	41	48	0.5707390713380391	0.6966303369663034	chr1	173837438.0	173837552.0	antisense	0.9967003299670033	0.0014353979617682702	0.05
ISL2	44	52	0.5688164849062443	0.863013698630137	chr1	173837438.0	173837552.0	sense	0.9967003299670033	0.0014353979617682702	0.05
NFIL3	45	56	0.5659178986968724	0.6445355464453555	chr1	173837438.0	173837552.0	antisense	0.9967003299670033	0.0014353979617682702	0.05
HOXD13	50	60	0.5647312755301586	0.5993400659934006	chr1	173837438.0	173837552.0	sense	0.9967003299670033	0.0014353979617682702	0.05
Npas2	49	59	0.5606160159142094	0.8153184681531847	chr1	173837438.0	173837552.0	sense	0.9967003299670033	0.0014353979617682702	0.05
NHLH1	51	61	0.5602639965078062	0.7557244275572442	chr1	173837438.0	173837552.0	sense	0.9967003299670033	0.0014353979617682702	0.05
Hoxa9	40	51	0.5593870665781436	0.6511348865113489	chr1	173837438.0	173837552.0	antisense	0.9967003299670033	0.0014353979617682702	0.05
PBX1	42	54	0.5585831462529944	0.6841315868413159	chr1	173837438.0	173837552.0	sense	0.9967003299670033	0.0014353979617682702	0.05
SMAD2::SMAD3::SMAD4	43	56	0.5584497890221611	0.7912208779122087	chr1	173837438.0	173837552.0	sense	0.9967003299670033	0.0014353979617682702	0.05
FOXC1	49	60	0.5539252028107768	0.6873312668733127	chr1	173837438.0	173837552.0	sense	0.9967003299670033	0.0014353979617682702	0.05
FOXO4	41	48	0.5478439590159645	0.5915408459154085	chr1	173837438.0	173837552.0	antisense	0.9967003299670033	0.0014353979617682702	0.05
FOXD1	40	48	0.5471653997134511	0.6875312468753124	chr1	173837438.0	173837552.0	antisense	0.9967003299670033	0.0014353979617682702	0.05
Bach1::Mafk	44	59	0.5451612069006324	0.5862413758624138	chr1	173837438.0	173837552.0	antisense	0.9967003299670033	0.0014353979617682702	0.05
Twist2	49	59	0.5450216645239422	0.77992200779922	chr1	173837438.0	173837552.0	sense	0.9967003299670033	0.0014353979617682702	0.05
NKX6-1	48	56	0.5392429170035209	0.7256274372562743	chr1	173837438.0	173837552.0	sense	0.9967003299670033	0.0014353979617682702	0.05
OLIG3	41	51	0.5382580486290911	0.8523147685231477	chr1	173837438.0	173837552.0	sense	0.9967003299670033	0.0014353979617682702	0.05
GRHL1	40	52	0.5368496055504384	0.7163283671632836	chr1	173837438.0	173837552.0	antisense	0.9967003299670033	0.0014353979617682702	0.05
Atoh1	41	51	0.5350385787566301	0.8231176882311769	chr1	173837438.0	173837552.0	antisense	0.9967003299670033	0.0014353979617682702	0.05
SOX10	50	56	0.5308649020159046	0.7126287371262874	chr1	173837438.0	173837552.0	sense	0.9967003299670033	0.0014353979617682702	0.05
FOXO3	40	48	0.530385807943922	0.5182481751824818	chr1	173837438.0	173837552.0	antisense	0.9967003299670033	0.0014353979617682702	0.05
GBX2	49	59	0.5300715782843353	0.786021397860214	chr1	173837438.0	173837552.0	sense	0.9967003299670033	0.0014353979617682702	0.05
FOXO6	41	48	0.5284822366195879	0.5669433056694331	chr1	173837438.0	173837552.0	antisense	0.9967003299670033	0.0014353979617682702	0.05
ATF4	46	59	0.5245714255377368	0.6533346665333467	chr1	173837438.0	173837552.0	antisense	0.9967003299670033	0.0014353979617682702	0.05
ESX1	49	59	0.517457245577512	0.923007699230077	chr1	173837438.0	173837552.0	sense	0.9967003299670033	0.0014353979617682702	0.05
NRF1	51	62	0.5163272984312562	0.6535346465353464	chr1	173837438.0	173837552.0	antisense	0.9967003299670033	0.0014353979617682702	0.05
Sox2	50	58	0.5131759767672351	0.49905009499050096	chr1	173837438.0	173837552.0	sense	0.9967003299670033	0.0014353979617682702	0.05
SCRT1	47	62	0.5081294877286102	0.5474452554744526	chr1	173837438.0	173837552.0	sense	0.9967003299670033	0.0014353979617682702	0.05
MNX1	46	56	0.5031926980008132	0.8679132086791321	chr1	173837438.0	173837552.0	sense	0.9967003299670033	0.0014353979617682702	0.05
Arntl	48	58	0.5018975854557495	0.8917108289171083	chr1	173837438.0	173837552.0	sense	0.9967003299670033	0.0014353979617682702	0.05
Nr1h3::Rxra	41	60	0.4806465002526632	0.7608239176082392	chr1	173837438.0	173837552.0	antisense	0.9967003299670033	0.0014353979617682702	0.05
NOTO	42	52	0.4803711136503114	0.8433156684331566	chr1	173837438.0	173837552.0	sense	0.9967003299670033	0.0014353979617682702	0.05
Bhlha15	50	58	0.4802251780548312	0.7242275772422758	chr1	173837438.0	173837552.0	sense	0.9967003299670033	0.0014353979617682702	0.05
HESX1	49	59	0.47941233628272284	0.7814218578142186	chr1	173837438.0	173837552.0	antisense	0.9967003299670033	0.0014353979617682702	0.05
LIN54	40	49	0.47918817668347363	0.6821317868213179	chr1	173837438.0	173837552.0	sense	0.9967003299670033	0.0014353979617682702	0.05
PROP1	45	56	0.47394652701561957	0.5651434856514349	chr1	173837438.0	173837552.0	antisense	0.9967003299670033	0.0014353979617682702	0.05
DLX6	49	57	0.4709930294877089	0.8560143985601439	chr1	173837438.0	173837552.0	sense	0.9967003299670033	0.0014353979617682702	0.05
POU6F2	40	50	0.4680737105080903	0.8063193680631937	chr1	173837438.0	173837552.0	antisense	0.9967003299670033	0.0014353979617682702	0.05
GMEB2	48	56	0.46040177899452245	0.8674132586741325	chr1	173837438.0	173837552.0	antisense	0.9967003299670033	0.0014353979617682702	0.05
MEIS2	50	58	0.457277805798758	0.8592140785921408	chr1	173837438.0	173837552.0	antisense	0.9967003299670033	0.0014353979617682702	0.05
PAX3	41	51	0.45187450846263977	0.5322467753224678	chr1	173837438.0	173837552.0	antisense	0.9967003299670033	0.0014353979617682702	0.05
CLOCK	49	59	0.45061854742079105	0.8481151884811519	chr1	173837438.0	173837552.0	sense	0.9967003299670033	0.0014353979617682702	0.05
HEY1	49	59	0.44848526413837747	0.8218178182181782	chr1	173837438.0	173837552.0	sense	0.9967003299670033	0.0014353979617682702	0.05
EVX1	41	51	0.4478622750373287	0.9793020697930207	chr1	173837438.0	173837552.0	antisense	0.9967003299670033	0.0014353979617682702	0.05
VAX1	49	57	0.4406640517998293	0.9434056594340566	chr1	173837438.0	173837552.0	sense	0.9967003299670033	0.0014353979617682702	0.05
Ahr::Arnt	51	57	0.4400815341700499	0.7285271472852715	chr1	173837438.0	173837552.0	antisense	0.9967003299670033	0.0014353979617682702	0.05
EMX1	42	52	0.4389517277245854	0.9667033296670333	chr1	173837438.0	173837552.0	sense	0.9967003299670033	0.0014353979617682702	0.05
USF2	49	60	0.4358702187904711	0.8414158584141586	chr1	173837438.0	173837552.0	sense	0.9967003299670033	0.0014353979617682702	0.05
VAX2	49	57	0.42935991715813104	0.9394060593940606	chr1	173837438.0	173837552.0	sense	0.9967003299670033	0.0014353979617682702	0.05
LHX9	49	57	0.42835956249718105	0.9159084091590841	chr1	173837438.0	173837552.0	sense	0.9967003299670033	0.0014353979617682702	0.05
FOXL1	41	48	0.4262093087041007	0.6764323567643236	chr1	173837438.0	173837552.0	antisense	0.9967003299670033	0.0014353979617682702	0.05
HOXA10	47	58	0.4254410108195677	0.9053094690530947	chr1	173837438.0	173837552.0	sense	0.9967003299670033	0.0014353979617682702	0.05
Nkx2-5	45	52	0.4109576333227221	0.8507149285071492	chr1	173837438.0	173837552.0	antisense	0.9967003299670033	0.0014353979617682702	0.05
MLXIPL	49	59	0.40603464529544103	0.8537146285371463	chr1	173837438.0	173837552.0	antisense	0.9967003299670033	0.0014353979617682702	0.05
GLIS2	47	61	0.40599425920581256	0.6054394560543945	chr1	173837438.0	173837552.0	antisense	0.9967003299670033	0.0014353979617682702	0.05
Mlxip	50	58	0.4039474501751471	0.7611238876112388	chr1	173837438.0	173837552.0	sense	0.9967003299670033	0.0014353979617682702	0.05
Id2	50	58	0.4029409924204365	0.7709229077092291	chr1	173837438.0	173837552.0	antisense	0.9967003299670033	0.0014353979617682702	0.05
JUN	49	62	0.3991076284509923	0.7971202879712029	chr1	173837438.0	173837552.0	sense	0.9967003299670033	0.0014353979617682702	0.05
FOXC2	49	61	0.3989358412042546	0.7981201879812019	chr1	173837438.0	173837552.0	sense	0.9967003299670033	0.0014353979617682702	0.05
Crem	42	52	0.3916131216377098	0.8768123187681232	chr1	173837438.0	173837552.0	sense	0.9967003299670033	0.0014353979617682702	0.05
FOXG1	40	48	0.38768438821391266	0.6283371662833717	chr1	173837438.0	173837552.0	antisense	0.9967003299670033	0.0014353979617682702	0.05
Ascl2	49	59	0.38686509623107973	0.8524147585241476	chr1	173837438.0	173837552.0	antisense	0.9967003299670033	0.0014353979617682702	0.05
MSX2	50	58	0.3868190067339566	0.7957204279572043	chr1	173837438.0	173837552.0	sense	0.9967003299670033	0.0014353979617682702	0.05
Foxj2	40	48	0.38599831929869266	0.7078292170782922	chr1	173837438.0	173837552.0	antisense	0.9967003299670033	0.0014353979617682702	0.05
JUN(var.2)	47	61	0.3845114952836381	0.8636136386361364	chr1	173837438.0	173837552.0	sense	0.9967003299670033	0.0014353979617682702	0.05
BHLHE23	48	60	0.3832592012799484	0.7146285371462854	chr1	173837438.0	173837552.0	antisense	0.9967003299670033	0.0014353979617682702	0.05
DUX4	45	56	0.37969354789630005	0.7178282171782822	chr1	173837438.0	173837552.0	antisense	0.9967003299670033	0.0014353979617682702	0.05
TP73	42	60	0.3713075745180876	0.6317368263173683	chr1	173837438.0	173837552.0	antisense	0.9967003299670033	0.0014353979617682702	0.05
Nfe2l2	47	62	0.36666440761869773	0.8412158784121588	chr1	173837438.0	173837552.0	sense	0.9967003299670033	0.0014353979617682702	0.05
Arnt	51	57	0.3648230867553368	0.7866213378662134	chr1	173837438.0	173837552.0	antisense	0.9967003299670033	0.0014353979617682702	0.05
BHLHE40	49	59	0.3643992606332554	0.8509149085091491	chr1	173837438.0	173837552.0	sense	0.9967003299670033	0.0014353979617682702	0.05
Nobox	49	57	0.3633326027659655	0.8344165583441656	chr1	173837438.0	173837552.0	antisense	0.9967003299670033	0.0014353979617682702	0.05
MAF::NFE2	44	59	0.3609402110455088	0.7748225177482252	chr1	173837438.0	173837552.0	antisense	0.9967003299670033	0.0014353979617682702	0.05
Atf1	40	48	0.35011513673271577	0.9197080291970803	chr1	173837438.0	173837552.0	antisense	0.9967003299670033	0.0014353979617682702	0.05
RARA	40	58	0.3485213365363874	0.24567543245675433	chr1	173837438.0	173837552.0	antisense	0.7870712928707129	0.10398592749095488	0.05
LMX1A	49	57	0.34088202501019593	0.9046095390460954	chr1	173837438.0	173837552.0	antisense	0.9967003299670033	0.0014353979617682702	0.05
Hoxd8	40	57	0.3356369734147263	0.8361163883611639	chr1	173837438.0	173837552.0	sense	0.9967003299670033	0.0014353979617682702	0.05
BHLHE22	49	59	0.3353018518321002	0.841015898410159	chr1	173837438.0	173837552.0	antisense	0.9967003299670033	0.0014353979617682702	0.05
TFAP4	49	59	0.3340649122503972	0.8401159884011599	chr1	173837438.0	173837552.0	sense	0.9967003299670033	0.0014353979617682702	0.05
EGR3	47	62	0.3332373904553392	0.5362463753624638	chr1	173837438.0	173837552.0	antisense	0.9967003299670033	0.0014353979617682702	0.05
EOMES	49	62	0.33098762888763933	0.9386061393860614	chr1	173837438.0	173837552.0	antisense	0.9967003299670033	0.0014353979617682702	0.05
NFE2	51	62	0.32863671456908866	0.7096290370962903	chr1	173837438.0	173837552.0	sense	0.9967003299670033	0.0014353979617682702	0.05
POU2F2	49	62	0.32794695721737316	0.7490250974902509	chr1	173837438.0	173837552.0	sense	0.9967003299670033	0.0014353979617682702	0.05
BATF::JUN	40	51	0.327413306026403	0.8531146885311469	chr1	173837438.0	173837552.0	antisense	0.9967003299670033	0.0014353979617682702	0.05
SOX21	43	58	0.3230953425226263	0.3611638836116388	chr1	173837438.0	173837552.0	antisense	0.9511427645114277	0.021754291489379428	0.05
GBX1	49	59	0.3221839042734704	0.8652134786521348	chr1	173837438.0	173837552.0	sense	0.9967003299670033	0.0014353979617682702	0.05
Msx3	50	58	0.31969975740303813	0.814018598140186	chr1	173837438.0	173837552.0	sense	0.9967003299670033	0.0014353979617682702	0.05
MLX	49	59	0.318183638789942	0.8424157584241576	chr1	173837438.0	173837552.0	antisense	0.9967003299670033	0.0014353979617682702	0.05
Creb5	46	58	0.3176097242504324	0.7576242375762424	chr1	173837438.0	173837552.0	sense	0.9967003299670033	0.0014353979617682702	0.05
HOXC13	50	61	0.31633008257365525	0.8306169383061693	chr1	173837438.0	173837552.0	sense	0.9967003299670033	0.0014353979617682702	0.05
SOX8	42	58	0.3159450036481888	0.25007499250074994	chr1	173837438.0	173837552.0	sense	0.7913958604139587	0.10160622574560012	0.05
Dlx2	49	57	0.31207070890985633	0.9231076892310769	chr1	173837438.0	173837552.0	sense	0.9967003299670033	0.0014353979617682702	0.05
LHX6	50	60	0.31163027470298077	0.9346065393460654	chr1	173837438.0	173837552.0	antisense	0.9967003299670033	0.0014353979617682702	0.05
Dux	50	58	0.31078336459025274	0.8083191680831917	chr1	173837438.0	173837552.0	sense	0.9967003299670033	0.0014353979617682702	0.05
HNF4G	46	61	0.30798603608389774	0.8611138886111389	chr1	173837438.0	173837552.0	sense	0.9967003299670033	0.0014353979617682702	0.05
MEF2A	50	62	0.2968529564852582	0.6121387861213878	chr1	173837438.0	173837552.0	sense	0.9967003299670033	0.0014353979617682702	0.05
MEOX1	48	58	0.29637704020399697	0.9788021197880212	chr1	173837438.0	173837552.0	antisense	0.9967003299670033	0.0014353979617682702	0.05
Lhx4	49	57	0.2943305292799148	0.926007399260074	chr1	173837438.0	173837552.0	sense	0.9967003299670033	0.0014353979617682702	0.05
Lhx8	50	58	0.29242038176426655	0.9435056494350565	chr1	173837438.0	173837552.0	sense	0.9967003299670033	0.0014353979617682702	0.05
Hoxa11	49	61	0.2890582321167741	0.9476052394760524	chr1	173837438.0	173837552.0	antisense	0.9967003299670033	0.0014353979617682702	0.05
FOSL2	50	61	0.28720426980794245	0.8876112388761124	chr1	173837438.0	173837552.0	sense	0.9967003299670033	0.0014353979617682702	0.05
CDX2	48	59	0.28389493029167384	0.7803219678032197	chr1	173837438.0	173837552.0	sense	0.9967003299670033	0.0014353979617682702	0.05
CUX2	41	51	0.28211386967017155	0.932906709329067	chr1	173837438.0	173837552.0	antisense	0.9967003299670033	0.0014353979617682702	0.05
MYF6	40	50	0.27756632053022884	0.8256174382561744	chr1	173837438.0	173837552.0	antisense	0.9967003299670033	0.0014353979617682702	0.05
JUNB	50	61	0.27640634683112497	0.907009299070093	chr1	173837438.0	173837552.0	sense	0.9967003299670033	0.0014353979617682702	0.05
FOSL1	51	62	0.2724271070140431	0.8468153184681532	chr1	173837438.0	173837552.0	antisense	0.9967003299670033	0.0014353979617682702	0.05
LHX2	48	58	0.27165272473036817	0.9471052894710529	chr1	173837438.0	173837552.0	antisense	0.9967003299670033	0.0014353979617682702	0.05
CUX1	41	51	0.2606575410058088	0.9292070792920708	chr1	173837438.0	173837552.0	antisense	0.9967003299670033	0.0014353979617682702	0.05
TP53	42	60	0.2602395946062471	0.6684331566843316	chr1	173837438.0	173837552.0	antisense	0.9967003299670033	0.0014353979617682702	0.05
EN1	50	58	0.25028841087188924	0.9476052394760524	chr1	173837438.0	173837552.0	sense	0.9967003299670033	0.0014353979617682702	0.05
VSX2	50	58	0.24699704520132668	0.9169083091690831	chr1	173837438.0	173837552.0	sense	0.9967003299670033	0.0014353979617682702	0.05
SCRT2	47	60	0.23607676249228193	0.7252274772522748	chr1	173837438.0	173837552.0	antisense	0.9967003299670033	0.0014353979617682702	0.05
MAFF	43	61	0.23003576988790495	0.8844115588441156	chr1	173837438.0	173837552.0	antisense	0.9967003299670033	0.0014353979617682702	0.05
PDX1	40	48	0.22487829905421816	0.9197080291970803	chr1	173837438.0	173837552.0	antisense	0.9967003299670033	0.0014353979617682702	0.05
Sox17	43	52	0.21991020558916016	0.9553044695530447	chr1	173837438.0	173837552.0	antisense	0.9967003299670033	0.0014353979617682702	0.05
SREBF2	51	61	0.20825319535808562	0.9071092890710929	chr1	173837438.0	173837552.0	sense	0.9967003299670033	0.0014353979617682702	0.05
Arx	45	62	0.20536104580449646	0.7022297770222977	chr1	173837438.0	173837552.0	sense	0.9967003299670033	0.0014353979617682702	0.05
HOXC12	41	52	0.19959325545560822	0.8974102589741025	chr1	173837438.0	173837552.0	antisense	0.9967003299670033	0.0014353979617682702	0.05
TGIF2	41	53	0.19915009108566814	0.8065193480651934	chr1	173837438.0	173837552.0	antisense	0.9967003299670033	0.0014353979617682702	0.05
REST	41	62	0.19594267077388175	0.31986801319868013	chr1	173837438.0	173837552.0	antisense	0.8877620259364438	0.05170343588079672	0.05
EMX2	50	60	0.1921096662062378	0.9731026897310269	chr1	173837438.0	173837552.0	antisense	0.9967003299670033	0.0014353979617682702	0.05
LBX1	50	58	0.18298270765306734	0.9555044495550445	chr1	173837438.0	173837552.0	antisense	0.9967003299670033	0.0014353979617682702	0.05
TFEC	52	62	0.17581621172617706	0.9768023197680232	chr1	173837438.0	173837552.0	antisense	0.9967003299670033	0.0014353979617682702	0.05
FOS	51	62	0.17064724792765384	0.9353064693530647	chr1	173837438.0	173837552.0	antisense	0.9967003299670033	0.0014353979617682702	0.05
mix-a	50	61	0.17007067516790625	0.8661133886611339	chr1	173837438.0	173837552.0	antisense	0.9967003299670033	0.0014353979617682702	0.05
SMAD3	51	61	0.16965182945682172	0.8512148785121488	chr1	173837438.0	173837552.0	sense	0.9967003299670033	0.0014353979617682702	0.05
KLF14	46	60	0.16675852493435234	0.7375262473752625	chr1	173837438.0	173837552.0	sense	0.9967003299670033	0.0014353979617682702	0.05
JUND	51	62	0.16494249634519786	0.9157084291570843	chr1	173837438.0	173837552.0	antisense	0.9967003299670033	0.0014353979617682702	0.05
VSX1	40	48	0.15936482186169557	0.9921007899210079	chr1	173837438.0	173837552.0	sense	0.9967003299670033	0.0014353979617682702	0.05
OLIG1	49	59	0.1585615885781381	0.8575142485751425	chr1	173837438.0	173837552.0	antisense	0.9967003299670033	0.0014353979617682702	0.05
Shox2	49	57	0.158463257052994	0.9606039396060394	chr1	173837438.0	173837552.0	sense	0.9967003299670033	0.0014353979617682702	0.05
HOXC10	50	60	0.14980715864318547	0.9654034596540346	chr1	173837438.0	173837552.0	sense	0.9967003299670033	0.0014353979617682702	0.05
BHLHE41	52	62	0.1495907357905952	0.8684131586841316	chr1	173837438.0	173837552.0	antisense	0.9967003299670033	0.0014353979617682702	0.05
SREBF1	51	61	0.1479385248593371	0.8966103389661034	chr1	173837438.0	173837552.0	antisense	0.9967003299670033	0.0014353979617682702	0.05
PROX1	42	54	0.14755366717340415	0.8209179082091791	chr1	173837438.0	173837552.0	sense	0.9967003299670033	0.0014353979617682702	0.05
FOXB1	51	62	0.13753552610225156	0.9327067293270673	chr1	173837438.0	173837552.0	sense	0.9967003299670033	0.0014353979617682702	0.05
JDP2(var.2)	46	58	0.1325253694372293	0.8707129287071292	chr1	173837438.0	173837552.0	sense	0.9967003299670033	0.0014353979617682702	0.05
T	42	58	0.13157266667572282	0.7993200679932007	chr1	173837438.0	173837552.0	sense	0.9967003299670033	0.0014353979617682702	0.05
ISX	50	58	0.12040947525187479	0.9204079592040796	chr1	173837438.0	173837552.0	sense	0.9967003299670033	0.0014353979617682702	0.05
JDP2	52	61	0.12015264289140146	0.8725127487251275	chr1	173837438.0	173837552.0	sense	0.9967003299670033	0.0014353979617682702	0.05
Alx1	45	62	0.10737650431260834	0.7558244175582441	chr1	173837438.0	173837552.0	antisense	0.9967003299670033	0.0014353979617682702	0.05
Arid3a	41	47	0.10160219232796645	0.9067093290670933	chr1	173837438.0	173837552.0	sense	0.9967003299670033	0.0014353979617682702	0.05
HOXD12	49	60	0.09851530688582168	0.9327067293270673	chr1	173837438.0	173837552.0	sense	0.9967003299670033	0.0014353979617682702	0.05
SREBF2(var.2)	52	62	0.0960482235837398	0.8871112888711129	chr1	173837438.0	173837552.0	antisense	0.9967003299670033	0.0014353979617682702	0.05
HOXC11	50	61	0.0960181608119818	0.9442055794420557	chr1	173837438.0	173837552.0	antisense	0.9967003299670033	0.0014353979617682702	0.05
Srebf1(var.2)	52	62	0.09323685563569753	0.9446055394460554	chr1	173837438.0	173837552.0	antisense	0.9967003299670033	0.0014353979617682702	0.05
JUND(var.2)	46	61	0.08871342481465935	0.9068093190680931	chr1	173837438.0	173837552.0	antisense	0.9967003299670033	0.0014353979617682702	0.05
NEUROG2	52	62	0.08745580819749005	0.9164083591640836	chr1	173837438.0	173837552.0	antisense	0.9967003299670033	0.0014353979617682702	0.05
HOXD11	50	60	0.07050826684594222	0.9595040495950405	chr1	173837438.0	173837552.0	antisense	0.9967003299670033	0.0014353979617682702	0.05
PAX7	40	50	0.06345021439183303	0.771022897710229	chr1	173837438.0	173837552.0	antisense	0.9967003299670033	0.0014353979617682702	0.05
ZNF143	42	58	0.06317833234139815	0.6679332066793321	chr1	173837438.0	173837552.0	antisense	0.9967003299670033	0.0014353979617682702	0.05
Foxd3	50	62	0.05939407474379107	0.9247075292470753	chr1	173837438.0	173837552.0	sense	0.9967003299670033	0.0014353979617682702	0.05
ONECUT1	48	62	0.03183336292151368	0.8668133186681332	chr1	173837438.0	173837552.0	sense	0.9967003299670033	0.0014353979617682702	0.05
Dmbx1	41	58	0.03070154140937257	0.8953104689531047	chr1	173837438.0	173837552.0	antisense	0.9967003299670033	0.0014353979617682702	0.05
ONECUT2	48	62	0.028760768582590468	0.9075092490750925	chr1	173837438.0	173837552.0	sense	0.9967003299670033	0.0014353979617682702	0.05
NR3C1	42	59	0.020894396424395827	0.6896310368963103	chr1	173837438.0	173837552.0	antisense	0.9967003299670033	0.0014353979617682702	0.05
NR3C2	42	59	0.00048054868265367336	0.7558244175582441	chr1	173837438.0	173837552.0	antisense	0.9967003299670033	0.0014353979617682702	0.05
Mecom	48	62	-0.0	0.9214078592140786	chr1	173837438.0	173837552.0	sense	0.9967003299670033	0.0014353979617682702	0.05
RXRB	41	55	-0.0	0.7373262673732627	chr1	173837438.0	173837552.0	sense	0.9967003299670033	0.0014353979617682702	0.05
HES5	43	55	-0.0	0.8729127087291271	chr1	173837438.0	173837552.0	sense	0.9967003299670033	0.0014353979617682702	0.05
Nr2f6	41	55	-0.0	0.8745125487451255	chr1	173837438.0	173837552.0	sense	0.9967003299670033	0.0014353979617682702	0.05
Rxra	41	55	-0.0	0.7369263073692631	chr1	173837438.0	173837552.0	sense	0.9967003299670033	0.0014353979617682702	0.05
Lhx3	43	56	-0.0	0.8541145885411459	chr1	173837438.0	173837552.0	sense	0.9967003299670033	0.0014353979617682702	0.05
ATF7	43	57	-0.0	0.8875112488751125	chr1	173837438.0	173837552.0	sense	0.9967003299670033	0.0014353979617682702	0.05
Alx4	42	59	-0.0	0.7689231076892311	chr1	173837438.0	173837552.0	sense	0.9967003299670033	0.0014353979617682702	0.05
RXRG	41	55	-0.0	0.7525247475252475	chr1	173837438.0	173837552.0	sense	0.9967003299670033	0.0014353979617682702	0.05
HNF1B	49	62	-0.0	0.9478052194780522	chr1	173837438.0	173837552.0	sense	0.9967003299670033	0.0014353979617682702	0.05
Ar	42	59	-0.016605791575722388	0.7988201179882012	chr1	173837438.0	173837552.0	antisense	0.9967003299670033	0.0014353979617682702	0.05
RXRA::VDR	43	58	-0.030850169337894216	0.8193180681931806	chr1	173837438.0	173837552.0	antisense	0.9967003299670033	0.0014353979617682702	0.05
HES7	41	53	-0.033472145430073104	0.8869113088691131	chr1	173837438.0	173837552.0	sense	0.9967003299670033	0.0014353979617682702	0.05
ESR1	41	58	-0.0378035392375665	0.7478252174782521	chr1	173837438.0	173837552.0	antisense	0.9967003299670033	0.0014353979617682702	0.05
Tcf21	47	61	-0.07825841556381206	0.8938106189381062	chr1	173837438.0	173837552.0	antisense	0.9967003299670033	0.0014353979617682702	0.05
MEF2B	49	61	-0.10866869194642162	0.8504149585041496	chr1	173837438.0	173837552.0	antisense	0.9967003299670033	0.0014353979617682702	0.05
HNF1A	46	61	-0.12674533087607748	0.9326067393260674	chr1	173837438.0	173837552.0	antisense	0.9967003299670033	0.0014353979617682702	0.05
MYBL2	40	55	-0.15713843899412497	0.9705029497050295	chr1	173837438.0	173837552.0	sense	0.9967003299670033	0.0014353979617682702	0.05
MEF2D	49	61	-0.17445605602881473	0.8815118488151185	chr1	173837438.0	173837552.0	antisense	0.9967003299670033	0.0014353979617682702	0.05
Six3	40	57	-0.17680044165759784	0.9615038496150385	chr1	173837438.0	173837552.0	antisense	0.9967003299670033	0.0014353979617682702	0.05
MTF1	47	61	-0.17835022022236055	0.9158084191580842	chr1	173837438.0	173837552.0	antisense	0.9967003299670033	0.0014353979617682702	0.05
FOXA1	41	56	-0.22389398868311064	0.9547045295470453	chr1	173837438.0	173837552.0	sense	0.9967003299670033	0.0014353979617682702	0.05
ONECUT3	48	62	-0.231509953092696	0.9244075592440756	chr1	173837438.0	173837552.0	sense	0.9967003299670033	0.0014353979617682702	0.05
Rarg	45	61	-0.2525463333910323	0.8141185881411859	chr1	173837438.0	173837552.0	sense	0.9967003299670033	0.0014353979617682702	0.05
Nr2f6(var.2)	45	60	-0.25749938639853565	0.8643135686431357	chr1	173837438.0	173837552.0	sense	0.9967003299670033	0.0014353979617682702	0.05
Foxk1	40	57	-0.26219157920966907	0.8857114288571143	chr1	173837438.0	173837552.0	antisense	0.9967003299670033	0.0014353979617682702	0.05
NR1H2::RXRA	44	61	-0.2823144994638261	0.7912208779122087	chr1	173837438.0	173837552.0	sense	0.9967003299670033	0.0014353979617682702	0.05
PKNOX1	41	53	-0.32008094070076704	0.9906009399060094	chr1	173837438.0	173837552.0	sense	0.9967003299670033	0.0014353979617682702	0.05
BATF3	48	62	-0.3361690309314236	0.9681031896810319	chr1	173837438.0	173837552.0	antisense	0.9967003299670033	0.0014353979617682702	0.05
PKNOX2	41	53	-0.34858065919498704	0.9918008199180082	chr1	173837438.0	173837552.0	sense	0.9967003299670033	0.0014353979617682702	0.05
TGIF1	41	53	-0.3648336990524079	0.9948005199480052	chr1	173837438.0	173837552.0	antisense	0.9967003299670033	0.0014353979617682702	0.05
Hnf4a	45	61	-0.38709601480862055	0.9272072792720728	chr1	173837438.0	173837552.0	sense	0.9967003299670033	0.0014353979617682702	0.05
E2F2	42	58	-0.405329138727525	0.9017098290170983	chr1	173837438.0	173837552.0	sense	0.9967003299670033	0.0014353979617682702	0.05
ZBED1	49	62	-0.405542512903081	0.9967003299670033	chr1	173837438.0	173837552.0	sense	0.9967003299670033	0.0014353979617682702	0.05
Pou2f3	42	58	-0.4103470938425519	0.973002699730027	chr1	173837438.0	173837552.0	antisense	0.9967003299670033	0.0014353979617682702	0.05
Klf12	47	62	-0.4155608977763264	0.9248075192480751	chr1	173837438.0	173837552.0	antisense	0.9967003299670033	0.0014353979617682702	0.05
Foxj3	40	57	-0.41666976410103623	0.9377062293770623	chr1	173837438.0	173837552.0	antisense	0.9967003299670033	0.0014353979617682702	0.05
IRF1	41	62	-0.42182229125345166	0.648035196480352	chr1	173837438.0	173837552.0	sense	0.9967003299670033	0.0014353979617682702	0.05
Hmx2	45	62	-0.44239835457178994	0.9765023497650235	chr1	173837438.0	173837552.0	sense	0.9967003299670033	0.0014353979617682702	0.05
RORA(var.2)	45	59	-0.44313971779859057	0.9897010298970103	chr1	173837438.0	173837552.0	antisense	0.9967003299670033	0.0014353979617682702	0.05
Hmx3	45	62	-0.447603417966799	0.9875012498750125	chr1	173837438.0	173837552.0	sense	0.9967003299670033	0.0014353979617682702	0.05
Hmx1	45	62	-0.45115368483245494	0.9886011398860114	chr1	173837438.0	173837552.0	sense	0.9967003299670033	0.0014353979617682702	0.05
Rarb	40	56	-0.507019143070909	0.9202079792020798	chr1	173837438.0	173837552.0	antisense	0.9967003299670033	0.0014353979617682702	0.05
SP4	41	58	-0.5490409136418546	0.8851114888511149	chr1	173837438.0	173837552.0	sense	0.9967003299670033	0.0014353979617682702	0.05
Rhox11	45	62	-0.552642088763222	0.9947005299470053	chr1	173837438.0	173837552.0	sense	0.9967003299670033	0.0014353979617682702	0.05
E2F3	43	61	-0.6352241246868499	0.8979102089791021	chr1	173837438.0	173837552.0	antisense	0.9967003299670033	0.0014353979617682702	0.05
Znf423	46	61	-0.6555612529193807	0.9819018098190181	chr1	173837438.0	173837552.0	sense	0.9967003299670033	0.0014353979617682702	0.05
KLF13	44	62	-0.7292754249319451	0.9387061293870613	chr1	173837438.0	173837552.0	sense	0.9967003299670033	0.0014353979617682702	0.05
SRF	45	61	-0.7322237500154565	0.9846015398460154	chr1	173837438.0	173837552.0	sense	0.9967003299670033	0.0014353979617682702	0.05
POU4F2	46	62	-0.7535671202817759	0.9722027797220278	chr1	173837438.0	173837552.0	antisense	0.9967003299670033	0.0014353979617682702	0.05
RREB1	41	61	-0.7775585807739773	0.6624337566243376	chr1	173837438.0	173837552.0	sense	0.9967003299670033	0.0014353979617682702	0.05
