motif	start	end	score	pval	tile_chr	tile_start	tile_end	strand	padj	neg_log_pval	fdr_cutoff
TBP	38	53	1.7515920195754693	9.999000099990002e-05	chr20	47895099.0	47895213.0	sense	0.025947405259474053	1.585906065092386	0.05
HLTF	40	50	1.4564750641274733	9.999000099990002e-05	chr20	47895099.0	47895213.0	antisense	0.025947405259474053	1.585906065092386	0.05
Arid5a	33	47	1.3681844480731398	0.0004999500049995	chr20	47895099.0	47895213.0	antisense	0.04036263040362631	1.3940205388534728	0.05
HOXA10	36	47	1.246145402412781	0.00039996000399960006	chr20	47895099.0	47895213.0	sense	0.04036263040362631	1.3940205388534728	0.05
GSX1	38	48	1.1160439538246483	0.004899510048995101	chr20	47895099.0	47895213.0	antisense	0.10008284885797135	0.9996403409476555	0.05
HLF	36	48	1.0373404432649618	0.0004999500049995	chr20	47895099.0	47895213.0	antisense	0.04036263040362631	1.3940205388534728	0.05
GSX2	38	48	0.9586492868055619	0.0178982101789821	chr20	47895099.0	47895213.0	antisense	0.1522814931621592	0.8173528734592787	0.05
CDX1	37	46	0.950024959207478	0.0006999300069993001	chr20	47895099.0	47895213.0	sense	0.04036263040362631	1.3940205388534728	0.05
GATA5	40	48	0.8990000868947113	0.0006999300069993001	chr20	47895099.0	47895213.0	sense	0.04036263040362631	1.3940205388534728	0.05
Hoxd9	37	47	0.8736951131601092	0.0017998200179982	chr20	47895099.0	47895213.0	sense	0.07784221577842215	1.1087848103727236	0.05
Hoxa11	36	48	0.8613167528900094	0.0029997000299970002	chr20	47895099.0	47895213.0	sense	0.08467048032038901	1.0722679765469612	0.05
ALX3	38	48	0.8440770805361774	0.020597940205979402	chr20	47895099.0	47895213.0	antisense	0.16590613665906137	0.7801375496725809	0.05
SRF	35	51	0.837850738374106	0.00029997000299970003	chr20	47895099.0	47895213.0	sense	0.04036263040362631	1.3940205388534728	0.05
CENPB	34	49	0.8226653222445376	0.0051994800519948	chr20	47895099.0	47895213.0	antisense	0.10008284885797135	0.9996403409476555	0.05
Dlx1	41	51	0.8157493729850952	0.024297570242975703	chr20	47895099.0	47895213.0	antisense	0.17041133724465393	0.7685015155610688	0.05
NFIL3	35	46	0.7946180320569977	0.0007999200079992001	chr20	47895099.0	47895213.0	antisense	0.04151584841515849	1.3817860824364612	0.05
Gata4	37	48	0.7881902771335194	0.001999800019998	chr20	47895099.0	47895213.0	antisense	0.07983817002915093	1.0977894260712604	0.05
Hmx3	37	54	0.7731820881409691	0.014598540145985401	chr20	47895099.0	47895213.0	antisense	0.15222477752224778	0.8175146519978986	0.05
GSC2	38	48	0.7661487735699246	0.015998400159984	chr20	47895099.0	47895213.0	antisense	0.15222477752224778	0.8175146519978986	0.05
Gmeb1	38	55	0.7637229601576673	0.11458854114588542	chr20	47895099.0	47895213.0	antisense	0.28480070653221756	0.5454589376381912	0.05
HOXC11	36	47	0.7611014368158405	0.0029997000299970002	chr20	47895099.0	47895213.0	sense	0.08467048032038901	1.0722679765469612	0.05
HOXC10	37	47	0.7597740098084679	0.0030996900309969004	chr20	47895099.0	47895213.0	sense	0.08467048032038901	1.0722679765469612	0.05
Barhl1	41	51	0.7521016529760227	0.03799620037996201	chr20	47895099.0	47895213.0	sense	0.19524780195247804	0.7094138465942372	0.05
Hoxd3	37	53	0.7463203780123498	0.033896610338966106	chr20	47895099.0	47895213.0	sense	0.18831931239865704	0.7251051402165186	0.05
HOXB13	37	47	0.7422845176694756	0.0029997000299970002	chr20	47895099.0	47895213.0	antisense	0.08467048032038901	1.0722679765469612	0.05
NKX6-2	39	47	0.7418917015970132	0.0168983101689831	chr20	47895099.0	47895213.0	antisense	0.15222477752224778	0.8175146519978986	0.05
Hmx2	37	54	0.7408571460073059	0.015898410158984102	chr20	47895099.0	47895213.0	antisense	0.15222477752224778	0.8175146519978986	0.05
HOXC12	36	47	0.7327932192080862	0.0014998500149985001	chr20	47895099.0	47895213.0	sense	0.07076565070765652	1.1501774955309485	0.05
SRY	38	47	0.7323354562639726	0.006399360063993601	chr20	47895099.0	47895213.0	sense	0.11452647838664409	0.9410940933434737	0.05
LMX1B	38	46	0.720264683093211	0.030396960303969604	chr20	47895099.0	47895213.0	sense	0.1822215505722155	0.7394002621537388	0.05
MIXL1	41	51	0.7171441349671469	0.05069493050694931	chr20	47895099.0	47895213.0	sense	0.2119038096190381	0.673861235447516	0.05
TCF7L2	36	50	0.7114846502573394	0.007499250074992501	chr20	47895099.0	47895213.0	sense	0.12555196093293897	0.9011764998709775	0.05
HOXA13	37	47	0.7093595503279905	0.0038996100389961006	chr20	47895099.0	47895213.0	antisense	0.09435420094354201	1.0252387589226486	0.05
UNCX	39	47	0.7063602969755449	0.023897610238976102	chr20	47895099.0	47895213.0	antisense	0.16990218786340544	0.7698010286007231	0.05
Hoxd8	35	52	0.7050645083283061	0.053894610538946106	chr20	47895099.0	47895213.0	sense	0.2119038096190381	0.673861235447516	0.05
ISL2	42	50	0.7023387500960139	0.013398660133986601	chr20	47895099.0	47895213.0	antisense	0.15222477752224778	0.8175146519978986	0.05
Bcl6	36	50	0.7005178422747355	0.0098990100989901	chr20	47895099.0	47895213.0	sense	0.1427107289271073	0.8455433755981422	0.05
CDX2	35	46	0.6891108310689393	0.0022997700229977	chr20	47895099.0	47895213.0	sense	0.08467048032038901	1.0722679765469612	0.05
MNX1	36	46	0.686213309863409	0.027797220277972202	chr20	47895099.0	47895213.0	sense	0.18098315168483153	0.7423618531467508	0.05
DBP	36	48	0.6834651699307718	0.0052994700529947	chr20	47895099.0	47895213.0	antisense	0.10008284885797135	0.9996403409476555	0.05
GATA2	38	52	0.6778800688685447	0.011998800119988001	chr20	47895099.0	47895213.0	antisense	0.15222477752224778	0.8175146519978986	0.05
Gata1	38	49	0.6744211401305982	0.004299570042995701	chr20	47895099.0	47895213.0	antisense	0.09702073270933777	1.0131354498664111	0.05
SPIC	40	54	0.6728566308835682	0.025197480251974803	chr20	47895099.0	47895213.0	sense	0.17436656334366563	0.7585367920385608	0.05
HOXD11	37	47	0.6716956061773985	0.0036996300369963003	chr20	47895099.0	47895213.0	sense	0.09435420094354201	1.0252387589226486	0.05
POU4F1	38	52	0.6683671874304752	0.0306969303069693	chr20	47895099.0	47895213.0	sense	0.1822215505722155	0.7394002621537388	0.05
SOX9	40	49	0.6643083881875261	0.0117988201179882	chr20	47895099.0	47895213.0	antisense	0.15222477752224778	0.8175146519978986	0.05
HOXD13	37	47	0.6600730132404178	0.0047995200479952005	chr20	47895099.0	47895213.0	antisense	0.10008284885797135	0.9996403409476555	0.05
Mecom	39	53	0.6599967551392011	0.0029997000299970002	chr20	47895099.0	47895213.0	sense	0.08467048032038901	1.0722679765469612	0.05
GATA3	40	48	0.6579794818708267	0.0005999400059994001	chr20	47895099.0	47895213.0	sense	0.04036263040362631	1.3940205388534728	0.05
Arid3b	38	49	0.657743891633889	0.035596440355964404	chr20	47895099.0	47895213.0	antisense	0.1885158422933217	0.7246521471480245	0.05
Hoxb5	37	53	0.6547246041033886	0.050994900509949	chr20	47895099.0	47895213.0	antisense	0.2119038096190381	0.673861235447516	0.05
Hmx1	37	54	0.6533918160352722	0.0428957104289571	chr20	47895099.0	47895213.0	antisense	0.20383907555190425	0.6907125589464762	0.05
Rhox11	35	52	0.6528218957126309	0.0603939606039396	chr20	47895099.0	47895213.0	antisense	0.22210978902109788	0.6534323004152328	0.05
EN2	41	51	0.648229447939597	0.0344965503449655	chr20	47895099.0	47895213.0	antisense	0.18831931239865704	0.7251051402165186	0.05
Neurog1	39	49	0.6468394245158864	0.05829417058294171	chr20	47895099.0	47895213.0	antisense	0.21765952901112767	0.6622223149234858	0.05
POU4F3	38	54	0.6457845323938285	0.0435956404359564	chr20	47895099.0	47895213.0	sense	0.20383907555190425	0.6907125589464762	0.05
FOXC2	39	51	0.6453729991769613	0.015298470152984701	chr20	47895099.0	47895213.0	sense	0.15222477752224778	0.8175146519978986	0.05
LBX2	41	51	0.6410860008490327	0.0705929407059294	chr20	47895099.0	47895213.0	antisense	0.23042601400237334	0.6374684926970525	0.05
HOXC13	36	47	0.6383271418894312	0.003999600039996	chr20	47895099.0	47895213.0	sense	0.09435420094354201	1.0252387589226486	0.05
EMX1	38	48	0.6352225728096018	0.06359364063593641	chr20	47895099.0	47895213.0	antisense	0.22210978902109788	0.6534323004152328	0.05
Dlx3	42	50	0.6348432901007756	0.0448955104489551	chr20	47895099.0	47895213.0	antisense	0.2040002896262098	0.6903692159908883	0.05
ESX1	41	51	0.6334409367516366	0.08049195080491951	chr20	47895099.0	47895213.0	antisense	0.23628084118962409	0.6265714916683213	0.05
ONECUT2	40	54	0.6299586047695113	0.012598740125987402	chr20	47895099.0	47895213.0	sense	0.15222477752224778	0.8175146519978986	0.05
FOXC1	39	50	0.6287730640873878	0.017598240175982403	chr20	47895099.0	47895213.0	sense	0.15222477752224778	0.8175146519978986	0.05
TEF	36	48	0.6237596064224749	0.0093990600939906	chr20	47895099.0	47895213.0	antisense	0.1427107289271073	0.8455433755981422	0.05
Prrx2	42	50	0.6227957686075468	0.049795020497950204	chr20	47895099.0	47895213.0	antisense	0.2119038096190381	0.673861235447516	0.05
HOXD12	36	47	0.6212320059672103	0.0053994600539946005	chr20	47895099.0	47895213.0	sense	0.10008284885797135	0.9996403409476555	0.05
VAX1	39	47	0.6212307330544781	0.0514948505149485	chr20	47895099.0	47895213.0	antisense	0.2119038096190381	0.673861235447516	0.05
POU3F1	34	46	0.6182028848774518	0.029497050294970503	chr20	47895099.0	47895213.0	antisense	0.1822215505722155	0.7394002621537388	0.05
FOXB1	39	50	0.6160448844391399	0.0207979202079792	chr20	47895099.0	47895213.0	sense	0.16590613665906137	0.7801375496725809	0.05
BARHL2	39	49	0.6152050742216701	0.034396560343965606	chr20	47895099.0	47895213.0	sense	0.18831931239865704	0.7251051402165186	0.05
NKX2-8	41	50	0.6130590117770099	0.021097890210978902	chr20	47895099.0	47895213.0	antisense	0.16590613665906137	0.7801375496725809	0.05
ONECUT1	40	54	0.6111781153694815	0.013098690130986902	chr20	47895099.0	47895213.0	sense	0.15222477752224778	0.8175146519978986	0.05
Nkx2-5	42	49	0.6081609755575507	0.0098990100989901	chr20	47895099.0	47895213.0	sense	0.1427107289271073	0.8455433755981422	0.05
DMRT3	36	47	0.6070674527454669	0.0235976402359764	chr20	47895099.0	47895213.0	antisense	0.16990218786340544	0.7698010286007231	0.05
HOXB3	38	48	0.6069994042837727	0.07379262073792621	chr20	47895099.0	47895213.0	sense	0.2327403623274036	0.633128293911335	0.05
YY2	43	54	0.6053933865538019	0.0168983101689831	chr20	47895099.0	47895213.0	antisense	0.15222477752224778	0.8175146519978986	0.05
SOX10	42	48	0.6040594841340311	0.0072992700729927005	chr20	47895099.0	47895213.0	antisense	0.12555196093293897	0.9011764998709775	0.05
GCM2	41	51	0.6028753590750953	0.0173982601739826	chr20	47895099.0	47895213.0	sense	0.15222477752224778	0.8175146519978986	0.05
Dlx4	42	50	0.5994647955279173	0.04559544045595441	chr20	47895099.0	47895213.0	antisense	0.2040002896262098	0.6903692159908883	0.05
HOXA2	41	51	0.5945388924970557	0.07979202079792021	chr20	47895099.0	47895213.0	antisense	0.23628084118962409	0.6265714916683213	0.05
NKX3-2	42	51	0.5920198651173838	0.022497750224977502	chr20	47895099.0	47895213.0	antisense	0.16922220821396122	0.7715426420542977	0.05
Pou5f1::Sox2	36	51	0.5912902928840245	0.034096590340965904	chr20	47895099.0	47895213.0	antisense	0.18831931239865704	0.7251051402165186	0.05
RAX2	42	50	0.5889398799885405	0.055394460553944605	chr20	47895099.0	47895213.0	antisense	0.21296092612960926	0.6717000731949812	0.05
MAFF	37	55	0.5882163238425226	0.073992600739926	chr20	47895099.0	47895213.0	sense	0.2327403623274036	0.633128293911335	0.05
VAX2	39	47	0.5880084065355408	0.051894810518948106	chr20	47895099.0	47895213.0	antisense	0.2119038096190381	0.673861235447516	0.05
HSF4	38	51	0.5873810298186317	0.022497750224977502	chr20	47895099.0	47895213.0	sense	0.16922220821396122	0.7715426420542977	0.05
SHOX	42	50	0.5848460875774447	0.0471952804719528	chr20	47895099.0	47895213.0	sense	0.20757924207579243	0.6828160781004424	0.05
Foxo1	39	50	0.5847157326849893	0.013398660133986601	chr20	47895099.0	47895213.0	antisense	0.15222477752224778	0.8175146519978986	0.05
Foxk1	37	54	0.5846722112460904	0.04279572042795721	chr20	47895099.0	47895213.0	sense	0.20383907555190425	0.6907125589464762	0.05
LMX1A	39	47	0.58081862159484	0.05069493050694931	chr20	47895099.0	47895213.0	sense	0.2119038096190381	0.673861235447516	0.05
PHOX2A	38	49	0.5730455626617089	0.0433956604339566	chr20	47895099.0	47895213.0	sense	0.20383907555190425	0.6907125589464762	0.05
Dmbx1	38	55	0.5700453943431022	0.09659034096590341	chr20	47895099.0	47895213.0	antisense	0.25840954366101854	0.5876914508829179	0.05
HSF2	38	51	0.5700002527487767	0.010198980101989802	chr20	47895099.0	47895213.0	sense	0.1430613695387218	0.8444776217334822	0.05
NKX2-3	41	51	0.5626449688704092	0.028697130286971302	chr20	47895099.0	47895213.0	antisense	0.1822215505722155	0.7394002621537388	0.05
Foxq1	41	52	0.5611472818469594	0.014098590140985901	chr20	47895099.0	47895213.0	antisense	0.15222477752224778	0.8175146519978986	0.05
Sox3	39	49	0.5590633652139252	0.011398860113988602	chr20	47895099.0	47895213.0	antisense	0.15222477752224778	0.8175146519978986	0.05
MEOX2	41	51	0.5576193172055897	0.12338766123387661	chr20	47895099.0	47895213.0	sense	0.2889964336899643	0.5391075165456174	0.05
DLX6	42	50	0.5554135576940153	0.045495450454954504	chr20	47895099.0	47895213.0	antisense	0.2040002896262098	0.6903692159908883	0.05
FOXP1	37	52	0.5541531090345705	0.042695730426957304	chr20	47895099.0	47895213.0	sense	0.20383907555190425	0.6907125589464762	0.05
TEAD4	40	50	0.5513688819171836	0.054894510548945105	chr20	47895099.0	47895213.0	antisense	0.21296092612960926	0.6717000731949812	0.05
Sox6	39	49	0.5502972529134401	0.0082991700829917	chr20	47895099.0	47895213.0	antisense	0.13052331130523312	0.8843119169302184	0.05
BSX	42	50	0.5494500262713913	0.0332966703329667	chr20	47895099.0	47895213.0	antisense	0.18831931239865704	0.7251051402165186	0.05
Hoxc9	38	51	0.549271844649058	0.0392960703929607	chr20	47895099.0	47895213.0	sense	0.1980064129509379	0.7033207437581503	0.05
Alx1	38	55	0.5491682937155816	0.08789121087891211	chr20	47895099.0	47895213.0	sense	0.24587594716464184	0.609283954077853	0.05
VSX1	39	47	0.5458880890077409	0.05599440055994401	chr20	47895099.0	47895213.0	antisense	0.21368451390155102	0.6702269507924219	0.05
Alx4	37	54	0.543956076307244	0.09709029097090291	chr20	47895099.0	47895213.0	antisense	0.25840954366101854	0.5876914508829179	0.05
POU6F2	42	52	0.5435591815748053	0.027797220277972202	chr20	47895099.0	47895213.0	antisense	0.18098315168483153	0.7423618531467508	0.05
TEAD1	40	50	0.541645929221912	0.06419358064193581	chr20	47895099.0	47895213.0	antisense	0.22210978902109788	0.6534323004152328	0.05
Nr2e1	42	51	0.5409720478555744	0.0160983901609839	chr20	47895099.0	47895213.0	sense	0.15222477752224778	0.8175146519978986	0.05
POU3F2	34	46	0.5401469059642479	0.03519648035196481	chr20	47895099.0	47895213.0	antisense	0.18831931239865704	0.7251051402165186	0.05
NRL	42	53	0.539071850335868	0.128987101289871	chr20	47895099.0	47895213.0	antisense	0.2936153753045748	0.5322212061296097	0.05
Nkx3-1	42	51	0.5366808372659195	0.026997300269973004	chr20	47895099.0	47895213.0	antisense	0.18098315168483153	0.7423618531467508	0.05
BARX1	42	50	0.5349195995044943	0.030096990300969902	chr20	47895099.0	47895213.0	antisense	0.1822215505722155	0.7394002621537388	0.05
Crem	41	51	0.5331504715247575	0.0170982901709829	chr20	47895099.0	47895213.0	sense	0.15222477752224778	0.8175146519978986	0.05
Hes2	42	55	0.532831487830884	0.23827617238276172	chr20	47895099.0	47895213.0	sense	0.395594306384058	0.4027499676405303	0.05
FOXA1	38	53	0.5320247804100388	0.06269373062693731	chr20	47895099.0	47895213.0	antisense	0.22210978902109788	0.6534323004152328	0.05
Phox2b	38	49	0.5308173258650012	0.045995400459954004	chr20	47895099.0	47895213.0	sense	0.2040308789633857	0.6903040994929924	0.05
Hoxa9	38	49	0.527043493579366	0.025997400259974	chr20	47895099.0	47895213.0	antisense	0.17753487809113824	0.7507163137383782	0.05
HOXA5	41	49	0.5268330425493201	0.028997100289971003	chr20	47895099.0	47895213.0	antisense	0.1822215505722155	0.7394002621537388	0.05
Sox17	41	50	0.5263807517170446	0.023697630236976304	chr20	47895099.0	47895213.0	antisense	0.16990218786340544	0.7698010286007231	0.05
LHX9	42	50	0.5243109237608002	0.06179382061793821	chr20	47895099.0	47895213.0	antisense	0.22210978902109788	0.6534323004152328	0.05
PRDM1	35	50	0.5222840138746757	0.0760923907609239	chr20	47895099.0	47895213.0	sense	0.23521553170126772	0.6285340044094745	0.05
EVX1	38	48	0.5215222871964454	0.1341865813418658	chr20	47895099.0	47895213.0	sense	0.297840728747638	0.5260159141698324	0.05
HOXB2	41	51	0.5213327780117814	0.15548445155484453	chr20	47895099.0	47895213.0	sense	0.31770248172033194	0.4979793926854865	0.05
YY1	41	53	0.5213146774979184	0.027897210278972105	chr20	47895099.0	47895213.0	sense	0.18098315168483153	0.7423618531467508	0.05
NFYA	35	53	0.520414926901591	0.06509349065093491	chr20	47895099.0	47895213.0	antisense	0.22226001084102115	0.6531386688049854	0.05
Dlx2	42	50	0.5193166529505926	0.038696130386961305	chr20	47895099.0	47895213.0	antisense	0.19689501638071485	0.705765276171411	0.05
DUXA	37	50	0.5145839838068912	0.07829217078292171	chr20	47895099.0	47895213.0	sense	0.23591261563498822	0.627248834213328	0.05
EVX2	38	48	0.5137661531731073	0.14028597140285973	chr20	47895099.0	47895213.0	sense	0.3031862788824852	0.5182904571971798	0.05
MEF2A	39	51	0.5095084550613427	0.0156984301569843	chr20	47895099.0	47895213.0	sense	0.15222477752224778	0.8175146519978986	0.05
ONECUT3	40	54	0.508660041192166	0.033896610338966106	chr20	47895099.0	47895213.0	sense	0.18831931239865704	0.7251051402165186	0.05
PRRX1	39	47	0.5085806106781366	0.0675932406759324	chr20	47895099.0	47895213.0	antisense	0.22654080745771576	0.6448535558700813	0.05
MSX1	42	50	0.5072418220285491	0.05299470052994701	chr20	47895099.0	47895213.0	antisense	0.2119038096190381	0.673861235447516	0.05
Foxj3	37	54	0.5059989262015784	0.12318768123187682	chr20	47895099.0	47895213.0	sense	0.2889964336899643	0.5391075165456174	0.05
HSF1	38	51	0.5043519836472692	0.012898710128987101	chr20	47895099.0	47895213.0	sense	0.15222477752224778	0.8175146519978986	0.05
RAX	41	51	0.5024400881673339	0.0805919408059194	chr20	47895099.0	47895213.0	antisense	0.23628084118962409	0.6265714916683213	0.05
Lhx4	42	50	0.49929693757277854	0.07269273072692731	chr20	47895099.0	47895213.0	antisense	0.2327403623274036	0.633128293911335	0.05
MEF2C	37	52	0.49862394490593576	0.0968903109689031	chr20	47895099.0	47895213.0	sense	0.25840954366101854	0.5876914508829179	0.05
THAP1	43	52	0.4941568011216171	0.17638236176382363	chr20	47895099.0	47895213.0	antisense	0.34807013595218433	0.4583332371223616	0.05
PROP1	38	49	0.49279135323444545	0.04179582041795821	chr20	47895099.0	47895213.0	sense	0.20383907555190425	0.6907125589464762	0.05
POU3F3	40	53	0.4927594521556276	0.0771922807719228	chr20	47895099.0	47895213.0	antisense	0.23566349247428198	0.6277076904709427	0.05
MYBL2	36	51	0.487167607718871	0.0423957604239576	chr20	47895099.0	47895213.0	antisense	0.20383907555190425	0.6907125589464762	0.05
RORA(var.2)	41	55	0.4866739991495481	0.032096790320967905	chr20	47895099.0	47895213.0	sense	0.1871711705233971	0.7277610436684455	0.05
GRHL1	42	54	0.4854764873394567	0.0408959104089591	chr20	47895099.0	47895213.0	sense	0.20383907555190425	0.6907125589464762	0.05
POU2F1	42	54	0.4853679078348558	0.09349065093490651	chr20	47895099.0	47895213.0	sense	0.2548551427579755	0.593706598297068	0.05
POU2F2	38	51	0.4829659071317131	0.049095090490950906	chr20	47895099.0	47895213.0	antisense	0.2119038096190381	0.673861235447516	0.05
GBX2	41	51	0.48267301631608256	0.0810918908109189	chr20	47895099.0	47895213.0	antisense	0.23628084118962409	0.6265714916683213	0.05
Six3	34	51	0.48129785766982613	0.1250874912508749	chr20	47895099.0	47895213.0	sense	0.2889964336899643	0.5391075165456174	0.05
Sox5	40	47	0.4804292284189898	0.0168983101689831	chr20	47895099.0	47895213.0	antisense	0.15222477752224778	0.8175146519978986	0.05
FOXP2	40	51	0.48007285523454724	0.0301969803019698	chr20	47895099.0	47895213.0	sense	0.1822215505722155	0.7394002621537388	0.05
MEF2D	39	51	0.47404293945688314	0.016798320167983202	chr20	47895099.0	47895213.0	sense	0.15222477752224778	0.8175146519978986	0.05
POU1F1	33	47	0.4723090404153886	0.0923907609239076	chr20	47895099.0	47895213.0	sense	0.2537079625370796	0.5956659023815423	0.05
PROX1	43	55	0.4669898064705319	0.021997800219978002	chr20	47895099.0	47895213.0	antisense	0.16922220821396122	0.7715426420542977	0.05
HESX1	41	51	0.46697143428126786	0.07219278072192781	chr20	47895099.0	47895213.0	sense	0.23272082729615237	0.6331647478906154	0.05
NFATC2	39	46	0.4664337792759655	0.0372962703729627	chr20	47895099.0	47895213.0	antisense	0.1935676432356764	0.7131672376197172	0.05
Arx	38	55	0.46455949897547705	0.13888611138886112	chr20	47895099.0	47895213.0	antisense	0.30159787368543484	0.5205717246389269	0.05
MEF2B	39	51	0.46417683981924124	0.018198180181981802	chr20	47895099.0	47895213.0	sense	0.15233637926529928	0.8171963709415839	0.05
EOMES	34	47	0.46294378961627497	0.1334866513348665	chr20	47895099.0	47895213.0	sense	0.297840728747638	0.5260159141698324	0.05
RHOXF1	42	50	0.4628997999595123	0.07019298070192981	chr20	47895099.0	47895213.0	sense	0.23042601400237334	0.6374684926970525	0.05
BCL6B	33	50	0.4624762329551869	0.0081991800819918	chr20	47895099.0	47895213.0	antisense	0.13052331130523312	0.8843119169302184	0.05
Pparg::Rxra	40	55	0.46172873382060997	0.21597840215978403	chr20	47895099.0	47895213.0	sense	0.3748922766586218	0.42609350660190354	0.05
Nr5a2	38	53	0.46150523266091126	0.1024897510248975	chr20	47895099.0	47895213.0	sense	0.2686473776864738	0.5708173942981628	0.05
Nr1h3::Rxra	33	52	0.46001848825332947	0.2096790320967903	chr20	47895099.0	47895213.0	sense	0.3688929412143532	0.43309965494122393	0.05
OLIG3	39	49	0.4596845708692333	0.0598940105989401	chr20	47895099.0	47895213.0	antisense	0.22203565357749938	0.6535772827173315	0.05
Msx3	42	50	0.4587648562995461	0.05499450054994501	chr20	47895099.0	47895213.0	antisense	0.21296092612960926	0.6717000731949812	0.05
POU4F2	38	54	0.45698905356421393	0.045495450454954504	chr20	47895099.0	47895213.0	sense	0.2040002896262098	0.6903692159908883	0.05
Arid3a	40	46	0.45636780717491593	0.0230976902309769	chr20	47895099.0	47895213.0	sense	0.16990218786340544	0.7698010286007231	0.05
MSX2	42	50	0.45420389965985714	0.05799420057994201	chr20	47895099.0	47895213.0	antisense	0.21765952901112767	0.6622223149234858	0.05
LBX1	39	47	0.4538839797847077	0.051394860513948606	chr20	47895099.0	47895213.0	sense	0.2119038096190381	0.673861235447516	0.05
STAT1::STAT2	35	50	0.4533882059412301	0.0786921307869213	chr20	47895099.0	47895213.0	antisense	0.23591261563498822	0.627248834213328	0.05
GATA1::TAL1	34	52	0.4530185006753032	0.1772822717728227	chr20	47895099.0	47895213.0	antisense	0.3485208297352083	0.45777126069731805	0.05
Foxa2	35	47	0.4518911823520644	0.06879312068793121	chr20	47895099.0	47895213.0	sense	0.22741165373908473	0.6431872836021272	0.05
Pou2f3	36	52	0.4506992357549206	0.13758624137586242	chr20	47895099.0	47895213.0	sense	0.30024854657391403	0.5225190862279931	0.05
Sox2	41	49	0.45042875956559136	0.0160983901609839	chr20	47895099.0	47895213.0	antisense	0.15222477752224778	0.8175146519978986	0.05
LEF1	36	51	0.44963424569738625	0.06469353064693531	chr20	47895099.0	47895213.0	sense	0.22226001084102115	0.6531386688049854	0.05
Nobox	43	51	0.44899784784187374	0.0678932106789321	chr20	47895099.0	47895213.0	sense	0.22654080745771576	0.6448535558700813	0.05
GSC	38	48	0.44803953449158723	0.126987301269873	chr20	47895099.0	47895213.0	antisense	0.2916212803498411	0.5351807876198489	0.05
Twist2	39	49	0.44781602113020913	0.0532946705329467	chr20	47895099.0	47895213.0	antisense	0.2119038096190381	0.673861235447516	0.05
NFATC1	44	54	0.44706886842031607	0.1942805719428057	chr20	47895099.0	47895213.0	antisense	0.35255810083327327	0.45276930195766535	0.05
TBX19	34	54	0.4465894541203269	0.1146885311468853	chr20	47895099.0	47895213.0	sense	0.28480070653221756	0.5454589376381912	0.05
NR3C1	36	53	0.4455141601190046	0.0537946205379462	chr20	47895099.0	47895213.0	sense	0.2119038096190381	0.673861235447516	0.05
Stat4	39	53	0.4452647783709002	0.1055894410558944	chr20	47895099.0	47895213.0	sense	0.27400459954004597	0.5622421468945926	0.05
Bhlha15	40	48	0.44268714869650583	0.0206979302069793	chr20	47895099.0	47895213.0	antisense	0.16590613665906137	0.7801375496725809	0.05
BATF::JUN	39	50	0.4421213037657448	0.0494950504949505	chr20	47895099.0	47895213.0	sense	0.2119038096190381	0.673861235447516	0.05
Shox2	39	47	0.4413321974594403	0.08149185081491851	chr20	47895099.0	47895213.0	antisense	0.23628084118962409	0.6265714916683213	0.05
POU6F1	41	51	0.440234693561259	0.12968703129687031	chr20	47895099.0	47895213.0	sense	0.2939195163453087	0.5317715756842127	0.05
Mafb	42	54	0.4375163484717947	0.14458554144585542	chr20	47895099.0	47895213.0	sense	0.3075405574196679	0.5120976028086222	0.05
RARA(var.2)	35	52	0.4374320665277911	0.036996300369963	chr20	47895099.0	47895213.0	sense	0.1935676432356764	0.7131672376197172	0.05
Foxj2	38	46	0.43575595563644176	0.030896910308969103	chr20	47895099.0	47895213.0	sense	0.1822215505722155	0.7394002621537388	0.05
NFAT5	39	49	0.43484146617075575	0.1250874912508749	chr20	47895099.0	47895213.0	antisense	0.2889964336899643	0.5391075165456174	0.05
PITX3	36	45	0.4346534939601294	0.1342865713428657	chr20	47895099.0	47895213.0	antisense	0.297840728747638	0.5260159141698324	0.05
ELF5	42	53	0.4317217967240558	0.15398460153984603	chr20	47895099.0	47895213.0	sense	0.31629169098900384	0.4999122168892846	0.05
NFATC3	44	54	0.4301209841464972	0.18298170182981702	chr20	47895099.0	47895213.0	antisense	0.3512300943818662	0.45440827959954794	0.05
JUND(var.2)	33	48	0.42521726213380956	0.1207879212078792	chr20	47895099.0	47895213.0	sense	0.28888908344188624	0.5392688689918212	0.05
MAFK	38	53	0.42401526339087314	0.17418258174182583	chr20	47895099.0	47895213.0	sense	0.34504106841224275	0.46212921007650587	0.05
MEOX1	41	51	0.42308969206908476	0.1471852814718528	chr20	47895099.0	47895213.0	sense	0.3086810840828268	0.5104899831844175	0.05
BHLHE22	39	49	0.4210188361889949	0.053394660533946606	chr20	47895099.0	47895213.0	antisense	0.2119038096190381	0.673861235447516	0.05
VSX2	39	47	0.42063899889173256	0.1044895510448955	chr20	47895099.0	47895213.0	antisense	0.27251294971005413	0.5646128553910386	0.05
Pitx1	36	44	0.4205350031453871	0.12338766123387661	chr20	47895099.0	47895213.0	antisense	0.2889964336899643	0.5391075165456174	0.05
VENTX	42	51	0.4202336039386344	0.07169283071692831	chr20	47895099.0	47895213.0	antisense	0.23255361963803622	0.6334768964165294	0.05
IRF7	39	53	0.4192648337065525	0.0765923407659234	chr20	47895099.0	47895213.0	sense	0.23521553170126772	0.6285340044094745	0.05
Stat6	34	49	0.41830624570161284	0.1588841115888411	chr20	47895099.0	47895213.0	antisense	0.3221127106039396	0.49199213753287485	0.05
GCM1	41	52	0.4143500116771067	0.08919108089191082	chr20	47895099.0	47895213.0	sense	0.24622431373883888	0.6086690643159616	0.05
CUX2	36	46	0.4137245132726927	0.0988901109889011	chr20	47895099.0	47895213.0	sense	0.26185697756754933	0.5819358491877016	0.05
STAT3	36	47	0.41011186974875385	0.07379262073792621	chr20	47895099.0	47895213.0	antisense	0.2327403623274036	0.633128293911335	0.05
LHX2	41	51	0.4099428819566543	0.14308569143085692	chr20	47895099.0	47895213.0	sense	0.30560277305602773	0.5148427092669406	0.05
Rarb(var.2)	35	52	0.409705964012898	0.034896510348965105	chr20	47895099.0	47895213.0	sense	0.18831931239865704	0.7251051402165186	0.05
PBX1	41	53	0.4061567070573984	0.10788921107889211	chr20	47895099.0	47895213.0	antisense	0.2785796047260946	0.5550506821659829	0.05
Spz1	37	48	0.4050138011839759	0.1192880711928807	chr20	47895099.0	47895213.0	sense	0.28888908344188624	0.5392688689918212	0.05
FOXP3	38	45	0.4031492751493078	0.0846915308469153	chr20	47895099.0	47895213.0	sense	0.24284477629585105	0.6146712339668825	0.05
mix-a	41	52	0.4019600862946717	0.12418758124187582	chr20	47895099.0	47895213.0	antisense	0.2889964336899643	0.5391075165456174	0.05
Atf1	42	50	0.4011907725095894	0.06259374062593741	chr20	47895099.0	47895213.0	sense	0.22210978902109788	0.6534323004152328	0.05
Gfi1	39	49	0.3983117919922153	0.19368063193680632	chr20	47895099.0	47895213.0	sense	0.35255810083327327	0.45276930195766535	0.05
PAX4	39	47	0.3979847898063997	0.11848815118488151	chr20	47895099.0	47895213.0	sense	0.28888908344188624	0.5392688689918212	0.05
ZNF410	38	55	0.39630893557409197	0.0638936106389361	chr20	47895099.0	47895213.0	antisense	0.22210978902109788	0.6534323004152328	0.05
NKX6-1	42	50	0.3962023525255889	0.12018798120187982	chr20	47895099.0	47895213.0	sense	0.28888908344188624	0.5392688689918212	0.05
POU5F1B	36	45	0.395318285782652	0.12258774122587741	chr20	47895099.0	47895213.0	antisense	0.2889964336899643	0.5391075165456174	0.05
CUX1	43	53	0.39476295075910506	0.11798820117988201	chr20	47895099.0	47895213.0	sense	0.28888908344188624	0.5392688689918212	0.05
FOS	41	52	0.3927450845090467	0.0856914308569143	chr20	47895099.0	47895213.0	antisense	0.24436182755350838	0.6119666354902814	0.05
Atoh1	39	49	0.3926704476591177	0.11358864113588642	chr20	47895099.0	47895213.0	sense	0.2847947089349036	0.5454680835103225	0.05
INSM1	41	53	0.392222416554001	0.08789121087891211	chr20	47895099.0	47895213.0	sense	0.24587594716464184	0.609283954077853	0.05
SPI1	41	55	0.3893090017281494	0.05749425057494251	chr20	47895099.0	47895213.0	sense	0.21765952901112767	0.6622223149234858	0.05
TBX2	34	45	0.38831526675580486	0.24127587241275872	chr20	47895099.0	47895213.0	sense	0.3975307231181644	0.4006293013092195	0.05
NEUROD2	39	49	0.3882003469867133	0.13688631136886312	chr20	47895099.0	47895213.0	antisense	0.30024854657391403	0.5225190862279931	0.05
Mitf	41	51	0.38647018459505844	0.35276472352764726	chr20	47895099.0	47895213.0	sense	0.4934902736141481	0.3067214025836685	0.05
Lhx3	40	53	0.3860261714295155	0.10978902109789021	chr20	47895099.0	47895213.0	antisense	0.2820816928208169	0.5496250987609554	0.05
MZF1(var.2)	43	53	0.3854170246261082	0.1867813218678132	chr20	47895099.0	47895213.0	sense	0.3512300943818662	0.45440827959954794	0.05
ZIC4	40	55	0.3850285643354993	0.22417758224177584	chr20	47895099.0	47895213.0	antisense	0.3839873438398735	0.41568308967175543	0.05
CEBPA	37	48	0.38289013198309113	0.11248875112488751	chr20	47895099.0	47895213.0	sense	0.2847947089349036	0.5454680835103225	0.05
MAFG::NFE2L1	41	47	0.3785188675382346	0.0680931906809319	chr20	47895099.0	47895213.0	sense	0.22654080745771576	0.6448535558700813	0.05
SMAD2::SMAD3::SMAD4	35	48	0.3771810182462438	0.1867813218678132	chr20	47895099.0	47895213.0	antisense	0.3512300943818662	0.45440827959954794	0.05
ETV5	44	54	0.3763362947113962	0.23767623237676233	chr20	47895099.0	47895213.0	sense	0.395594306384058	0.4027499676405303	0.05
JUND	41	52	0.3762732455474757	0.07639236076392361	chr20	47895099.0	47895213.0	antisense	0.23521553170126772	0.6285340044094745	0.05
SPDEF	39	50	0.3748300869678866	0.08299170082991701	chr20	47895099.0	47895213.0	antisense	0.2392927373929274	0.621070482155637	0.05
NOTO	41	51	0.3732260819037223	0.22597740225977403	chr20	47895099.0	47895213.0	antisense	0.38579694662112735	0.41364121388975766	0.05
FIGLA	42	52	0.3731812054929914	0.18488151184881513	chr20	47895099.0	47895213.0	antisense	0.3512300943818662	0.45440827959954794	0.05
Tcf7	36	48	0.37288431740097594	0.08789121087891211	chr20	47895099.0	47895213.0	sense	0.24587594716464184	0.609283954077853	0.05
FOXG1	42	50	0.3721090608485473	0.043995600439956005	chr20	47895099.0	47895213.0	sense	0.20387246989586758	0.690641415612399	0.05
ISX	42	50	0.3698141236048734	0.10158984101589841	chr20	47895099.0	47895213.0	sense	0.26764024105203693	0.5724485876420973	0.05
SNAI2	41	50	0.3697189900053009	0.18968103189681032	chr20	47895099.0	47895213.0	sense	0.3523286957018584	0.4530519839051809	0.05
OTX2	39	47	0.3672744235537154	0.1478852114788521	chr20	47895099.0	47895213.0	antisense	0.3086810840828268	0.5104899831844175	0.05
PAX3	43	53	0.36385769748388136	0.07829217078292171	chr20	47895099.0	47895213.0	antisense	0.23591261563498822	0.627248834213328	0.05
JUN	39	52	0.363397740166888	0.148985101489851	chr20	47895099.0	47895213.0	sense	0.3086810840828268	0.5104899831844175	0.05
OTX1	42	50	0.3630840276368757	0.14308569143085692	chr20	47895099.0	47895213.0	sense	0.30560277305602773	0.5148427092669406	0.05
XBP1	41	55	0.3616796755792854	0.1845815418458154	chr20	47895099.0	47895213.0	antisense	0.3512300943818662	0.45440827959954794	0.05
JUN(var.2)	37	51	0.3603667271747373	0.23157684231576842	chr20	47895099.0	47895213.0	sense	0.3927724874571366	0.4058589408545863	0.05
FOXF2	33	47	0.3598819140561082	0.19918008199180082	chr20	47895099.0	47895213.0	sense	0.35646366397842977	0.4479847332396809	0.05
FOXD2	38	45	0.3592967003921464	0.1302869713028697	chr20	47895099.0	47895213.0	sense	0.2939953830703886	0.531659489733413	0.05
Foxd3	43	55	0.35821697084496784	0.17218278172182783	chr20	47895099.0	47895213.0	antisense	0.3423864510100714	0.46548342964904976	0.05
NR3C2	36	53	0.3566306656742782	0.14588541145885411	chr20	47895099.0	47895213.0	sense	0.3077826363705093	0.5117558846383323	0.05
EN1	39	47	0.35652656580961073	0.16278372162783722	chr20	47895099.0	47895213.0	sense	0.3276614199045212	0.48457469108312556	0.05
MYF6	44	54	0.3563552271915602	0.0790920907909209	chr20	47895099.0	47895213.0	sense	0.23591261563498822	0.627248834213328	0.05
OLIG2	39	49	0.356053530289771	0.11888811118888111	chr20	47895099.0	47895213.0	sense	0.28888908344188624	0.5392688689918212	0.05
SMAD3	37	47	0.3555679844924211	0.062993700629937	chr20	47895099.0	47895213.0	antisense	0.22210978902109788	0.6534323004152328	0.05
LIN54	39	48	0.3552246394615834	0.1284871512848715	chr20	47895099.0	47895213.0	antisense	0.2936153753045748	0.5322212061296097	0.05
ATF4	40	53	0.3540942648269538	0.1491850814918508	chr20	47895099.0	47895213.0	sense	0.3086810840828268	0.5104899831844175	0.05
RARA::RXRA	35	52	0.35360770907584727	0.2990700929907009	chr20	47895099.0	47895213.0	sense	0.44095846097208463	0.3556023198752177	0.05
ETV4	44	54	0.35337628369611257	0.2186781321867813	chr20	47895099.0	47895213.0	sense	0.37831316868313164	0.42214854111043026	0.05
Pax6	41	55	0.3525911486069103	0.2812718728127187	chr20	47895099.0	47895213.0	sense	0.4255979649848426	0.3710004573059744	0.05
Atf3	41	49	0.35195891999181506	0.08859114088591141	chr20	47895099.0	47895213.0	sense	0.24587594716464184	0.609283954077853	0.05
PAX7	43	53	0.3505136392583555	0.07649235076492351	chr20	47895099.0	47895213.0	antisense	0.23521553170126772	0.6285340044094745	0.05
ETV1	44	54	0.35008135588651285	0.22767723227677233	chr20	47895099.0	47895213.0	sense	0.3874245362349011	0.41181287816004786	0.05
POU3F4	36	45	0.34786265704813435	0.09379062093790622	chr20	47895099.0	47895213.0	antisense	0.2548551427579755	0.593706598297068	0.05
FOXO3	38	46	0.3473743323431277	0.06179382061793821	chr20	47895099.0	47895213.0	sense	0.22210978902109788	0.6534323004152328	0.05
SP2	40	55	0.34661588864862347	0.2576742325767423	chr20	47895099.0	47895213.0	antisense	0.4114859283302439	0.38564501185637445	0.05
PDX1	42	50	0.34592203458544585	0.1451854814518548	chr20	47895099.0	47895213.0	antisense	0.30755618315719446	0.5120755374288624	0.05
HNF1A	37	52	0.3451492836945684	0.24637536246375363	chr20	47895099.0	47895213.0	sense	0.4021031859078243	0.39566248592044967	0.05
FOSL1	41	52	0.34439508153466886	0.12058794120587941	chr20	47895099.0	47895213.0	antisense	0.28888908344188624	0.5392688689918212	0.05
MSC	44	54	0.3431469518679022	0.09569043095690431	chr20	47895099.0	47895213.0	antisense	0.25840954366101854	0.5876914508829179	0.05
JDP2	42	51	0.3430721848472746	0.06109389061093891	chr20	47895099.0	47895213.0	antisense	0.22210978902109788	0.6534323004152328	0.05
FEV	44	54	0.34287147490885245	0.19708029197080293	chr20	47895099.0	47895213.0	sense	0.35639258373814187	0.44807134188295394	0.05
DUX4	38	49	0.3424784967317824	0.1376862313768623	chr20	47895099.0	47895213.0	sense	0.30024854657391403	0.5225190862279931	0.05
EMX2	38	48	0.3418750278245981	0.2518748125187481	chr20	47895099.0	47895213.0	sense	0.4059721357056841	0.3915037736261227	0.05
Pax2	41	49	0.3398404004359386	0.45995400459954006	chr20	47895099.0	47895213.0	sense	0.5850885499685325	0.2327784008367107	0.05
ERG	44	54	0.33959505200264944	0.1887811218878112	chr20	47895099.0	47895213.0	sense	0.3523286957018584	0.4530519839051809	0.05
Lhx8	39	47	0.33903122028193566	0.18968103189681032	chr20	47895099.0	47895213.0	antisense	0.3523286957018584	0.4530519839051809	0.05
ETV3	44	54	0.3389713907768617	0.22037796220377961	chr20	47895099.0	47895213.0	sense	0.3795882001203853	0.4206872965141205	0.05
HMBOX1	41	51	0.33712407271788636	0.3193680631936806	chr20	47895099.0	47895213.0	antisense	0.4591468830956239	0.3380483595315987	0.05
Crx	42	53	0.3364823159344981	0.19918008199180082	chr20	47895099.0	47895213.0	antisense	0.35646366397842977	0.4479847332396809	0.05
GLIS2	40	54	0.3364038939488209	0.17068293170682933	chr20	47895099.0	47895213.0	antisense	0.34070939059940164	0.4676158962844891	0.05
HNF1B	38	51	0.3360181867744477	0.1840815918408159	chr20	47895099.0	47895213.0	sense	0.3512300943818662	0.45440827959954794	0.05
RORA	42	52	0.335768760691634	0.13588641135886412	chr20	47895099.0	47895213.0	sense	0.3001065850861722	0.5227244749676467	0.05
Nfe2l2	38	53	0.33537803380065656	0.2616738326167383	chr20	47895099.0	47895213.0	sense	0.4115415731154157	0.3855862866664113	0.05
E2F1	33	45	0.3332928432475054	0.2588741125887411	chr20	47895099.0	47895213.0	sense	0.41153057946484983	0.3855978882781584	0.05
STAT1	36	47	0.3322558693007493	0.13288671132886712	chr20	47895099.0	47895213.0	antisense	0.297840728747638	0.5260159141698324	0.05
RARA	36	54	0.3318561837785375	0.0675932406759324	chr20	47895099.0	47895213.0	sense	0.22654080745771576	0.6448535558700813	0.05
CEBPE	37	47	0.33185459733674993	0.19218078192180782	chr20	47895099.0	47895213.0	antisense	0.35255810083327327	0.45276930195766535	0.05
BHLHE23	38	50	0.33069220296135127	0.1693830616938306	chr20	47895099.0	47895213.0	sense	0.3394201120428498	0.4692624275149685	0.05
NFE2	41	52	0.3304017657366909	0.0882911708829117	chr20	47895099.0	47895213.0	antisense	0.24587594716464184	0.609283954077853	0.05
Hes1	43	53	0.32756588066785297	0.742025797420258	chr20	47895099.0	47895213.0	antisense	0.7940441007445648	0.10015537644174843	0.05
TBR1	35	45	0.32655685759766867	0.21187881211878812	chr20	47895099.0	47895213.0	sense	0.37150372800557785	0.4300368237765488	0.05
ELK3	44	54	0.3263361368174166	0.23357664233576642	chr20	47895099.0	47895213.0	sense	0.39487386766209376	0.4035416064652294	0.05
OLIG1	39	49	0.3250084631551036	0.11838816118388161	chr20	47895099.0	47895213.0	sense	0.28888908344188624	0.5392688689918212	0.05
EHF	41	53	0.3247626614712414	0.206979302069793	chr20	47895099.0	47895213.0	sense	0.3666288661236265	0.43577334432559656	0.05
Stat5a::Stat5b	35	46	0.3246543615461395	0.18668133186681332	chr20	47895099.0	47895213.0	sense	0.3512300943818662	0.45440827959954794	0.05
FOXL1	42	49	0.3232454350784044	0.11358864113588642	chr20	47895099.0	47895213.0	sense	0.2847947089349036	0.5454680835103225	0.05
GBX1	41	51	0.3228590533168744	0.25437456254374563	chr20	47895099.0	47895213.0	antisense	0.40873188222973367	0.38856148478313146	0.05
ZIC1	41	55	0.3224537920812931	0.14928507149285072	chr20	47895099.0	47895213.0	antisense	0.3086810840828268	0.5104899831844175	0.05
ETS1	44	54	0.32218987114904624	0.21337866213378662	chr20	47895099.0	47895213.0	sense	0.37162256928669546	0.429897918416209	0.05
HNF4G	37	52	0.3216180065344143	0.3892610738926107	chr20	47895099.0	47895213.0	sense	0.5274843272852872	0.2777904396788656	0.05
NEUROG2	39	49	0.32153689166782645	0.11308869113088692	chr20	47895099.0	47895213.0	sense	0.2847947089349036	0.5454680835103225	0.05
Ddit3::Cebpa	38	50	0.32137462678718837	0.35726427357264273	chr20	47895099.0	47895213.0	sense	0.4984412849037677	0.30238599310786235	0.05
FOXH1	41	52	0.31912377681566634	0.19788021197880212	chr20	47895099.0	47895213.0	sense	0.35646366397842977	0.4479847332396809	0.05
FLI1	44	54	0.31088475726267056	0.19008099190080993	chr20	47895099.0	47895213.0	sense	0.3523286957018584	0.4530519839051809	0.05
FOXD1	40	48	0.3098770738325916	0.1541845815418458	chr20	47895099.0	47895213.0	sense	0.31629169098900384	0.4999122168892846	0.05
JUNB	42	53	0.3094740758634525	0.1924807519248075	chr20	47895099.0	47895213.0	antisense	0.35255810083327327	0.45276930195766535	0.05
TAL1::TCF3	39	51	0.30909593110059846	0.2385761423857614	chr20	47895099.0	47895213.0	antisense	0.395594306384058	0.4027499676405303	0.05
LHX6	38	48	0.3086549045944047	0.2836716328367163	chr20	47895099.0	47895213.0	sense	0.4264073592640736	0.3701753085307393	0.05
RFX3	33	49	0.3076454856973749	0.30146985301469853	chr20	47895099.0	47895213.0	sense	0.4432375459337919	0.3533634583400573	0.05
MEIS3	39	47	0.3068174140106864	0.2766723327667233	chr20	47895099.0	47895213.0	sense	0.42357799618268266	0.37306660849053497	0.05
TFCP2	44	54	0.30528056265044407	0.2506749325067493	chr20	47895099.0	47895213.0	sense	0.4059721357056841	0.3915037736261227	0.05
T	36	52	0.3052087114877455	0.24227577242275772	chr20	47895099.0	47895213.0	sense	0.39791495533990906	0.4002097379093024	0.05
RUNX1	40	51	0.30510100427932757	0.3748625137486251	chr20	47895099.0	47895213.0	antisense	0.5133341547111779	0.28959983897492647	0.05
CLOCK	41	51	0.3043404632902105	0.2572742725727427	chr20	47895099.0	47895213.0	sense	0.4114859283302439	0.38564501185637445	0.05
Esrrg	42	52	0.3041025166150221	0.20877912208779123	chr20	47895099.0	47895213.0	sense	0.3685590624611008	0.4334929055103376	0.05
MAFG	33	54	0.30372438197280516	0.33666633336666335	chr20	47895099.0	47895213.0	antisense	0.4761030708918209	0.32229901729240557	0.05
FOXO4	38	45	0.30340556922274914	0.14078592140785923	chr20	47895099.0	47895213.0	sense	0.3031862788824852	0.5182904571971798	0.05
CEBPB	37	47	0.3034022871495021	0.20417958204179582	chr20	47895099.0	47895213.0	antisense	0.36290822972497266	0.4402031831259317	0.05
Ar	38	55	0.30123158219561125	0.26317368263173685	chr20	47895099.0	47895213.0	antisense	0.41189563678362706	0.38521280850687584	0.05
CREB3	40	54	0.30030118633231545	0.3164683531646835	chr20	47895099.0	47895213.0	antisense	0.4575127445472723	0.33959680365335004	0.05
FOSL2	42	53	0.2971111824275693	0.21287871212878712	chr20	47895099.0	47895213.0	antisense	0.37162256928669546	0.429897918416209	0.05
RFX4	33	49	0.29579739445996805	0.393960603939606	chr20	47895099.0	47895213.0	antisense	0.5322924850372106	0.27384966520036125	0.05
Npas2	41	51	0.2939028785788003	0.30926907309269075	chr20	47895099.0	47895213.0	antisense	0.45341991224606354	0.34349941145101365	0.05
CREB3L1	40	54	0.29324223120216697	0.28957104289571045	chr20	47895099.0	47895213.0	antisense	0.4306228402947671	0.3659029388624754	0.05
Nr2f6	37	51	0.2928366602010561	0.24037596240375964	chr20	47895099.0	47895213.0	sense	0.39730931365462185	0.4008712541709178	0.05
Nr2e3	44	51	0.29098643748402975	0.11278872112788721	chr20	47895099.0	47895213.0	antisense	0.2847947089349036	0.5454680835103225	0.05
Klf12	40	55	0.289633480193131	0.28247175282471754	chr20	47895099.0	47895213.0	antisense	0.42617104568612907	0.37041605984447756	0.05
EGR4	38	54	0.289327058736943	0.45885411458854114	chr20	47895099.0	47895213.0	antisense	0.5850885499685325	0.2327784008367107	0.05
NR4A2	44	52	0.2876926878099338	0.2518748125187481	chr20	47895099.0	47895213.0	sense	0.4059721357056841	0.3915037736261227	0.05
CEBPD	37	47	0.2872529207312084	0.22087791220877911	chr20	47895099.0	47895213.0	antisense	0.3795882001203853	0.4206872965141205	0.05
Nr2f6(var.2)	36	51	0.284399218275049	0.1252874712528747	chr20	47895099.0	47895213.0	sense	0.2889964336899643	0.5391075165456174	0.05
ZNF143	37	53	0.28328162020265896	0.19318068193180682	chr20	47895099.0	47895213.0	sense	0.35255810083327327	0.45276930195766535	0.05
ZBED1	33	46	0.28303945066277325	0.1792820717928207	chr20	47895099.0	47895213.0	antisense	0.3503875176392135	0.4554513737281862	0.05
ESRRB	41	52	0.2827765889285943	0.1912808719128087	chr20	47895099.0	47895213.0	antisense	0.35255810083327327	0.45276930195766535	0.05
Sox1	36	51	0.28160706702009136	0.20217978202179782	chr20	47895099.0	47895213.0	sense	0.36058868339970124	0.4429879071593299	0.05
Gfi1b	40	51	0.28138606134372274	0.2842715728427157	chr20	47895099.0	47895213.0	sense	0.4264073592640736	0.3701753085307393	0.05
NR2C2	35	50	0.279946975098001	0.35276472352764726	chr20	47895099.0	47895213.0	sense	0.4934902736141481	0.3067214025836685	0.05
CTCF	34	53	0.279497614084423	0.36566343365663434	chr20	47895099.0	47895213.0	sense	0.5074313424272546	0.2946227112908406	0.05
FOXI1	38	45	0.2790771923648519	0.15808419158084192	chr20	47895099.0	47895213.0	sense	0.32174782521747824	0.49248437993015093	0.05
ETV6	44	54	0.2790492090478534	0.31156884311568844	chr20	47895099.0	47895213.0	sense	0.4555048720480065	0.34150697348297204	0.05
Rfx1	34	48	0.27877057646189546	0.41985801419858015	chr20	47895099.0	47895213.0	sense	0.5568101353129994	0.25429286809855967	0.05
GMEB2	43	51	0.27724557850302967	0.2936706329367063	chr20	47895099.0	47895213.0	sense	0.43423093588077083	0.3622792393714287	0.05
PPARG	35	55	0.27527046140423167	0.3240675932406759	chr20	47895099.0	47895213.0	antisense	0.46419407646012256	0.3333004058385159	0.05
NR2F1	41	54	0.27507029785159437	0.4320567943205679	chr20	47895099.0	47895213.0	sense	0.5622588117128137	0.2500637295815013	0.05
ELF3	41	54	0.27384603362227644	0.270972902709729	chr20	47895099.0	47895213.0	sense	0.41731435165088826	0.37953667942533775	0.05
ESR2	40	55	0.2734527101838557	0.6128387161283871	chr20	47895099.0	47895213.0	antisense	0.7101151800187465	0.14867120340827236	0.05
Creb5	41	53	0.2729038172800814	0.23677632236776322	chr20	47895099.0	47895213.0	sense	0.395594306384058	0.4027499676405303	0.05
TBX20	35	46	0.27287596542858505	0.31516848315168483	chr20	47895099.0	47895213.0	sense	0.45690626468079454	0.3401728872547614	0.05
TBX21	44	54	0.2726677006805462	0.2812718728127187	chr20	47895099.0	47895213.0	sense	0.4255979649848426	0.3710004573059744	0.05
MAX::MYC	41	52	0.2720571357265198	0.31866813318668136	chr20	47895099.0	47895213.0	sense	0.4591468830956239	0.3380483595315987	0.05
RFX5	33	49	0.27076101413931025	0.26037396260373963	chr20	47895099.0	47895213.0	sense	0.41153057946484983	0.3855978882781584	0.05
Hic1	35	44	0.270368052993214	0.43225677432256776	chr20	47895099.0	47895213.0	antisense	0.5622588117128137	0.2500637295815013	0.05
Rarg(var.2)	34	51	0.26935641669178007	0.1795820417958204	chr20	47895099.0	47895213.0	sense	0.3503875176392135	0.4554513737281862	0.05
ZBTB7C	33	45	0.26785119316099254	0.5033496650334967	chr20	47895099.0	47895213.0	antisense	0.6205189457301301	0.20724495405172919	0.05
RFX2	33	49	0.2676234563691424	0.27777222277772223	chr20	47895099.0	47895213.0	antisense	0.42401112829893484	0.3726227450690631	0.05
FOXO6	38	45	0.26749510378556296	0.1628837116288371	chr20	47895099.0	47895213.0	sense	0.3276614199045212	0.48457469108312556	0.05
Bach1::Mafk	39	54	0.26628640694907796	0.32736726327367266	chr20	47895099.0	47895213.0	sense	0.46548934147681126	0.3320902588089569	0.05
SP1	44	55	0.26375021300401436	0.26477352264773524	chr20	47895099.0	47895213.0	antisense	0.41189563678362706	0.38521280850687584	0.05
Hand1::Tcf3	42	52	0.263613506881131	0.48705129487051296	chr20	47895099.0	47895213.0	antisense	0.6056049897402604	0.21781055522572818	0.05
ETV2	43	54	0.26343839575937095	0.29057094290570945	chr20	47895099.0	47895213.0	sense	0.4308751981944663	0.3656485038166777	0.05
TFEC	37	47	0.2629052225673269	0.46305369463053697	chr20	47895099.0	47895213.0	antisense	0.5859579090634626	0.23213357940512863	0.05
RXRG	37	51	0.26106847892125346	0.18568143185681432	chr20	47895099.0	47895213.0	sense	0.3512300943818662	0.45440827959954794	0.05
Rxra	37	51	0.26042282967538927	0.1805819418058194	chr20	47895099.0	47895213.0	sense	0.3510188307011995	0.45466958481549313	0.05
MEIS1	39	46	0.2579684487895299	0.42445755424457554	chr20	47895099.0	47895213.0	sense	0.5591204838906972	0.2524945966740074	0.05
SCRT2	40	53	0.2579145628830589	0.2870712928707129	chr20	47895099.0	47895213.0	sense	0.42813218678132187	0.3684221208784797	0.05
ATF7	40	54	0.25759127319144265	0.3418658134186581	chr20	47895099.0	47895213.0	sense	0.4821422749029445	0.31682478730532787	0.05
Klf4	45	55	0.25656130510881436	0.28577142285771423	chr20	47895099.0	47895213.0	sense	0.42742181113300776	0.36914331976432707	0.05
RXRB	37	51	0.256013205553476	0.18398160183981602	chr20	47895099.0	47895213.0	sense	0.3512300943818662	0.45440827959954794	0.05
Hnf4a	37	53	0.25338201088190543	0.26507349265073493	chr20	47895099.0	47895213.0	sense	0.41189563678362706	0.38521280850687584	0.05
TBX5	44	52	0.2527839749846507	0.47185281471852814	chr20	47895099.0	47895213.0	sense	0.5901002670817256	0.22907418879754823	0.05
SPIB	43	50	0.2512441493687938	0.3147685231476852	chr20	47895099.0	47895213.0	sense	0.45690626468079454	0.3401728872547614	0.05
KLF5	45	55	0.2512275230950886	0.27087291270872915	chr20	47895099.0	47895213.0	antisense	0.41731435165088826	0.37953667942533775	0.05
ZNF263	34	55	0.25117774139255095	0.47005299470052997	chr20	47895099.0	47895213.0	sense	0.5892693339361716	0.22968615936105113	0.05
JDP2(var.2)	41	53	0.24970955959262062	0.2692730726927307	chr20	47895099.0	47895213.0	sense	0.4171723126194843	0.3796845230537397	0.05
ZBTB18	42	55	0.24949891588780762	0.42575742425757424	chr20	47895099.0	47895213.0	sense	0.5593107355931074	0.2523468446014848	0.05
ERF	44	54	0.2490374685036547	0.36996300369963003	chr20	47895099.0	47895213.0	sense	0.5106670184045425	0.29186219028907084	0.05
Esrra	41	52	0.24868103397626434	0.23547645235476453	chr20	47895099.0	47895213.0	sense	0.3955089927900414	0.4028436373883244	0.05
TP73	37	55	0.24707391468688553	0.5066493350664933	chr20	47895099.0	47895213.0	sense	0.6220016296242716	0.20620847747011117	0.05
SCRT1	37	52	0.24685797113241512	0.4002599740025997	chr20	47895099.0	47895213.0	sense	0.5353992951220341	0.271322204917507	0.05
TFAP4	44	54	0.24393189957559092	0.31356864313568644	chr20	47895099.0	47895213.0	sense	0.45690626468079454	0.3401728872547614	0.05
ZIC3	40	55	0.2421799550912434	0.37746225377462256	chr20	47895099.0	47895213.0	antisense	0.5155339729184977	0.28774271008000785	0.05
Dux	42	50	0.24170909373977287	0.2792720727927207	chr20	47895099.0	47895213.0	sense	0.4250504568311497	0.3715595127198975	0.05
PAX5	34	53	0.2412932796898637	0.6954304569543046	chr20	47895099.0	47895213.0	sense	0.7646788287272969	0.11652093373442732	0.05
PLAG1	36	50	0.24024781544177304	0.27477252274772523	chr20	47895099.0	47895213.0	sense	0.4219140216155899	0.37477604131854675	0.05
ID4	41	51	0.2371351621355907	0.49105089491050896	chr20	47895099.0	47895213.0	antisense	0.6082468125502486	0.2159201582630962	0.05
SP3	44	55	0.23661944322374912	0.48775122487751227	chr20	47895099.0	47895213.0	antisense	0.6056049897402604	0.21781055522572818	0.05
NFYB	39	54	0.23548900723884006	0.6004399560043996	chr20	47895099.0	47895213.0	antisense	0.702037661402399	0.15363958915151193	0.05
MYBL1	38	50	0.23319538914289836	0.42675732426757323	chr20	47895099.0	47895213.0	antisense	0.5593107355931074	0.2523468446014848	0.05
USF2	36	47	0.23270173764210875	0.46435356464353567	chr20	47895099.0	47895213.0	antisense	0.5859579090634626	0.23213357940512863	0.05
GLIS3	40	54	0.23269041954350297	0.2598740125987401	chr20	47895099.0	47895213.0	antisense	0.41153057946484983	0.3855978882781584	0.05
ELF4	42	54	0.2319663029763582	0.39686031396860316	chr20	47895099.0	47895213.0	sense	0.5336023392479405	0.2727822751929963	0.05
TBX4	44	52	0.2304642981178548	0.44385561443855615	chr20	47895099.0	47895213.0	sense	0.5730374723721658	0.2418169774875082	0.05
HIC2	35	44	0.22983798568913522	0.6138386161383862	chr20	47895099.0	47895213.0	antisense	0.7101151800187465	0.14867120340827236	0.05
FOS::JUN	43	50	0.22935574517650073	0.40855914408559146	chr20	47895099.0	47895213.0	antisense	0.5450956189728071	0.26352730845768374	0.05
ELF1	42	54	0.22918469861685192	0.4096590340965903	chr20	47895099.0	47895213.0	sense	0.5451616376823856	0.26347471250176174	0.05
Rarg	36	52	0.2286384485106958	0.26447355264473554	chr20	47895099.0	47895213.0	sense	0.41189563678362706	0.38521280850687584	0.05
SOX21	36	51	0.22806210852540168	0.24967503249675033	chr20	47895099.0	47895213.0	antisense	0.4059721357056841	0.3915037736261227	0.05
MTF1	37	51	0.22798817260158621	0.3264673532646735	chr20	47895099.0	47895213.0	sense	0.46548504490210324	0.33209426746636805	0.05
RUNX3	34	44	0.22742318117057544	0.44095590440955906	chr20	47895099.0	47895213.0	antisense	0.5721402859714029	0.24249747128852867	0.05
Rarb	35	51	0.22734732267014673	0.23447655234476553	chr20	47895099.0	47895213.0	sense	0.3951082164510822	0.403283938877747	0.05
MLX	42	52	0.22687503426436248	0.36536346365363465	chr20	47895099.0	47895213.0	antisense	0.5074313424272546	0.2946227112908406	0.05
Nkx2-5(var.2)	41	52	0.22583402718811812	0.5205479452054794	chr20	47895099.0	47895213.0	antisense	0.6341886938066756	0.19778150475790682	0.05
MLXIPL	42	52	0.2223200495732868	0.49435056494350565	chr20	47895099.0	47895213.0	antisense	0.6108760552516177	0.21404689774554586	0.05
TFE3	42	52	0.22164017720871093	0.7337266273372662	chr20	47895099.0	47895213.0	sense	0.7867853710496718	0.10414372365288822	0.05
Srebf1(var.2)	42	52	0.22082453454083137	0.36966303369663034	chr20	47895099.0	47895213.0	sense	0.5106670184045425	0.29186219028907084	0.05
SREBF2(var.2)	42	52	0.21830862606520002	0.34466553344665535	chr20	47895099.0	47895213.0	sense	0.484773473872125	0.31446115217951753	0.05
RUNX2	42	51	0.21820081738538225	0.42055794420557946	chr20	47895099.0	47895213.0	sense	0.5568101353129994	0.25429286809855967	0.05
TFEB	37	47	0.21750506452798637	0.6009399060093991	chr20	47895099.0	47895213.0	antisense	0.702037661402399	0.15363958915151193	0.05
ZNF740	42	52	0.21564006758041307	0.32466753324667535	chr20	47895099.0	47895213.0	antisense	0.46419407646012256	0.3333004058385159	0.05
Myb	42	52	0.21328191415766712	0.4430556944305569	chr20	47895099.0	47895213.0	sense	0.5730374723721658	0.2418169774875082	0.05
TEAD3	41	49	0.2131084815167021	0.38266173382661733	chr20	47895099.0	47895213.0	antisense	0.5198990572146973	0.2840809701156143	0.05
E2F8	33	45	0.21248116052886648	0.2608739126087391	chr20	47895099.0	47895213.0	antisense	0.41153057946484983	0.3855978882781584	0.05
ELK1	44	54	0.2091205623350535	0.4490550944905509	chr20	47895099.0	47895213.0	sense	0.577890359112237	0.23815455076511277	0.05
MGA	35	43	0.20699636739100272	0.45015498450154984	chr20	47895099.0	47895213.0	sense	0.577890359112237	0.23815455076511277	0.05
USF1	37	48	0.20539197540318974	0.6018398160183982	chr20	47895099.0	47895213.0	sense	0.702037661402399	0.15363958915151193	0.05
ZBTB7B	33	45	0.20492487517328853	0.5069493050694931	chr20	47895099.0	47895213.0	antisense	0.6220016296242716	0.20620847747011117	0.05
TCF4	41	51	0.20393870214917909	0.5687431256874312	chr20	47895099.0	47895213.0	antisense	0.6723865198901522	0.1723810019488163	0.05
ZEB1	43	52	0.20376517138424927	0.42425757424257576	chr20	47895099.0	47895213.0	antisense	0.5591204838906972	0.2524945966740074	0.05
TP53	37	55	0.20119910607745273	0.5707429257074292	chr20	47895099.0	47895213.0	antisense	0.6732172237321723	0.17184478147198284	0.05
Mlxip	42	50	0.2002515866764003	0.39956004399560047	chr20	47895099.0	47895213.0	antisense	0.5353992951220341	0.271322204917507	0.05
IRF8	39	53	0.1990904058890104	0.3301669833016698	chr20	47895099.0	47895213.0	sense	0.4681876074687613	0.32958008589604065	0.05
CEBPG	42	52	0.19855574181749863	0.45435456454354567	chr20	47895099.0	47895213.0	sense	0.5808128546751237	0.23596378030263643	0.05
MAX	42	52	0.19415857517000376	0.6885311468853115	chr20	47895099.0	47895213.0	antisense	0.7586999261857253	0.1199299581886463	0.05
ARNT::HIF1A	47	55	0.19385966635904417	0.5807419258074192	chr20	47895099.0	47895213.0	sense	0.6834581847937655	0.16528805120420606	0.05
Arntl	41	51	0.19385853156733346	0.7193280671932807	chr20	47895099.0	47895213.0	sense	0.7797168308117214	0.10806309108423073	0.05
HEY1	41	51	0.19359166359670962	0.6143385661433857	chr20	47895099.0	47895213.0	sense	0.7101151800187465	0.14867120340827236	0.05
TCF3	42	52	0.19087777801703887	0.6721327867213278	chr20	47895099.0	47895213.0	antisense	0.7453780262999341	0.1276234143690702	0.05
Tcf21	40	54	0.1904813792788099	0.5480451954804519	chr20	47895099.0	47895213.0	antisense	0.6553812360699414	0.1835059968687153	0.05
MAF::NFE2	40	55	0.19043235411378373	0.6871312868713129	chr20	47895099.0	47895213.0	antisense	0.7586999261857253	0.1199299581886463	0.05
ZBTB33	37	52	0.19005506457777505	0.7517248275172482	chr20	47895099.0	47895213.0	antisense	0.7994778391013357	0.09719357005332183	0.05
MNT	42	52	0.18801696413166097	0.7210278972102789	chr20	47895099.0	47895213.0	sense	0.7797168308117214	0.10806309108423073	0.05
Tcf12	44	55	0.18694943600450298	0.6319368063193681	chr20	47895099.0	47895213.0	sense	0.720422075439515	0.1424129878365721	0.05
MEIS2	39	47	0.18690705067989088	0.601939806019398	chr20	47895099.0	47895213.0	sense	0.702037661402399	0.15363958915151193	0.05
Myod1	41	54	0.18636883801937953	0.7438256174382561	chr20	47895099.0	47895213.0	antisense	0.7943322951655452	0.09999777998231626	0.05
REL	36	46	0.18593462652731593	0.6577342265773423	chr20	47895099.0	47895213.0	sense	0.7341162657927756	0.13423515317172285	0.05
CREB1	38	46	0.1858710673334822	0.6403359664033597	chr20	47895099.0	47895213.0	sense	0.7224660142681384	0.1411825778627168	0.05
TP63	37	55	0.1847969903437972	0.45095490450954906	chr20	47895099.0	47895213.0	sense	0.577890359112237	0.23815455076511277	0.05
Creb3l2	42	51	0.18364031896761157	0.531946805319468	chr20	47895099.0	47895213.0	antisense	0.6450476447682335	0.19040820614652862	0.05
BHLHE40	42	52	0.18333769359934604	0.6371362863713629	chr20	47895099.0	47895213.0	sense	0.720422075439515	0.1424129878365721	0.05
NR1H2::RXRA	36	53	0.18159735508871264	0.37106289371062895	chr20	47895099.0	47895213.0	sense	0.5108266361692744	0.2917264652854145	0.05
IRF1	33	54	0.1801482684845367	0.48485151484851513	chr20	47895099.0	47895213.0	antisense	0.6048988851114888	0.2183172159396232	0.05
TBX1	44	52	0.180061234203002	0.46515348465153483	chr20	47895099.0	47895213.0	sense	0.5859579090634626	0.23213357940512863	0.05
Vdr	34	50	0.179534110568324	0.5637436256374363	chr20	47895099.0	47895213.0	antisense	0.6679975838032636	0.1752251083969208	0.05
HINFP	43	55	0.1791436461046838	0.7007299270072993	chr20	47895099.0	47895213.0	sense	0.7672549200776125	0.11506031794246553	0.05
RXRA::VDR	34	49	0.1779728036309434	0.551944805519448	chr20	47895099.0	47895213.0	antisense	0.6585272507232035	0.18142624865384327	0.05
SP8	41	53	0.17742930023964473	0.6222377762223777	chr20	47895099.0	47895213.0	antisense	0.7176475685764757	0.14408878221927796	0.05
SREBF2	42	52	0.17735789656250928	0.538046195380462	chr20	47895099.0	47895213.0	antisense	0.6479024951333173	0.18849034754264252	0.05
Tcfl5	41	51	0.1772210737536374	0.9531046895310469	chr20	47895099.0	47895213.0	sense	0.9642521128004159	0.015809400865802573	0.05
TFAP2B(var.3)	37	50	0.1770728982217938	0.6357364263573643	chr20	47895099.0	47895213.0	antisense	0.720422075439515	0.1424129878365721	0.05
Ascl2	44	54	0.17558629018888872	0.6425357464253575	chr20	47895099.0	47895213.0	sense	0.7233753848042528	0.14063627360255368	0.05
BATF3	40	54	0.17543626838071918	0.42885711428857115	chr20	47895099.0	47895213.0	antisense	0.5606469579742278	0.2513105299524466	0.05
IRF9	39	54	0.17524655050338359	0.3788621137886211	chr20	47895099.0	47895213.0	sense	0.5160877613026098	0.287276439829031	0.05
HEY2	41	51	0.17241095144749605	0.7304269573042695	chr20	47895099.0	47895213.0	sense	0.7848687180971343	0.10520297990960142	0.05
TBX15	44	52	0.1719885335881798	0.4637536246375362	chr20	47895099.0	47895213.0	sense	0.5859579090634626	0.23213357940512863	0.05
TFAP2A(var.3)	38	51	0.17148498266800094	0.6856314368563143	chr20	47895099.0	47895213.0	antisense	0.7586999261857253	0.1199299581886463	0.05
Id2	42	50	0.1700597653441276	0.543945605439456	chr20	47895099.0	47895213.0	sense	0.6519809912773156	0.18576506608359042	0.05
E2F6	42	53	0.1694104652122361	0.528047195280472	chr20	47895099.0	47895213.0	sense	0.6418184879404331	0.19258777696493393	0.05
SREBF1	42	52	0.16865297217844416	0.5406459354064593	chr20	47895099.0	47895213.0	sense	0.6495260196202601	0.1874034466676923	0.05
EWSR1-FLI1	34	52	0.16767316314331762	0.24577542245775422	chr20	47895099.0	47895213.0	sense	0.4021031859078243	0.39566248592044967	0.05
PAX1	35	52	0.1676074630781761	0.7263273672632736	chr20	47895099.0	47895213.0	antisense	0.7820827875718651	0.10674727215422576	0.05
NFIX	43	52	0.16474411594484353	0.8889111088891111	chr20	47895099.0	47895213.0	sense	0.9190136763216108	0.03667802560321049	0.05
TGIF2	43	55	0.1645582736864551	0.6100389961003899	chr20	47895099.0	47895213.0	sense	0.709888428197539	0.1488099031481592	0.05
PAX9	35	52	0.164239497700799	0.6475352464753524	chr20	47895099.0	47895213.0	antisense	0.7258548443211834	0.13915022036502184	0.05
NFIA	36	46	0.1622074425469	0.763023697630237	chr20	47895099.0	47895213.0	sense	0.8080159397502205	0.09258007180303439	0.05
GLI2	36	48	0.1613992353857803	0.7145285471452855	chr20	47895099.0	47895213.0	sense	0.7774430104159396	0.10933143660209758	0.05
SOX8	38	54	0.1606597368804331	0.3735626437356264	chr20	47895099.0	47895213.0	sense	0.5129074394147887	0.28996100170757444	0.05
TFAP2C(var.3)	37	50	0.15862891080784094	0.6975302469753024	chr20	47895099.0	47895213.0	antisense	0.7653661695141267	0.11613073824170562	0.05
Sox11	36	51	0.15821250056108146	0.39486051394860516	chr20	47895099.0	47895213.0	sense	0.5322924850372106	0.27384966520036125	0.05
IRF2	35	53	0.15581675445372417	0.5574442555744425	chr20	47895099.0	47895213.0	sense	0.66356323083288	0.17811768697679253	0.05
Myc	38	48	0.1555685939623662	0.7226277372262774	chr20	47895099.0	47895213.0	antisense	0.7797168308117214	0.10806309108423073	0.05
Gabpa	44	55	0.15261446462921516	0.7494250574942506	chr20	47895099.0	47895213.0	sense	0.7986685930996223	0.09763339345874084	0.05
PKNOX1	43	55	0.15126275561938202	0.5204479552044795	chr20	47895099.0	47895213.0	sense	0.6341886938066756	0.19778150475790682	0.05
PKNOX2	43	55	0.14968280397991718	0.535946405359464	chr20	47895099.0	47895213.0	sense	0.6479024951333173	0.18849034754264252	0.05
TGIF1	43	55	0.14646935386017104	0.5368463153684632	chr20	47895099.0	47895213.0	sense	0.6479024951333173	0.18849034754264252	0.05
KLF14	40	54	0.14575390646320227	0.6661333866613338	chr20	47895099.0	47895213.0	antisense	0.7403066973816537	0.130588321639359	0.05
SOX4	36	52	0.14396147691113553	0.46925307469253075	chr20	47895099.0	47895213.0	antisense	0.5892693339361716	0.22968615936105113	0.05
KLF13	37	55	0.14243493825565626	0.6324367563243676	chr20	47895099.0	47895213.0	antisense	0.720422075439515	0.1424129878365721	0.05
ELK4	44	55	0.14233687399238398	0.7605239476052394	chr20	47895099.0	47895213.0	antisense	0.8071818585012663	0.09302860747646145	0.05
Znf423	37	52	0.14178764673567085	0.6303369663033697	chr20	47895099.0	47895213.0	sense	0.720422075439515	0.1424129878365721	0.05
ZBTB7A	38	50	0.14052388179446051	0.7846215378462154	chr20	47895099.0	47895213.0	sense	0.8276800368743613	0.08213751958653517	0.05
Myog	41	52	0.1384932778016701	0.8329167083291671	chr20	47895099.0	47895213.0	sense	0.871539862142818	0.05971274451181468	0.05
E2F2	39	55	0.13760472590275777	0.5603439656034397	chr20	47895099.0	47895213.0	antisense	0.6654885998814306	0.17685937978508967	0.05
REST	34	55	0.1372510803545233	0.5147485251474853	chr20	47895099.0	47895213.0	antisense	0.6300813314894925	0.2006033877887884	0.05
EGR2	43	54	0.1371464619830375	0.6505349465053495	chr20	47895099.0	47895213.0	antisense	0.727645769905768	0.13807999103745092	0.05
Klf1	44	55	0.1328733874200651	0.6602339766023397	chr20	47895099.0	47895213.0	antisense	0.7353249653575415	0.13352068884539453	0.05
KLF16	44	55	0.1261186389008165	0.6257374262573743	chr20	47895099.0	47895213.0	antisense	0.7200836457374218	0.14261705249619086	0.05
BHLHE41	42	52	0.12281093277183941	0.7923207679232077	chr20	47895099.0	47895213.0	sense	0.8341064473674337	0.07877852183912537	0.05
NHLH1	42	52	0.12153216425633682	0.8721127887211279	chr20	47895099.0	47895213.0	antisense	0.9035497647840006	0.0440479228198217	0.05
NFIC::TLX1	38	52	0.11810092106051343	0.82001799820018	chr20	47895099.0	47895213.0	sense	0.8615168847487721	0.06473620645581248	0.05
ESR1	37	54	0.11719320911133549	0.8301169883011699	chr20	47895099.0	47895213.0	sense	0.8703650847036508	0.060298539319472926	0.05
E2F4	35	46	0.11519014596643185	0.7108289171082892	chr20	47895099.0	47895213.0	sense	0.7766741220614781	0.10976116482503388	0.05
MZF1	44	50	0.11458762495427845	0.6371362863713629	chr20	47895099.0	47895213.0	sense	0.720422075439515	0.1424129878365721	0.05
Ahr::Arnt	44	50	0.11120169078016981	0.7128287171282872	chr20	47895099.0	47895213.0	antisense	0.7772229079613048	0.1094544074359082	0.05
NFIC	40	46	0.10894643252279318	0.9092090790920908	chr20	47895099.0	47895213.0	antisense	0.9344148753441488	0.029460256459781467	0.05
EBF1	33	47	0.1085317147073112	0.9029097090290971	chr20	47895099.0	47895213.0	sense	0.9297820217978202	0.03161885556042432	0.05
TFAP2C(var.2)	39	50	0.10820523245315296	0.9243075692430757	chr20	47895099.0	47895213.0	sense	0.9424668535111125	0.025733914958091887	0.05
TFAP2A(var.2)	38	50	0.10688458250221379	0.8988101189881011	chr20	47895099.0	47895213.0	antisense	0.9274005005066093	0.032732674056776906	0.05
EGR1	37	51	0.10660984667227627	0.7214278572142786	chr20	47895099.0	47895213.0	antisense	0.7797168308117214	0.10806309108423073	0.05
TFAP2B(var.2)	39	50	0.1008128501556329	0.9189081091890811	chr20	47895099.0	47895213.0	sense	0.9394186565595408	0.027140819115082673	0.05
ZNF354C	48	54	0.10011864203604362	0.7644235576442355	chr20	47895099.0	47895213.0	antisense	0.8080159397502205	0.09258007180303439	0.05
NFKB2	36	49	0.09919657774814053	0.8436156384361564	chr20	47895099.0	47895213.0	antisense	0.8809587854091855	0.05504440905453092	0.05
E2F7	41	55	0.09669464258648203	0.6451354864513549	chr20	47895099.0	47895213.0	antisense	0.7247301243901584	0.1398236862676064	0.05
GLIS1	39	55	0.09667736965642759	0.6284371562843716	chr20	47895099.0	47895213.0	antisense	0.720422075439515	0.1424129878365721	0.05
Arnt	44	50	0.09188220447120597	0.8626137386261374	chr20	47895099.0	47895213.0	sense	0.8971874355650608	0.047116817013914285	0.05
Zfx	41	55	0.09086859272211073	0.9359064093590641	chr20	47895099.0	47895213.0	antisense	0.9505585644958009	0.022021120825012327	0.05
RELA	45	55	0.087398318058331	0.8722127787221278	chr20	47895099.0	47895213.0	sense	0.9035497647840006	0.0440479228198217	0.05
TFAP2A	39	50	0.08688455656814673	0.9481051894810519	chr20	47895099.0	47895213.0	sense	0.9610675651184882	0.017246079421297703	0.05
Mycn	44	52	0.08029780175007947	0.9322067793220677	chr20	47895099.0	47895213.0	antisense	0.9486574871924572	0.022890561305497648	0.05
TFAP2B	38	50	0.08026905571126783	0.9646035396460354	chr20	47895099.0	47895213.0	sense	0.9730025055746853	0.011886041380303022	0.05
TFAP2C	38	50	0.07944379777048546	0.9729027097290271	chr20	47895099.0	47895213.0	sense	0.9766663565751743	0.010253772253995364	0.05
NRF1	39	50	0.07414842020575327	0.9115088491150884	chr20	47895099.0	47895213.0	antisense	0.9349270606536184	0.029222269759865974	0.05
E2F3	37	55	0.05755201552646159	0.8539146085391461	chr20	47895099.0	47895213.0	antisense	0.8899230558871825	0.050647541499117245	0.05
HES5	40	52	0.05677654263300335	0.9655034496550345	chr20	47895099.0	47895213.0	antisense	0.9730025055746853	0.011886041380303022	0.05
RREB1	35	55	0.05319032247217428	0.6366363363663634	chr20	47895099.0	47895213.0	sense	0.720422075439515	0.1424129878365721	0.05
HES7	34	46	0.041359315470450075	0.9867013298670133	chr20	47895099.0	47895213.0	sense	0.9868013198680132	0.005770278303692291	0.05
SP4	38	55	0.037973485372042114	0.9195080491950804	chr20	47895099.0	47895213.0	sense	0.9394186565595408	0.027140819115082673	0.05
EGR3	40	55	0.028823437409835836	0.9726027397260274	chr20	47895099.0	47895213.0	antisense	0.9766663565751743	0.010253772253995364	0.05
NFKB1	36	49	0.02540271526385854	0.9868013198680132	chr20	47895099.0	47895213.0	sense	0.9868013198680132	0.005770278303692291	0.05
