motif	start	end	score	pval	tile_chr	tile_start	tile_end	strand	padj	neg_log_pval	fdr_cutoff
LEF1	59	74	0.8360432982406253	9.999000099990002e-05	chr20	47895099.0	47895213.0	antisense	0.051894810518948106	1.2848760694284047	0.1
HNF4G	66	81	0.8009886159733779	0.0007999200079992001	chr20	47895099.0	47895213.0	antisense	0.13838616138386162	0.8589073371561237	0.1
Gmeb1	62	79	0.6831655274529987	0.09209079092090791	chr20	47895099.0	47895213.0	antisense	0.30611369242822556	0.5141172440288461	0.1
Hoxb5	63	79	0.6716957994827634	0.0143985601439856	chr20	47895099.0	47895213.0	antisense	0.30271972802719727	0.5189592754617728	0.1
Tcf7	62	74	0.6658300135204793	0.0005999400059994001	chr20	47895099.0	47895213.0	antisense	0.13838616138386162	0.8589073371561237	0.1
TCF7L2	60	74	0.6563161622992093	0.007099290070992901	chr20	47895099.0	47895213.0	antisense	0.30271972802719727	0.5189592754617728	0.1
Pparg::Rxra	66	81	0.6292866703482112	0.0254974502549745	chr20	47895099.0	47895213.0	antisense	0.30271972802719727	0.5189592754617728	0.1
MEF2C	64	79	0.6104316236091855	0.015198480151984802	chr20	47895099.0	47895213.0	antisense	0.30271972802719727	0.5189592754617728	0.1
ELF5	68	79	0.6017665105286713	0.0059994000599940004	chr20	47895099.0	47895213.0	antisense	0.30271972802719727	0.5189592754617728	0.1
FOXA1	60	75	0.5952550542459573	0.013098690130986902	chr20	47895099.0	47895213.0	sense	0.30271972802719727	0.5189592754617728	0.1
IRF1	59	80	0.592684145757392	0.019098090190980903	chr20	47895099.0	47895213.0	sense	0.30271972802719727	0.5189592754617728	0.1
Hoxd3	63	79	0.5924353483684767	0.05019498050194981	chr20	47895099.0	47895213.0	sense	0.30271972802719727	0.5189592754617728	0.1
Rhox11	62	79	0.5729385518654593	0.051894810518948106	chr20	47895099.0	47895213.0	sense	0.30271972802719727	0.5189592754617728	0.1
Foxj3	64	81	0.5715952869522014	0.05219478052194781	chr20	47895099.0	47895213.0	antisense	0.30271972802719727	0.5189592754617728	0.1
Foxk1	64	81	0.570003638985926	0.034896510348965105	chr20	47895099.0	47895213.0	antisense	0.30271972802719727	0.5189592754617728	0.1
RAX	67	77	0.5677022550072243	0.007799220077992201	chr20	47895099.0	47895213.0	antisense	0.30271972802719727	0.5189592754617728	0.1
MIXL1	67	77	0.5637347496954009	0.05019498050194981	chr20	47895099.0	47895213.0	antisense	0.30271972802719727	0.5189592754617728	0.1
LBX2	67	77	0.5550141909197845	0.0364963503649635	chr20	47895099.0	47895213.0	antisense	0.30271972802719727	0.5189592754617728	0.1
EVX2	67	77	0.5536150674141159	0.032096790320967905	chr20	47895099.0	47895213.0	sense	0.30271972802719727	0.5189592754617728	0.1
Nr1h3::Rxra	62	81	0.5530338061489041	0.06109389061093891	chr20	47895099.0	47895213.0	antisense	0.30271972802719727	0.5189592754617728	0.1
FOXP1	66	81	0.5513037600230152	0.029997000299970003	chr20	47895099.0	47895213.0	antisense	0.30271972802719727	0.5189592754617728	0.1
EVX1	67	77	0.550378476202317	0.0327967203279672	chr20	47895099.0	47895213.0	sense	0.30271972802719727	0.5189592754617728	0.1
PRDM1	61	76	0.5381207989800934	0.028097190280971903	chr20	47895099.0	47895213.0	antisense	0.30271972802719727	0.5189592754617728	0.1
MEOX1	67	77	0.528182097071923	0.0156984301569843	chr20	47895099.0	47895213.0	antisense	0.30271972802719727	0.5189592754617728	0.1
POU2F2	68	81	0.5266702180650547	0.0081991800819918	chr20	47895099.0	47895213.0	sense	0.30271972802719727	0.5189592754617728	0.1
TBP	61	76	0.5245784304869517	0.1014898510148985	chr20	47895099.0	47895213.0	antisense	0.3135311468853115	0.5037193089050359	0.1
Nr2f6	66	80	0.5235933083932943	0.005599440055994401	chr20	47895099.0	47895213.0	antisense	0.30271972802719727	0.5189592754617728	0.1
Hmx1	59	76	0.5232240087924495	0.0675932406759324	chr20	47895099.0	47895213.0	antisense	0.30271972802719727	0.5189592754617728	0.1
Hes1	60	70	0.5227954685523856	0.19618038196180382	chr20	47895099.0	47895213.0	sense	0.35928567422003443	0.444560099052582	0.1
EMX1	67	77	0.5221213716090666	0.048295170482951705	chr20	47895099.0	47895213.0	antisense	0.30271972802719727	0.5189592754617728	0.1
CENPB	64	79	0.5213225859473622	0.033396660333966606	chr20	47895099.0	47895213.0	antisense	0.30271972802719727	0.5189592754617728	0.1
NR2F1	62	75	0.5179696529119777	0.014698530146985302	chr20	47895099.0	47895213.0	antisense	0.30271972802719727	0.5189592754617728	0.1
Hes2	61	74	0.5175922332474278	0.1316868313168683	chr20	47895099.0	47895213.0	antisense	0.31937133389464795	0.4957040678158118	0.1
Dlx1	67	77	0.5168114055249862	0.06969303069693031	chr20	47895099.0	47895213.0	antisense	0.30271972802719727	0.5189592754617728	0.1
NFYB	60	75	0.5148806189626544	0.0211978802119788	chr20	47895099.0	47895213.0	antisense	0.30271972802719727	0.5189592754617728	0.1
Alx1	59	76	0.5101904387068356	0.0660933906609339	chr20	47895099.0	47895213.0	antisense	0.30271972802719727	0.5189592754617728	0.1
ESX1	67	77	0.5083536850053809	0.07029297070292971	chr20	47895099.0	47895213.0	antisense	0.30271972802719727	0.5189592754617728	0.1
Hmx2	59	76	0.48940773585015324	0.08839116088391161	chr20	47895099.0	47895213.0	antisense	0.30611369242822556	0.5141172440288461	0.1
Hnf4a	64	80	0.48548929127378077	0.0052994700529947	chr20	47895099.0	47895213.0	antisense	0.30271972802719727	0.5189592754617728	0.1
Neurog1	60	70	0.4842004932814345	0.09069093090690931	chr20	47895099.0	47895213.0	sense	0.30611369242822556	0.5141172440288461	0.1
Hmx3	59	76	0.4815556550462	0.1080891910808919	chr20	47895099.0	47895213.0	antisense	0.31666425194215275	0.4994009611324888	0.1
NFATC1	69	79	0.4809029694861796	0.071992800719928	chr20	47895099.0	47895213.0	sense	0.30271972802719727	0.5189592754617728	0.1
NOTO	67	77	0.47710248167646635	0.025597440255974404	chr20	47895099.0	47895213.0	sense	0.30271972802719727	0.5189592754617728	0.1
GSX2	67	77	0.4765154773340682	0.19518048195180482	chr20	47895099.0	47895213.0	antisense	0.35928567422003443	0.444560099052582	0.1
Foxd3	62	74	0.4730713938109246	0.029597040295970403	chr20	47895099.0	47895213.0	sense	0.30271972802719727	0.5189592754617728	0.1
SPIC	62	76	0.4664935121085537	0.08239176082391761	chr20	47895099.0	47895213.0	antisense	0.30611369242822556	0.5141172440288461	0.1
IRF7	63	77	0.4657043017786622	0.017598240175982403	chr20	47895099.0	47895213.0	antisense	0.30271972802719727	0.5189592754617728	0.1
EHF	68	80	0.4632258575300705	0.013998600139986002	chr20	47895099.0	47895213.0	antisense	0.30271972802719727	0.5189592754617728	0.1
NFATC3	69	79	0.46282501652171815	0.06729327067293271	chr20	47895099.0	47895213.0	sense	0.30271972802719727	0.5189592754617728	0.1
NR2C2	66	81	0.4623854951028535	0.030496950304969503	chr20	47895099.0	47895213.0	antisense	0.30271972802719727	0.5189592754617728	0.1
GSX1	67	77	0.46235869746455643	0.19788021197880212	chr20	47895099.0	47895213.0	antisense	0.35928567422003443	0.444560099052582	0.1
SMAD2::SMAD3::SMAD4	66	79	0.46209282567450305	0.0332966703329667	chr20	47895099.0	47895213.0	sense	0.30271972802719727	0.5189592754617728	0.1
GATA2	65	79	0.45971435177489267	0.0580941905809419	chr20	47895099.0	47895213.0	sense	0.30271972802719727	0.5189592754617728	0.1
POU4F1	62	76	0.4572588419736993	0.08449155084491551	chr20	47895099.0	47895213.0	antisense	0.30611369242822556	0.5141172440288461	0.1
ZNF263	60	81	0.4566437641891379	0.1665833416658334	chr20	47895099.0	47895213.0	antisense	0.34295700864696144	0.4647603175012251	0.1
HOXB3	67	77	0.4564745137759888	0.102989701029897	chr20	47895099.0	47895213.0	sense	0.3141001689304754	0.5029318300276221	0.1
Hoxc9	67	80	0.45507836132208085	0.033996600339966	chr20	47895099.0	47895213.0	antisense	0.30271972802719727	0.5189592754617728	0.1
Barhl1	59	69	0.45342664470615895	0.1501849815018498	chr20	47895099.0	47895213.0	antisense	0.33453221201485	0.47556205778627425	0.1
EWSR1-FLI1	62	80	0.4502121838334821	0.006999300069993001	chr20	47895099.0	47895213.0	antisense	0.30271972802719727	0.5189592754617728	0.1
PAX5	60	79	0.4496703565849602	0.16568343165683433	chr20	47895099.0	47895213.0	antisense	0.34295700864696144	0.4647603175012251	0.1
MEOX2	67	77	0.44755475954353297	0.1342865713428657	chr20	47895099.0	47895213.0	antisense	0.3233261927263495	0.4903591116713172	0.1
Sox3	62	72	0.4465386944112577	0.015998400159984	chr20	47895099.0	47895213.0	sense	0.30271972802719727	0.5189592754617728	0.1
Hoxa11	69	81	0.4455146574651377	0.050594940505949405	chr20	47895099.0	47895213.0	antisense	0.30271972802719727	0.5189592754617728	0.1
REL	66	76	0.4396889541139451	0.026697330266973303	chr20	47895099.0	47895213.0	sense	0.30271972802719727	0.5189592754617728	0.1
DMRT3	63	74	0.43960305177095577	0.0415958404159584	chr20	47895099.0	47895213.0	antisense	0.30271972802719727	0.5189592754617728	0.1
Hoxd9	65	75	0.43944612666322364	0.07789221077892211	chr20	47895099.0	47895213.0	antisense	0.30611369242822556	0.5141172440288461	0.1
ONECUT2	61	75	0.43810894469026584	0.05599440055994401	chr20	47895099.0	47895213.0	antisense	0.30271972802719727	0.5189592754617728	0.1
SOX9	62	71	0.436529326651204	0.040195980401959805	chr20	47895099.0	47895213.0	sense	0.30271972802719727	0.5189592754617728	0.1
LHX2	67	77	0.43544890781745293	0.04459554044595541	chr20	47895099.0	47895213.0	antisense	0.30271972802719727	0.5189592754617728	0.1
RUNX1	63	74	0.4323459860896036	0.0872912708729127	chr20	47895099.0	47895213.0	sense	0.30611369242822556	0.5141172440288461	0.1
BARHL2	67	77	0.4319626407081598	0.0734926507349265	chr20	47895099.0	47895213.0	antisense	0.30271972802719727	0.5189592754617728	0.1
TBR1	71	81	0.42841969199916474	0.0244975502449755	chr20	47895099.0	47895213.0	antisense	0.30271972802719727	0.5189592754617728	0.1
EMX2	67	77	0.428334905032424	0.0392960703929607	chr20	47895099.0	47895213.0	antisense	0.30271972802719727	0.5189592754617728	0.1
NR1H2::RXRA	64	81	0.4279584865021313	0.007999200079992	chr20	47895099.0	47895213.0	antisense	0.30271972802719727	0.5189592754617728	0.1
E2F4	70	81	0.42714078276244893	0.034596540345965404	chr20	47895099.0	47895213.0	antisense	0.30271972802719727	0.5189592754617728	0.1
HOXA10	69	80	0.4255676838142191	0.1297870212978702	chr20	47895099.0	47895213.0	antisense	0.31937133389464795	0.4957040678158118	0.1
HOXD12	70	81	0.42304299287857217	0.019698030196980302	chr20	47895099.0	47895213.0	antisense	0.30271972802719727	0.5189592754617728	0.1
HOXC10	70	80	0.4226110331018344	0.030396960303969604	chr20	47895099.0	47895213.0	antisense	0.30271972802719727	0.5189592754617728	0.1
Pou5f1::Sox2	66	81	0.42240016683495407	0.08249175082491751	chr20	47895099.0	47895213.0	sense	0.30611369242822556	0.5141172440288461	0.1
Prrx2	68	76	0.42229288904859186	0.09319068093190681	chr20	47895099.0	47895213.0	antisense	0.30611369242822556	0.5141172440288461	0.1
ELF3	67	80	0.42208738416782743	0.019498050194980503	chr20	47895099.0	47895213.0	antisense	0.30271972802719727	0.5189592754617728	0.1
FOXF2	67	81	0.42124965174894324	0.07139286071392861	chr20	47895099.0	47895213.0	antisense	0.30271972802719727	0.5189592754617728	0.1
ONECUT1	61	75	0.42065020542836395	0.058994100589941006	chr20	47895099.0	47895213.0	antisense	0.30271972802719727	0.5189592754617728	0.1
Arx	63	80	0.42017034188736313	0.12788721127887212	chr20	47895099.0	47895213.0	sense	0.31937133389464795	0.4957040678158118	0.1
NEUROD2	60	70	0.41952732306027035	0.024397560243975602	chr20	47895099.0	47895213.0	sense	0.30271972802719727	0.5189592754617728	0.1
UNCX	68	76	0.4161480207461353	0.09659034096590341	chr20	47895099.0	47895213.0	antisense	0.3094468330944683	0.5094139575555424	0.1
Dmbx1	60	77	0.41510851792126774	0.19618038196180382	chr20	47895099.0	47895213.0	antisense	0.35928567422003443	0.444560099052582	0.1
HOXA2	66	76	0.4147232843711732	0.1384861513848615	chr20	47895099.0	47895213.0	sense	0.3267970500247273	0.48572187246938076	0.1
Gata1	68	79	0.41360638200322175	0.0347965203479652	chr20	47895099.0	47895213.0	sense	0.30271972802719727	0.5189592754617728	0.1
RAX2	68	76	0.4114420171953787	0.08859114088591141	chr20	47895099.0	47895213.0	antisense	0.30611369242822556	0.5141172440288461	0.1
LMX1B	68	76	0.4112005176003571	0.1260873912608739	chr20	47895099.0	47895213.0	antisense	0.31937133389464795	0.4957040678158118	0.1
E2F6	70	81	0.4103327602277911	0.0418958104189581	chr20	47895099.0	47895213.0	antisense	0.30271972802719727	0.5189592754617728	0.1
TEAD1	64	74	0.4103124976058222	0.0688931106889311	chr20	47895099.0	47895213.0	sense	0.30271972802719727	0.5189592754617728	0.1
ONECUT3	60	74	0.4090105377472014	0.063993600639936	chr20	47895099.0	47895213.0	antisense	0.30271972802719727	0.5189592754617728	0.1
TEAD4	64	74	0.40894019128546816	0.0658934106589341	chr20	47895099.0	47895213.0	sense	0.30271972802719727	0.5189592754617728	0.1
TBX2	63	74	0.408167594509386	0.10818918108189181	chr20	47895099.0	47895213.0	antisense	0.31666425194215275	0.4994009611324888	0.1
ISL2	67	75	0.40618529355333954	0.060993900609939006	chr20	47895099.0	47895213.0	sense	0.30271972802719727	0.5189592754617728	0.1
EN2	67	77	0.4056225297802887	0.09479052094790522	chr20	47895099.0	47895213.0	antisense	0.30747675232476757	0.5121877147462632	0.1
NFAT5	70	80	0.40532122601574716	0.07779222077792221	chr20	47895099.0	47895213.0	sense	0.30611369242822556	0.5141172440288461	0.1
MNX1	67	77	0.40507510553837733	0.11908809119088092	chr20	47895099.0	47895213.0	antisense	0.31666425194215275	0.4994009611324888	0.1
HOXC11	70	81	0.40187239616717485	0.0341965803419658	chr20	47895099.0	47895213.0	antisense	0.30271972802719727	0.5189592754617728	0.1
Gfi1	65	75	0.3996880212302443	0.0816918308169183	chr20	47895099.0	47895213.0	antisense	0.30611369242822556	0.5141172440288461	0.1
Twist2	60	70	0.39919486878582455	0.027097290270972903	chr20	47895099.0	47895213.0	sense	0.30271972802719727	0.5189592754617728	0.1
ETV2	69	80	0.39888682951791177	0.025197480251974803	chr20	47895099.0	47895213.0	antisense	0.30271972802719727	0.5189592754617728	0.1
HSF4	62	75	0.39851460763450486	0.070992900709929	chr20	47895099.0	47895213.0	sense	0.30271972802719727	0.5189592754617728	0.1
HESX1	67	77	0.3979156173537857	0.0420957904209579	chr20	47895099.0	47895213.0	sense	0.30271972802719727	0.5189592754617728	0.1
SRY	67	76	0.39766188502450245	0.0755924407559244	chr20	47895099.0	47895213.0	antisense	0.30611369242822556	0.5141172440288461	0.1
RUNX3	64	74	0.3970184380655572	0.0522947705229477	chr20	47895099.0	47895213.0	antisense	0.30271972802719727	0.5189592754617728	0.1
HOXD11	70	80	0.3966936450022524	0.029597040295970403	chr20	47895099.0	47895213.0	antisense	0.30271972802719727	0.5189592754617728	0.1
LHX9	68	76	0.3961717810546987	0.06779322067793221	chr20	47895099.0	47895213.0	antisense	0.30271972802719727	0.5189592754617728	0.1
SHOX	68	76	0.39527747915208467	0.08899110088991101	chr20	47895099.0	47895213.0	sense	0.30611369242822556	0.5141172440288461	0.1
RXRG	66	80	0.3948862638458986	0.0112988701129887	chr20	47895099.0	47895213.0	antisense	0.30271972802719727	0.5189592754617728	0.1
POU4F3	60	76	0.3944869139145777	0.19408059194080593	chr20	47895099.0	47895213.0	antisense	0.35928567422003443	0.444560099052582	0.1
Alx4	60	77	0.39442814591047504	0.19608039196080393	chr20	47895099.0	47895213.0	sense	0.35928567422003443	0.444560099052582	0.1
MAFF	62	80	0.39413886690324007	0.2328767123287671	chr20	47895099.0	47895213.0	antisense	0.38491405636506415	0.414636228966939	0.1
Rxra	66	80	0.39403228480510083	0.010998900109989001	chr20	47895099.0	47895213.0	antisense	0.30271972802719727	0.5189592754617728	0.1
HLTF	64	74	0.3935307409166503	0.1548845115488451	chr20	47895099.0	47895213.0	sense	0.33946068203097046	0.46921052054648016	0.1
EOMES	61	74	0.3935302486904317	0.12738726127387262	chr20	47895099.0	47895213.0	antisense	0.31937133389464795	0.4957040678158118	0.1
ETV6	68	78	0.3927543094523178	0.038696130386961305	chr20	47895099.0	47895213.0	antisense	0.30271972802719727	0.5189592754617728	0.1
SPI1	60	74	0.39264899935822667	0.023297670232976703	chr20	47895099.0	47895213.0	antisense	0.30271972802719727	0.5189592754617728	0.1
ALX3	67	77	0.3913129467084889	0.23147685231476853	chr20	47895099.0	47895213.0	antisense	0.38491405636506415	0.414636228966939	0.1
VAX1	68	76	0.3903270258550929	0.1267873212678732	chr20	47895099.0	47895213.0	antisense	0.31937133389464795	0.4957040678158118	0.1
SOX10	70	76	0.3887492706936572	0.020597940205979402	chr20	47895099.0	47895213.0	sense	0.30271972802719727	0.5189592754617728	0.1
Rarg	65	81	0.3879485214706796	0.017998200179982	chr20	47895099.0	47895213.0	antisense	0.30271972802719727	0.5189592754617728	0.1
CDX1	68	77	0.3875781257483503	0.0836916308369163	chr20	47895099.0	47895213.0	antisense	0.30611369242822556	0.5141172440288461	0.1
Nr5a2	64	79	0.38552258418861646	0.10118988101189881	chr20	47895099.0	47895213.0	antisense	0.3135311468853115	0.5037193089050359	0.1
Vdr	65	81	0.38537561238499113	0.0273972602739726	chr20	47895099.0	47895213.0	sense	0.30271972802719727	0.5189592754617728	0.1
RXRB	66	80	0.3850098689612113	0.011698830116988301	chr20	47895099.0	47895213.0	antisense	0.30271972802719727	0.5189592754617728	0.1
SCRT1	59	74	0.38466204306999785	0.045495450454954504	chr20	47895099.0	47895213.0	antisense	0.30271972802719727	0.5189592754617728	0.1
OLIG3	60	70	0.3841885858222411	0.04609539046095391	chr20	47895099.0	47895213.0	sense	0.30271972802719727	0.5189592754617728	0.1
FOXC2	67	79	0.3840541560143101	0.130986901309869	chr20	47895099.0	47895213.0	antisense	0.31937133389464795	0.4957040678158118	0.1
Hoxd8	62	79	0.38268128574745286	0.30886911308869114	chr20	47895099.0	47895213.0	antisense	0.42633795131125185	0.3702460060546152	0.1
POU3F1	69	81	0.3819997106402768	0.12268773122687732	chr20	47895099.0	47895213.0	antisense	0.31937133389464795	0.4957040678158118	0.1
PRRX1	68	76	0.3816548827056654	0.0841915808419158	chr20	47895099.0	47895213.0	antisense	0.30611369242822556	0.5141172440288461	0.1
ETV4	68	78	0.37995640248597046	0.06779322067793221	chr20	47895099.0	47895213.0	antisense	0.30271972802719727	0.5189592754617728	0.1
KLF14	59	73	0.37886507037821204	0.0791920807919208	chr20	47895099.0	47895213.0	sense	0.30611369242822556	0.5141172440288461	0.1
Sox17	68	77	0.37839089305144924	0.0408959104089591	chr20	47895099.0	47895213.0	sense	0.30271972802719727	0.5189592754617728	0.1
HOXB2	67	77	0.3770011579622969	0.24817518248175183	chr20	47895099.0	47895213.0	sense	0.3938927208196612	0.4046220449259798	0.1
CDX2	68	79	0.3767173968223753	0.047295270472952705	chr20	47895099.0	47895213.0	antisense	0.30271972802719727	0.5189592754617728	0.1
STAT1::STAT2	61	76	0.37654191383342	0.10058994100589941	chr20	47895099.0	47895213.0	sense	0.3135311468853115	0.5037193089050359	0.1
IRF2	60	78	0.37618205512764524	0.0665933406659334	chr20	47895099.0	47895213.0	antisense	0.30271972802719727	0.5189592754617728	0.1
Sox6	65	75	0.37583797219747644	0.032996700329967	chr20	47895099.0	47895213.0	sense	0.30271972802719727	0.5189592754617728	0.1
FOXP3	69	76	0.37458700793619526	0.0402959704029597	chr20	47895099.0	47895213.0	antisense	0.30271972802719727	0.5189592754617728	0.1
ETV1	68	78	0.3745285079307334	0.0731926807319268	chr20	47895099.0	47895213.0	antisense	0.30271972802719727	0.5189592754617728	0.1
VAX2	68	76	0.371842703919709	0.12338766123387661	chr20	47895099.0	47895213.0	antisense	0.31937133389464795	0.4957040678158118	0.1
ELK3	68	78	0.37153841162972356	0.054094590540945904	chr20	47895099.0	47895213.0	antisense	0.30271972802719727	0.5189592754617728	0.1
HNF1A	63	78	0.37037192410940784	0.12858714128587143	chr20	47895099.0	47895213.0	antisense	0.31937133389464795	0.4957040678158118	0.1
BHLHE23	59	71	0.37035028365785505	0.04709529047095291	chr20	47895099.0	47895213.0	antisense	0.30271972802719727	0.5189592754617728	0.1
ELF4	68	80	0.3703304250458161	0.0347965203479652	chr20	47895099.0	47895213.0	antisense	0.30271972802719727	0.5189592754617728	0.1
Foxj2	68	76	0.36956143325277824	0.026297370262973702	chr20	47895099.0	47895213.0	antisense	0.30271972802719727	0.5189592754617728	0.1
HOXC12	70	81	0.3693587768782037	0.0390960903909609	chr20	47895099.0	47895213.0	antisense	0.30271972802719727	0.5189592754617728	0.1
GSC2	67	77	0.3673690764736225	0.23257674232576742	chr20	47895099.0	47895213.0	sense	0.38491405636506415	0.414636228966939	0.1
Myod1	60	73	0.3646605811624517	0.10518948105189481	chr20	47895099.0	47895213.0	sense	0.31435132348834083	0.5025847068344768	0.1
POU6F2	66	76	0.36233876894369826	0.064993500649935	chr20	47895099.0	47895213.0	sense	0.30271972802719727	0.5189592754617728	0.1
HOXA13	69	79	0.3587904461353042	0.09979002099790021	chr20	47895099.0	47895213.0	antisense	0.3135311468853115	0.5037193089050359	0.1
BHLHE22	60	70	0.35837269939102134	0.03569643035696431	chr20	47895099.0	47895213.0	sense	0.30271972802719727	0.5189592754617728	0.1
ELF1	68	80	0.3568709661590764	0.0430956904309569	chr20	47895099.0	47895213.0	antisense	0.30271972802719727	0.5189592754617728	0.1
Tcfl5	62	72	0.35316604859056844	0.4400559944005599	chr20	47895099.0	47895213.0	sense	0.5102797069958929	0.2921917025181406	0.1
Pax6	62	76	0.353096525333694	0.1531846815318468	chr20	47895099.0	47895213.0	antisense	0.33946068203097046	0.46921052054648016	0.1
HOXB13	67	77	0.35297797857881846	0.0841915808419158	chr20	47895099.0	47895213.0	antisense	0.30611369242822556	0.5141172440288461	0.1
TBX21	64	74	0.3512793578455253	0.056894310568943104	chr20	47895099.0	47895213.0	antisense	0.30271972802719727	0.5189592754617728	0.1
Atoh1	60	70	0.35123878090585003	0.07229277072292771	chr20	47895099.0	47895213.0	antisense	0.30271972802719727	0.5189592754617728	0.1
POU3F2	69	81	0.35034049212874174	0.10528947105289471	chr20	47895099.0	47895213.0	antisense	0.31435132348834083	0.5025847068344768	0.1
Shox2	68	76	0.3484126627323435	0.07989201079892011	chr20	47895099.0	47895213.0	antisense	0.30611369242822556	0.5141172440288461	0.1
Foxa2	64	76	0.3481514596785847	0.1116888311168883	chr20	47895099.0	47895213.0	sense	0.31666425194215275	0.4994009611324888	0.1
FOXD2	69	76	0.3461563537899289	0.06059394060593941	chr20	47895099.0	47895213.0	antisense	0.30271972802719727	0.5189592754617728	0.1
Stat6	66	81	0.3452210845249187	0.1780821917808219	chr20	47895099.0	47895213.0	antisense	0.35323853978238545	0.451931919189262	0.1
FOXP2	67	78	0.3443800456679496	0.0847915208479152	chr20	47895099.0	47895213.0	antisense	0.30611369242822556	0.5141172440288461	0.1
Arid5a	61	75	0.34427817170721087	0.39516048395160486	chr20	47895099.0	47895213.0	sense	0.4751655868895869	0.32315501997371415	0.1
SP8	60	72	0.34400754305543546	0.1738826117388261	chr20	47895099.0	47895213.0	sense	0.34978711431182463	0.45619619338892253	0.1
Stat5a::Stat5b	68	79	0.34372740730827367	0.06459354064593541	chr20	47895099.0	47895213.0	antisense	0.30271972802719727	0.5189592754617728	0.1
Foxq1	66	77	0.3431976181223521	0.09309069093090691	chr20	47895099.0	47895213.0	sense	0.30611369242822556	0.5141172440288461	0.1
NEUROG2	60	70	0.34266674988609735	0.027597240275972403	chr20	47895099.0	47895213.0	antisense	0.30271972802719727	0.5189592754617728	0.1
Spz1	67	78	0.34214094281092977	0.11328867113288671	chr20	47895099.0	47895213.0	antisense	0.31666425194215275	0.4994009611324888	0.1
Tcf21	61	75	0.3412801157955122	0.055594440555944404	chr20	47895099.0	47895213.0	antisense	0.30271972802719727	0.5189592754617728	0.1
FOXG1	68	76	0.34102149941123194	0.024897510248975102	chr20	47895099.0	47895213.0	antisense	0.30271972802719727	0.5189592754617728	0.1
NR4A2	65	73	0.3388800580398053	0.051094890510948905	chr20	47895099.0	47895213.0	antisense	0.30271972802719727	0.5189592754617728	0.1
BATF::JUN	64	75	0.33838921330848665	0.06819318068193181	chr20	47895099.0	47895213.0	antisense	0.30271972802719727	0.5189592754617728	0.1
Hand1::Tcf3	67	77	0.33687009086310826	0.13838616138386162	chr20	47895099.0	47895213.0	sense	0.3267970500247273	0.48572187246938076	0.1
NKX6-2	68	76	0.33629269285100066	0.19788021197880212	chr20	47895099.0	47895213.0	antisense	0.35928567422003443	0.444560099052582	0.1
SP2	60	75	0.33617435299966253	0.24017598240175983	chr20	47895099.0	47895213.0	sense	0.3892919119303023	0.40972461924748993	0.1
FOXO3	68	76	0.3359042657990309	0.027297270272972702	chr20	47895099.0	47895213.0	antisense	0.30271972802719727	0.5189592754617728	0.1
MEF2A	65	77	0.3351310323982283	0.06079392060793921	chr20	47895099.0	47895213.0	antisense	0.30271972802719727	0.5189592754617728	0.1
ETV5	68	78	0.33457589844133784	0.17968203179682032	chr20	47895099.0	47895213.0	antisense	0.35323853978238545	0.451931919189262	0.1
Rfx1	66	80	0.33304445983410935	0.1563843615638436	chr20	47895099.0	47895213.0	sense	0.33946068203097046	0.46921052054648016	0.1
GBX2	67	77	0.3323643642320852	0.14288571142885712	chr20	47895099.0	47895213.0	antisense	0.3283609692128132	0.48364847111074394	0.1
Lhx4	68	76	0.3311613894551408	0.14678532146785322	chr20	47895099.0	47895213.0	sense	0.3325780465431718	0.478106421922965	0.1
Gata4	66	77	0.330217995488478	0.09959004099590041	chr20	47895099.0	47895213.0	sense	0.3135311468853115	0.5037193089050359	0.1
ZBTB7C	64	76	0.3296665991358048	0.28817118288171184	chr20	47895099.0	47895213.0	antisense	0.4196647562134542	0.3770975016598776	0.1
Lhx3	62	75	0.3293543770951539	0.10928907109289071	chr20	47895099.0	47895213.0	antisense	0.31666425194215275	0.4994009611324888	0.1
GRHL1	61	73	0.32914674339597316	0.0943905609439056	chr20	47895099.0	47895213.0	antisense	0.30747675232476757	0.5121877147462632	0.1
Dlx3	67	75	0.3283554048916267	0.2181781821817818	chr20	47895099.0	47895213.0	antisense	0.372481830764292	0.42889490678483555	0.1
NRL	64	75	0.327939830820932	0.40615938406159385	chr20	47895099.0	47895213.0	sense	0.4819819387924221	0.31696923568179736	0.1
NFIX	71	80	0.32567616218251905	0.21677832216778323	chr20	47895099.0	47895213.0	antisense	0.37148463371484636	0.4300591459165165	0.1
JUN(var.2)	63	77	0.3254833784717469	0.197980201979802	chr20	47895099.0	47895213.0	antisense	0.35928567422003443	0.444560099052582	0.1
RUNX2	65	74	0.32390407462836573	0.0903909609039096	chr20	47895099.0	47895213.0	antisense	0.30611369242822556	0.5141172440288461	0.1
Arid3b	68	79	0.32372680505208756	0.24597540245975402	chr20	47895099.0	47895213.0	antisense	0.39159887692212375	0.40715856239296466	0.1
NFIA	70	80	0.3229191376726322	0.065993400659934	chr20	47895099.0	47895213.0	antisense	0.30271972802719727	0.5189592754617728	0.1
Mitf	61	71	0.3223250872228726	0.36446355364463556	chr20	47895099.0	47895213.0	antisense	0.45290016452900167	0.3439975215470614	0.1
HOXD13	69	79	0.32166813052530324	0.11748825117488251	chr20	47895099.0	47895213.0	antisense	0.31666425194215275	0.4994009611324888	0.1
Six3	63	80	0.32059083119049203	0.33366663333666635	chr20	47895099.0	47895213.0	antisense	0.4371942202764648	0.35932558807327264	0.1
Nkx2-5(var.2)	70	81	0.32056711203053356	0.1156884311568843	chr20	47895099.0	47895213.0	antisense	0.31666425194215275	0.4994009611324888	0.1
Gabpa	66	77	0.3199166843231464	0.11198880111988802	chr20	47895099.0	47895213.0	antisense	0.31666425194215275	0.4994009611324888	0.1
Foxo1	65	76	0.3190064520017951	0.1192880711928807	chr20	47895099.0	47895213.0	sense	0.31666425194215275	0.4994009611324888	0.1
RREB1	59	79	0.3184019728182756	0.1558844115588441	chr20	47895099.0	47895213.0	antisense	0.33946068203097046	0.46921052054648016	0.1
RARA	62	80	0.31827607388325024	0.039196080391960805	chr20	47895099.0	47895213.0	antisense	0.30271972802719727	0.5189592754617728	0.1
SCRT2	66	79	0.3182592922001899	0.06679332066793321	chr20	47895099.0	47895213.0	antisense	0.30271972802719727	0.5189592754617728	0.1
Klf12	59	74	0.31757702252889586	0.1473852614738526	chr20	47895099.0	47895213.0	sense	0.3325780465431718	0.478106421922965	0.1
LMX1A	68	76	0.3167200923119684	0.20317968203179682	chr20	47895099.0	47895213.0	antisense	0.36219734190964464	0.4410547412064155	0.1
PAX1	64	81	0.3165463866462661	0.12868713128687131	chr20	47895099.0	47895213.0	antisense	0.31937133389464795	0.4957040678158118	0.1
GBX1	67	77	0.31610083377422477	0.13938606139386062	chr20	47895099.0	47895213.0	antisense	0.3267970500247273	0.48572187246938076	0.1
Nr2e1	65	74	0.3156712681261814	0.11648835116488351	chr20	47895099.0	47895213.0	antisense	0.31666425194215275	0.4994009611324888	0.1
Mafb	62	74	0.31422672546898356	0.266973302669733	chr20	47895099.0	47895213.0	antisense	0.4068371588497127	0.39057938724787367	0.1
HNF1B	64	77	0.3126974126061203	0.13978602139786023	chr20	47895099.0	47895213.0	antisense	0.3267970500247273	0.48572187246938076	0.1
RELA	66	76	0.3110867164864376	0.041995800419958006	chr20	47895099.0	47895213.0	sense	0.30271972802719727	0.5189592754617728	0.1
Bcl6	67	81	0.3106633745943602	0.24967503249675033	chr20	47895099.0	47895213.0	sense	0.3950650666640653	0.4033313707887361	0.1
OLIG2	60	70	0.31042563214415236	0.08409159084091591	chr20	47895099.0	47895213.0	antisense	0.30611369242822556	0.5141172440288461	0.1
ELK4	67	78	0.3097504992002082	0.1312868713128687	chr20	47895099.0	47895213.0	sense	0.31937133389464795	0.4957040678158118	0.1
Myc	61	71	0.309443313025872	0.0670932906709329	chr20	47895099.0	47895213.0	sense	0.30271972802719727	0.5189592754617728	0.1
ZIC4	59	74	0.30940557951860936	0.2822717728227177	chr20	47895099.0	47895213.0	sense	0.41619048322440483	0.3807078547596165	0.1
Dlx4	67	75	0.3091984713325527	0.22147785221477853	chr20	47895099.0	47895213.0	antisense	0.3744202127018569	0.4266407143465029	0.1
Ddit3::Cebpa	67	79	0.30911535904336324	0.2450754924507549	chr20	47895099.0	47895213.0	antisense	0.3913667094828978	0.4074161191552013	0.1
CEBPE	70	80	0.3078512803070747	0.11308869113088692	chr20	47895099.0	47895213.0	sense	0.31666425194215275	0.4994009611324888	0.1
LHX6	67	77	0.30783074263772353	0.16148385161483853	chr20	47895099.0	47895213.0	antisense	0.34295700864696144	0.4647603175012251	0.1
GSC	67	77	0.3075145210680333	0.23837616238376164	chr20	47895099.0	47895213.0	antisense	0.3892919119303023	0.40972461924748993	0.1
Gfi1b	63	74	0.3069530343791957	0.12708729127087293	chr20	47895099.0	47895213.0	antisense	0.31937133389464795	0.4957040678158118	0.1
TFAP2A(var.3)	59	72	0.3069254544623682	0.19618038196180382	chr20	47895099.0	47895213.0	sense	0.35928567422003443	0.444560099052582	0.1
FIGLA	60	70	0.3064278715189931	0.17968203179682032	chr20	47895099.0	47895213.0	sense	0.35323853978238545	0.451931919189262	0.1
ATF4	62	75	0.306080203104263	0.1351864813518648	chr20	47895099.0	47895213.0	antisense	0.3233261927263495	0.4903591116713172	0.1
EGR3	66	81	0.3060345444799994	0.15458454154584542	chr20	47895099.0	47895213.0	antisense	0.33946068203097046	0.46921052054648016	0.1
VENTX	61	70	0.3056450139522929	0.09219078092190781	chr20	47895099.0	47895213.0	antisense	0.30611369242822556	0.5141172440288461	0.1
YY2	64	75	0.30402608543081966	0.20167983201679832	chr20	47895099.0	47895213.0	sense	0.3611163021628872	0.4423529054264691	0.1
SPIB	68	75	0.3037541189939432	0.1034896510348965	chr20	47895099.0	47895213.0	antisense	0.3141001689304754	0.5029318300276221	0.1
TFAP2B(var.3)	59	72	0.30330965174303004	0.18048195180481952	chr20	47895099.0	47895213.0	sense	0.3534721999498163	0.4516447371235359	0.1
NFIC	72	78	0.3023044812402901	0.09559044095590441	chr20	47895099.0	47895213.0	sense	0.3081455829572322	0.5112440531841544	0.1
EBF1	67	81	0.30153665044479155	0.15698430156984303	chr20	47895099.0	47895213.0	antisense	0.33946068203097046	0.46921052054648016	0.1
POU5F1B	71	80	0.30104940814460995	0.1496850314968503	chr20	47895099.0	47895213.0	antisense	0.33453221201485	0.47556205778627425	0.1
mix-a	66	77	0.3007377307593035	0.1790820917908209	chr20	47895099.0	47895213.0	sense	0.35323853978238545	0.451931919189262	0.1
EGR4	65	81	0.3007122083792974	0.36476352364763526	chr20	47895099.0	47895213.0	antisense	0.45290016452900167	0.3439975215470614	0.1
MEF2D	67	79	0.3005973468270059	0.07239276072392761	chr20	47895099.0	47895213.0	antisense	0.30271972802719727	0.5189592754617728	0.1
TFAP2C(var.3)	59	72	0.29992621602415837	0.19288071192880712	chr20	47895099.0	47895213.0	sense	0.35928567422003443	0.444560099052582	0.1
HSF2	62	75	0.2991679460730217	0.11888811118888111	chr20	47895099.0	47895213.0	sense	0.31666425194215275	0.4994009611324888	0.1
HOXC13	68	79	0.2986905304575568	0.11388861113888611	chr20	47895099.0	47895213.0	antisense	0.31666425194215275	0.4994009611324888	0.1
FOXL1	69	76	0.2985148389707326	0.05779422057794221	chr20	47895099.0	47895213.0	antisense	0.30271972802719727	0.5189592754617728	0.1
RFX4	65	81	0.2970127275251192	0.2886711328867113	chr20	47895099.0	47895213.0	sense	0.4196647562134542	0.3770975016598776	0.1
MEF2B	67	79	0.29671019997439946	0.0664933506649335	chr20	47895099.0	47895213.0	antisense	0.30271972802719727	0.5189592754617728	0.1
FOXC1	63	74	0.29607811121796085	0.21077892210778923	chr20	47895099.0	47895213.0	antisense	0.364993500649935	0.4377148688503746	0.1
USF1	60	71	0.2954477561525278	0.14138586141385862	chr20	47895099.0	47895213.0	sense	0.3275859914008599	0.484674678301687	0.1
MAX::MYC	60	71	0.29430033348866863	0.12148785121487851	chr20	47895099.0	47895213.0	antisense	0.31937133389464795	0.4957040678158118	0.1
YY1	62	74	0.29415397334686	0.1620837916208379	chr20	47895099.0	47895213.0	antisense	0.34295700864696144	0.4647603175012251	0.1
TAL1::TCF3	60	72	0.2938980180811479	0.14578542145785423	chr20	47895099.0	47895213.0	antisense	0.33208126555765477	0.478755624535407	0.1
NFATC2	70	77	0.29312484573166253	0.0913908609139086	chr20	47895099.0	47895213.0	sense	0.30611369242822556	0.5141172440288461	0.1
MSX2	68	76	0.2928847054258183	0.11768823117688232	chr20	47895099.0	47895213.0	antisense	0.31666425194215275	0.4994009611324888	0.1
Bhlha15	61	69	0.29216278162770726	0.052094790520947905	chr20	47895099.0	47895213.0	sense	0.30271972802719727	0.5189592754617728	0.1
Hic1	70	79	0.2918287789009256	0.20957904209579042	chr20	47895099.0	47895213.0	antisense	0.364993500649935	0.4377148688503746	0.1
Msx3	68	76	0.2914825307819696	0.11878812118788121	chr20	47895099.0	47895213.0	antisense	0.31666425194215275	0.4994009611324888	0.1
HMBOX1	63	73	0.29139371908914374	0.29077092290770923	chr20	47895099.0	47895213.0	sense	0.42018983697198153	0.37655445597662623	0.1
VSX1	68	76	0.2908447935323629	0.24067593240675933	chr20	47895099.0	47895213.0	antisense	0.3892919119303023	0.40972461924748993	0.1
JUND(var.2)	59	74	0.29072648409124713	0.27387261273872615	chr20	47895099.0	47895213.0	sense	0.41080891910808925	0.38636013596721996	0.1
FOXO4	69	76	0.28988147127302594	0.0688931106889311	chr20	47895099.0	47895213.0	antisense	0.30271972802719727	0.5189592754617728	0.1
Pax2	59	67	0.28888292296313905	0.41545845415458454	chr20	47895099.0	47895213.0	sense	0.4911684230210236	0.3087695615503964	0.1
RARA::RXRA	62	79	0.288336351316477	0.3975602439756024	chr20	47895099.0	47895213.0	antisense	0.4751655868895869	0.32315501997371415	0.1
FEV	68	78	0.288244585568749	0.17198280171982802	chr20	47895099.0	47895213.0	antisense	0.3486682581741826	0.45758758783270537	0.1
CEBPB	70	80	0.2880135756945606	0.1100889911008899	chr20	47895099.0	47895213.0	sense	0.31666425194215275	0.4994009611324888	0.1
FOXD1	68	76	0.28788181632521603	0.08759124087591241	chr20	47895099.0	47895213.0	antisense	0.30611369242822556	0.5141172440288461	0.1
POU6F1	63	73	0.2877206830158091	0.2565743425657434	chr20	47895099.0	47895213.0	sense	0.3996674959369735	0.39830117050201985	0.1
OLIG1	60	70	0.28735772012216404	0.07799220077992201	chr20	47895099.0	47895213.0	antisense	0.30611369242822556	0.5141172440288461	0.1
ZBTB33	60	75	0.2873371626863387	0.33526647335266474	chr20	47895099.0	47895213.0	sense	0.4371942202764648	0.35932558807327264	0.1
PAX9	64	81	0.2872899800858634	0.12618738126187382	chr20	47895099.0	47895213.0	antisense	0.31937133389464795	0.4957040678158118	0.1
PLAG1	66	80	0.28705004546523266	0.142985701429857	chr20	47895099.0	47895213.0	antisense	0.3283609692128132	0.48364847111074394	0.1
SP3	60	71	0.2857480778704999	0.2976702329767023	chr20	47895099.0	47895213.0	sense	0.4216277559235946	0.37507080707520457	0.1
MSX1	68	76	0.28486571594283266	0.19508049195080493	chr20	47895099.0	47895213.0	antisense	0.35928567422003443	0.444560099052582	0.1
Mecom	59	73	0.2839463203895468	0.19858014198580143	chr20	47895099.0	47895213.0	antisense	0.35928567422003443	0.444560099052582	0.1
ERG	69	79	0.2823866436201261	0.1733826617338266	chr20	47895099.0	47895213.0	antisense	0.34978711431182463	0.45619619338892253	0.1
PITX3	67	76	0.28114481846837797	0.2816718328167183	chr20	47895099.0	47895213.0	antisense	0.41619048322440483	0.3807078547596165	0.1
RFX3	65	81	0.2806185627829886	0.2812718728127187	chr20	47895099.0	47895213.0	sense	0.41619048322440483	0.3807078547596165	0.1
TFAP4	63	73	0.28057810582616777	0.0912908709129087	chr20	47895099.0	47895213.0	antisense	0.30611369242822556	0.5141172440288461	0.1
ISX	68	76	0.28003573457040504	0.11958804119588042	chr20	47895099.0	47895213.0	antisense	0.31666425194215275	0.4994009611324888	0.1
MYBL2	66	81	0.27994954722034376	0.24227577242275772	chr20	47895099.0	47895213.0	antisense	0.39050039095469335	0.4083785269867295	0.1
NKX6-1	67	75	0.27931149330417315	0.1812818718128187	chr20	47895099.0	47895213.0	sense	0.35370410327388313	0.45135990196396314	0.1
FOXH1	66	77	0.27897564527447327	0.16718328167183283	chr20	47895099.0	47895213.0	antisense	0.34295700864696144	0.4647603175012251	0.1
Sox5	67	74	0.27793547324728435	0.0856914308569143	chr20	47895099.0	47895213.0	sense	0.30611369242822556	0.5141172440288461	0.1
Sox2	62	70	0.2778992400820648	0.0580941905809419	chr20	47895099.0	47895213.0	sense	0.30271972802719727	0.5189592754617728	0.1
TFE3	60	70	0.277843615455706	0.35226477352264773	chr20	47895099.0	47895213.0	antisense	0.4481015133780739	0.3486235893370423	0.1
Npas2	62	72	0.2778338233975134	0.17818218178182182	chr20	47895099.0	47895213.0	antisense	0.35323853978238545	0.451931919189262	0.1
MZF1(var.2)	71	81	0.2777044422769463	0.298970102989701	chr20	47895099.0	47895213.0	antisense	0.4216277559235946	0.37507080707520457	0.1
HSF1	62	75	0.2775275340910328	0.11398860113988601	chr20	47895099.0	47895213.0	sense	0.31666425194215275	0.4994009611324888	0.1
EGR2	68	79	0.2766130666114828	0.15648435156484353	chr20	47895099.0	47895213.0	antisense	0.33946068203097046	0.46921052054648016	0.1
FOXI1	69	76	0.2765352438668628	0.06769323067693231	chr20	47895099.0	47895213.0	antisense	0.30271972802719727	0.5189592754617728	0.1
ETV3	68	78	0.27652801478054867	0.22057794220577942	chr20	47895099.0	47895213.0	antisense	0.3741174902117631	0.42699198780581304	0.1
IRF9	59	74	0.27650777914779384	0.08839116088391161	chr20	47895099.0	47895213.0	antisense	0.30611369242822556	0.5141172440288461	0.1
NFIL3	68	79	0.2764917700564686	0.16318368163183683	chr20	47895099.0	47895213.0	sense	0.34295700864696144	0.4647603175012251	0.1
Hoxa9	66	77	0.27639183120112154	0.18438156184381563	chr20	47895099.0	47895213.0	antisense	0.3570672783467922	0.44724994673958307	0.1
NRF1	67	78	0.2763618513959039	0.1688831116888311	chr20	47895099.0	47895213.0	sense	0.3450800589232415	0.46208013647733426	0.1
TP73	62	80	0.2755737520446535	0.32986701329867013	chr20	47895099.0	47895213.0	antisense	0.4371942202764648	0.35932558807327264	0.1
ESR2	66	81	0.2754371029648114	0.5103489651034897	chr20	47895099.0	47895213.0	sense	0.5541236671311949	0.25639330032741775	0.1
DLX6	67	75	0.27543344695966476	0.24447555244475552	chr20	47895099.0	47895213.0	antisense	0.3913667094828978	0.4074161191552013	0.1
Esrrg	65	75	0.2747148904249333	0.134986501349865	chr20	47895099.0	47895213.0	antisense	0.3233261927263495	0.4903591116713172	0.1
FOXB1	63	74	0.27446619557038543	0.2546745325467453	chr20	47895099.0	47895213.0	antisense	0.3981207300956651	0.399985208168826	0.1
ETS1	69	79	0.27440842786439423	0.18298170182981702	chr20	47895099.0	47895213.0	antisense	0.35568353277031844	0.4489362410625506	0.1
CEBPD	70	80	0.27380931122931707	0.12218778122187782	chr20	47895099.0	47895213.0	sense	0.31937133389464795	0.4957040678158118	0.1
BARX1	60	68	0.2737630194504661	0.1967803219678032	chr20	47895099.0	47895213.0	sense	0.35928567422003443	0.444560099052582	0.1
IRF8	63	77	0.2736948129276708	0.08949105089491051	chr20	47895099.0	47895213.0	antisense	0.30611369242822556	0.5141172440288461	0.1
USF2	60	71	0.27340354222775315	0.16418358164183583	chr20	47895099.0	47895213.0	sense	0.34295700864696144	0.4647603175012251	0.1
HLF	66	78	0.27338689073346456	0.31196880311968805	chr20	47895099.0	47895213.0	antisense	0.42649340329124985	0.37008768181501633	0.1
MAX	62	72	0.27204924595520447	0.20827917208279173	chr20	47895099.0	47895213.0	sense	0.364993500649935	0.4377148688503746	0.1
EN1	68	76	0.27188982815948187	0.1850814918508149	chr20	47895099.0	47895213.0	antisense	0.3570903132735054	0.44722193067790866	0.1
ESRRB	64	75	0.2712442884305255	0.09989001099890012	chr20	47895099.0	47895213.0	antisense	0.3135311468853115	0.5037193089050359	0.1
CEBPA	69	80	0.2710026073356308	0.19238076192380762	chr20	47895099.0	47895213.0	antisense	0.35928567422003443	0.444560099052582	0.1
Dlx2	68	76	0.2708663443857196	0.20677932206779323	chr20	47895099.0	47895213.0	antisense	0.3637914174684227	0.43914755098466285	0.1
MEIS3	69	77	0.27061373001684846	0.20507949205079493	chr20	47895099.0	47895213.0	antisense	0.3625576217888415	0.4406229605793028	0.1
T	65	81	0.2694869144645456	0.23057694230576942	chr20	47895099.0	47895213.0	antisense	0.38478917381573735	0.41477715549656213	0.1
NKX2-8	67	76	0.26675284574687674	0.29487051294870514	chr20	47895099.0	47895213.0	sense	0.42071864242147217	0.3760082435775013	0.1
NFYA	62	80	0.26620510753327015	0.42875712428757123	chr20	47895099.0	47895213.0	sense	0.5023136512533848	0.2990250189667608	0.1
GATA5	66	74	0.2657243578653266	0.28117188281171884	chr20	47895099.0	47895213.0	antisense	0.41619048322440483	0.3807078547596165	0.1
Ar	59	76	0.2655695442925336	0.27587241275872415	chr20	47895099.0	47895213.0	sense	0.4126160870944606	0.384453843740093	0.1
HINFP	63	75	0.2650562404678434	0.31596840315968405	chr20	47895099.0	47895213.0	antisense	0.4280984888524135	0.36845630518184685	0.1
MEIS1	70	77	0.2649819756482504	0.194980501949805	chr20	47895099.0	47895213.0	antisense	0.35928567422003443	0.444560099052582	0.1
FLI1	69	79	0.26494073696738035	0.1613838616138386	chr20	47895099.0	47895213.0	antisense	0.34295700864696144	0.4647603175012251	0.1
FOXO6	69	76	0.26447338477141247	0.07169283071692831	chr20	47895099.0	47895213.0	antisense	0.30271972802719727	0.5189592754617728	0.1
MYF6	63	73	0.26421697572763214	0.10538946105389461	chr20	47895099.0	47895213.0	antisense	0.31435132348834083	0.5025847068344768	0.1
PDX1	68	76	0.26348679675516384	0.16968303169683033	chr20	47895099.0	47895213.0	sense	0.3453548762770782	0.4617344075446841	0.1
POU4F2	60	76	0.262828331501875	0.21437856214378562	chr20	47895099.0	47895213.0	antisense	0.3696427699422749	0.4322177840015157	0.1
Dux	68	76	0.2626841144924969	0.11228877112288771	chr20	47895099.0	47895213.0	antisense	0.31666425194215275	0.4994009611324888	0.1
SPDEF	68	79	0.26227464221694424	0.16328367163283672	chr20	47895099.0	47895213.0	antisense	0.34295700864696144	0.4647603175012251	0.1
MAFK	59	74	0.2614147541814203	0.49525047495250474	chr20	47895099.0	47895213.0	sense	0.5468829712773403	0.2621055993816662	0.1
ELK1	68	78	0.261359648800522	0.14128587141285873	chr20	47895099.0	47895213.0	antisense	0.3275859914008599	0.484674678301687	0.1
TFAP2C(var.2)	68	79	0.26105119538762445	0.3350664933506649	chr20	47895099.0	47895213.0	antisense	0.4371942202764648	0.35932558807327264	0.1
MSC	63	73	0.26050206465304526	0.11828817118288171	chr20	47895099.0	47895213.0	antisense	0.31666425194215275	0.4994009611324888	0.1
MYBL1	68	80	0.26037609762518127	0.19868013198680132	chr20	47895099.0	47895213.0	sense	0.35928567422003443	0.444560099052582	0.1
ZBTB7A	65	77	0.26012777061394654	0.3421657834216578	chr20	47895099.0	47895213.0	antisense	0.44065519006412013	0.3559011103644328	0.1
DBP	69	81	0.25940591318097816	0.2632736726327367	chr20	47895099.0	47895213.0	sense	0.4042575032437584	0.39334191059999146	0.1
CLOCK	60	70	0.25783642656773936	0.2226777322267773	chr20	47895099.0	47895213.0	antisense	0.37522643839512154	0.42570656889481084	0.1
POU1F1	62	76	0.25656188662129725	0.4016598340165983	chr20	47895099.0	47895213.0	sense	0.4781226005839783	0.3204607269653194	0.1
ERF	68	78	0.2563752338515059	0.20377962203779623	chr20	47895099.0	47895213.0	antisense	0.36219734190964464	0.4410547412064155	0.1
Nr2f6(var.2)	66	81	0.25535816356793073	0.10278972102789721	chr20	47895099.0	47895213.0	antisense	0.3141001689304754	0.5029318300276221	0.1
THAP1	64	73	0.255116471851626	0.5647435256474352	chr20	47895099.0	47895213.0	antisense	0.5993903677116951	0.22229024050827773	0.1
BSX	68	76	0.254421711851547	0.26507349265073493	chr20	47895099.0	47895213.0	antisense	0.4058204798989128	0.39166603989839355	0.1
PROX1	62	74	0.25395384742846083	0.1501849815018498	chr20	47895099.0	47895213.0	antisense	0.33453221201485	0.47556205778627425	0.1
LIN54	70	79	0.25392957444478986	0.1902809719028097	chr20	47895099.0	47895213.0	sense	0.35928567422003443	0.444560099052582	0.1
RFX5	65	81	0.2537895145543526	0.21687831216878312	chr20	47895099.0	47895213.0	sense	0.37148463371484636	0.4300591459165165	0.1
E2F2	59	75	0.25372586932616253	0.12998700129987	chr20	47895099.0	47895213.0	sense	0.31937133389464795	0.4957040678158118	0.1
HOXA5	70	78	0.2532697815643237	0.24077592240775922	chr20	47895099.0	47895213.0	antisense	0.3892919119303023	0.40972461924748993	0.1
KLF13	60	78	0.25221984192474767	0.257974202579742	chr20	47895099.0	47895213.0	sense	0.3996674959369735	0.39830117050201985	0.1
PHOX2A	64	75	0.25221963655920415	0.33386661333866613	chr20	47895099.0	47895213.0	sense	0.4371942202764648	0.35932558807327264	0.1
Stat4	64	78	0.2517116828126615	0.40675932406759324	chr20	47895099.0	47895213.0	antisense	0.4819819387924221	0.31696923568179736	0.1
Zfx	59	73	0.2516378793726779	0.44545545445455453	chr20	47895099.0	47895213.0	sense	0.5129646680564759	0.28991254716214643	0.1
Crx	64	75	0.25094020921248933	0.29417058294170584	chr20	47895099.0	47895213.0	antisense	0.42071864242147217	0.3760082435775013	0.1
LBX1	68	76	0.2503557823347597	0.20177982201779823	chr20	47895099.0	47895213.0	sense	0.3611163021628872	0.4423529054264691	0.1
TFEC	60	70	0.2502372161995517	0.32426757324267574	chr20	47895099.0	47895213.0	antisense	0.43468591285201374	0.3618244340437377	0.1
Atf1	64	72	0.25011596745278647	0.15828417158284172	chr20	47895099.0	47895213.0	antisense	0.33946068203097046	0.46921052054648016	0.1
DUXA	63	76	0.24994953413184315	0.43245675432456754	chr20	47895099.0	47895213.0	antisense	0.5032400347409205	0.2982248163397137	0.1
TFCP2	62	72	0.24965231772843424	0.25777422257774224	chr20	47895099.0	47895213.0	antisense	0.3996674959369735	0.39830117050201985	0.1
TFAP2C	68	80	0.24945057813839724	0.4894510548945106	chr20	47895099.0	47895213.0	antisense	0.5445065771795412	0.26399686996600324	0.1
PBX1	62	74	0.24867753338914964	0.29177082291770823	chr20	47895099.0	47895213.0	sense	0.42018983697198153	0.37655445597662623	0.1
TEF	69	81	0.2484193747916739	0.26007399260073993	chr20	47895099.0	47895213.0	sense	0.4017214349993572	0.39607499462237616	0.1
HEY2	62	72	0.2480809509854662	0.2713728627137286	chr20	47895099.0	47895213.0	sense	0.4082391760823918	0.38908532117796063	0.1
SNAI2	61	70	0.24775469693486055	0.3401659834016598	chr20	47895099.0	47895213.0	antisense	0.4402022484318733	0.3563477435203771	0.1
MEIS2	69	77	0.2477120311664874	0.1578842115788421	chr20	47895099.0	47895213.0	antisense	0.33946068203097046	0.46921052054648016	0.1
Crem	63	73	0.24760045437697412	0.23477652234776522	chr20	47895099.0	47895213.0	antisense	0.386822270153937	0.41248853064242846	0.1
NKX3-2	66	75	0.24755362202089873	0.31126887311268875	chr20	47895099.0	47895213.0	sense	0.42649340329124985	0.37008768181501633	0.1
GLI2	61	73	0.24712451740281302	0.33196680331966805	chr20	47895099.0	47895213.0	antisense	0.4371942202764648	0.35932558807327264	0.1
HEY1	62	72	0.24678447527934066	0.2505749425057494	chr20	47895099.0	47895213.0	sense	0.39528387586773234	0.40309090072024795	0.1
CUX1	62	72	0.2460721752753742	0.3027697230276972	chr20	47895099.0	47895213.0	sense	0.4246959087874996	0.37192192266736473	0.1
Creb3l2	60	69	0.2453340261082316	0.1386861313868613	chr20	47895099.0	47895213.0	sense	0.3267970500247273	0.48572187246938076	0.1
TBX5	65	73	0.24482929720702867	0.36476352364763526	chr20	47895099.0	47895213.0	antisense	0.45290016452900167	0.3439975215470614	0.1
GATA1::TAL1	61	79	0.24428161454164493	0.646935306469353	chr20	47895099.0	47895213.0	sense	0.6701784911329226	0.17380951462695016	0.1
FOS	63	74	0.2430876193403824	0.2522747725227477	chr20	47895099.0	47895213.0	sense	0.3955607460401996	0.402786812686549	0.1
OTX2	64	72	0.2429264097043847	0.2783721627837216	chr20	47895099.0	47895213.0	sense	0.41515848415158485	0.3817860824364612	0.1
CUX2	62	72	0.2428370961430897	0.31756824317568244	chr20	47895099.0	47895213.0	sense	0.4280984888524135	0.36845630518184685	0.1
ATF7	61	75	0.24217766784049016	0.26887311268873115	chr20	47895099.0	47895213.0	antisense	0.4068371588497127	0.39057938724787367	0.1
ZBTB7B	64	76	0.2421600674109139	0.32686731326867313	chr20	47895099.0	47895213.0	antisense	0.43610317631475926	0.3604107501737436	0.1
MAFG	60	81	0.24189436063522482	0.5008499150084992	chr20	47895099.0	47895213.0	antisense	0.5495583634025605	0.25998617847670197	0.1
TFAP2B	59	71	0.24173218984286932	0.48465153484651535	chr20	47895099.0	47895213.0	antisense	0.5420994538477186	0.2659210302605265	0.1
ZBTB18	61	74	0.24148858551301047	0.3170682931706829	chr20	47895099.0	47895213.0	sense	0.4280984888524135	0.36845630518184685	0.1
NR3C2	59	76	0.2414040811220335	0.3290670932906709	chr20	47895099.0	47895213.0	sense	0.4371942202764648	0.35932558807327264	0.1
MAF::NFE2	59	74	0.2394732181473326	0.3721627837216278	chr20	47895099.0	47895213.0	sense	0.4577073098377366	0.33941215159533045	0.1
ARNT::HIF1A	63	71	0.2391608436219273	0.22777722227777222	chr20	47895099.0	47895213.0	sense	0.38257727625295723	0.4172808291101579	0.1
TBX20	63	74	0.23890034676375682	0.3057694230576942	chr20	47895099.0	47895213.0	antisense	0.42539906009399053	0.3712034739923974	0.1
PAX4	68	76	0.2387245745325043	0.28687131286871315	chr20	47895099.0	47895213.0	antisense	0.4196647562134542	0.3770975016598776	0.1
POU3F4	71	80	0.23858004796435264	0.1663833616638336	chr20	47895099.0	47895213.0	antisense	0.34295700864696144	0.4647603175012251	0.1
SOX4	59	75	0.23744349454053695	0.11348865113488651	chr20	47895099.0	47895213.0	antisense	0.31666425194215275	0.4994009611324888	0.1
POU3F3	62	75	0.2368945668140326	0.45445455454454553	chr20	47895099.0	47895213.0	sense	0.5166769975081267	0.28678087284114256	0.1
VSX2	68	76	0.23588049250733698	0.31226877312268775	chr20	47895099.0	47895213.0	antisense	0.42649340329124985	0.37008768181501633	0.1
TFEB	60	70	0.23577220794551235	0.3448655134486551	chr20	47895099.0	47895213.0	antisense	0.4430326769303268	0.353564240171619	0.1
Nr2e3	66	73	0.23560422050439858	0.08809119088091191	chr20	47895099.0	47895213.0	sense	0.30611369242822556	0.5141172440288461	0.1
MNT	62	72	0.2354184346059043	0.3544645535446455	chr20	47895099.0	47895213.0	sense	0.4487002519260269	0.34804368662905494	0.1
TFAP2B(var.2)	68	79	0.23431322098622565	0.3678632136786321	chr20	47895099.0	47895213.0	antisense	0.453494080520689	0.34342837743294613	0.1
Rarb(var.2)	62	79	0.23427093751871686	0.19938006199380062	chr20	47895099.0	47895213.0	antisense	0.3592994867179949	0.4445434032119987	0.1
RORA	66	76	0.23354406777081355	0.2435756424357564	chr20	47895099.0	47895213.0	antisense	0.3913667094828978	0.4074161191552013	0.1
Tcf12	59	70	0.23341743455132774	0.29227077292270776	chr20	47895099.0	47895213.0	antisense	0.42018983697198153	0.37655445597662623	0.1
JUN	63	76	0.2333544293150642	0.35766423357664234	chr20	47895099.0	47895213.0	antisense	0.45055276025795477	0.3462543453125699	0.1
SOX21	59	74	0.23324257827308822	0.16698330166983302	chr20	47895099.0	47895213.0	antisense	0.34295700864696144	0.4647603175012251	0.1
ZNF410	60	77	0.23206276341589605	0.21937806219378062	chr20	47895099.0	47895213.0	sense	0.3733023418969578	0.4279392855364984	0.1
POU2F1	62	74	0.230531770352111	0.5045495450454954	chr20	47895099.0	47895213.0	antisense	0.5512867660602361	0.25862243287171555	0.1
KLF16	60	71	0.23011956537128742	0.2950704929507049	chr20	47895099.0	47895213.0	sense	0.42071864242147217	0.3760082435775013	0.1
TCF3	60	70	0.22968790931244512	0.34066593340665935	chr20	47895099.0	47895213.0	antisense	0.4402022484318733	0.3563477435203771	0.1
TBX4	65	73	0.22963679836096867	0.30646935306469353	chr20	47895099.0	47895213.0	antisense	0.42539906009399053	0.3712034739923974	0.1
NR3C1	61	78	0.22845092084004298	0.36296370362963704	chr20	47895099.0	47895213.0	sense	0.45290016452900167	0.3439975215470614	0.1
TBX19	59	79	0.22801095963422563	0.5148485151484852	chr20	47895099.0	47895213.0	antisense	0.5566799570042996	0.2543944149767573	0.1
Sox1	59	74	0.22795901523599715	0.2628737126287371	chr20	47895099.0	47895213.0	antisense	0.4042575032437584	0.39334191059999146	0.1
ID4	60	70	0.2249659327717876	0.37346265373462656	chr20	47895099.0	47895213.0	antisense	0.45822013543326523	0.3389258306520295	0.1
BCL6B	64	81	0.2240918518123269	0.12858714128587143	chr20	47895099.0	47895213.0	sense	0.31937133389464795	0.4957040678158118	0.1
STAT3	70	81	0.22345817194324805	0.35326467353264673	chr20	47895099.0	47895213.0	sense	0.4482747324289576	0.3484557400009011	0.1
Mlxip	63	71	0.22328623424241678	0.14588541145885411	chr20	47895099.0	47895213.0	antisense	0.33208126555765477	0.478755624535407	0.1
RFX2	65	81	0.22294779396987088	0.34096590340965904	chr20	47895099.0	47895213.0	sense	0.4402022484318733	0.3563477435203771	0.1
RORA(var.2)	62	76	0.22283194301293083	0.35176482351764826	chr20	47895099.0	47895213.0	antisense	0.4481015133780739	0.3486235893370423	0.1
GMEB2	63	71	0.2227516078137256	0.2903709629037096	chr20	47895099.0	47895213.0	antisense	0.42018983697198153	0.37655445597662623	0.1
EGR1	66	80	0.22204443654105113	0.397960203979602	chr20	47895099.0	47895213.0	sense	0.4751655868895869	0.32315501997371415	0.1
Lhx8	68	76	0.2214790919226871	0.3494650534946505	chr20	47895099.0	47895213.0	antisense	0.4467299575461173	0.34995492292389874	0.1
CEBPG	70	80	0.22018310188572235	0.20537946205379462	chr20	47895099.0	47895213.0	sense	0.3625576217888415	0.4406229605793028	0.1
ZIC1	59	73	0.21887463403930935	0.28387161283871615	chr20	47895099.0	47895213.0	sense	0.4173636460716535	0.37948538229037015	0.1
Myog	64	75	0.21782210647554506	0.36166383361663834	chr20	47895099.0	47895213.0	antisense	0.45290016452900167	0.3439975215470614	0.1
NFKB2	66	79	0.2177080205549781	0.31586841315868414	chr20	47895099.0	47895213.0	sense	0.4280984888524135	0.36845630518184685	0.1
XBP1	59	73	0.21689919429869975	0.5071492850714928	chr20	47895099.0	47895213.0	sense	0.5519127332549764	0.2581295861511146	0.1
CREB1	73	81	0.21613851703897427	0.3073692630736926	chr20	47895099.0	47895213.0	antisense	0.42539906009399053	0.3712034739923974	0.1
Phox2b	64	75	0.21593315642526725	0.38216178382161786	chr20	47895099.0	47895213.0	sense	0.4655914690221119	0.33199498581212966	0.1
Nobox	69	77	0.2157885327555689	0.3388661133886611	chr20	47895099.0	47895213.0	sense	0.4402022484318733	0.3563477435203771	0.1
Znf423	65	80	0.21507273721044126	0.31856814318568144	chr20	47895099.0	47895213.0	antisense	0.42833385055276857	0.36821760263504705	0.1
NKX2-3	66	76	0.21454611461088724	0.47625237476252374	chr20	47895099.0	47895213.0	sense	0.5361713286372014	0.27069641330646244	0.1
MAFG::NFE2L1	68	74	0.2135498661246267	0.22907709229077092	chr20	47895099.0	47895213.0	antisense	0.3835193899964842	0.41621267407328	0.1
Pitx1	67	75	0.21347844171229624	0.47235276472352766	chr20	47895099.0	47895213.0	antisense	0.5352643774923818	0.2714316584907968	0.1
Nkx3-1	66	75	0.21317399013744667	0.37816218378162186	chr20	47895099.0	47895213.0	sense	0.46289191835533433	0.3345204015121165	0.1
E2F3	59	77	0.2130033294620481	0.31186881311868814	chr20	47895099.0	47895213.0	antisense	0.42649340329124985	0.37008768181501633	0.1
TEAD3	69	77	0.212333641343938	0.23917608239176083	chr20	47895099.0	47895213.0	sense	0.3892919119303023	0.40972461924748993	0.1
ZNF143	59	75	0.21144491163460405	0.3144685531446855	chr20	47895099.0	47895213.0	sense	0.4280984888524135	0.36845630518184685	0.1
RHOXF1	65	73	0.20983376609092164	0.45315468453154684	chr20	47895099.0	47895213.0	antisense	0.5166769975081267	0.28678087284114256	0.1
TFAP2A	68	79	0.20909103754085095	0.5457454254574543	chr20	47895099.0	47895213.0	antisense	0.584324866482424	0.23334563149512502	0.1
TP63	62	80	0.20852344864900976	0.29927007299270075	chr20	47895099.0	47895213.0	sense	0.4216277559235946	0.37507080707520457	0.1
HIC2	70	79	0.20822705435933034	0.5556444355564444	chr20	47895099.0	47895213.0	antisense	0.5921549528825352	0.22756463385765996	0.1
TP53	62	80	0.20475678346511988	0.49955004499550043	chr20	47895099.0	47895213.0	sense	0.5492933757471711	0.26019563836039467	0.1
MGA	73	81	0.2036290821157134	0.33086691330866913	chr20	47895099.0	47895213.0	antisense	0.4371942202764648	0.35932558807327264	0.1
Rarb	59	75	0.20359479446308193	0.23877612238776122	chr20	47895099.0	47895213.0	antisense	0.3892919119303023	0.40972461924748993	0.1
Arntl	71	81	0.20353004761423565	0.5460453954604539	chr20	47895099.0	47895213.0	sense	0.584324866482424	0.23334563149512502	0.1
Arid3a	71	77	0.20311811699401633	0.21097890210978903	chr20	47895099.0	47895213.0	antisense	0.364993500649935	0.4377148688503746	0.1
SOX8	59	75	0.2030700274755491	0.17488251174882513	chr20	47895099.0	47895213.0	sense	0.35044024555073455	0.45538602403098005	0.1
TFAP2A(var.2)	68	80	0.2028060844726123	0.6020397960203979	chr20	47895099.0	47895213.0	sense	0.628689444938806	0.2015638309545889	0.1
Atf3	65	73	0.2021687363400819	0.2886711328867113	chr20	47895099.0	47895213.0	antisense	0.4196647562134542	0.3770975016598776	0.1
Sox11	59	74	0.20201354112684192	0.1862813718628137	chr20	47895099.0	47895213.0	sense	0.3580741925807419	0.4460269786911495	0.1
ZIC3	59	74	0.20183516384631778	0.43055694430556946	chr20	47895099.0	47895213.0	sense	0.5032400347409205	0.2982248163397137	0.1
Creb5	61	73	0.20161972652747293	0.35666433356664334	chr20	47895099.0	47895213.0	antisense	0.4503863482264912	0.34641478196612	0.1
GATA3	69	77	0.20160045684786332	0.2091790820917908	chr20	47895099.0	47895213.0	antisense	0.364993500649935	0.4377148688503746	0.1
NFE2	62	73	0.20104574221331614	0.2685731426857314	chr20	47895099.0	47895213.0	antisense	0.4068371588497127	0.39057938724787367	0.1
CREB3	60	74	0.19903093302428151	0.5978402159784022	chr20	47895099.0	47895213.0	sense	0.6255626453483684	0.20372919249845226	0.1
Pou2f3	61	77	0.1989769270740043	0.694030596940306	chr20	47895099.0	47895213.0	sense	0.7104573566312008	0.14846198435938143	0.1
PROP1	64	75	0.19852008916461947	0.3494650534946505	chr20	47895099.0	47895213.0	sense	0.4467299575461173	0.34995492292389874	0.1
NFIC::TLX1	64	78	0.198219215189546	0.38936106389361064	chr20	47895099.0	47895213.0	antisense	0.47214577607659797	0.325923891257564	0.1
RXRA::VDR	66	81	0.19711348337841922	0.39546045395460455	chr20	47895099.0	47895213.0	sense	0.4751655868895869	0.32315501997371415	0.1
JUNB	64	75	0.19620617129403387	0.4410558944105589	chr20	47895099.0	47895213.0	antisense	0.5102797069958929	0.2921917025181406	0.1
GLIS3	66	80	0.19593671329608575	0.3047695230476952	chr20	47895099.0	47895213.0	antisense	0.42539906009399053	0.3712034739923974	0.1
Nfe2l2	66	81	0.19498332731240314	0.7037296270372962	chr20	47895099.0	47895213.0	antisense	0.7189678669928282	0.14329051921315122	0.1
Rarg(var.2)	62	79	0.19496919310017163	0.32496750324967505	chr20	47895099.0	47895213.0	antisense	0.43468591285201374	0.3618244340437377	0.1
FOSL2	64	75	0.19285086676440286	0.45085491450854914	chr20	47895099.0	47895213.0	antisense	0.5165423854965497	0.286894036134666	0.1
E2F1	63	75	0.1908800447636663	0.6439356064393561	chr20	47895099.0	47895213.0	antisense	0.6684051594840517	0.1749602064046115	0.1
BHLHE40	62	72	0.19075040418446154	0.4470552944705529	chr20	47895099.0	47895213.0	antisense	0.5133223403323384	0.2896098343717552	0.1
CREB3L1	65	79	0.19035274524855456	0.5794420557944205	chr20	47895099.0	47895213.0	antisense	0.6087660464722758	0.21554957805243694	0.1
Esrra	65	76	0.19032021012859782	0.2997700229977002	chr20	47895099.0	47895213.0	antisense	0.4216277559235946	0.37507080707520457	0.1
STAT1	67	78	0.18975268368285653	0.41685831416858316	chr20	47895099.0	47895213.0	antisense	0.49170332966703334	0.30829685078829483	0.1
TBX1	65	73	0.1889745567937344	0.29757024297570245	chr20	47895099.0	47895213.0	antisense	0.4216277559235946	0.37507080707520457	0.1
RARA(var.2)	62	79	0.18885972400777437	0.44145585441455854	chr20	47895099.0	47895213.0	antisense	0.5102797069958929	0.2921917025181406	0.1
MLXIPL	62	72	0.18853307722501902	0.49175082491750827	chr20	47895099.0	47895213.0	sense	0.545339055838006	0.2633333980998305	0.1
SRF	63	79	0.18822019025490533	0.48995100489951005	chr20	47895099.0	47895213.0	antisense	0.5445065771795412	0.26399686996600324	0.1
Ahr::Arnt	64	70	0.187868919197524	0.25147485251474855	chr20	47895099.0	47895213.0	sense	0.3955013589550136	0.4028520199143461	0.1
Nkx2-5	68	75	0.18631365600336341	0.42325767423257676	chr20	47895099.0	47895213.0	sense	0.49811957579752236	0.30266639042223303	0.1
Mycn	60	68	0.18580668334927375	0.2683731626837316	chr20	47895099.0	47895213.0	sense	0.4068371588497127	0.39057938724787367	0.1
TCF4	66	76	0.18553254081501996	0.5072492750724927	chr20	47895099.0	47895213.0	sense	0.5519127332549764	0.2581295861511146	0.1
JDP2(var.2)	62	74	0.18447863076559337	0.39586041395860416	chr20	47895099.0	47895213.0	antisense	0.4751655868895869	0.32315501997371415	0.1
JDP2	63	72	0.18350226294877267	0.27077292270772924	chr20	47895099.0	47895213.0	antisense	0.4082391760823918	0.38908532117796063	0.1
DUX4	64	75	0.18170451049139502	0.42685731426857315	chr20	47895099.0	47895213.0	antisense	0.5012193350800667	0.2999721839735499	0.1
HES5	61	73	0.18164418052494763	0.35896410358964104	chr20	47895099.0	47895213.0	sense	0.4510953263027208	0.3457316725064867	0.1
TBX15	65	73	0.1799021762426813	0.30696930306969306	chr20	47895099.0	47895213.0	antisense	0.42539906009399053	0.3712034739923974	0.1
CTCF	61	80	0.17873853067868312	0.6697330266973303	chr20	47895099.0	47895213.0	antisense	0.6896655572537984	0.16136146267008206	0.1
Myb	65	75	0.17759056834851622	0.47505249475052497	chr20	47895099.0	47895213.0	antisense	0.5359831408163532	0.27084887069077335	0.1
GCM1	62	73	0.17545300620718687	0.6287371262873712	chr20	47895099.0	47895213.0	sense	0.6552501376368387	0.1835928791567709	0.1
Id2	63	71	0.17495320321834223	0.33336666333366666	chr20	47895099.0	47895213.0	antisense	0.4371942202764648	0.35932558807327264	0.1
TGIF2	64	76	0.17493442724134076	0.44575542445755423	chr20	47895099.0	47895213.0	antisense	0.5129646680564759	0.28991254716214643	0.1
FOS::JUN	69	76	0.17470132077027742	0.47355264473552644	chr20	47895099.0	47895213.0	antisense	0.5354549512369025	0.2712770612508027	0.1
SP1	60	71	0.174615605950322	0.3982601739826017	chr20	47895099.0	47895213.0	sense	0.4751655868895869	0.32315501997371415	0.1
INSM1	66	78	0.17369985042548178	0.48275172482751727	chr20	47895099.0	47895213.0	antisense	0.5411407023444524	0.26668979902104634	0.1
Ascl2	60	70	0.17129876010174042	0.5409459054094591	chr20	47895099.0	47895213.0	antisense	0.5812648548809716	0.2356259350733475	0.1
GCM2	62	72	0.1701627422658674	0.6653334666533347	chr20	47895099.0	47895213.0	sense	0.6864971554534407	0.16336125795152853	0.1
FOSL1	62	73	0.16983233067511896	0.5704429557044296	chr20	47895099.0	47895213.0	antisense	0.6029733075572281	0.21970191279713977	0.1
NFKB1	66	79	0.16971969486650404	0.36576342365763426	chr20	47895099.0	47895213.0	antisense	0.45305779684561376	0.34384639125430205	0.1
Srebf1(var.2)	60	70	0.16933529759718224	0.45435456454354567	chr20	47895099.0	47895213.0	antisense	0.5166769975081267	0.28678087284114256	0.1
JUND	63	74	0.16701197391165507	0.561943805619438	chr20	47895099.0	47895213.0	sense	0.5976410555665744	0.22355957586205438	0.1
SREBF2(var.2)	60	70	0.16605985586989572	0.43225677432256776	chr20	47895099.0	47895213.0	antisense	0.5032400347409205	0.2982248163397137	0.1
Klf1	59	70	0.16443496551244552	0.5123487651234877	chr20	47895099.0	47895213.0	sense	0.5551336306870358	0.25560246177031926	0.1
GLIS2	66	80	0.16350662046413955	0.5368463153684632	chr20	47895099.0	47895213.0	antisense	0.5792582903871775	0.23712774183899882	0.1
PPARG	59	79	0.16202976075892925	0.7122287771222878	chr20	47895099.0	47895213.0	antisense	0.726221483941979	0.13893090742059433	0.1
PKNOX1	64	76	0.16055436450729357	0.3671632836716328	chr20	47895099.0	47895213.0	antisense	0.453494080520689	0.34342837743294613	0.1
GLIS1	65	81	0.1602836033757997	0.3795620437956204	chr20	47895099.0	47895213.0	antisense	0.46351223701159294	0.3339387957234613	0.1
PKNOX2	64	76	0.15909407708713247	0.3862613738626137	chr20	47895099.0	47895213.0	antisense	0.4694839649524508	0.32837923630860844	0.1
MLX	62	72	0.15643766813724713	0.5674432556744325	chr20	47895099.0	47895213.0	antisense	0.6010266320306744	0.22110628359175818	0.1
SMAD3	71	81	0.15617399958447292	0.47995200479952005	chr20	47895099.0	47895213.0	antisense	0.5391668625345257	0.2682768076089431	0.1
OTX1	64	72	0.1549443302001434	0.6737326267373263	chr20	47895099.0	47895213.0	sense	0.6924103629241036	0.15963644090196477	0.1
TGIF1	64	76	0.15347761789406078	0.39206079392060794	chr20	47895099.0	47895213.0	antisense	0.4743113101277285	0.32393651931292233	0.1
PAX3	65	75	0.15105038899669068	0.48665133486651335	chr20	47895099.0	47895213.0	antisense	0.5431656834316568	0.2650676760748523	0.1
ZNF354C	59	65	0.14935611205492264	0.45495450454954506	chr20	47895099.0	47895213.0	sense	0.5166769975081267	0.28678087284114256	0.1
Bach1::Mafk	60	75	0.14861870141871467	0.7902209779022098	chr20	47895099.0	47895213.0	antisense	0.7948152859132692	0.09973378911639144	0.1
PAX7	65	75	0.14254294051488767	0.49795020497950204	chr20	47895099.0	47895213.0	antisense	0.5486967226844194	0.2606676337975835	0.1
SREBF2	63	73	0.140358189392364	0.6368363163683631	chr20	47895099.0	47895213.0	antisense	0.6623608180264138	0.1789053661661335	0.1
ESR1	62	79	0.1392473184755058	0.7534246575342466	chr20	47895099.0	47895213.0	antisense	0.7628435986810675	0.11756449375200134	0.1
HES7	65	77	0.1389705257558344	0.555044495550445	chr20	47895099.0	47895213.0	antisense	0.5921549528825352	0.22756463385765996	0.1
NHLH1	66	76	0.13687904825521172	0.748025197480252	chr20	47895099.0	47895213.0	sense	0.7597359637813127	0.11933731481976438	0.1
ZBED1	62	75	0.12917919911301592	0.754024597540246	chr20	47895099.0	47895213.0	sense	0.7628435986810675	0.11756449375200134	0.1
BATF3	61	75	0.12674398057713623	0.6511348865113489	chr20	47895099.0	47895213.0	antisense	0.6731852711143228	0.17186539469227935	0.1
SP4	59	76	0.1264351610825627	0.6831316868313169	chr20	47895099.0	47895213.0	sense	0.7006825009198685	0.15447872858725528	0.1
Arnt	64	70	0.12623065819698523	0.4948505149485051	chr20	47895099.0	47895213.0	antisense	0.5468829712773403	0.2621055993816662	0.1
E2F8	69	81	0.12003744666441234	0.5775422457754225	chr20	47895099.0	47895213.0	sense	0.608000863199684	0.21609580414405216	0.1
MZF1	73	79	0.11718688294674531	0.5741425857414258	chr20	47895099.0	47895213.0	antisense	0.6056504105686993	0.2177779840352779	0.1
KLF5	60	70	0.11615512820492994	0.5389461053894611	chr20	47895099.0	47895213.0	sense	0.5803174869235068	0.23633434248051569	0.1
Klf4	60	70	0.11560199794508991	0.5895410458954105	chr20	47895099.0	47895213.0	antisense	0.6181248541812485	0.20892379351097848	0.1
ZNF740	61	71	0.1150991659663723	0.501949805019498	chr20	47895099.0	47895213.0	sense	0.5496032675213491	0.2599506939574705	0.1
BHLHE41	60	70	0.11244310787458585	0.7922207779222078	chr20	47895099.0	47895213.0	antisense	0.7952854617826419	0.09947695659576081	0.1
REST	59	80	0.11045403937572063	0.7154284571542846	chr20	47895099.0	47895213.0	sense	0.7280536652217132	0.13783660743054596	0.1
ZEB1	65	74	0.1082133791815278	0.7617238276172382	chr20	47895099.0	47895213.0	sense	0.769133592477328	0.11399822009875318	0.1
SREBF1	63	73	0.10493952544154901	0.7659234076592341	chr20	47895099.0	47895213.0	antisense	0.7718723273303737	0.11245452883699192	0.1
MTF1	67	81	0.10488560730596032	0.8478152184781522	chr20	47895099.0	47895213.0	antisense	0.8494519273941332	0.07086119390877571	0.1
E2F7	66	80	0.05660568486499459	0.8895110488951105	chr20	47895099.0	47895213.0	sense	0.8895110488951105	0.050848653038880434	0.1
