motif	start	end	score	pval	tile_chr	tile_start	tile_end	strand	padj	neg_log_pval	fdr_cutoff
Hes2	44	57	2.715899917511047	0.010498950104989501	chr20	47895005.0	47895119.0	sense	0.2854214578542146	0.5445133799341609	0.1
Stat4	49	63	2.628753877248345	0.0005999400059994001	chr20	47895005.0	47895119.0	antisense	0.10378962103789621	0.9838460737644236	0.1
Gmeb1	43	60	2.535716882303493	0.06819318068193181	chr20	47895005.0	47895119.0	sense	0.3104584278414264	0.5079965461083984	0.1
Stat5a::Stat5b	51	62	2.48590193957154	9.999000099990002e-05	chr20	47895005.0	47895119.0	sense	0.051894810518948106	1.2848760694284047	0.1
Arid5a	47	61	2.467626890723979	0.007699230076992301	chr20	47895005.0	47895119.0	sense	0.2663933606639336	0.5744766033116042	0.1
Pparg::Rxra	47	62	2.380921820386832	0.010298970102989701	chr20	47895005.0	47895119.0	antisense	0.2854214578542146	0.5445133799341609	0.1
STAT3	52	63	2.3514933088087235	0.0005999400059994001	chr20	47895005.0	47895119.0	antisense	0.10378962103789621	0.9838460737644236	0.1
NFAT5	51	61	2.3291790503695595	0.0010998900109989002	chr20	47895005.0	47895119.0	sense	0.14271072892710732	0.8455433755981421	0.1
NFATC1	51	61	2.2774853318176262	0.0065993400659934	chr20	47895005.0	47895119.0	sense	0.2663933606639336	0.5744766033116042	0.1
Nr1h3::Rxra	43	62	2.2125803645956617	0.026997300269973004	chr20	47895005.0	47895119.0	sense	0.28871056556316205	0.5395373225210198	0.1
MEF2C	45	60	2.1992069174369124	0.0033996600339966003	chr20	47895005.0	47895119.0	antisense	0.2663933606639336	0.5744766033116042	0.1
NFATC3	51	61	2.1949682361100553	0.0047995200479952005	chr20	47895005.0	47895119.0	sense	0.2663933606639336	0.5744766033116042	0.1
HOXA2	47	57	2.1813391925138377	0.013398660133986601	chr20	47895005.0	47895119.0	sense	0.288016198380162	0.5405830863057285	0.1
Dlx1	46	56	2.119505074268615	0.0231976802319768	chr20	47895005.0	47895119.0	sense	0.28871056556316205	0.5395373225210198	0.1
GLI2	43	55	2.1139412832999356	0.0025997400259974	chr20	47895005.0	47895119.0	sense	0.2663933606639336	0.5744766033116042	0.1
GSX1	42	52	2.035674099538734	0.055694430556944306	chr20	47895005.0	47895119.0	sense	0.2919689339477267	0.5346633558557898	0.1
TEAD1	48	58	2.034491670423576	0.006199380061993801	chr20	47895005.0	47895119.0	sense	0.2663933606639336	0.5744766033116042	0.1
TEAD4	48	58	2.014599640457801	0.0064993500649935	chr20	47895005.0	47895119.0	sense	0.2663933606639336	0.5744766033116042	0.1
Hes1	46	56	1.9888628105685313	0.12938706129387062	chr20	47895005.0	47895119.0	sense	0.3364635367449171	0.47306199428851126	0.1
Neurog1	46	56	1.9329347917628539	0.051994800519948	chr20	47895005.0	47895119.0	sense	0.28928596502051923	0.5386726360443769	0.1
GSX2	46	56	1.922837948499144	0.0775922407759224	chr20	47895005.0	47895119.0	sense	0.31217343381940876	0.5056040584694653	0.1
Barhl1	48	58	1.9174837814992414	0.064993500649935	chr20	47895005.0	47895119.0	antisense	0.29988771034400985	0.5230413316367506	0.1
RUNX1	44	55	1.913903209252165	0.010998900109989001	chr20	47895005.0	47895119.0	antisense	0.2854214578542146	0.5445133799341609	0.1
MEOX2	47	57	1.853241946379309	0.048795120487951205	chr20	47895005.0	47895119.0	antisense	0.28928596502051923	0.5386726360443769	0.1
THAP1	52	61	1.8520382718364536	0.038196180381961806	chr20	47895005.0	47895119.0	sense	0.28871056556316205	0.5395373225210198	0.1
RARA::RXRA	47	64	1.8037204772493012	0.022097790220977902	chr20	47895005.0	47895119.0	antisense	0.288016198380162	0.5405830863057285	0.1
REL	47	57	1.8035026488353523	0.0091990800919908	chr20	47895005.0	47895119.0	sense	0.2854214578542146	0.5445133799341609	0.1
Ddit3::Cebpa	43	55	1.72080192312913	0.0206979302069793	chr20	47895005.0	47895119.0	antisense	0.288016198380162	0.5405830863057285	0.1
ELF5	50	61	1.7177995422035366	0.024997500249975	chr20	47895005.0	47895119.0	antisense	0.28871056556316205	0.5395373225210198	0.1
DMRT3	43	54	1.701189527752988	0.0174982501749825	chr20	47895005.0	47895119.0	antisense	0.288016198380162	0.5405830863057285	0.1
STAT1	52	63	1.6896161784097872	0.005499450054994501	chr20	47895005.0	47895119.0	antisense	0.2663933606639336	0.5744766033116042	0.1
EMX1	47	57	1.6861725121737836	0.06529347065293471	chr20	47895005.0	47895119.0	sense	0.29988771034400985	0.5230413316367506	0.1
ZBTB7C	43	55	1.6703078260757274	0.0453954604539546	chr20	47895005.0	47895119.0	sense	0.28928596502051923	0.5386726360443769	0.1
DUXA	43	56	1.6677666492559897	0.021597840215978402	chr20	47895005.0	47895119.0	antisense	0.288016198380162	0.5405830863057285	0.1
Hoxb5	46	62	1.6519364103894847	0.0927907209279072	chr20	47895005.0	47895119.0	sense	0.33522854611090613	0.4746590064779623	0.1
HMBOX1	46	56	1.6475662014057322	0.031596840315968405	chr20	47895005.0	47895119.0	sense	0.28871056556316205	0.5395373225210198	0.1
LBX2	46	56	1.6464124185859954	0.1116888311168883	chr20	47895005.0	47895119.0	antisense	0.33522854611090613	0.4746590064779623	0.1
MZF1(var.2)	52	62	1.643780609279032	0.0221977802219778	chr20	47895005.0	47895119.0	antisense	0.288016198380162	0.5405830863057285	0.1
NFATC2	52	59	1.634821546007099	0.0052994700529947	chr20	47895005.0	47895119.0	sense	0.2663933606639336	0.5744766033116042	0.1
BARHL2	48	58	1.6344269760663181	0.051794820517948204	chr20	47895005.0	47895119.0	antisense	0.28928596502051923	0.5386726360443769	0.1
EVX2	46	56	1.609816933592759	0.0882911708829117	chr20	47895005.0	47895119.0	antisense	0.33522854611090613	0.4746590064779623	0.1
ETV6	50	60	1.6078522187800475	0.009599040095990401	chr20	47895005.0	47895119.0	antisense	0.2854214578542146	0.5445133799341609	0.1
ESX1	46	56	1.6028349426050867	0.0928907109289071	chr20	47895005.0	47895119.0	sense	0.33522854611090613	0.4746590064779623	0.1
TBP	47	62	1.5907572148088684	0.14428557144285573	chr20	47895005.0	47895119.0	sense	0.33801754959639174	0.4710607509205314	0.1
Pou5f1::Sox2	45	60	1.5866332178056184	0.0367963203679632	chr20	47895005.0	47895119.0	antisense	0.28871056556316205	0.5395373225210198	0.1
ETV5	50	60	1.5752812260442395	0.03799620037996201	chr20	47895005.0	47895119.0	antisense	0.28871056556316205	0.5395373225210198	0.1
EVX1	46	56	1.5719597818759572	0.0923907609239076	chr20	47895005.0	47895119.0	antisense	0.33522854611090613	0.4746590064779623	0.1
Hand1::Tcf3	53	63	1.5691935181750971	0.0306969303069693	chr20	47895005.0	47895119.0	antisense	0.28871056556316205	0.5395373225210198	0.1
Dlx3	49	57	1.569072848132785	0.053894610538946106	chr20	47895005.0	47895119.0	sense	0.2899689412502049	0.5376485171562627	0.1
Hoxd3	44	60	1.5650246140045054	0.13688631136886312	chr20	47895005.0	47895119.0	antisense	0.3364635367449171	0.47306199428851126	0.1
HOXB3	46	56	1.5650051748647646	0.09829017098290171	chr20	47895005.0	47895119.0	sense	0.33522854611090613	0.4746590064779623	0.1
MNX1	42	52	1.5572802297787962	0.051794820517948204	chr20	47895005.0	47895119.0	sense	0.28928596502051923	0.5386726360443769	0.1
NR3C2	42	59	1.5430761776869109	0.0184981501849815	chr20	47895005.0	47895119.0	sense	0.288016198380162	0.5405830863057285	0.1
Npas2	48	58	1.5370040829473328	0.0184981501849815	chr20	47895005.0	47895119.0	antisense	0.288016198380162	0.5405830863057285	0.1
Rhox11	42	59	1.532431553618148	0.17788221177882213	chr20	47895005.0	47895119.0	antisense	0.3634679839102704	0.4395338379644178	0.1
PROP1	44	55	1.5295624272706596	0.006799320067993201	chr20	47895005.0	47895119.0	antisense	0.2663933606639336	0.5744766033116042	0.1
MAX::MYC	46	57	1.5226724198291497	0.014298570142985701	chr20	47895005.0	47895119.0	antisense	0.288016198380162	0.5405830863057285	0.1
OLIG3	46	56	1.5226223385971165	0.018598140185981403	chr20	47895005.0	47895119.0	sense	0.288016198380162	0.5405830863057285	0.1
HOXB2	47	57	1.5171830999242912	0.12158784121587841	chr20	47895005.0	47895119.0	sense	0.3364635367449171	0.47306199428851126	0.1
NR3C1	42	59	1.5052087060963752	0.016198380161983803	chr20	47895005.0	47895119.0	sense	0.288016198380162	0.5405830863057285	0.1
Dlx4	49	57	1.4923932001871434	0.052394760523947606	chr20	47895005.0	47895119.0	sense	0.28928596502051923	0.5386726360443769	0.1
Hoxa11	49	61	1.4877895781547925	0.056694330566943306	chr20	47895005.0	47895119.0	antisense	0.2919689339477267	0.5346633558557898	0.1
POU2F2	48	61	1.4820000068772325	0.019598040195980403	chr20	47895005.0	47895119.0	sense	0.288016198380162	0.5405830863057285	0.1
FIGLA	46	56	1.4768231932823295	0.0352964703529647	chr20	47895005.0	47895119.0	sense	0.28871056556316205	0.5395373225210198	0.1
Ar	42	59	1.4736499425607144	0.027297270272972702	chr20	47895005.0	47895119.0	antisense	0.28871056556316205	0.5395373225210198	0.1
MIXL1	47	57	1.4703633576510542	0.15698430156984303	chr20	47895005.0	47895119.0	antisense	0.3452324259099514	0.46188841998927765	0.1
Twist2	46	56	1.4649387927397848	0.016798320167983202	chr20	47895005.0	47895119.0	sense	0.288016198380162	0.5405830863057285	0.1
ETV3	50	60	1.4645439027140035	0.0282971702829717	chr20	47895005.0	47895119.0	antisense	0.28871056556316205	0.5395373225210198	0.1
POU3F3	49	62	1.459396281902408	0.04079592040795921	chr20	47895005.0	47895119.0	antisense	0.28928596502051923	0.5386726360443769	0.1
TEAD3	49	57	1.4583856849008958	0.0072992700729927005	chr20	47895005.0	47895119.0	sense	0.2663933606639336	0.5744766033116042	0.1
HNF4G	42	57	1.4540459487786153	0.0750924907509249	chr20	47895005.0	47895119.0	sense	0.31217343381940876	0.5056040584694653	0.1
POU3F1	49	61	1.4536154884762635	0.0585941405859414	chr20	47895005.0	47895119.0	antisense	0.2919689339477267	0.5346633558557898	0.1
LMX1B	48	56	1.445166722141239	0.08389161083891611	chr20	47895005.0	47895119.0	antisense	0.32736651146915385	0.4849657495667903	0.1
NKX3-2	46	55	1.4326383354611554	0.0326967303269673	chr20	47895005.0	47895119.0	sense	0.28871056556316205	0.5395373225210198	0.1
ZBTB7A	42	54	1.4229771211236042	0.046995300469953004	chr20	47895005.0	47895119.0	sense	0.28928596502051923	0.5386726360443769	0.1
Foxd3	43	55	1.42015172260376	0.0202979702029797	chr20	47895005.0	47895119.0	antisense	0.288016198380162	0.5405830863057285	0.1
PHOX2A	44	55	1.4128423690706313	0.03799620037996201	chr20	47895005.0	47895119.0	antisense	0.28871056556316205	0.5395373225210198	0.1
NFIL3	44	55	1.4092562854213733	0.016698330166983303	chr20	47895005.0	47895119.0	antisense	0.288016198380162	0.5405830863057285	0.1
Pax2	41	49	1.4064701405151634	0.14878512148785122	chr20	47895005.0	47895119.0	antisense	0.33868192128155605	0.4702079852189987	0.1
ERF	50	60	1.3924305215132595	0.0206979302069793	chr20	47895005.0	47895119.0	antisense	0.288016198380162	0.5405830863057285	0.1
ERG	50	60	1.386921726774341	0.027597240275972403	chr20	47895005.0	47895119.0	antisense	0.28871056556316205	0.5395373225210198	0.1
Hoxd9	46	56	1.3862004121711222	0.063993600639936	chr20	47895005.0	47895119.0	antisense	0.2992133219110521	0.5240190742311751	0.1
Nkx3-1	46	55	1.3757660347961678	0.026997300269973004	chr20	47895005.0	47895119.0	sense	0.28871056556316205	0.5395373225210198	0.1
HOXA10	46	57	1.3694470399031209	0.10988901109889011	chr20	47895005.0	47895119.0	antisense	0.33522854611090613	0.4746590064779623	0.1
DUX4	44	55	1.3674039103077764	0.013898610138986101	chr20	47895005.0	47895119.0	antisense	0.288016198380162	0.5405830863057285	0.1
Gabpa	48	59	1.347849122851759	0.0341965803419658	chr20	47895005.0	47895119.0	antisense	0.28871056556316205	0.5395373225210198	0.1
HLTF	47	57	1.3432304657705476	0.1357864213578642	chr20	47895005.0	47895119.0	sense	0.3364635367449171	0.47306199428851126	0.1
VAX1	48	56	1.3422926763218685	0.11328867113288671	chr20	47895005.0	47895119.0	sense	0.3359818303883897	0.4736842082513021	0.1
CEBPE	51	61	1.3413367839171726	0.03899610038996101	chr20	47895005.0	47895119.0	sense	0.28871056556316205	0.5395373225210198	0.1
FEV	50	60	1.3408475570800205	0.03849615038496151	chr20	47895005.0	47895119.0	antisense	0.28871056556316205	0.5395373225210198	0.1
EOMES	50	63	1.3404535078508601	0.09719028097190281	chr20	47895005.0	47895119.0	antisense	0.33522854611090613	0.4746590064779623	0.1
ETS1	50	60	1.3400859518406807	0.030096990300969902	chr20	47895005.0	47895119.0	antisense	0.28871056556316205	0.5395373225210198	0.1
Foxj3	45	62	1.33849943727145	0.1362863713628637	chr20	47895005.0	47895119.0	antisense	0.3364635367449171	0.47306199428851126	0.1
ELK4	49	60	1.3382130034280522	0.034096590340965904	chr20	47895005.0	47895119.0	sense	0.28871056556316205	0.5395373225210198	0.1
MNT	46	56	1.3307872954772806	0.045295470452954706	chr20	47895005.0	47895119.0	sense	0.28928596502051923	0.5386726360443769	0.1
FOXH1	48	59	1.3291405274075279	0.025897410258974102	chr20	47895005.0	47895119.0	sense	0.28871056556316205	0.5395373225210198	0.1
SPIC	45	59	1.325619350170297	0.1045895410458954	chr20	47895005.0	47895119.0	antisense	0.33522854611090613	0.4746590064779623	0.1
Prrx2	48	56	1.3237219733439496	0.13808619138086192	chr20	47895005.0	47895119.0	antisense	0.3364635367449171	0.47306199428851126	0.1
Alx1	42	59	1.31868063239565	0.14828517148285172	chr20	47895005.0	47895119.0	antisense	0.33868192128155605	0.4702079852189987	0.1
Tcfl5	46	56	1.3166925991153047	0.36246375362463756	chr20	47895005.0	47895119.0	sense	0.48484197971955384	0.31439978411559955	0.1
NOTO	47	57	1.3161246026824647	0.0812918708129187	chr20	47895005.0	47895119.0	sense	0.32454216116849854	0.4887288761411734	0.1
RORA(var.2)	42	56	1.3144625413019113	0.025797420257974202	chr20	47895005.0	47895119.0	antisense	0.28871056556316205	0.5395373225210198	0.1
Phox2b	44	55	1.3036103379440853	0.039396060393960604	chr20	47895005.0	47895119.0	antisense	0.28871056556316205	0.5395373225210198	0.1
Foxk1	39	56	1.302512815623836	0.0964903509649035	chr20	47895005.0	47895119.0	antisense	0.33522854611090613	0.4746590064779623	0.1
POU3F2	49	61	1.2963048255358367	0.0514948505149485	chr20	47895005.0	47895119.0	antisense	0.28928596502051923	0.5386726360443769	0.1
FOXA1	46	61	1.2934802092973283	0.09019098090190981	chr20	47895005.0	47895119.0	sense	0.33522854611090613	0.4746590064779623	0.1
UNCX	48	56	1.2924307567785642	0.1272872712728727	chr20	47895005.0	47895119.0	antisense	0.3364635367449171	0.47306199428851126	0.1
NFIX	51	60	1.2916000991923562	0.132986701329867	chr20	47895005.0	47895119.0	sense	0.3364635367449171	0.47306199428851126	0.1
TBX2	52	63	1.2903965009430356	0.12388761123887611	chr20	47895005.0	47895119.0	antisense	0.3364635367449171	0.47306199428851126	0.1
FOXB1	49	60	1.2883818501507993	0.043195680431956804	chr20	47895005.0	47895119.0	antisense	0.28928596502051923	0.5386726360443769	0.1
CREB3	44	58	1.2855584260464428	0.06359364063593641	chr20	47895005.0	47895119.0	antisense	0.2992133219110521	0.5240190742311751	0.1
FOXC1	49	60	1.2849084386233696	0.0423957604239576	chr20	47895005.0	47895119.0	antisense	0.28928596502051923	0.5386726360443769	0.1
Dlx2	48	56	1.2845895353433268	0.05069493050694931	chr20	47895005.0	47895119.0	antisense	0.28928596502051923	0.5386726360443769	0.1
FLI1	50	60	1.2817252357690103	0.027297270272972702	chr20	47895005.0	47895119.0	antisense	0.28871056556316205	0.5395373225210198	0.1
RUNX3	44	54	1.2814586059411455	0.0425957404259574	chr20	47895005.0	47895119.0	sense	0.28928596502051923	0.5386726360443769	0.1
SOX9	47	56	1.2798601074680112	0.0964903509649035	chr20	47895005.0	47895119.0	sense	0.33522854611090613	0.4746590064779623	0.1
RAX2	48	56	1.2796218532681811	0.1346865313468653	chr20	47895005.0	47895119.0	antisense	0.3364635367449171	0.47306199428851126	0.1
ELF1	50	62	1.2796017440046572	0.0321967803219678	chr20	47895005.0	47895119.0	antisense	0.28871056556316205	0.5395373225210198	0.1
CEBPA	51	62	1.2758563362382958	0.03949605039496051	chr20	47895005.0	47895119.0	sense	0.28871056556316205	0.5395373225210198	0.1
ELF4	50	62	1.2679876116819202	0.0313968603139686	chr20	47895005.0	47895119.0	antisense	0.28871056556316205	0.5395373225210198	0.1
Bcl6	49	63	1.2669848085353133	0.11238876112388761	chr20	47895005.0	47895119.0	antisense	0.33522854611090613	0.4746590064779623	0.1
TBX19	39	59	1.2633936029438777	0.15658434156584342	chr20	47895005.0	47895119.0	antisense	0.3452324259099514	0.46188841998927765	0.1
POU2F1	51	63	1.2480631438306145	0.10288971102889712	chr20	47895005.0	47895119.0	antisense	0.33522854611090613	0.4746590064779623	0.1
Mitf	47	57	1.2401317865707675	0.25617438256174385	chr20	47895005.0	47895119.0	antisense	0.4169479603763761	0.37991814630134196	0.1
NEUROD2	48	58	1.235938620856077	0.07649235076492351	chr20	47895005.0	47895119.0	antisense	0.31217343381940876	0.5056040584694653	0.1
SOX21	43	58	1.2357853469078657	0.012698730126987301	chr20	47895005.0	47895119.0	antisense	0.288016198380162	0.5405830863057285	0.1
MEF2A	46	58	1.2349998265328956	0.018198180181981802	chr20	47895005.0	47895119.0	antisense	0.288016198380162	0.5405830863057285	0.1
ETV2	50	61	1.2338857635199083	0.03189681031896811	chr20	47895005.0	47895119.0	antisense	0.28871056556316205	0.5395373225210198	0.1
SHOX	48	56	1.2277666285645092	0.13488651134886512	chr20	47895005.0	47895119.0	sense	0.3364635367449171	0.47306199428851126	0.1
LMX1A	48	56	1.2273552434053348	0.101989801019898	chr20	47895005.0	47895119.0	antisense	0.33522854611090613	0.4746590064779623	0.1
SCRT1	45	60	1.2272040132285587	0.053394660533946606	chr20	47895005.0	47895119.0	antisense	0.2899689412502049	0.5376485171562627	0.1
NRL	51	62	1.225772282441764	0.32556744325567444	chr20	47895005.0	47895119.0	sense	0.4611143790253127	0.3361913348745372	0.1
TBR1	52	62	1.2250690130757727	0.05419458054194581	chr20	47895005.0	47895119.0	antisense	0.2899689412502049	0.5376485171562627	0.1
VSX1	47	55	1.221134707279112	0.10138986101389862	chr20	47895005.0	47895119.0	sense	0.33522854611090613	0.4746590064779623	0.1
ETV1	50	60	1.2196146175261917	0.0918908109189081	chr20	47895005.0	47895119.0	antisense	0.33522854611090613	0.4746590064779623	0.1
ALX3	46	56	1.2175371683175102	0.2725727427257274	chr20	47895005.0	47895119.0	sense	0.42813218678132187	0.3684221208784797	0.1
POU4F3	40	56	1.2104435840337453	0.20077992200779923	chr20	47895005.0	47895119.0	sense	0.380309414314043	0.4198629237758111	0.1
RAX	47	57	1.210238611780591	0.11998800119988001	chr20	47895005.0	47895119.0	antisense	0.3364635367449171	0.47306199428851126	0.1
USF1	46	57	1.20812164385262	0.0598940105989401	chr20	47895005.0	47895119.0	sense	0.2919689339477267	0.5346633558557898	0.1
CDX1	47	56	1.2055855581742325	0.0826917308269173	chr20	47895005.0	47895119.0	antisense	0.32736651146915385	0.4849657495667903	0.1
ISL2	49	57	1.2033148127879805	0.13758624137586242	chr20	47895005.0	47895119.0	sense	0.3364635367449171	0.47306199428851126	0.1
NKX2-3	46	56	1.2009879575892453	0.0867913208679132	chr20	47895005.0	47895119.0	sense	0.33522854611090613	0.4746590064779623	0.1
HOXD11	41	51	1.1956358025289502	0.0484951504849515	chr20	47895005.0	47895119.0	antisense	0.28928596502051923	0.5386726360443769	0.1
LHX9	48	56	1.192891301941579	0.11868813118688132	chr20	47895005.0	47895119.0	antisense	0.3364635367449171	0.47306199428851126	0.1
RUNX2	44	53	1.1922607457717467	0.04839516048395161	chr20	47895005.0	47895119.0	sense	0.28928596502051923	0.5386726360443769	0.1
MEF2B	46	58	1.1909528970511751	0.0182981701829817	chr20	47895005.0	47895119.0	antisense	0.288016198380162	0.5405830863057285	0.1
ZBTB18	47	60	1.1904084880250414	0.0598940105989401	chr20	47895005.0	47895119.0	antisense	0.2919689339477267	0.5346633558557898	0.1
PRDM1	48	63	1.1852330503217314	0.1161883811618838	chr20	47895005.0	47895119.0	antisense	0.3364635367449171	0.47306199428851126	0.1
LHX2	46	56	1.171048591140984	0.10238976102389762	chr20	47895005.0	47895119.0	sense	0.33522854611090613	0.4746590064779623	0.1
Atoh1	48	58	1.1706674042042	0.07389261073892611	chr20	47895005.0	47895119.0	sense	0.31217343381940876	0.5056040584694653	0.1
GSC2	47	57	1.167724668895858	0.3116688331166883	chr20	47895005.0	47895119.0	sense	0.45057416263944633	0.34623371572988415	0.1
CEBPB	51	61	1.1658858572076143	0.052394760523947606	chr20	47895005.0	47895119.0	antisense	0.28928596502051923	0.5386726360443769	0.1
SNAI2	47	56	1.1656293795757489	0.11098890110988902	chr20	47895005.0	47895119.0	antisense	0.33522854611090613	0.4746590064779623	0.1
POU4F1	40	54	1.161342649766465	0.1670832916708329	chr20	47895005.0	47895119.0	sense	0.35542649816650984	0.44925019730025584	0.1
GATA1::TAL1	42	60	1.1531022276199134	0.2796720327967203	chr20	47895005.0	47895119.0	sense	0.4319934078020769	0.36452288044672165	0.1
EHF	50	62	1.151979015992677	0.07289271072892711	chr20	47895005.0	47895119.0	antisense	0.31217343381940876	0.5056040584694653	0.1
CEBPD	51	61	1.1519097659022905	0.047995200479952004	chr20	47895005.0	47895119.0	antisense	0.28928596502051923	0.5386726360443769	0.1
ETV4	50	60	1.1509090103723356	0.11238876112388761	chr20	47895005.0	47895119.0	antisense	0.33522854611090613	0.4746590064779623	0.1
USF2	45	56	1.1481184321312405	0.06879312068793121	chr20	47895005.0	47895119.0	antisense	0.3104663446698809	0.5079854715465051	0.1
PRRX1	48	56	1.139990100083579	0.12138786121387861	chr20	47895005.0	47895119.0	antisense	0.3364635367449171	0.47306199428851126	0.1
Hoxc9	45	58	1.138465896231213	0.1222877712228777	chr20	47895005.0	47895119.0	sense	0.3364635367449171	0.47306199428851126	0.1
OLIG2	46	56	1.137305920042004	0.0585941405859414	chr20	47895005.0	47895119.0	sense	0.2919689339477267	0.5346633558557898	0.1
TEF	45	57	1.132139877820727	0.0613938606139386	chr20	47895005.0	47895119.0	sense	0.2923248959507719	0.5341341962278608	0.1
ELK1	50	60	1.131321898166562	0.0415958404159584	chr20	47895005.0	47895119.0	antisense	0.28928596502051923	0.5386726360443769	0.1
SMAD2::SMAD3::SMAD4	51	64	1.1286687910743336	0.13258674132586742	chr20	47895005.0	47895119.0	antisense	0.3364635367449171	0.47306199428851126	0.1
Sox17	48	57	1.1254803081317497	0.08389161083891611	chr20	47895005.0	47895119.0	sense	0.32736651146915385	0.4849657495667903	0.1
MAX	46	56	1.124848001834694	0.09809019098090191	chr20	47895005.0	47895119.0	sense	0.33522854611090613	0.4746590064779623	0.1
Lhx4	48	56	1.1242143522476682	0.11048895110488952	chr20	47895005.0	47895119.0	sense	0.33522854611090613	0.4746590064779623	0.1
HOXC12	41	52	1.119975899131015	0.06129387061293871	chr20	47895005.0	47895119.0	antisense	0.2923248959507719	0.5341341962278608	0.1
POU1F1	49	63	1.1189266284682478	0.14408559144085592	chr20	47895005.0	47895119.0	antisense	0.33801754959639174	0.4710607509205314	0.1
EN2	48	58	1.1185860708176394	0.22797720227977203	chr20	47895005.0	47895119.0	sense	0.4035086287289638	0.3941471737812992	0.1
POU6F1	46	56	1.112318589932451	0.12998700129987	chr20	47895005.0	47895119.0	sense	0.3364635367449171	0.47306199428851126	0.1
Bhlha15	49	57	1.1112909937781534	0.0352964703529647	chr20	47895005.0	47895119.0	antisense	0.28871056556316205	0.5395373225210198	0.1
Pou2f3	48	64	1.1088281773734237	0.1827817218278172	chr20	47895005.0	47895119.0	antisense	0.36646953065311233	0.43596212803323975	0.1
TFE3	46	56	1.1082401272239162	0.22777722227777222	chr20	47895005.0	47895119.0	sense	0.4035086287289638	0.3941471737812992	0.1
DLX6	49	57	1.1038870899902158	0.1324867513248675	chr20	47895005.0	47895119.0	sense	0.3364635367449171	0.47306199428851126	0.1
NKX2-8	47	56	1.1025724502703729	0.15008499150084992	chr20	47895005.0	47895119.0	sense	0.3401489545368607	0.4683308595250224	0.1
NEUROG2	48	58	1.0978809087024015	0.0321967803219678	chr20	47895005.0	47895119.0	sense	0.28871056556316205	0.5395373225210198	0.1
HIC2	52	61	1.0919041688000184	0.1932806719328067	chr20	47895005.0	47895119.0	sense	0.37229721472297217	0.4291102128682813	0.1
ELK3	50	60	1.0915887642824043	0.11018898110188981	chr20	47895005.0	47895119.0	antisense	0.33522854611090613	0.4746590064779623	0.1
ESR2	44	59	1.0911516358512516	0.29287071292870714	chr20	47895005.0	47895119.0	antisense	0.4471978889067616	0.34950025529674106	0.1
SCRT2	47	60	1.090039905019676	0.0491950804919508	chr20	47895005.0	47895119.0	antisense	0.28928596502051923	0.5386726360443769	0.1
HOXC13	50	61	1.0892264927657587	0.07429257074292571	chr20	47895005.0	47895119.0	antisense	0.31217343381940876	0.5056040584694653	0.1
Myc	45	55	1.088344636778642	0.058394160583941604	chr20	47895005.0	47895119.0	antisense	0.2919689339477267	0.5346633558557898	0.1
CLOCK	46	56	1.0857021282586532	0.10058994100589941	chr20	47895005.0	47895119.0	sense	0.33522854611090613	0.4746590064779623	0.1
TFEB	46	56	1.0813176914953613	0.11998800119988001	chr20	47895005.0	47895119.0	sense	0.3364635367449171	0.47306199428851126	0.1
IRF2	45	63	1.0803375411821785	0.0552944705529447	chr20	47895005.0	47895119.0	antisense	0.2919689339477267	0.5346633558557898	0.1
ZNF263	42	63	1.0790353635210495	0.29387061293870614	chr20	47895005.0	47895119.0	antisense	0.4471978889067616	0.34950025529674106	0.1
TCF7L2	49	63	1.0782023106997374	0.1688831116888311	chr20	47895005.0	47895119.0	sense	0.3557000575246119	0.4489160645791353	0.1
TBX5	47	55	1.07303714187689	0.16928307169283072	chr20	47895005.0	47895119.0	antisense	0.3557000575246119	0.4489160645791353	0.1
BHLHE22	46	56	1.0728443500415437	0.058694130586941305	chr20	47895005.0	47895119.0	sense	0.2919689339477267	0.5346633558557898	0.1
Six3	45	62	1.0657394570779088	0.31056894310568944	chr20	47895005.0	47895119.0	sense	0.45057416263944633	0.34623371572988415	0.1
FOXC2	42	54	1.0637548543093658	0.1426857314268573	chr20	47895005.0	47895119.0	sense	0.33801754959639174	0.4710607509205314	0.1
HLF	45	57	1.0634137395685275	0.16778322167783222	chr20	47895005.0	47895119.0	sense	0.35542649816650984	0.44925019730025584	0.1
CTCF	41	60	1.0602027959947742	0.20787921207879212	chr20	47895005.0	47895119.0	sense	0.38531896810318966	0.4141796114391549	0.1
LHX6	46	56	1.0516269629012787	0.14088591140885912	chr20	47895005.0	47895119.0	sense	0.33801754959639174	0.4710607509205314	0.1
Hmx3	44	61	1.0509558119966373	0.36626337366263373	chr20	47895005.0	47895119.0	antisense	0.4861516386432423	0.3132282460583218	0.1
HSF4	48	61	1.0477281645738816	0.18288171182881713	chr20	47895005.0	47895119.0	antisense	0.36646953065311233	0.43596212803323975	0.1
GMEB2	47	55	1.0436796288608652	0.09919008099190081	chr20	47895005.0	47895119.0	antisense	0.33522854611090613	0.4746590064779623	0.1
ZBTB7B	43	55	1.042945658689267	0.11158884111588842	chr20	47895005.0	47895119.0	sense	0.33522854611090613	0.4746590064779623	0.1
ELF3	49	62	1.0429365219582787	0.073992600739926	chr20	47895005.0	47895119.0	antisense	0.31217343381940876	0.5056040584694653	0.1
Hoxd8	46	63	1.038337636465014	0.43465653434656537	chr20	47895005.0	47895119.0	sense	0.5307923325314527	0.2750753592878793	0.1
Gfi1	46	56	1.0382675117930436	0.2343765623437656	chr20	47895005.0	47895119.0	antisense	0.40570744250078306	0.3917870253068284	0.1
SP3	46	57	1.035754117600548	0.17718228177182282	chr20	47895005.0	47895119.0	sense	0.3634679839102704	0.4395338379644178	0.1
TFCP2	44	54	1.0352522522324998	0.1277872212778722	chr20	47895005.0	47895119.0	sense	0.3364635367449171	0.47306199428851126	0.1
PPARG	42	62	1.0335820744158468	0.2211778822117788	chr20	47895005.0	47895119.0	sense	0.3975609359479277	0.4005962956422487	0.1
SPIB	53	60	1.0323342390514776	0.0766923307669233	chr20	47895005.0	47895119.0	antisense	0.31217343381940876	0.5056040584694653	0.1
POU5F1B	51	60	1.0313540496466167	0.12718728127187282	chr20	47895005.0	47895119.0	antisense	0.3364635367449171	0.47306199428851126	0.1
JUN(var.2)	46	60	1.027195685630226	0.20377962203779623	chr20	47895005.0	47895119.0	sense	0.38274764581303605	0.41708747186040573	0.1
GRHL1	43	55	1.0258837089350787	0.1316868313168683	chr20	47895005.0	47895119.0	antisense	0.3364635367449171	0.47306199428851126	0.1
GBX1	46	56	1.024808240515776	0.13758624137586242	chr20	47895005.0	47895119.0	sense	0.3364635367449171	0.47306199428851126	0.1
Dmbx1	43	60	1.0247092587631448	0.41755824417558246	chr20	47895005.0	47895119.0	sense	0.5184515041318835	0.2852918612092343	0.1
Myod1	46	59	1.0233270447413885	0.16768323167683233	chr20	47895005.0	47895119.0	sense	0.35542649816650984	0.44925019730025584	0.1
GBX2	48	58	1.0193662009388278	0.17628237176282371	chr20	47895005.0	47895119.0	sense	0.3630577418448631	0.4400242979106269	0.1
Sox5	47	54	1.01466053813899	0.0443955604439556	chr20	47895005.0	47895119.0	antisense	0.28928596502051923	0.5386726360443769	0.1
E2F6	51	62	1.0137893025487326	0.0705929407059294	chr20	47895005.0	47895119.0	antisense	0.31217343381940876	0.5056040584694653	0.1
Shox2	48	56	1.0133336362610708	0.12068793120687932	chr20	47895005.0	47895119.0	antisense	0.3364635367449171	0.47306199428851126	0.1
GCM2	53	63	1.009720526843373	0.1708829117088291	chr20	47895005.0	47895119.0	antisense	0.3561776352485233	0.44833335380340433	0.1
JUND(var.2)	42	57	1.00654395766482	0.19148085191480851	chr20	47895005.0	47895119.0	antisense	0.37229721472297217	0.4291102128682813	0.1
VAX2	48	56	1.0060349839849552	0.26507349265073493	chr20	47895005.0	47895119.0	sense	0.4259230423706855	0.3706688640264143	0.1
Esrrg	46	56	1.005810585154006	0.10588941105889411	chr20	47895005.0	47895119.0	antisense	0.33522854611090613	0.4746590064779623	0.1
ID4	48	58	1.0016297593400156	0.14288571142885712	chr20	47895005.0	47895119.0	sense	0.33801754959639174	0.4710607509205314	0.1
Foxq1	41	52	1.0004102688501448	0.0740925907409259	chr20	47895005.0	47895119.0	antisense	0.31217343381940876	0.5056040584694653	0.1
Nr2f6	47	61	0.9997897460724481	0.09989001099890012	chr20	47895005.0	47895119.0	antisense	0.33522854611090613	0.4746590064779623	0.1
MZF1	53	59	0.9993617840032658	0.060193980601939805	chr20	47895005.0	47895119.0	antisense	0.2919689339477267	0.5346633558557898	0.1
Hmx2	44	61	0.9990396194810952	0.3571642835716428	chr20	47895005.0	47895119.0	antisense	0.4843515648435156	0.31483929280584805	0.1
Lhx3	44	57	0.9986010145493729	0.07699230076992301	chr20	47895005.0	47895119.0	sense	0.31217343381940876	0.5056040584694653	0.1
Hmx1	44	61	0.9968632153712015	0.43615638436156384	chr20	47895005.0	47895119.0	antisense	0.5313736232010602	0.27460000728844225	0.1
FOXD2	50	57	0.9963624191876477	0.10168983101689831	chr20	47895005.0	47895119.0	antisense	0.33522854611090613	0.4746590064779623	0.1
PAX5	41	60	0.9920238008931416	0.44415558444155584	chr20	47895005.0	47895119.0	antisense	0.537335077681043	0.2697548074006739	0.1
NFYB	49	64	0.9897424360883225	0.22857714228577142	chr20	47895005.0	47895119.0	sense	0.4035086287289638	0.3941471737812992	0.1
MEF2D	46	58	0.9870777871871664	0.03569643035696431	chr20	47895005.0	47895119.0	sense	0.28871056556316205	0.5395373225210198	0.1
FOXP1	47	62	0.9865528474700542	0.20267973202679732	chr20	47895005.0	47895119.0	sense	0.38251193062511923	0.4173550145656588	0.1
HOXC10	41	51	0.9771444488986091	0.16028397160283972	chr20	47895005.0	47895119.0	antisense	0.3480643567442419	0.45834044802239765	0.1
TBX4	47	55	0.9752746254179658	0.138986101389861	chr20	47895005.0	47895119.0	antisense	0.3370737692585882	0.47227504252350055	0.1
HESX1	48	58	0.9727650118141817	0.17998200179982002	chr20	47895005.0	47895119.0	antisense	0.36609062829125644	0.4364113886641907	0.1
NKX6-2	48	56	0.9726981054044542	0.2957704229577042	chr20	47895005.0	47895119.0	antisense	0.4471978889067616	0.34950025529674106	0.1
HEY2	46	56	0.9715384865440427	0.1566843315668433	chr20	47895005.0	47895119.0	antisense	0.3452324259099514	0.46188841998927765	0.1
NFIC	53	59	0.9695016905189497	0.145985401459854	chr20	47895005.0	47895119.0	antisense	0.33868192128155605	0.4702079852189987	0.1
E2F4	51	62	0.9684736554255319	0.09719028097190281	chr20	47895005.0	47895119.0	antisense	0.33522854611090613	0.4746590064779623	0.1
MSX1	49	57	0.9614228154046076	0.21157884211578842	chr20	47895005.0	47895119.0	sense	0.38875586125597966	0.41032305007587233	0.1
JUN	43	56	0.9613873784867495	0.14658534146585342	chr20	47895005.0	47895119.0	antisense	0.33868192128155605	0.4702079852189987	0.1
TCF3	48	58	0.9580581548419757	0.16298370162983702	chr20	47895005.0	47895119.0	sense	0.3509897972858316	0.4547055075993154	0.1
CREB3L1	44	58	0.9569710845315211	0.15658434156584342	chr20	47895005.0	47895119.0	antisense	0.3452324259099514	0.46188841998927765	0.1
T	41	57	0.956532195903468	0.15478452154784522	chr20	47895005.0	47895119.0	antisense	0.3452324259099514	0.46188841998927765	0.1
PITX3	47	56	0.9552455266964258	0.2685731426857314	chr20	47895005.0	47895119.0	sense	0.42813218678132187	0.3684221208784797	0.1
SRY	45	54	0.9520605539492436	0.23097690230976903	chr20	47895005.0	47895119.0	sense	0.40570744250078306	0.3917870253068284	0.1
Stat6	49	64	0.9484698904689154	0.27547245275472454	chr20	47895005.0	47895119.0	sense	0.42898674204435844	0.3675561296007061	0.1
CENPB	39	54	0.9474580759908504	0.3254674532546745	chr20	47895005.0	47895119.0	sense	0.4611143790253127	0.3361913348745372	0.1
GSC	42	52	0.945968834498827	0.3073692630736926	chr20	47895005.0	47895119.0	antisense	0.4498522057906569	0.34693014567415054	0.1
TAL1::TCF3	44	56	0.944663478893681	0.1486851314868513	chr20	47895005.0	47895119.0	sense	0.33868192128155605	0.4702079852189987	0.1
Mecom	43	57	0.9444434002907977	0.10738926107389261	chr20	47895005.0	47895119.0	sense	0.33522854611090613	0.4746590064779623	0.1
HOXA5	45	53	0.9444017747015002	0.1616838316168383	chr20	47895005.0	47895119.0	sense	0.34964128587141285	0.4563772912336097	0.1
HOXC11	50	61	0.9443968550199139	0.15848415158484153	chr20	47895005.0	47895119.0	antisense	0.3470602306857922	0.45959514888473835	0.1
MYBL1	49	61	0.939774895267418	0.13258674132586742	chr20	47895005.0	47895119.0	sense	0.3364635367449171	0.47306199428851126	0.1
ZBTB33	41	56	0.9392034894828837	0.2990700929907009	chr20	47895005.0	47895119.0	sense	0.4485087514303325	0.3482290784597514	0.1
TGIF2	47	59	0.9385017346263986	0.0744925507449255	chr20	47895005.0	47895119.0	sense	0.31217343381940876	0.5056040584694653	0.1
YY1	43	55	0.9365998469445215	0.18118188181181882	chr20	47895005.0	47895119.0	antisense	0.36609062829125644	0.4364113886641907	0.1
Atf3	45	53	0.9342521707197265	0.1055894410558944	chr20	47895005.0	47895119.0	sense	0.33522854611090613	0.4746590064779623	0.1
VSX2	47	55	0.9310795430934693	0.18538146185381463	chr20	47895005.0	47895119.0	sense	0.3690077557129783	0.4329645058519077	0.1
BHLHE23	47	59	0.9275911600616337	0.11958804119588042	chr20	47895005.0	47895119.0	antisense	0.3364635367449171	0.47306199428851126	0.1
NFIA	51	61	0.9275452662757135	0.15148485151484853	chr20	47895005.0	47895119.0	antisense	0.3418288605922017	0.4661912726076738	0.1
Hoxa9	46	57	0.9204908885915106	0.14228577142285773	chr20	47895005.0	47895119.0	sense	0.33801754959639174	0.4710607509205314	0.1
Nfe2l2	47	62	0.9190779390706855	0.254974502549745	chr20	47895005.0	47895119.0	sense	0.4169479603763761	0.37991814630134196	0.1
HOXD12	41	52	0.918847135347788	0.1294870512948705	chr20	47895005.0	47895119.0	antisense	0.3364635367449171	0.47306199428851126	0.1
MEOX1	46	56	0.911755730811054	0.30856914308569144	chr20	47895005.0	47895119.0	sense	0.4498522057906569	0.34693014567415054	0.1
SRF	44	60	0.9115398306393443	0.12658734126587343	chr20	47895005.0	47895119.0	antisense	0.3364635367449171	0.47306199428851126	0.1
E2F8	52	64	0.9072730564188636	0.047495250474952504	chr20	47895005.0	47895119.0	sense	0.28928596502051923	0.5386726360443769	0.1
FOXD1	49	57	0.9060770746831365	0.10538946105389461	chr20	47895005.0	47895119.0	antisense	0.33522854611090613	0.4746590064779623	0.1
Pitx1	43	51	0.9018039743011945	0.27387261273872615	chr20	47895005.0	47895119.0	antisense	0.42813218678132187	0.3684221208784797	0.1
EMX2	46	56	0.9017493003442727	0.25907409259074093	chr20	47895005.0	47895119.0	antisense	0.420185793920608	0.3765586347624859	0.1
FOXP3	50	57	0.8990585855154036	0.1705829417058294	chr20	47895005.0	47895119.0	antisense	0.3561776352485233	0.44833335380340433	0.1
Creb5	42	54	0.892901930975697	0.11138886111388861	chr20	47895005.0	47895119.0	antisense	0.33522854611090613	0.4746590064779623	0.1
NR2C2	47	62	0.8858096466227514	0.19858014198580143	chr20	47895005.0	47895119.0	antisense	0.3775204897092708	0.4230594723097985	0.1
MEIS1	53	60	0.8851927214265901	0.24857514248575144	chr20	47895005.0	47895119.0	sense	0.41233991616812754	0.38474462170491736	0.1
HEY1	48	58	0.8829584986375867	0.1862813718628137	chr20	47895005.0	47895119.0	sense	0.3690077557129783	0.4329645058519077	0.1
XBP1	45	59	0.8808156131423225	0.23607639236076391	chr20	47895005.0	47895119.0	antisense	0.40570744250078306	0.3917870253068284	0.1
MAFF	43	61	0.8788225368863267	0.613038696130387	chr20	47895005.0	47895119.0	antisense	0.6684182422093925	0.1749517060216637	0.1
CEBPG	51	61	0.8752212444457625	0.09219078092190781	chr20	47895005.0	47895119.0	sense	0.33522854611090613	0.4746590064779623	0.1
Hic1	53	62	0.8726029697757022	0.30596940305969406	chr20	47895005.0	47895119.0	sense	0.4498522057906569	0.34693014567415054	0.1
mix-a	46	57	0.8641058075630776	0.18788121187881213	chr20	47895005.0	47895119.0	antisense	0.36935738244357386	0.43255321619771026	0.1
POU3F4	52	61	0.8636219774705685	0.09709029097090291	chr20	47895005.0	47895119.0	antisense	0.33522854611090613	0.4746590064779623	0.1
HES5	47	59	0.8567584269337947	0.07539246075392461	chr20	47895005.0	47895119.0	sense	0.31217343381940876	0.5056040584694653	0.1
FOXF2	48	62	0.8561387239335118	0.2562743725627437	chr20	47895005.0	47895119.0	antisense	0.4169479603763761	0.37991814630134196	0.1
Myog	47	58	0.8551666939118464	0.1812818718128187	chr20	47895005.0	47895119.0	antisense	0.36609062829125644	0.4364113886641907	0.1
RREB1	39	59	0.852686873335227	0.07439256074392561	chr20	47895005.0	47895119.0	sense	0.31217343381940876	0.5056040584694653	0.1
TBX20	52	63	0.8521375161421859	0.1982801719828017	chr20	47895005.0	47895119.0	antisense	0.3775204897092708	0.4230594723097985	0.1
TP73	40	58	0.8490826366492182	0.3047695230476952	chr20	47895005.0	47895119.0	antisense	0.4498522057906569	0.34693014567415054	0.1
OLIG1	48	58	0.8472172657162197	0.1014898510148985	chr20	47895005.0	47895119.0	antisense	0.33522854611090613	0.4746590064779623	0.1
BARX1	47	55	0.8420780929306304	0.25237476252374763	chr20	47895005.0	47895119.0	antisense	0.41450158781590196	0.38247380147471194	0.1
Arntl	45	55	0.8372098241174458	0.32126787321267875	chr20	47895005.0	47895119.0	sense	0.46060228231320516	0.33667391441005246	0.1
RARA(var.2)	47	64	0.8369994887975999	0.10718928107189281	chr20	47895005.0	47895119.0	antisense	0.33522854611090613	0.4746590064779623	0.1
TFEC	46	56	0.8356198475769229	0.3083691630836916	chr20	47895005.0	47895119.0	sense	0.4498522057906569	0.34693014567415054	0.1
ZNF143	39	55	0.8350000171816009	0.11648835116488351	chr20	47895005.0	47895119.0	sense	0.3364635367449171	0.47306199428851126	0.1
EGR1	49	63	0.8341365631931472	0.2390760923907609	chr20	47895005.0	47895119.0	sense	0.40682128508460624	0.39059633265941596	0.1
DBP	45	57	0.8312978120082727	0.2323767623237676	chr20	47895005.0	47895119.0	sense	0.40570744250078306	0.3917870253068284	0.1
PAX4	47	55	0.8312441198997632	0.24247575242475752	chr20	47895005.0	47895119.0	antisense	0.4099182915584663	0.3873027019673088	0.1
RFX4	42	58	0.8304718823869857	0.36406359364063595	chr20	47895005.0	47895119.0	sense	0.48573009023005154	0.31360499182016877	0.1
Arx	47	64	0.8278341092753742	0.41345865413458655	chr20	47895005.0	47895119.0	sense	0.5181996223454578	0.2855029078560672	0.1
Arid3b	46	57	0.8195959027642477	0.35606439356064395	chr20	47895005.0	47895119.0	sense	0.4843515648435156	0.31483929280584805	0.1
Mycn	46	54	0.8193385929573157	0.10228977102289771	chr20	47895005.0	47895119.0	sense	0.33522854611090613	0.4746590064779623	0.1
Alx4	42	59	0.8188783619935904	0.4557544245575442	chr20	47895005.0	47895119.0	antisense	0.5437621755065872	0.26459100553868536	0.1
TBX21	53	63	0.8159226890754143	0.19318068193180682	chr20	47895005.0	47895119.0	antisense	0.37229721472297217	0.4291102128682813	0.1
Spz1	48	59	0.8119597951009657	0.30616938306169383	chr20	47895005.0	47895119.0	antisense	0.4498522057906569	0.34693014567415054	0.1
REST	43	64	0.809370839000166	0.22137786221377861	chr20	47895005.0	47895119.0	sense	0.3975609359479277	0.4005962956422487	0.1
SOX8	48	64	0.8081467280899173	0.0453954604539546	chr20	47895005.0	47895119.0	sense	0.28928596502051923	0.5386726360443769	0.1
LIN54	51	60	0.8071736173396368	0.16618338166183383	chr20	47895005.0	47895119.0	antisense	0.35542649816650984	0.44925019730025584	0.1
Crx	47	58	0.8061760403745515	0.23887611238876114	chr20	47895005.0	47895119.0	antisense	0.40682128508460624	0.39059633265941596	0.1
HSF2	49	62	0.8058497407852215	0.17628237176282371	chr20	47895005.0	47895119.0	antisense	0.3630577418448631	0.4400242979106269	0.1
GATA5	49	57	0.8049722639164287	0.3551644835516448	chr20	47895005.0	47895119.0	antisense	0.4843515648435156	0.31483929280584805	0.1
EN1	47	55	0.7969129990040335	0.27207279272072793	chr20	47895005.0	47895119.0	antisense	0.42813218678132187	0.3684221208784797	0.1
MYF6	45	55	0.796596406441135	0.14458554144585542	chr20	47895005.0	47895119.0	sense	0.33801754959639174	0.4710607509205314	0.1
MEIS3	50	58	0.7960864121491551	0.34156584341565843	chr20	47895005.0	47895119.0	antisense	0.47399110356344043	0.32422980961191755	0.1
Foxo1	41	52	0.7942153367795715	0.24727527247275272	chr20	47895005.0	47895119.0	antisense	0.41233991616812754	0.38474462170491736	0.1
ZNF354C	45	51	0.7900386643430339	0.143985601439856	chr20	47895005.0	47895119.0	sense	0.33801754959639174	0.4710607509205314	0.1
PDX1	47	55	0.7890154140203612	0.21177882211778823	chr20	47895005.0	47895119.0	antisense	0.38875586125597966	0.41032305007587233	0.1
GATA2	42	56	0.7887129909514471	0.391960803919608	chr20	47895005.0	47895119.0	antisense	0.5043045200430452	0.29730713927502245	0.1
Klf1	45	56	0.7869327276315996	0.21347865213478653	chr20	47895005.0	47895119.0	sense	0.38875586125597966	0.41032305007587233	0.1
SOX10	46	52	0.7866809697044361	0.18788121187881213	chr20	47895005.0	47895119.0	antisense	0.36935738244357386	0.43255321619771026	0.1
KLF14	45	59	0.785376982993443	0.22577742225777422	chr20	47895005.0	47895119.0	sense	0.4035086287289638	0.3941471737812992	0.1
ATF4	45	58	0.7824982058661987	0.23707629237076291	chr20	47895005.0	47895119.0	antisense	0.40608117406081173	0.39138714395252167	0.1
SPDEF	50	61	0.781328151839597	0.21347865213478653	chr20	47895005.0	47895119.0	antisense	0.38875586125597966	0.41032305007587233	0.1
Msx3	49	57	0.7802481994596381	0.21937806219378062	chr20	47895005.0	47895119.0	sense	0.3967150323295196	0.4015213429237049	0.1
STAT1::STAT2	48	63	0.778042918701213	0.24497550244975502	chr20	47895005.0	47895119.0	sense	0.41233991616812754	0.38474462170491736	0.1
FOXO4	45	52	0.7768652944876845	0.1314868513148685	chr20	47895005.0	47895119.0	sense	0.3364635367449171	0.47306199428851126	0.1
Foxj2	45	53	0.7765427684254859	0.134986501349865	chr20	47895005.0	47895119.0	sense	0.3364635367449171	0.47306199428851126	0.1
YY2	45	56	0.7764902121381645	0.41125887411258877	chr20	47895005.0	47895119.0	sense	0.5181996223454578	0.2855029078560672	0.1
MAFK	49	64	0.7751529014298861	0.5351464853514648	chr20	47895005.0	47895119.0	antisense	0.6064214539244764	0.21722544267250737	0.1
MSX2	49	57	0.773841765405361	0.23297670232976703	chr20	47895005.0	47895119.0	sense	0.40570744250078306	0.3917870253068284	0.1
Sox1	43	58	0.7634024524823783	0.15448455154484553	chr20	47895005.0	47895119.0	sense	0.3452324259099514	0.46188841998927765	0.1
BSX	49	57	0.760126078793245	0.33266673332666735	chr20	47895005.0	47895119.0	sense	0.46663252593659554	0.3310249926265773	0.1
Bach1::Mafk	48	63	0.7596134139566418	0.2626737326267373	chr20	47895005.0	47895119.0	sense	0.42337784855054866	0.37327186833816545	0.1
SP8	46	58	0.7591464767167451	0.35526447355264473	chr20	47895005.0	47895119.0	sense	0.4843515648435156	0.31483929280584805	0.1
Nobox	46	54	0.7532461734504261	0.27607239276072393	chr20	47895005.0	47895119.0	antisense	0.42898674204435844	0.3675561296007061	0.1
NR4A2	43	51	0.7418041472437025	0.2967703229677032	chr20	47895005.0	47895119.0	sense	0.4471978889067616	0.34950025529674106	0.1
ARNT::HIF1A	49	57	0.7408111597872626	0.2735726427357264	chr20	47895005.0	47895119.0	antisense	0.42813218678132187	0.3684221208784797	0.1
Foxa2	50	62	0.7395369692563722	0.33156684331566844	chr20	47895005.0	47895119.0	sense	0.46635011295618406	0.3312879137092292	0.1
ZBED1	41	54	0.739113863476248	0.15928407159284072	chr20	47895005.0	47895119.0	sense	0.34734635780119466	0.4592372506837853	0.1
Mafb	49	61	0.7373910358627451	0.5827417258274172	chr20	47895005.0	47895119.0	sense	0.653224526359459	0.18493751734840544	0.1
Rarg(var.2)	40	57	0.7331294369992146	0.12368763123687632	chr20	47895005.0	47895119.0	sense	0.3364635367449171	0.47306199428851126	0.1
TCF4	48	58	0.732986543011736	0.29727027297270275	chr20	47895005.0	47895119.0	sense	0.4471978889067616	0.34950025529674106	0.1
MAFG::NFE2L1	42	48	0.7235517073925152	0.26947305269473054	chr20	47895005.0	47895119.0	sense	0.42813218678132187	0.3684221208784797	0.1
Nkx2-5	50	57	0.723300360720156	0.28487151284871515	chr20	47895005.0	47895119.0	antisense	0.43742105079432886	0.3591003204665827	0.1
IRF7	49	63	0.7166311370904294	0.24867513248675133	chr20	47895005.0	47895119.0	antisense	0.41233991616812754	0.38474462170491736	0.1
Nr2e3	47	54	0.7166137427253849	0.14858514148585142	chr20	47895005.0	47895119.0	sense	0.33868192128155605	0.4702079852189987	0.1
Rxra	47	61	0.715019580255316	0.11628837116288371	chr20	47895005.0	47895119.0	antisense	0.3364635367449171	0.47306199428851126	0.1
RXRG	47	61	0.7125580642359443	0.12408759124087591	chr20	47895005.0	47895119.0	antisense	0.3364635367449171	0.47306199428851126	0.1
NR2F1	49	62	0.7114828755368056	0.47165283471652836	chr20	47895005.0	47895119.0	antisense	0.5563359573133596	0.25466286966889035	0.1
NKX6-1	43	51	0.7111738530581625	0.32896710328967105	chr20	47895005.0	47895119.0	sense	0.4639508875199437	0.3335279901519482	0.1
GCM1	52	63	0.7074560433843383	0.38576142385761425	chr20	47895005.0	47895119.0	antisense	0.5017798971982501	0.29948674180728735	0.1
OTX1	43	51	0.707292249862181	0.35876412358764126	chr20	47895005.0	47895119.0	antisense	0.4843515648435156	0.31483929280584805	0.1
IRF1	39	60	0.7068234174296628	0.42185781421857815	chr20	47895005.0	47895119.0	sense	0.5212957275701001	0.28291583444442425	0.1
RXRA::VDR	43	58	0.7029821204296982	0.19368063193680632	chr20	47895005.0	47895119.0	antisense	0.37229721472297217	0.4291102128682813	0.1
MEIS2	53	61	0.7029093208471192	0.29987001299870014	chr20	47895005.0	47895119.0	sense	0.4485087514303325	0.3482290784597514	0.1
LBX1	43	51	0.7028546471744658	0.29527047295270475	chr20	47895005.0	47895119.0	sense	0.4471978889067616	0.34950025529674106	0.1
RELA	47	57	0.7024880504711941	0.17398260173982602	chr20	47895005.0	47895119.0	sense	0.36118788121187884	0.4422668298178427	0.1
RXRB	47	61	0.7016660987525761	0.11848815118488151	chr20	47895005.0	47895119.0	antisense	0.3364635367449171	0.47306199428851126	0.1
RHOXF1	50	58	0.700239041733617	0.4453554644535546	chr20	47895005.0	47895119.0	sense	0.537533688491616	0.26959431230997194	0.1
OTX2	43	51	0.6974358789905756	0.39116088391160886	chr20	47895005.0	47895119.0	antisense	0.5043045200430452	0.29730713927502245	0.1
MTF1	39	53	0.6968879485138499	0.19488051194880512	chr20	47895005.0	47895119.0	sense	0.3732213494517707	0.4280335211851891	0.1
Tcf12	47	58	0.6968822173853906	0.31616838316168383	chr20	47895005.0	47895119.0	antisense	0.4545467890884042	0.3424214057378725	0.1
KLF16	48	59	0.6953263007764618	0.24677532246775322	chr20	47895005.0	47895119.0	sense	0.41233991616812754	0.38474462170491736	0.1
HSF1	48	61	0.6928006841143135	0.1924807519248075	chr20	47895005.0	47895119.0	antisense	0.37229721472297217	0.4291102128682813	0.1
ESRRB	45	56	0.689574421273271	0.2146785321467853	chr20	47895005.0	47895119.0	antisense	0.38957397966497054	0.4094100581211992	0.1
ATF7	41	55	0.6886617834890615	0.29417058294170584	chr20	47895005.0	47895119.0	antisense	0.4471978889067616	0.34950025529674106	0.1
MAFG	41	62	0.6866650943457333	0.7445255474452555	chr20	47895005.0	47895119.0	antisense	0.7736478352164784	0.11145668534660275	0.1
Gfi1b	44	55	0.6848962757661002	0.33936606339366066	chr20	47895005.0	47895119.0	sense	0.4722010372689273	0.32587306325543536	0.1
Nr5a2	45	60	0.6829559903193814	0.579042095790421	chr20	47895005.0	47895119.0	antisense	0.6518933789918189	0.18582342988467898	0.1
Myb	49	59	0.6796845744992471	0.27717228277172284	chr20	47895005.0	47895119.0	sense	0.42941019330902735	0.3671276505254809	0.1
MAF::NFE2	41	56	0.6791524284574509	0.41305869413058693	chr20	47895005.0	47895119.0	sense	0.5181996223454578	0.2855029078560672	0.1
Nr2e1	46	55	0.6756571511093055	0.37646235376462356	chr20	47895005.0	47895119.0	antisense	0.49215103678549027	0.30790159565480046	0.1
Ascl2	48	58	0.669717487100376	0.3260673932606739	chr20	47895005.0	47895119.0	sense	0.4611143790253127	0.3361913348745372	0.1
BHLHE40	46	56	0.6654576006202024	0.33806619338066196	chr20	47895005.0	47895119.0	sense	0.47165686657140743	0.3263738385445333	0.1
Crem	45	55	0.6625211274869304	0.37566243375662434	chr20	47895005.0	47895119.0	sense	0.49215103678549027	0.30790159565480046	0.1
HOXA13	46	56	0.6588064512848032	0.36776322367763226	chr20	47895005.0	47895119.0	antisense	0.4861516386432423	0.3132282460583218	0.1
Tcf21	46	60	0.6558439701916523	0.3057694230576942	chr20	47895005.0	47895119.0	antisense	0.4498522057906569	0.34693014567415054	0.1
Creb3l2	49	58	0.6558350844042858	0.251974802519748	chr20	47895005.0	47895119.0	antisense	0.41450158781590196	0.38247380147471194	0.1
Rarb(var.2)	40	57	0.6532551536133094	0.18948105189481051	chr20	47895005.0	47895119.0	sense	0.3710968525788931	0.4305127290611215	0.1
SMAD3	39	49	0.6490862152948137	0.20617938206179381	chr20	47895005.0	47895119.0	sense	0.3840959990022503	0.4155602167095826	0.1
Esrra	46	57	0.6490721569420281	0.2064793520647935	chr20	47895005.0	47895119.0	antisense	0.3840959990022503	0.4155602167095826	0.1
ZIC4	48	63	0.6485182809376088	0.5887411258874112	chr20	47895005.0	47895119.0	sense	0.6551581515622424	0.1836538510614879	0.1
HNF1A	42	57	0.6453733898545075	0.48105189481051897	chr20	47895005.0	47895119.0	sense	0.5623106608258093	0.25002368264046054	0.1
HINFP	47	59	0.645214424168866	0.5102489751024898	chr20	47895005.0	47895119.0	sense	0.5833022424629785	0.23410635395327722	0.1
MSC	46	56	0.6427786489044125	0.3241675832416758	chr20	47895005.0	47895119.0	sense	0.4611143790253127	0.3361913348745372	0.1
SREBF2	43	53	0.6401416453629157	0.3233676632336766	chr20	47895005.0	47895119.0	antisense	0.4611143790253127	0.3361913348745372	0.1
RORA	43	53	0.6366919798216116	0.36906309369063095	chr20	47895005.0	47895119.0	antisense	0.4861516386432423	0.3132282460583218	0.1
RFX3	42	58	0.634908112839286	0.5025497450254974	chr20	47895005.0	47895119.0	sense	0.5788975426182437	0.23739829398061724	0.1
JDP2(var.2)	42	54	0.6301441380772141	0.2806719328067193	chr20	47895005.0	47895119.0	antisense	0.4322514336103481	0.3642635576653043	0.1
Mlxip	49	57	0.6294955231824791	0.25137486251374863	chr20	47895005.0	47895119.0	antisense	0.41450158781590196	0.38247380147471194	0.1
Arid3a	46	52	0.6243241959861222	0.20427957204279573	chr20	47895005.0	47895119.0	sense	0.38274764581303605	0.41708747186040573	0.1
FOXL1	50	57	0.6208427585907685	0.24737526247375263	chr20	47895005.0	47895119.0	antisense	0.41233991616812754	0.38474462170491736	0.1
SOX4	43	59	0.6199952784253675	0.1161883811618838	chr20	47895005.0	47895119.0	antisense	0.3364635367449171	0.47306199428851126	0.1
FOXI1	50	57	0.6158893948768552	0.22667733226677333	chr20	47895005.0	47895119.0	antisense	0.4035086287289638	0.3941471737812992	0.1
Sox11	48	63	0.6121536885615437	0.11188881111888811	chr20	47895005.0	47895119.0	sense	0.33522854611090613	0.4746590064779623	0.1
ZIC3	48	63	0.6111876776138622	0.39576042395760425	chr20	47895005.0	47895119.0	sense	0.5059104926945729	0.2959263131352215	0.1
HES7	47	59	0.6079694380405362	0.18618138186181382	chr20	47895005.0	47895119.0	sense	0.3690077557129783	0.4329645058519077	0.1
MLXIPL	46	56	0.6076307018209367	0.44175582441755823	chr20	47895005.0	47895119.0	antisense	0.5356805440951232	0.2710941269061607	0.1
CREB1	47	55	0.606899138690669	0.4674532546745325	chr20	47895005.0	47895119.0	sense	0.5526383580320783	0.25755897446198966	0.1
FOSL1	50	61	0.6052649008770618	0.3604639536046395	chr20	47895005.0	47895119.0	antisense	0.4843515648435156	0.31483929280584805	0.1
MGA	54	62	0.6048283499966145	0.36836316368363164	chr20	47895005.0	47895119.0	antisense	0.4861516386432423	0.3132282460583218	0.1
Tcf7	49	61	0.6022471026474934	0.3066693330666933	chr20	47895005.0	47895119.0	sense	0.4498522057906569	0.34693014567415054	0.1
ZNF410	41	58	0.6007355813125081	0.21327867213278673	chr20	47895005.0	47895119.0	sense	0.38875586125597966	0.41032305007587233	0.1
Atf1	46	54	0.6005376362771437	0.41445855414458554	chr20	47895005.0	47895119.0	sense	0.5181996223454578	0.2855029078560672	0.1
SP2	44	59	0.5997822983620262	0.49205079492050796	chr20	47895005.0	47895119.0	sense	0.5713062622309197	0.2431310155028548	0.1
POU4F2	43	59	0.5994693723631114	0.3073692630736926	chr20	47895005.0	47895119.0	antisense	0.4498522057906569	0.34693014567415054	0.1
TFAP2C	52	64	0.5992893133423842	0.6822317768223177	chr20	47895005.0	47895119.0	antisense	0.7255702708417683	0.13932052015120924	0.1
HNF1B	44	57	0.5964010701715919	0.42825717428257176	chr20	47895005.0	47895119.0	antisense	0.5254502918502476	0.2794683624068778	0.1
PBX1	49	61	0.5960318437987878	0.46315368463153683	chr20	47895005.0	47895119.0	sense	0.5500612410154865	0.25958895567944695	0.1
Rfx1	43	57	0.5927760893399292	0.6701329867013298	chr20	47895005.0	47895119.0	antisense	0.715635843823025	0.14530791519144554	0.1
POU6F2	46	56	0.5863410096357978	0.5084491550844915	chr20	47895005.0	47895119.0	sense	0.5832151884149334	0.23417117440389845	0.1
NHLH1	48	58	0.5829128034072162	0.4931506849315068	chr20	47895005.0	47895119.0	sense	0.5713062622309197	0.2431310155028548	0.1
EGR4	41	57	0.5807037838351754	0.7086291370862914	chr20	47895005.0	47895119.0	sense	0.7475173214385878	0.12637873943424857	0.1
E2F1	40	52	0.5789500472250955	0.6567343265673433	chr20	47895005.0	47895119.0	sense	0.7027734339968066	0.15318466391928406	0.1
HOXD13	50	60	0.5771242245410807	0.41405859414058593	chr20	47895005.0	47895119.0	antisense	0.5181996223454578	0.2855029078560672	0.1
HOXB13	44	54	0.5669491006994627	0.4340565943405659	chr20	47895005.0	47895119.0	sense	0.5307923325314527	0.2750753592878793	0.1
BATF::JUN	48	59	0.5620593292263768	0.47785221477852213	chr20	47895005.0	47895119.0	sense	0.5604170959879181	0.25148862467111993	0.1
FOXO6	50	57	0.5603601670801247	0.26687331266873315	chr20	47895005.0	47895119.0	antisense	0.4274915101082485	0.3690725058475092	0.1
TFAP2A	53	64	0.5586073907042908	0.6353364663533647	chr20	47895005.0	47895119.0	antisense	0.6876062393760625	0.16266019115557812	0.1
Sox3	50	60	0.5513528392941596	0.3427657234276572	chr20	47895005.0	47895119.0	sense	0.47438776122387755	0.3238665239049632	0.1
FOXP2	39	50	0.5478143241068844	0.3925607439256074	chr20	47895005.0	47895119.0	antisense	0.5043045200430452	0.29730713927502245	0.1
RFX2	42	58	0.5459917315991809	0.40845915408459155	chr20	47895005.0	47895119.0	antisense	0.5181996223454578	0.2855029078560672	0.1
PROX1	45	57	0.5449364549725979	0.38306169383061695	chr20	47895005.0	47895119.0	sense	0.4995201484876638	0.30144698951901494	0.1
TFAP2A(var.2)	52	64	0.5446359084341721	0.706929307069293	chr20	47895005.0	47895119.0	sense	0.7472429946414727	0.1265381477544739	0.1
TBX1	54	62	0.541640234978218	0.3531646835316468	chr20	47895005.0	47895119.0	antisense	0.4843515648435156	0.31483929280584805	0.1
FOXO3	49	57	0.540199270592006	0.2722727727227277	chr20	47895005.0	47895119.0	antisense	0.42813218678132187	0.3684221208784797	0.1
FOXG1	42	50	0.5367005134201407	0.2626737326267373	chr20	47895005.0	47895119.0	sense	0.42337784855054866	0.37327186833816545	0.1
SPI1	50	64	0.534270451739259	0.2735726427357264	chr20	47895005.0	47895119.0	antisense	0.42813218678132187	0.3684221208784797	0.1
JUND	50	61	0.5283494092199266	0.46425357464253575	chr20	47895005.0	47895119.0	antisense	0.5501086877613608	0.25955149626633034	0.1
SREBF1	41	51	0.52423900534285	0.416958304169583	chr20	47895005.0	47895119.0	sense	0.5184515041318835	0.2852918612092343	0.1
Nkx2-5(var.2)	42	53	0.5241727526536578	0.6322367763223677	chr20	47895005.0	47895119.0	sense	0.6864662906094328	0.16338078422730543	0.1
MYBL2	48	63	0.5207242996902768	0.6558344165583442	chr20	47895005.0	47895119.0	sense	0.7027734339968066	0.15318466391928406	0.1
ONECUT1	40	54	0.5200192802588006	0.5293470652934706	chr20	47895005.0	47895119.0	sense	0.6024805414195422	0.22005697512751038	0.1
FOS	50	61	0.5186024205473014	0.5442455754424558	chr20	47895005.0	47895119.0	antisense	0.6153887879185939	0.21085042064859222	0.1
NR1H2::RXRA	45	62	0.5165453949511066	0.23157684231576842	chr20	47895005.0	47895119.0	antisense	0.40570744250078306	0.3917870253068284	0.1
Klf12	39	54	0.5162560770136011	0.48895110488951105	chr20	47895005.0	47895119.0	sense	0.5689812184700812	0.24490206901692646	0.1
ONECUT2	40	54	0.5157423648989451	0.5856414358564144	chr20	47895005.0	47895119.0	sense	0.6536514090526431	0.18465379829039874	0.1
NFE2	50	61	0.5128458696707043	0.35696430356964304	chr20	47895005.0	47895119.0	sense	0.4843515648435156	0.31483929280584805	0.1
PKNOX2	47	59	0.5112462828655925	0.23587641235876414	chr20	47895005.0	47895119.0	sense	0.40570744250078306	0.3917870253068284	0.1
ISX	49	57	0.5110219658248153	0.42805719428057193	chr20	47895005.0	47895119.0	sense	0.5254502918502476	0.2794683624068778	0.1
KLF5	49	59	0.5061289116157495	0.39036096390360964	chr20	47895005.0	47895119.0	sense	0.5043045200430452	0.29730713927502245	0.1
CDX2	53	64	0.5059059391680476	0.47835216478352166	chr20	47895005.0	47895119.0	sense	0.5604170959879181	0.25148862467111993	0.1
PKNOX1	47	59	0.5051801589316001	0.23557644235576441	chr20	47895005.0	47895119.0	sense	0.40570744250078306	0.3917870253068284	0.1
FOS::JUN	52	59	0.5022049519453404	0.611038896110389	chr20	47895005.0	47895119.0	sense	0.6684182422093925	0.1749517060216637	0.1
TGIF1	47	59	0.493852115019659	0.24087591240875914	chr20	47895005.0	47895119.0	sense	0.4085444396736797	0.3887606959116414	0.1
EGR2	43	54	0.4898918684988623	0.47785221477852213	chr20	47895005.0	47895119.0	sense	0.5604170959879181	0.25148862467111993	0.1
ZNF740	41	51	0.4826515979368631	0.35926407359264073	chr20	47895005.0	47895119.0	sense	0.4843515648435156	0.31483929280584805	0.1
TFAP2C(var.2)	53	64	0.48151905140419904	0.722027797220278	chr20	47895005.0	47895119.0	antisense	0.7555089249139602	0.12176040092390988	0.1
Sox6	43	53	0.4782960197097889	0.45525447455254475	chr20	47895005.0	47895119.0	antisense	0.5437621755065872	0.26459100553868536	0.1
FOSL2	49	60	0.47813941381856323	0.5821417858214178	chr20	47895005.0	47895119.0	sense	0.653224526359459	0.18493751734840544	0.1
ZEB1	47	56	0.47782664198270786	0.48685131486851313	chr20	47895005.0	47895119.0	sense	0.5678108593635018	0.24579630586344212	0.1
VENTX	42	51	0.47549502555680817	0.6471352864713529	chr20	47895005.0	47895119.0	sense	0.6968116466361662	0.15688459906303853	0.1
Klf4	49	59	0.4734353208184958	0.45315468453154684	chr20	47895005.0	47895119.0	antisense	0.5433973923623804	0.2648824499912717	0.1
Arnt	48	54	0.47217578078885114	0.36646335366463356	chr20	47895005.0	47895119.0	antisense	0.4861516386432423	0.3132282460583218	0.1
MLX	46	56	0.47155304840791623	0.5090490950904909	chr20	47895005.0	47895119.0	sense	0.5832151884149334	0.23417117440389845	0.1
Sox2	50	58	0.47073604208064884	0.34526547345265474	chr20	47895005.0	47895119.0	sense	0.47657654447321224	0.32186733600661166	0.1
JUNB	49	60	0.46976817857663644	0.623037696230377	chr20	47895005.0	47895119.0	sense	0.6778963613072655	0.1688366972137572	0.1
ONECUT3	40	54	0.4695616983312375	0.49745025497450257	chr20	47895005.0	47895119.0	sense	0.5750037468413516	0.2403293253499837	0.1
Lhx8	47	55	0.4671655717730767	0.679032096790321	chr20	47895005.0	47895119.0	sense	0.7236502222467691	0.14047130017629375	0.1
KLF13	44	62	0.46611532331557826	0.5185481451854814	chr20	47895005.0	47895119.0	sense	0.5914867853873953	0.22805495365218456	0.1
E2F3	39	57	0.4623610790088919	0.42325767423257676	chr20	47895005.0	47895119.0	antisense	0.5217832136026302	0.28250989679006283	0.1
Rarg	42	58	0.46209806138099085	0.3113688631136886	chr20	47895005.0	47895119.0	sense	0.45057416263944633	0.34623371572988415	0.1
SP1	53	64	0.46112589902221346	0.4517548245175482	chr20	47895005.0	47895119.0	sense	0.5433973923623804	0.2648824499912717	0.1
ZIC1	48	62	0.4597735947529291	0.45335466453354667	chr20	47895005.0	47895119.0	sense	0.5433973923623804	0.2648824499912717	0.1
Gata4	45	56	0.4587816201487933	0.5915408459154085	chr20	47895005.0	47895119.0	sense	0.6551581515622424	0.1836538510614879	0.1
CUX2	40	50	0.4575464820358183	0.7113288671132887	chr20	47895005.0	47895119.0	antisense	0.7486929444707351	0.12569625955509808	0.1
CUX1	40	50	0.4536064522472517	0.694930506949305	chr20	47895005.0	47895119.0	antisense	0.7375642803817777	0.13220012396191122	0.1
TBX15	54	62	0.4527735142502478	0.4216578342165783	chr20	47895005.0	47895119.0	antisense	0.5212957275701001	0.28291583444442425	0.1
NFYA	46	64	0.4521592029670464	0.823917608239176	chr20	47895005.0	47895119.0	antisense	0.8430612734404359	0.07414085983550008	0.1
LEF1	49	64	0.4518686179228162	0.5914408559144085	chr20	47895005.0	47895119.0	sense	0.6551581515622424	0.1836538510614879	0.1
TFAP2B	52	64	0.4476132032668681	0.8052194780521947	chr20	47895005.0	47895119.0	sense	0.8275423942754239	0.08220974845463916	0.1
Gata1	44	55	0.4423163565677283	0.6005399460053995	chr20	47895005.0	47895119.0	sense	0.6603394745271236	0.18023274019953028	0.1
JDP2	51	60	0.44164803305010975	0.3972602739726027	chr20	47895005.0	47895119.0	sense	0.50658005452526	0.29535191359826196	0.1
TFAP2B(var.2)	53	64	0.43904118835976114	0.7310268973102689	chr20	47895005.0	47895119.0	antisense	0.7633862368290334	0.11725567425735019	0.1
RFX5	42	58	0.4294284603703953	0.5593440655934406	chr20	47895005.0	47895119.0	antisense	0.6310860218325993	0.19991143907447048	0.1
Pax6	41	55	0.42345957909481036	0.9018098190180982	chr20	47895005.0	47895119.0	sense	0.9105822880746944	0.04068080149788698	0.1
BATF3	41	55	0.4163618556808708	0.3945605439456054	chr20	47895005.0	47895119.0	sense	0.5056220303895536	0.29617401172690105	0.1
GLIS3	50	64	0.41253589451576467	0.41535846415358463	chr20	47895005.0	47895119.0	sense	0.5181996223454578	0.2855029078560672	0.1
E2F2	40	56	0.40994983588762995	0.40045995400459955	chr20	47895005.0	47895119.0	sense	0.5094086179617332	0.2929337120980283	0.1
Hnf4a	44	60	0.40981072961433324	0.5030496950304969	chr20	47895005.0	47895119.0	antisense	0.5788975426182437	0.23739829398061724	0.1
Zfx	42	56	0.40078143649864234	0.841915808419158	chr20	47895005.0	47895119.0	antisense	0.855096486437462	0.06798487806346805	0.1
Id2	49	57	0.3961741435484317	0.5920407959204079	chr20	47895005.0	47895119.0	antisense	0.6551581515622424	0.1836538510614879	0.1
Rarb	41	57	0.3956199102225035	0.3371662833716628	chr20	47895005.0	47895119.0	sense	0.47165686657140743	0.3263738385445333	0.1
PAX3	40	50	0.3955870636143131	0.46295370462953706	chr20	47895005.0	47895119.0	sense	0.5500612410154865	0.25958895567944695	0.1
Nr2f6(var.2)	42	57	0.3949014935110559	0.36096390360963904	chr20	47895005.0	47895119.0	sense	0.4843515648435156	0.31483929280584805	0.1
PAX7	40	50	0.3933082940197355	0.4373562643735626	chr20	47895005.0	47895119.0	sense	0.5315875906554542	0.2744251657518105	0.1
E2F7	50	64	0.39088259382839435	0.31456854314568544	chr20	47895005.0	47895119.0	sense	0.45350298303502984	0.34341985190842406	0.1
INSM1	47	59	0.3899290216396055	0.6374362563743625	chr20	47895005.0	47895119.0	antisense	0.6877950458592393	0.16254095669624388	0.1
Vdr	43	59	0.38796890917737636	0.6077392260773923	chr20	47895005.0	47895119.0	antisense	0.666842829459126	0.17597651442229229	0.1
Znf423	42	57	0.3761380305420354	0.5338466153384661	chr20	47895005.0	47895119.0	sense	0.6062721955375577	0.21733234864034626	0.1
GLIS2	48	62	0.3665541553584026	0.6553344665533447	chr20	47895005.0	47895119.0	sense	0.7027734339968066	0.15318466391928406	0.1
TFAP4	48	58	0.35665497136110297	0.7394260573942606	chr20	47895005.0	47895119.0	sense	0.7706066742723319	0.11316723385521106	0.1
TP53	45	63	0.35502336076409025	0.82991700829917	chr20	47895005.0	47895119.0	antisense	0.8445626025632731	0.07336815315026728	0.1
GLIS1	47	63	0.3452095574789081	0.37396260373962603	chr20	47895005.0	47895119.0	sense	0.4913584590907997	0.30860156285438495	0.1
NRF1	53	64	0.3447943667053558	0.7453254674532547	chr20	47895005.0	47895119.0	antisense	0.7736478352164784	0.11145668534660275	0.1
Srebf1(var.2)	46	56	0.34407878758532995	0.7126287371262874	chr20	47895005.0	47895119.0	sense	0.7486929444707351	0.12569625955509808	0.1
RARA	42	60	0.34205907705781935	0.41145885411458855	chr20	47895005.0	47895119.0	sense	0.5181996223454578	0.2855029078560672	0.1
SP4	43	60	0.33895132980416065	0.5953404659534046	chr20	47895005.0	47895119.0	sense	0.6574078762336532	0.18216509705341635	0.1
PAX1	46	63	0.3385100748711269	0.8193180681931806	chr20	47895005.0	47895119.0	antisense	0.8403677418819383	0.07553062665108042	0.1
ESR1	42	59	0.31983963097277396	0.720927907209279	chr20	47895005.0	47895119.0	sense	0.7555089249139602	0.12176040092390988	0.1
BCL6B	41	58	0.3152997268589691	0.3611638836116388	chr20	47895005.0	47895119.0	sense	0.4843515648435156	0.31483929280584805	0.1
Ahr::Arnt	55	61	0.2945619040824068	0.7522247775222478	chr20	47895005.0	47895119.0	antisense	0.7792508174332268	0.10832273347646292	0.1
EGR3	41	56	0.29367126285409045	0.6967303269673033	chr20	47895005.0	47895119.0	sense	0.7379653871347559	0.13196400745731168	0.1
PLAG1	45	59	0.29218306921174897	0.6359364063593641	chr20	47895005.0	47895119.0	antisense	0.6876062393760625	0.16266019115557812	0.1
GATA3	41	49	0.2898520084962967	0.613038696130387	chr20	47895005.0	47895119.0	antisense	0.6684182422093925	0.1749517060216637	0.1
PAX9	46	63	0.28627448610030387	0.7896210378962104	chr20	47895005.0	47895119.0	antisense	0.8147382080877399	0.08898191647126916	0.1
NFKB2	40	53	0.27984982849085743	0.7918208179182081	chr20	47895005.0	47895119.0	antisense	0.8153869136895834	0.08863626290840029	0.1
IRF8	40	54	0.2651571759521624	0.5968403159684031	chr20	47895005.0	47895119.0	sense	0.6576648067677309	0.18199539766562667	0.1
Dux	49	57	0.2485741764492772	0.8252174782521747	chr20	47895005.0	47895119.0	sense	0.8430612734404359	0.07414085983550008	0.1
TP63	45	63	0.22247450008834638	0.7817218278172183	chr20	47895005.0	47895119.0	sense	0.8081944793568452	0.09248412047719583	0.1
IRF9	39	54	0.22089944886858245	0.5845415458454155	chr20	47895005.0	47895119.0	sense	0.6536514090526431	0.18465379829039874	0.1
NFIC::TLX1	45	59	0.20674054525875282	0.8978102189781022	chr20	47895005.0	47895119.0	sense	0.9083109232936356	0.04176546298036723	0.1
TFAP2A(var.3)	44	57	0.2022717802847565	0.9584041595840416	chr20	47895005.0	47895119.0	antisense	0.965848075386636	0.015091181255514478	0.1
SREBF2(var.2)	46	56	0.1947402784190257	0.8862113788621138	chr20	47895005.0	47895119.0	sense	0.8983275500574942	0.0465652810999131	0.1
EBF1	40	54	0.1475892035438431	0.9751024897510249	chr20	47895005.0	47895119.0	sense	0.9788746463844912	0.009272919912021798	0.1
NFKB1	40	53	0.14614912010141634	0.8268173182681732	chr20	47895005.0	47895119.0	sense	0.8430612734404359	0.07414085983550008	0.1
EWSR1-FLI1	42	60	0.12881671482660254	0.3892610738926107	chr20	47895005.0	47895119.0	antisense	0.5043045200430452	0.29730713927502245	0.1
BHLHE41	53	63	0.12235196435735776	0.9672032796720328	chr20	47895005.0	47895119.0	antisense	0.972826554553847	0.01196458328227103	0.1
TFAP2B(var.3)	44	57	0.0400505023263736	0.9921007899210079	chr20	47895005.0	47895119.0	antisense	0.9940160424112029	0.00260660647347107	0.1
TFAP2C(var.3)	44	57	0.021768534664373427	0.9954004599540046	chr20	47895005.0	47895119.0	antisense	0.9954004599540046	0.002002162913434308	0.1
