motif	start	end	score	pval	tile_chr	tile_start	tile_end	strand	padj	neg_log_pval	fdr_cutoff
Hes1	81	91	2.530329479444387	0.0066993300669933005	chr13	50656285.0	50656399.0	antisense	0.4812064248120643	0.3176685828247122	0.15
Tcfl5	81	91	2.204836454292042	0.009499050094990502	chr13	50656285.0	50656399.0	sense	0.4812064248120643	0.3176685828247122	0.15
Hes2	82	95	2.0268770276935126	0.0164983501649835	chr13	50656285.0	50656399.0	antisense	0.6116174096876027	0.21352016089273654	0.15
EGR4	78	94	1.8427011881785604	0.007099290070992901	chr13	50656285.0	50656399.0	antisense	0.4812064248120643	0.3176685828247122	0.15
NRF1	82	93	1.7296575294102228	0.0008999100089991	chr13	50656285.0	50656399.0	sense	0.28542145785421463	0.5445133799341609	0.15
GCM2	85	95	1.6081331969719124	0.004299570042995701	chr13	50656285.0	50656399.0	sense	0.44629537046295376	0.35037761818483704	0.15
EGR2	81	92	1.554244332353482	0.0010998900109989002	chr13	50656285.0	50656399.0	antisense	0.28542145785421463	0.5445133799341609	0.15
Pax6	81	95	1.5471344939912095	0.011198880111988802	chr13	50656285.0	50656399.0	antisense	0.4843515648435157	0.314839292805848	0.15
Gmeb1	75	92	1.5103632478648397	0.3645635436456354	chr13	50656285.0	50656399.0	antisense	0.7857166090619854	0.10473406631834829	0.15
EGR3	79	94	1.4498816326379529	0.0037996200379962005	chr13	50656285.0	50656399.0	antisense	0.44629537046295376	0.35037761818483704	0.15
EGR1	81	95	1.444528031676015	0.0096990300969903	chr13	50656285.0	50656399.0	antisense	0.4812064248120643	0.3176685828247122	0.15
MAFG	74	95	1.4422830705441472	0.09119088091190881	chr13	50656285.0	50656399.0	sense	0.7857166090619854	0.10473406631834829	0.15
SP3	84	95	1.3728886934466427	0.0226977302269773	chr13	50656285.0	50656399.0	antisense	0.6305219478052195	0.2002997914940738	0.15
Ahr::Arnt	87	93	1.3080801625390914	0.0017998200179982	chr13	50656285.0	50656399.0	sense	0.3113688631136886	0.5067248190447612	0.15
Pparg::Rxra	66	81	1.2872510564721749	0.13738626137386262	chr13	50656285.0	50656399.0	antisense	0.7857166090619854	0.10473406631834829	0.15
MAFF	68	86	1.280124908063054	0.1541845815418458	chr13	50656285.0	50656399.0	antisense	0.7857166090619854	0.10473406631834829	0.15
NKX2-8	69	78	1.2683237903588955	0.024297570242975703	chr13	50656285.0	50656399.0	sense	0.6305219478052195	0.2002997914940738	0.15
SP8	83	95	1.2578270330605985	0.032396760323967606	chr13	50656285.0	50656399.0	antisense	0.6458020864580208	0.1899005561975481	0.15
Hmx3	73	90	1.2225043178828188	0.16648335166483352	chr13	50656285.0	50656399.0	antisense	0.7857166090619854	0.10473406631834829	0.15
KLF16	84	95	1.2061645736751685	0.013398660133986601	chr13	50656285.0	50656399.0	antisense	0.5349157391953112	0.27171462337043395	0.15
ARNT::HIF1A	82	90	1.1972560521488846	0.010198980101989802	chr13	50656285.0	50656399.0	sense	0.4812064248120643	0.3176685828247122	0.15
SCRT2	66	79	1.1958290594497287	0.008599140085991401	chr13	50656285.0	50656399.0	antisense	0.4812064248120643	0.3176685828247122	0.15
ATF4	71	84	1.18400670314635	0.019498050194980503	chr13	50656285.0	50656399.0	antisense	0.6305219478052195	0.2002997914940738	0.15
CENPB	74	89	1.1816876664271103	0.09479052094790522	chr13	50656285.0	50656399.0	antisense	0.7857166090619854	0.10473406631834829	0.15
Hmx2	73	90	1.1729426505370428	0.16618338166183383	chr13	50656285.0	50656399.0	antisense	0.7857166090619854	0.10473406631834829	0.15
THAP1	83	92	1.1698788139472982	0.1623837616238376	chr13	50656285.0	50656399.0	antisense	0.7857166090619854	0.10473406631834829	0.15
Nr1h3::Rxra	66	85	1.1512601884813594	0.32526747325267474	chr13	50656285.0	50656399.0	sense	0.7857166090619854	0.10473406631834829	0.15
TP53	77	95	1.1504160038974083	0.0400959904009599	chr13	50656285.0	50656399.0	antisense	0.6794976752324767	0.16781202478201548	0.15
HNF4G	66	81	1.149562692500808	0.10768923107689231	chr13	50656285.0	50656399.0	antisense	0.7857166090619854	0.10473406631834829	0.15
Mitf	82	92	1.139973574871802	0.1591840815918408	chr13	50656285.0	50656399.0	antisense	0.7857166090619854	0.10473406631834829	0.15
NKX2-3	68	78	1.1331957523493108	0.0392960703929607	chr13	50656285.0	50656399.0	sense	0.6794976752324767	0.16781202478201548	0.15
ZBTB33	76	91	1.1121670754889168	0.1014898510148985	chr13	50656285.0	50656399.0	antisense	0.7857166090619854	0.10473406631834829	0.15
Foxq1	71	82	1.1065752277346386	0.024197580241975804	chr13	50656285.0	50656399.0	sense	0.6305219478052195	0.2002997914940738	0.15
TFAP2A	74	85	1.098485630981978	0.07069293070692931	chr13	50656285.0	50656399.0	antisense	0.7452094790520948	0.1277216295221233	0.15
RUNX1	84	95	1.0913725149646272	0.1292870712928707	chr13	50656285.0	50656399.0	sense	0.7857166090619854	0.10473406631834829	0.15
MAX	68	78	1.0838282288648455	0.033596640335966405	chr13	50656285.0	50656399.0	sense	0.6458020864580208	0.1899005561975481	0.15
RUNX2	86	95	1.0778704453584609	0.0331966803319668	chr13	50656285.0	50656399.0	antisense	0.6458020864580208	0.1899005561975481	0.15
HEY2	81	91	1.062257655224669	0.043795620437956206	chr13	50656285.0	50656399.0	sense	0.6887856668878567	0.16191589880219276	0.15
Alx4	68	85	1.0615686726122355	0.22857714228577142	chr13	50656285.0	50656399.0	antisense	0.7857166090619854	0.10473406631834829	0.15
HEY1	81	91	1.0611535059988224	0.0357964203579642	chr13	50656285.0	50656399.0	antisense	0.6635122202065508	0.1781510741267497	0.15
Hmx1	73	90	1.0597773867862665	0.2916708329167083	chr13	50656285.0	50656399.0	antisense	0.7857166090619854	0.10473406631834829	0.15
MAX::MYC	68	79	1.0585102379621725	0.029097090290970903	chr13	50656285.0	50656399.0	antisense	0.6458020864580208	0.1899005561975481	0.15
Arntl	82	92	1.043602767036385	0.06359364063593641	chr13	50656285.0	50656399.0	antisense	0.7452094790520948	0.1277216295221233	0.15
NFYB	69	84	1.042478694591359	0.12088791120887911	chr13	50656285.0	50656399.0	antisense	0.7857166090619854	0.10473406631834829	0.15
TFAP2A(var.2)	83	95	1.04034361556701	0.1508849115088491	chr13	50656285.0	50656399.0	antisense	0.7857166090619854	0.10473406631834829	0.15
Myc	69	79	1.037777827555672	0.019598040195980403	chr13	50656285.0	50656399.0	sense	0.6305219478052195	0.2002997914940738	0.15
PAX5	70	89	1.0366139472915512	0.36996300369963003	chr13	50656285.0	50656399.0	antisense	0.7857166090619854	0.10473406631834829	0.15
SOX9	70	79	1.036160893496762	0.09059094090590941	chr13	50656285.0	50656399.0	sense	0.7857166090619854	0.10473406631834829	0.15
TFAP2C(var.2)	83	94	1.0347889036966356	0.0826917308269173	chr13	50656285.0	50656399.0	antisense	0.7663751481994657	0.11555858688205858	0.15
Foxj3	69	86	1.02794140218969	0.2926707329267073	chr13	50656285.0	50656399.0	antisense	0.7857166090619854	0.10473406631834829	0.15
RUNX3	85	95	1.025537379911104	0.06159384061593841	chr13	50656285.0	50656399.0	antisense	0.7452094790520948	0.1277216295221233	0.15
Ddit3::Cebpa	82	94	1.02163310474552	0.11128887111288871	chr13	50656285.0	50656399.0	antisense	0.7857166090619854	0.10473406631834829	0.15
PBX1	72	84	1.0165993386150889	0.06579342065793421	chr13	50656285.0	50656399.0	antisense	0.7452094790520948	0.1277216295221233	0.15
TFAP2B(var.2)	83	94	1.0065647440871488	0.0674932506749325	chr13	50656285.0	50656399.0	antisense	0.7452094790520948	0.1277216295221233	0.15
NRL	70	81	0.9978112171532556	0.3241675832416758	chr13	50656285.0	50656399.0	sense	0.7857166090619854	0.10473406631834829	0.15
SRY	72	81	0.995051264046405	0.10778922107789221	chr13	50656285.0	50656399.0	antisense	0.7857166090619854	0.10473406631834829	0.15
TFE3	81	91	0.9940344573061032	0.14378562143785623	chr13	50656285.0	50656399.0	antisense	0.7857166090619854	0.10473406631834829	0.15
MNT	81	91	0.9931676522855583	0.0655934406559344	chr13	50656285.0	50656399.0	antisense	0.7452094790520948	0.1277216295221233	0.15
SCRT1	67	82	0.9900780006614999	0.06629337066293371	chr13	50656285.0	50656399.0	antisense	0.7452094790520948	0.1277216295221233	0.15
TCF4	81	91	0.988081431485658	0.0418958104189581	chr13	50656285.0	50656399.0	antisense	0.6794976752324767	0.16781202478201548	0.15
FOXA1	70	85	0.9852581339649354	0.18518148185181482	chr13	50656285.0	50656399.0	sense	0.7857166090619854	0.10473406631834829	0.15
ONECUT3	69	83	0.9788031680193113	0.07179282071792821	chr13	50656285.0	50656399.0	antisense	0.7452094790520948	0.1277216295221233	0.15
POU2F2	68	81	0.9758541967754084	0.07749225077492251	chr13	50656285.0	50656399.0	sense	0.7543967825439678	0.12240017250612079	0.15
TCF7L2	68	82	0.9724611881894389	0.1810818918108189	chr13	50656285.0	50656399.0	antisense	0.7857166090619854	0.10473406631834829	0.15
SNAI2	69	78	0.9705367520340561	0.0918908109189081	chr13	50656285.0	50656399.0	antisense	0.7857166090619854	0.10473406631834829	0.15
POU4F3	70	86	0.9672963411576311	0.30016998300169984	chr13	50656285.0	50656399.0	antisense	0.7857166090619854	0.10473406631834829	0.15
CTCF	73	92	0.9668663556083084	0.24147585241475852	chr13	50656285.0	50656399.0	sense	0.7857166090619854	0.10473406631834829	0.15
NHLH1	81	91	0.9659454119320512	0.0484951504849515	chr13	50656285.0	50656399.0	antisense	0.7402642088732303	0.1306132478683963	0.15
Npas2	81	91	0.961646084965798	0.0673932606739326	chr13	50656285.0	50656399.0	antisense	0.7452094790520948	0.1277216295221233	0.15
MAFK	70	85	0.9550324112460501	0.21427857214278573	chr13	50656285.0	50656399.0	antisense	0.7857166090619854	0.10473406631834829	0.15
Arid5a	67	81	0.9530621124365778	0.4293570642935706	chr13	50656285.0	50656399.0	sense	0.7908827761291668	0.10188788243526313	0.15
FIGLA	68	78	0.9454092906628292	0.11398860113988601	chr13	50656285.0	50656399.0	sense	0.7857166090619854	0.10473406631834829	0.15
ZIC4	67	82	0.9432348417890286	0.24747525247475252	chr13	50656285.0	50656399.0	sense	0.7857166090619854	0.10473406631834829	0.15
NR2F1	70	83	0.9425540512109384	0.14858514148585142	chr13	50656285.0	50656399.0	antisense	0.7857166090619854	0.10473406631834829	0.15
Rhox11	78	95	0.9412359037658061	0.5580441955804419	chr13	50656285.0	50656399.0	antisense	0.797864841615012	0.0980706719478569	0.15
Hoxc9	73	86	0.9375164877850358	0.1454854514548545	chr13	50656285.0	50656399.0	antisense	0.7857166090619854	0.10473406631834829	0.15
NFYA	67	85	0.9367995855677058	0.2602739726027397	chr13	50656285.0	50656399.0	sense	0.7857166090619854	0.10473406631834829	0.15
Foxk1	69	86	0.9352238731994912	0.28957104289571045	chr13	50656285.0	50656399.0	antisense	0.7857166090619854	0.10473406631834829	0.15
HINFP	82	94	0.9299956086606649	0.133986601339866	chr13	50656285.0	50656399.0	sense	0.7857166090619854	0.10473406631834829	0.15
Mafb	66	78	0.9284082394821747	0.20877912208779123	chr13	50656285.0	50656399.0	antisense	0.7857166090619854	0.10473406631834829	0.15
ZIC3	67	82	0.9277615665674498	0.11678832116788321	chr13	50656285.0	50656399.0	sense	0.7857166090619854	0.10473406631834829	0.15
Arx	69	86	0.9181882749944366	0.29987001299870014	chr13	50656285.0	50656399.0	antisense	0.7857166090619854	0.10473406631834829	0.15
TBP	69	84	0.9165159518225074	0.49375062493750627	chr13	50656285.0	50656399.0	antisense	0.7908827761291668	0.10188788243526313	0.15
Foxo1	71	82	0.9164723958325591	0.08199180081991801	chr13	50656285.0	50656399.0	sense	0.7663751481994657	0.11555858688205858	0.15
GSX2	72	82	0.9162104572268724	0.5331466853314668	chr13	50656285.0	50656399.0	antisense	0.7908827761291668	0.10188788243526313	0.15
Sox3	70	80	0.9132223847062756	0.053894610538946106	chr13	50656285.0	50656399.0	sense	0.7452094790520948	0.1277216295221233	0.15
Neurog1	68	78	0.9122491093353176	0.48185181481851813	chr13	50656285.0	50656399.0	sense	0.7908827761291668	0.10188788243526313	0.15
Rarb	66	82	0.9102515565791223	0.023997600239976002	chr13	50656285.0	50656399.0	antisense	0.6305219478052195	0.2002997914940738	0.15
Hand1::Tcf3	69	79	0.9080190408873517	0.1606839316068393	chr13	50656285.0	50656399.0	sense	0.7857166090619854	0.10473406631834829	0.15
SP2	80	95	0.9010915221162691	0.23107689231076892	chr13	50656285.0	50656399.0	antisense	0.7857166090619854	0.10473406631834829	0.15
GCM1	79	90	0.8982895163255021	0.1004899510048995	chr13	50656285.0	50656399.0	sense	0.7857166090619854	0.10473406631834829	0.15
INSM1	66	78	0.898120599659037	0.07849215078492151	chr13	50656285.0	50656399.0	antisense	0.7543967825439678	0.12240017250612079	0.15
FOXP1	71	86	0.8980189409432654	0.24527547245275472	chr13	50656285.0	50656399.0	antisense	0.7857166090619854	0.10473406631834829	0.15
RARA::RXRA	66	83	0.8959980653464348	0.3267673232676732	chr13	50656285.0	50656399.0	antisense	0.7857166090619854	0.10473406631834829	0.15
Dmbx1	73	90	0.8907072427805508	0.4891510848915108	chr13	50656285.0	50656399.0	antisense	0.7908827761291668	0.10188788243526313	0.15
NFIX	72	81	0.887784502021427	0.2415758424157584	chr13	50656285.0	50656399.0	antisense	0.7857166090619854	0.10473406631834829	0.15
LEF1	67	82	0.8815441621174339	0.12348765123487651	chr13	50656285.0	50656399.0	antisense	0.7857166090619854	0.10473406631834829	0.15
Sox6	70	80	0.8757314444285728	0.051394860513948606	chr13	50656285.0	50656399.0	sense	0.7452094790520948	0.1277216295221233	0.15
ONECUT2	69	83	0.8621649001969596	0.17818218178182182	chr13	50656285.0	50656399.0	antisense	0.7857166090619854	0.10473406631834829	0.15
EBF1	80	94	0.8619568315922407	0.1321867813218678	chr13	50656285.0	50656399.0	antisense	0.7857166090619854	0.10473406631834829	0.15
Id2	82	90	0.8584854759908753	0.027997200279972004	chr13	50656285.0	50656399.0	antisense	0.6458020864580208	0.1899005561975481	0.15
TFEC	81	91	0.855127966029275	0.1451854814518548	chr13	50656285.0	50656399.0	antisense	0.7857166090619854	0.10473406631834829	0.15
TCF3	68	78	0.8540744911241276	0.11448855114488551	chr13	50656285.0	50656399.0	sense	0.7857166090619854	0.10473406631834829	0.15
ONECUT1	69	83	0.8528242795220166	0.1586841315868413	chr13	50656285.0	50656399.0	antisense	0.7857166090619854	0.10473406631834829	0.15
Mlxip	82	90	0.8498541383282541	0.031596840315968405	chr13	50656285.0	50656399.0	antisense	0.6458020864580208	0.1899005561975481	0.15
Myod1	81	94	0.849374640762169	0.18698130186981302	chr13	50656285.0	50656399.0	sense	0.7857166090619854	0.10473406631834829	0.15
FOXP2	72	83	0.8486960341265684	0.09299070092990701	chr13	50656285.0	50656399.0	antisense	0.7857166090619854	0.10473406631834829	0.15
NR2C2	66	81	0.8484757353998471	0.17178282171782822	chr13	50656285.0	50656399.0	antisense	0.7857166090619854	0.10473406631834829	0.15
MEOX2	72	82	0.8403688975397406	0.47395260473952605	chr13	50656285.0	50656399.0	antisense	0.7908827761291668	0.10188788243526313	0.15
POU2F1	70	82	0.8394348838318778	0.2752724727527247	chr13	50656285.0	50656399.0	antisense	0.7857166090619854	0.10473406631834829	0.15
Nr2e1	73	82	0.8381617775931133	0.11938806119388061	chr13	50656285.0	50656399.0	antisense	0.7857166090619854	0.10473406631834829	0.15
Alx1	68	85	0.8375137858889136	0.4313568643135686	chr13	50656285.0	50656399.0	antisense	0.7908827761291668	0.10188788243526313	0.15
ESX1	72	82	0.8370969798803426	0.45455454454554545	chr13	50656285.0	50656399.0	antisense	0.7908827761291668	0.10188788243526313	0.15
Pax2	71	79	0.8364453012520399	0.42455754424557546	chr13	50656285.0	50656399.0	antisense	0.7908827761291668	0.10188788243526313	0.15
SPIC	67	81	0.8297079068560805	0.37696230376962303	chr13	50656285.0	50656399.0	antisense	0.7857166090619854	0.10473406631834829	0.15
FOXC2	72	84	0.8293036130475634	0.2501749825017498	chr13	50656285.0	50656399.0	antisense	0.7857166090619854	0.10473406631834829	0.15
Barhl1	75	85	0.8234037063098264	0.5860413958604139	chr13	50656285.0	50656399.0	sense	0.8021417555214175	0.0957488758547297	0.15
IRF1	74	95	0.8221132311145288	0.40105989401059894	chr13	50656285.0	50656399.0	sense	0.7908827761291668	0.10188788243526313	0.15
TFAP2C	66	78	0.8109232652949712	0.3584641535846415	chr13	50656285.0	50656399.0	antisense	0.7857166090619854	0.10473406631834829	0.15
HIC2	83	92	0.8083514142296561	0.2802719728027197	chr13	50656285.0	50656399.0	antisense	0.7857166090619854	0.10473406631834829	0.15
ZIC1	67	81	0.8082808754215923	0.10928907109289071	chr13	50656285.0	50656399.0	sense	0.7857166090619854	0.10473406631834829	0.15
E2F4	75	86	0.8080057068061707	0.13738626137386262	chr13	50656285.0	50656399.0	antisense	0.7857166090619854	0.10473406631834829	0.15
Nr2f6	66	80	0.8074740671123329	0.12218778122187782	chr13	50656285.0	50656399.0	antisense	0.7857166090619854	0.10473406631834829	0.15
HOXB2	72	82	0.8055277907511578	0.49055094490550943	chr13	50656285.0	50656399.0	antisense	0.7908827761291668	0.10188788243526313	0.15
HES7	80	92	0.8053226774116313	0.04179582041795821	chr13	50656285.0	50656399.0	sense	0.6794976752324767	0.16781202478201548	0.15
Nfe2l2	74	89	0.8015874917516145	0.28047195280471954	chr13	50656285.0	50656399.0	antisense	0.7857166090619854	0.10473406631834829	0.15
TFAP2B	83	95	0.7999556545313411	0.33466653334666535	chr13	50656285.0	50656399.0	antisense	0.7857166090619854	0.10473406631834829	0.15
Dux	73	81	0.7976995668400062	0.06629337066293371	chr13	50656285.0	50656399.0	antisense	0.7452094790520948	0.1277216295221233	0.15
TFAP2A(var.3)	66	79	0.7953892058943764	0.23647635236476353	chr13	50656285.0	50656399.0	antisense	0.7857166090619854	0.10473406631834829	0.15
CLOCK	68	78	0.7952295611591377	0.142985701429857	chr13	50656285.0	50656399.0	antisense	0.7857166090619854	0.10473406631834829	0.15
HES5	80	92	0.7899639131848057	0.05849415058494151	chr13	50656285.0	50656399.0	antisense	0.7452094790520948	0.1277216295221233	0.15
DMRT3	72	83	0.7885147159006931	0.27677232276772323	chr13	50656285.0	50656399.0	antisense	0.7857166090619854	0.10473406631834829	0.15
BHLHE40	81	91	0.7848587343939956	0.10598940105989402	chr13	50656285.0	50656399.0	antisense	0.7857166090619854	0.10473406631834829	0.15
Znf423	66	81	0.7828036462409825	0.10328967103289671	chr13	50656285.0	50656399.0	antisense	0.7857166090619854	0.10473406631834829	0.15
Foxj2	73	81	0.7789805690054551	0.07689231076892311	chr13	50656285.0	50656399.0	antisense	0.7543967825439678	0.12240017250612079	0.15
Foxd3	67	79	0.7775917400942571	0.208979102089791	chr13	50656285.0	50656399.0	sense	0.7857166090619854	0.10473406631834829	0.15
HLTF	69	79	0.7731116509367053	0.43755624437556245	chr13	50656285.0	50656399.0	sense	0.7908827761291668	0.10188788243526313	0.15
Hoxd9	74	84	0.7717064459322198	0.3531646835316468	chr13	50656285.0	50656399.0	antisense	0.7857166090619854	0.10473406631834829	0.15
TAL1::TCF3	66	78	0.7687646529866662	0.17198280171982802	chr13	50656285.0	50656399.0	sense	0.7857166090619854	0.10473406631834829	0.15
Hoxd3	66	82	0.7675220619356333	0.6813318668133187	chr13	50656285.0	50656399.0	antisense	0.8216678332166784	0.08530371452320068	0.15
ZNF263	69	90	0.7622078540931468	0.5543445655434457	chr13	50656285.0	50656399.0	antisense	0.7947647224227854	0.09976141835782015	0.15
GLIS2	80	94	0.7617675499394038	0.19818018198180182	chr13	50656285.0	50656399.0	antisense	0.7857166090619854	0.10473406631834829	0.15
Nr2f6(var.2)	66	81	0.7613784524726094	0.0524947505249475	chr13	50656285.0	50656399.0	antisense	0.7452094790520948	0.1277216295221233	0.15
ID4	81	91	0.7598670731453991	0.19818018198180182	chr13	50656285.0	50656399.0	sense	0.7857166090619854	0.10473406631834829	0.15
TP73	77	95	0.7579468038329324	0.3594640535946405	chr13	50656285.0	50656399.0	antisense	0.7857166090619854	0.10473406631834829	0.15
GSC2	69	79	0.7574032105678057	0.561943805619438	chr13	50656285.0	50656399.0	sense	0.7986499737123063	0.09764351829837667	0.15
E2F6	75	86	0.7548038726994928	0.1603839616038396	chr13	50656285.0	50656399.0	antisense	0.7857166090619854	0.10473406631834829	0.15
Nr5a2	66	81	0.7508889933485281	0.396960303969603	chr13	50656285.0	50656399.0	antisense	0.7908827761291668	0.10188788243526313	0.15
ZBTB7C	72	84	0.749883050135492	0.45625437456254375	chr13	50656285.0	50656399.0	antisense	0.7908827761291668	0.10188788243526313	0.15
FOXF2	72	86	0.7486653417755603	0.3157684231576842	chr13	50656285.0	50656399.0	antisense	0.7857166090619854	0.10473406631834829	0.15
Arnt	83	89	0.7482098831723667	0.032096790320967905	chr13	50656285.0	50656399.0	sense	0.6458020864580208	0.1899005561975481	0.15
Foxa2	74	86	0.7450509327323378	0.2522747725227477	chr13	50656285.0	50656399.0	sense	0.7857166090619854	0.10473406631834829	0.15
TBX5	86	94	0.7448188555713647	0.2987701229877012	chr13	50656285.0	50656399.0	sense	0.7857166090619854	0.10473406631834829	0.15
HLF	71	83	0.7432559951431307	0.31496850314968505	chr13	50656285.0	50656399.0	antisense	0.7857166090619854	0.10473406631834829	0.15
TBX19	74	94	0.7426115708246191	0.6053394660533946	chr13	50656285.0	50656399.0	sense	0.8021417555214175	0.0957488758547297	0.15
HOXA10	74	85	0.7356541306548341	0.48455154484551544	chr13	50656285.0	50656399.0	antisense	0.7908827761291668	0.10188788243526313	0.15
HSF4	82	95	0.7342291524405317	0.36866313368663134	chr13	50656285.0	50656399.0	antisense	0.7857166090619854	0.10473406631834829	0.15
LBX2	68	78	0.732814236444007	0.7112288771122888	chr13	50656285.0	50656399.0	antisense	0.8351307403196332	0.07824553007964612	0.15
Klf1	81	92	0.732572362495928	0.19288071192880712	chr13	50656285.0	50656399.0	antisense	0.7857166090619854	0.10473406631834829	0.15
Hoxa9	74	85	0.7305311962700217	0.19308069193080693	chr13	50656285.0	50656399.0	antisense	0.7857166090619854	0.10473406631834829	0.15
ELK4	69	80	0.7292703524477103	0.21257874212578742	chr13	50656285.0	50656399.0	sense	0.7857166090619854	0.10473406631834829	0.15
LMX1B	73	81	0.7261568513791737	0.43765623437656237	chr13	50656285.0	50656399.0	antisense	0.7908827761291668	0.10188788243526313	0.15
CUX1	70	80	0.7248522492813415	0.23147685231476853	chr13	50656285.0	50656399.0	antisense	0.7857166090619854	0.10473406631834829	0.15
USF1	67	78	0.724295749871351	0.20507949205079493	chr13	50656285.0	50656399.0	antisense	0.7857166090619854	0.10473406631834829	0.15
USF2	67	78	0.7218222417359905	0.19048095190480951	chr13	50656285.0	50656399.0	antisense	0.7857166090619854	0.10473406631834829	0.15
EN2	75	85	0.72161522156886	0.45755424457554245	chr13	50656285.0	50656399.0	antisense	0.7908827761291668	0.10188788243526313	0.15
TFEB	81	91	0.7214200950211954	0.23977602239776022	chr13	50656285.0	50656399.0	antisense	0.7857166090619854	0.10473406631834829	0.15
Tcf7	70	82	0.7210377846260405	0.1411858814118588	chr13	50656285.0	50656399.0	antisense	0.7857166090619854	0.10473406631834829	0.15
NKX3-2	68	77	0.7209487566679476	0.26107389261073893	chr13	50656285.0	50656399.0	sense	0.7857166090619854	0.10473406631834829	0.15
Hoxd8	67	84	0.7208235613505508	0.6671332866713329	chr13	50656285.0	50656399.0	antisense	0.8198895063764653	0.0862446720118266	0.15
DUXA	73	86	0.7189935065863315	0.39346065393460655	chr13	50656285.0	50656399.0	antisense	0.7908827761291668	0.10188788243526313	0.15
Zfx	75	89	0.7178989284239101	0.41045895410458955	chr13	50656285.0	50656399.0	sense	0.7908827761291668	0.10188788243526313	0.15
E2F1	78	90	0.7159152892387121	0.34836516348365165	chr13	50656285.0	50656399.0	antisense	0.7857166090619854	0.10473406631834829	0.15
YY2	84	95	0.7122175054082462	0.3545645435456454	chr13	50656285.0	50656399.0	sense	0.7857166090619854	0.10473406631834829	0.15
POU1F1	68	82	0.7107810412335006	0.41385861413858616	chr13	50656285.0	50656399.0	antisense	0.7908827761291668	0.10188788243526313	0.15
GSX1	72	82	0.7097923944547375	0.7474252574742526	chr13	50656285.0	50656399.0	antisense	0.8432630084539521	0.07403695051682944	0.15
ELF5	83	94	0.7091630542334194	0.42025797420257976	chr13	50656285.0	50656399.0	antisense	0.7908827761291668	0.10188788243526313	0.15
Hic1	83	92	0.7065343453330062	0.3411658834116588	chr13	50656285.0	50656399.0	antisense	0.7857166090619854	0.10473406631834829	0.15
FOXG1	73	81	0.7061883787943076	0.07119288071192881	chr13	50656285.0	50656399.0	antisense	0.7452094790520948	0.1277216295221233	0.15
ELF4	83	95	0.705939110967866	0.18188181181881813	chr13	50656285.0	50656399.0	antisense	0.7857166090619854	0.10473406631834829	0.15
PAX1	66	83	0.7057001198738613	0.27517248275172485	chr13	50656285.0	50656399.0	antisense	0.7857166090619854	0.10473406631834829	0.15
ELF1	83	95	0.7046877805508035	0.19038096190380963	chr13	50656285.0	50656399.0	antisense	0.7857166090619854	0.10473406631834829	0.15
CUX2	70	80	0.7024891859158731	0.2616738326167383	chr13	50656285.0	50656399.0	antisense	0.7857166090619854	0.10473406631834829	0.15
PRDM1	67	82	0.6982642181726492	0.42075792420757924	chr13	50656285.0	50656399.0	antisense	0.7908827761291668	0.10188788243526313	0.15
FOXO3	73	81	0.6966811312981686	0.07789221077892211	chr13	50656285.0	50656399.0	antisense	0.7543967825439678	0.12240017250612079	0.15
MIXL1	72	82	0.6943150765518601	0.6581341865813418	chr13	50656285.0	50656399.0	antisense	0.815206784810779	0.0887322144363454	0.15
TFAP2B(var.3)	74	87	0.6939315373131566	0.2930706929307069	chr13	50656285.0	50656399.0	antisense	0.7857166090619854	0.10473406631834829	0.15
Dlx1	72	82	0.690938117790839	0.6399360063993601	chr13	50656285.0	50656399.0	sense	0.8061329789351163	0.09359331147765221	0.15
Sox2	70	78	0.6897376773023669	0.07179282071792821	chr13	50656285.0	50656399.0	sense	0.7452094790520948	0.1277216295221233	0.15
TFAP2C(var.3)	66	79	0.6885602163594987	0.3140685931406859	chr13	50656285.0	50656399.0	antisense	0.7857166090619854	0.10473406631834829	0.15
ETV4	74	84	0.6836693885635092	0.3350664933506649	chr13	50656285.0	50656399.0	antisense	0.7857166090619854	0.10473406631834829	0.15
FOXP3	74	81	0.6823699271369753	0.2293770622937706	chr13	50656285.0	50656399.0	antisense	0.7857166090619854	0.10473406631834829	0.15
JUN(var.2)	73	87	0.6817876095305295	0.46115388461153883	chr13	50656285.0	50656399.0	antisense	0.7908827761291668	0.10188788243526313	0.15
Mycn	68	76	0.680491028369962	0.0871912808719128	chr13	50656285.0	50656399.0	sense	0.7857166090619854	0.10473406631834829	0.15
ETV1	74	84	0.6796219598096009	0.35926407359264073	chr13	50656285.0	50656399.0	antisense	0.7857166090619854	0.10473406631834829	0.15
Pou5f1::Sox2	79	94	0.6795663759120453	0.49945005499450057	chr13	50656285.0	50656399.0	sense	0.7908827761291668	0.10188788243526313	0.15
SP1	84	95	0.6785375639355014	0.20607939206079393	chr13	50656285.0	50656399.0	antisense	0.7857166090619854	0.10473406631834829	0.15
Bcl6	73	87	0.6744854103412269	0.5209479052094791	chr13	50656285.0	50656399.0	sense	0.7908827761291668	0.10188788243526313	0.15
Gabpa	68	79	0.6730093878889338	0.28587141285871415	chr13	50656285.0	50656399.0	antisense	0.7857166090619854	0.10473406631834829	0.15
ETV6	81	91	0.6672825244332314	0.2783721627837216	chr13	50656285.0	50656399.0	sense	0.7857166090619854	0.10473406631834829	0.15
HOXA13	71	81	0.6657199973579043	0.30546945305469453	chr13	50656285.0	50656399.0	antisense	0.7857166090619854	0.10473406631834829	0.15
Nkx3-1	68	77	0.6653481946258023	0.2625737426257374	chr13	50656285.0	50656399.0	sense	0.7857166090619854	0.10473406631834829	0.15
MTF1	72	86	0.6648459562608323	0.16028397160283972	chr13	50656285.0	50656399.0	sense	0.7857166090619854	0.10473406631834829	0.15
Prrx2	73	81	0.6642952166264583	0.5387461253874612	chr13	50656285.0	50656399.0	antisense	0.7908827761291668	0.10188788243526313	0.15
IRF7	69	83	0.6635308321731452	0.2656734326567343	chr13	50656285.0	50656399.0	antisense	0.7857166090619854	0.10473406631834829	0.15
MEF2C	71	86	0.6629171791000169	0.5305469453054694	chr13	50656285.0	50656399.0	antisense	0.7908827761291668	0.10188788243526313	0.15
MLXIPL	81	91	0.6627919352047342	0.22277772222777723	chr13	50656285.0	50656399.0	sense	0.7857166090619854	0.10473406631834829	0.15
ZBTB18	66	79	0.6608804018240013	0.2850714928507149	chr13	50656285.0	50656399.0	sense	0.7857166090619854	0.10473406631834829	0.15
NKX6-2	73	81	0.6593639006640116	0.47305269473052697	chr13	50656285.0	50656399.0	antisense	0.7908827761291668	0.10188788243526313	0.15
CEBPE	72	82	0.6590226233774525	0.29157084291570845	chr13	50656285.0	50656399.0	antisense	0.7857166090619854	0.10473406631834829	0.15
NEUROD2	67	77	0.6582438995768101	0.3722627737226277	chr13	50656285.0	50656399.0	sense	0.7857166090619854	0.10473406631834829	0.15
EHF	83	95	0.6561540884931626	0.3047695230476952	chr13	50656285.0	50656399.0	antisense	0.7857166090619854	0.10473406631834829	0.15
Gfi1	71	81	0.6555766911514537	0.49895010498950104	chr13	50656285.0	50656399.0	antisense	0.7908827761291668	0.10188788243526313	0.15
UNCX	73	81	0.654768949676675	0.5116488351164884	chr13	50656285.0	50656399.0	antisense	0.7908827761291668	0.10188788243526313	0.15
PAX9	66	83	0.6539940754688915	0.23717628237176283	chr13	50656285.0	50656399.0	antisense	0.7857166090619854	0.10473406631834829	0.15
ZBTB7A	73	85	0.6521334392136598	0.42745725427457254	chr13	50656285.0	50656399.0	antisense	0.7908827761291668	0.10188788243526313	0.15
Sox5	72	79	0.6519606573295272	0.14828517148285172	chr13	50656285.0	50656399.0	sense	0.7857166090619854	0.10473406631834829	0.15
Klf4	81	91	0.6517470733890799	0.2191780821917808	chr13	50656285.0	50656399.0	sense	0.7857166090619854	0.10473406631834829	0.15
TFCP2	66	76	0.650479118097124	0.3183681631836816	chr13	50656285.0	50656399.0	antisense	0.7857166090619854	0.10473406631834829	0.15
Twist2	68	78	0.650039616168105	0.2853714628537146	chr13	50656285.0	50656399.0	sense	0.7857166090619854	0.10473406631834829	0.15
Dlx3	69	77	0.6496880488264006	0.5232476752324767	chr13	50656285.0	50656399.0	sense	0.7908827761291668	0.10188788243526313	0.15
TBX2	83	94	0.6482223659779908	0.5394460553944606	chr13	50656285.0	50656399.0	sense	0.7908827761291668	0.10188788243526313	0.15
GATA1::TAL1	73	91	0.6467855952365364	0.7882211778822118	chr13	50656285.0	50656399.0	antisense	0.8621093680105674	0.06443763567117704	0.15
Ascl2	81	91	0.6467744561559989	0.22457754224577542	chr13	50656285.0	50656399.0	sense	0.7857166090619854	0.10473406631834829	0.15
ETV5	81	91	0.645203846317875	0.5091490850914908	chr13	50656285.0	50656399.0	sense	0.7908827761291668	0.10188788243526313	0.15
RFX4	66	82	0.6413857809667262	0.5516448355164484	chr13	50656285.0	50656399.0	sense	0.7947647224227854	0.09976141835782015	0.15
Stat4	69	83	0.6410447381107967	0.48635136486351366	chr13	50656285.0	50656399.0	antisense	0.7908827761291668	0.10188788243526313	0.15
RAX2	73	81	0.6396440722269685	0.539046095390461	chr13	50656285.0	50656399.0	antisense	0.7908827761291668	0.10188788243526313	0.15
DBP	71	83	0.6391480066521474	0.33866613338666135	chr13	50656285.0	50656399.0	antisense	0.7857166090619854	0.10473406631834829	0.15
STAT1::STAT2	69	84	0.6389265466604787	0.36536346365363465	chr13	50656285.0	50656399.0	sense	0.7857166090619854	0.10473406631834829	0.15
CEBPA	72	83	0.6375857006682608	0.3127687231276872	chr13	50656285.0	50656399.0	sense	0.7857166090619854	0.10473406631834829	0.15
ZBTB7B	72	84	0.6366907805169139	0.3534646535346465	chr13	50656285.0	50656399.0	antisense	0.7857166090619854	0.10473406631834829	0.15
ALX3	72	82	0.636137708047389	0.6837316268373163	chr13	50656285.0	50656399.0	antisense	0.8216678332166784	0.08530371452320068	0.15
ELK3	74	84	0.6352751658004185	0.35596440355964404	chr13	50656285.0	50656399.0	antisense	0.7857166090619854	0.10473406631834829	0.15
Hoxb5	72	88	0.6351558725505029	0.8185181481851814	chr13	50656285.0	50656399.0	antisense	0.8795257120250707	0.055751459870666265	0.15
ZNF740	84	94	0.6308822658797573	0.20577942205779423	chr13	50656285.0	50656399.0	antisense	0.7857166090619854	0.10473406631834829	0.15
GBX2	68	78	0.630422378027886	0.4166583341665833	chr13	50656285.0	50656399.0	antisense	0.7908827761291668	0.10188788243526313	0.15
SPDEF	83	94	0.6297766124296214	0.2532746725327467	chr13	50656285.0	50656399.0	antisense	0.7857166090619854	0.10473406631834829	0.15
NFATC1	70	80	0.6290864801213443	0.6085391460853915	chr13	50656285.0	50656399.0	sense	0.8021417555214175	0.0957488758547297	0.15
Bach1::Mafk	73	88	0.628920795211932	0.3461653834616538	chr13	50656285.0	50656399.0	antisense	0.7857166090619854	0.10473406631834829	0.15
TBX4	86	94	0.6287205580221765	0.3113688631136886	chr13	50656285.0	50656399.0	sense	0.7857166090619854	0.10473406631834829	0.15
Tcf12	67	78	0.6258357785610239	0.28447155284471554	chr13	50656285.0	50656399.0	antisense	0.7857166090619854	0.10473406631834829	0.15
Sox17	69	78	0.6246191970134443	0.35306469353064696	chr13	50656285.0	50656399.0	sense	0.7857166090619854	0.10473406631834829	0.15
Rfx1	67	81	0.6240523646445728	0.5431456854314568	chr13	50656285.0	50656399.0	sense	0.7918331762329384	0.1013663061288348	0.15
Pou2f3	67	83	0.6230809196393599	0.6042395760423958	chr13	50656285.0	50656399.0	antisense	0.8021417555214175	0.0957488758547297	0.15
POU5F1B	71	80	0.6230348492426768	0.35706429357064295	chr13	50656285.0	50656399.0	antisense	0.7857166090619854	0.10473406631834829	0.15
CEBPB	72	82	0.6225864266486107	0.2633736626337366	chr13	50656285.0	50656399.0	antisense	0.7857166090619854	0.10473406631834829	0.15
Dlx4	69	77	0.6223312135200528	0.5108489151084892	chr13	50656285.0	50656399.0	sense	0.7908827761291668	0.10188788243526313	0.15
LMX1A	73	81	0.6219198888781494	0.45795420457954206	chr13	50656285.0	50656399.0	antisense	0.7908827761291668	0.10188788243526313	0.15
Nkx2-5(var.2)	72	83	0.6216122475880658	0.37236276372362764	chr13	50656285.0	50656399.0	antisense	0.7857166090619854	0.10473406631834829	0.15
MZF1(var.2)	85	95	0.6210503864669581	0.47725227477252274	chr13	50656285.0	50656399.0	sense	0.7908827761291668	0.10188788243526313	0.15
FOXD2	74	81	0.6200049555471183	0.285971402859714	chr13	50656285.0	50656399.0	antisense	0.7857166090619854	0.10473406631834829	0.15
CDX2	68	79	0.6190018735083002	0.28987101289871015	chr13	50656285.0	50656399.0	antisense	0.7857166090619854	0.10473406631834829	0.15
Rarb(var.2)	66	83	0.618784455043639	0.18748125187481252	chr13	50656285.0	50656399.0	antisense	0.7857166090619854	0.10473406631834829	0.15
Esrrg	67	77	0.6142729922694139	0.2872712728727127	chr13	50656285.0	50656399.0	antisense	0.7857166090619854	0.10473406631834829	0.15
SHOX	73	81	0.6127228483048021	0.5296470352964704	chr13	50656285.0	50656399.0	sense	0.7908827761291668	0.10188788243526313	0.15
CDX1	75	84	0.6096860425981344	0.45535446455354467	chr13	50656285.0	50656399.0	antisense	0.7908827761291668	0.10188788243526313	0.15
Myog	80	91	0.6069179248503784	0.3147685231476852	chr13	50656285.0	50656399.0	antisense	0.7857166090619854	0.10473406631834829	0.15
ESR2	66	81	0.6060783331759136	0.7831216878312168	chr13	50656285.0	50656399.0	sense	0.8592815137090942	0.06586453137113497	0.15
MSX1	69	77	0.6056854821207458	0.4263573642635736	chr13	50656285.0	50656399.0	sense	0.7908827761291668	0.10188788243526313	0.15
HOXB3	72	82	0.6055326963784433	0.7616238376162384	chr13	50656285.0	50656399.0	antisense	0.8432630084539521	0.07403695051682944	0.15
POU3F3	70	83	0.6051357545286243	0.5214478552144786	chr13	50656285.0	50656399.0	sense	0.7908827761291668	0.10188788243526313	0.15
Klf12	67	82	0.6020596924557088	0.39336066393360664	chr13	50656285.0	50656399.0	sense	0.7908827761291668	0.10188788243526313	0.15
KLF14	78	92	0.6019954020993893	0.37866213378662134	chr13	50656285.0	50656399.0	antisense	0.7861025897410259	0.10452077297961616	0.15
PRRX1	73	81	0.5989796474261286	0.45655434456554345	chr13	50656285.0	50656399.0	antisense	0.7908827761291668	0.10188788243526313	0.15
T	78	94	0.5984119418489917	0.44025597440255976	chr13	50656285.0	50656399.0	antisense	0.7908827761291668	0.10188788243526313	0.15
FOXD1	73	81	0.5978244460105142	0.24697530246975302	chr13	50656285.0	50656399.0	antisense	0.7857166090619854	0.10473406631834829	0.15
ZEB1	83	92	0.597661125943029	0.20807919208079192	chr13	50656285.0	50656399.0	antisense	0.7857166090619854	0.10473406631834829	0.15
MGA	84	92	0.5975618156871322	0.2625737426257374	chr13	50656285.0	50656399.0	sense	0.7857166090619854	0.10473406631834829	0.15
NFIC::TLX1	66	80	0.5952905022399979	0.27957204279572045	chr13	50656285.0	50656399.0	sense	0.7857166090619854	0.10473406631834829	0.15
Creb3l2	68	77	0.5948768514218337	0.20307969203079693	chr13	50656285.0	50656399.0	sense	0.7857166090619854	0.10473406631834829	0.15
HOXB13	67	77	0.5925302086918399	0.36206379362063795	chr13	50656285.0	50656399.0	antisense	0.7857166090619854	0.10473406631834829	0.15
LHX9	73	81	0.5919973638169677	0.5087491250874913	chr13	50656285.0	50656399.0	antisense	0.7908827761291668	0.10188788243526313	0.15
ISL2	69	77	0.5915754959590575	0.5604439556044396	chr13	50656285.0	50656399.0	sense	0.7986499737123063	0.09764351829837667	0.15
NFATC3	70	80	0.590871109719749	0.607039296070393	chr13	50656285.0	50656399.0	sense	0.8021417555214175	0.0957488758547297	0.15
NR4A2	67	75	0.5904375520331171	0.3237676232376762	chr13	50656285.0	50656399.0	antisense	0.7857166090619854	0.10473406631834829	0.15
PLAG1	68	82	0.5900842846666615	0.23317668233176683	chr13	50656285.0	50656399.0	antisense	0.7857166090619854	0.10473406631834829	0.15
NFIA	71	81	0.5885737304651469	0.34296570342965704	chr13	50656285.0	50656399.0	antisense	0.7857166090619854	0.10473406631834829	0.15
SPIB	67	74	0.5885552574060017	0.29457054294570545	chr13	50656285.0	50656399.0	antisense	0.7857166090619854	0.10473406631834829	0.15
EOMES	76	89	0.5883697321135499	0.6307369263073692	chr13	50656285.0	50656399.0	antisense	0.8038632722093645	0.09481781340906585	0.15
EMX1	72	82	0.5860385383815316	0.7515248475152485	chr13	50656285.0	50656399.0	sense	0.8432630084539521	0.07403695051682944	0.15
Rarg(var.2)	66	83	0.5854865503749798	0.2136786321367863	chr13	50656285.0	50656399.0	antisense	0.7857166090619854	0.10473406631834829	0.15
Six3	69	86	0.5850164683802579	0.8255174482551745	chr13	50656285.0	50656399.0	antisense	0.8833887745246094	0.05384812374753233	0.15
TEAD1	81	91	0.5847614500633455	0.541945805419458	chr13	50656285.0	50656399.0	antisense	0.7918331762329384	0.1013663061288348	0.15
VAX1	69	77	0.5846954944116137	0.6283371662833717	chr13	50656285.0	50656399.0	sense	0.8038632722093645	0.09481781340906585	0.15
Stat6	74	89	0.5845644754228346	0.6476352364763523	chr13	50656285.0	50656399.0	sense	0.8099341873041612	0.09155026908660426	0.15
POU3F1	69	81	0.5829602610535097	0.5936406359364064	chr13	50656285.0	50656399.0	antisense	0.8021417555214175	0.0957488758547297	0.15
Arid3b	70	81	0.5828023600515366	0.5366463353664633	chr13	50656285.0	50656399.0	sense	0.7908827761291668	0.10188788243526313	0.15
Lhx4	73	81	0.5818857264930014	0.45515448455154484	chr13	50656285.0	50656399.0	antisense	0.7908827761291668	0.10188788243526313	0.15
TEF	71	83	0.5817073934876698	0.36766323367663234	chr13	50656285.0	50656399.0	antisense	0.7857166090619854	0.10473406631834829	0.15
DLX6	69	77	0.5815205257236178	0.4684531546845315	chr13	50656285.0	50656399.0	sense	0.7908827761291668	0.10188788243526313	0.15
RFX3	66	82	0.5809549928623531	0.5682431756824318	chr13	50656285.0	50656399.0	antisense	0.7986499737123063	0.09764351829837667	0.15
ZNF143	71	87	0.5779086211406771	0.28547145285471454	chr13	50656285.0	50656399.0	antisense	0.7857166090619854	0.10473406631834829	0.15
BARHL2	67	77	0.5756692630599732	0.7343265673432656	chr13	50656285.0	50656399.0	antisense	0.840239712292507	0.07559679623063308	0.15
GMEB2	86	94	0.5753681865397751	0.3487651234876512	chr13	50656285.0	50656399.0	antisense	0.7857166090619854	0.10473406631834829	0.15
GLI2	80	92	0.5747753205376814	0.47115288471152883	chr13	50656285.0	50656399.0	antisense	0.7908827761291668	0.10188788243526313	0.15
MLX	68	78	0.574625969186271	0.23477652234776522	chr13	50656285.0	50656399.0	sense	0.7857166090619854	0.10473406631834829	0.15
BHLHE23	67	79	0.5742273242229788	0.3511648835116488	chr13	50656285.0	50656399.0	antisense	0.7857166090619854	0.10473406631834829	0.15
JUNB	73	84	0.572696760917333	0.3501649835016498	chr13	50656285.0	50656399.0	antisense	0.7857166090619854	0.10473406631834829	0.15
CREB3L1	74	88	0.5723945662868679	0.4714528547145285	chr13	50656285.0	50656399.0	antisense	0.7908827761291668	0.10188788243526313	0.15
BHLHE41	81	91	0.5718743327965335	0.18998100189981001	chr13	50656285.0	50656399.0	antisense	0.7857166090619854	0.10473406631834829	0.15
FOXH1	71	82	0.5705386590187985	0.35566443355664434	chr13	50656285.0	50656399.0	antisense	0.7857166090619854	0.10473406631834829	0.15
TP63	67	85	0.5688313854183664	0.30756924307569244	chr13	50656285.0	50656399.0	sense	0.7857166090619854	0.10473406631834829	0.15
Stat5a::Stat5b	70	81	0.5648089535982547	0.384961503849615	chr13	50656285.0	50656399.0	antisense	0.7908827761291668	0.10188788243526313	0.15
RARA(var.2)	66	83	0.5637585689070382	0.3007699230076992	chr13	50656285.0	50656399.0	antisense	0.7857166090619854	0.10473406631834829	0.15
VAX2	69	77	0.5629990536450389	0.6120387961203879	chr13	50656285.0	50656399.0	sense	0.8021417555214175	0.0957488758547297	0.15
ELF3	82	95	0.5603979490418444	0.3711628837116288	chr13	50656285.0	50656399.0	antisense	0.7857166090619854	0.10473406631834829	0.15
Mecom	66	80	0.5598679909841007	0.40805919408059194	chr13	50656285.0	50656399.0	antisense	0.7908827761291668	0.10188788243526313	0.15
EVX1	75	85	0.5590575459178795	0.8138186181381862	chr13	50656285.0	50656399.0	antisense	0.8766131685586628	0.057192009623873705	0.15
OLIG3	68	78	0.5571706900050207	0.506049395060494	chr13	50656285.0	50656399.0	sense	0.7908827761291668	0.10188788243526313	0.15
FOXL1	74	81	0.5563791397909772	0.22507749225077492	chr13	50656285.0	50656399.0	antisense	0.7857166090619854	0.10473406631834829	0.15
FOXO4	74	81	0.5562555745838198	0.2328767123287671	chr13	50656285.0	50656399.0	antisense	0.7857166090619854	0.10473406631834829	0.15
CEBPD	72	82	0.5558359983780736	0.3317668233176682	chr13	50656285.0	50656399.0	antisense	0.7857166090619854	0.10473406631834829	0.15
FOS::JUN	74	81	0.554941652499686	0.3421657834216578	chr13	50656285.0	50656399.0	antisense	0.7857166090619854	0.10473406631834829	0.15
GATA2	67	81	0.5529140257148708	0.6445355464453555	chr13	50656285.0	50656399.0	sense	0.8080047067756992	0.09258610937298807	0.15
TEAD4	81	91	0.5527924434911977	0.5720427957204279	chr13	50656285.0	50656399.0	antisense	0.7986499737123063	0.09764351829837667	0.15
HOXA2	72	82	0.5524477003781653	0.7921207879212079	chr13	50656285.0	50656399.0	sense	0.8636779179224935	0.06364818408062385	0.15
SP4	77	94	0.5524368869724822	0.40135986401359863	chr13	50656285.0	50656399.0	antisense	0.7908827761291668	0.10188788243526313	0.15
EVX2	75	85	0.5503292964494911	0.8497150284971503	chr13	50656285.0	50656399.0	antisense	0.8963457312805305	0.04752444544226952	0.15
PITX3	72	81	0.5498314893080715	0.6043395660433957	chr13	50656285.0	50656399.0	sense	0.8021417555214175	0.0957488758547297	0.15
POU4F1	69	83	0.5487829796243741	0.6541345865413458	chr13	50656285.0	50656399.0	sense	0.8148854179330269	0.08890345366225845	0.15
MAF::NFE2	80	95	0.5478068908878011	0.5672432756724327	chr13	50656285.0	50656399.0	sense	0.7986499737123063	0.09764351829837667	0.15
NR1H2::RXRA	72	89	0.5471480153918463	0.204979502049795	chr13	50656285.0	50656399.0	antisense	0.7857166090619854	0.10473406631834829	0.15
BARX1	69	77	0.5467796312273465	0.47055294470552944	chr13	50656285.0	50656399.0	antisense	0.7908827761291668	0.10188788243526313	0.15
RORA	66	76	0.5460674820550182	0.36666333366663334	chr13	50656285.0	50656399.0	antisense	0.7857166090619854	0.10473406631834829	0.15
TBR1	84	94	0.543943326700011	0.45265473452654736	chr13	50656285.0	50656399.0	sense	0.7908827761291668	0.10188788243526313	0.15
Nkx2-5	70	77	0.5434064023202161	0.3731626837316268	chr13	50656285.0	50656399.0	antisense	0.7857166090619854	0.10473406631834829	0.15
POU3F2	69	81	0.5363772583443405	0.5117488251174882	chr13	50656285.0	50656399.0	antisense	0.7908827761291668	0.10188788243526313	0.15
BHLHE22	68	78	0.5338905239972045	0.36666333366663334	chr13	50656285.0	50656399.0	sense	0.7857166090619854	0.10473406631834829	0.15
TBX21	85	95	0.5338198961617461	0.39546045395460455	chr13	50656285.0	50656399.0	sense	0.7908827761291668	0.10188788243526313	0.15
NFIC	73	79	0.5319943266906301	0.42575742425757424	chr13	50656285.0	50656399.0	sense	0.7908827761291668	0.10188788243526313	0.15
VSX1	73	81	0.5308796291612481	0.5831416858314169	chr13	50656285.0	50656399.0	sense	0.8021417555214175	0.0957488758547297	0.15
IRF2	73	91	0.5307786152998603	0.42795720427957207	chr13	50656285.0	50656399.0	antisense	0.7908827761291668	0.10188788243526313	0.15
Gfi1b	68	79	0.5306660838393591	0.46625337466253375	chr13	50656285.0	50656399.0	antisense	0.7908827761291668	0.10188788243526313	0.15
Gata1	70	81	0.5306097052432687	0.44855514448555145	chr13	50656285.0	50656399.0	sense	0.7908827761291668	0.10188788243526313	0.15
OLIG2	68	78	0.5294427505901936	0.42985701429857015	chr13	50656285.0	50656399.0	antisense	0.7908827761291668	0.10188788243526313	0.15
KLF13	73	91	0.5249821217947657	0.5165483451654834	chr13	50656285.0	50656399.0	sense	0.7908827761291668	0.10188788243526313	0.15
FOXI1	74	81	0.5247157415175713	0.23807619238076191	chr13	50656285.0	50656399.0	antisense	0.7857166090619854	0.10473406631834829	0.15
FOXO6	74	81	0.522322751340868	0.21957804219578042	chr13	50656285.0	50656399.0	antisense	0.7857166090619854	0.10473406631834829	0.15
CEBPG	72	82	0.5222124385552153	0.2802719728027197	chr13	50656285.0	50656399.0	antisense	0.7857166090619854	0.10473406631834829	0.15
POU3F4	71	80	0.5216876205709347	0.28947105289471053	chr13	50656285.0	50656399.0	antisense	0.7857166090619854	0.10473406631834829	0.15
GLIS1	75	91	0.5201191828370092	0.2216778322167783	chr13	50656285.0	50656399.0	antisense	0.7857166090619854	0.10473406631834829	0.15
SMAD2::SMAD3::SMAD4	73	86	0.5172776774853562	0.6823317668233176	chr13	50656285.0	50656399.0	sense	0.8216678332166784	0.08530371452320068	0.15
ETV3	81	91	0.5158093716162427	0.6348365163483651	chr13	50656285.0	50656399.0	sense	0.8038632722093645	0.09481781340906585	0.15
KLF5	81	91	0.5156948272626847	0.36966303369663034	chr13	50656285.0	50656399.0	antisense	0.7857166090619854	0.10473406631834829	0.15
REST	72	93	0.5148005769350046	0.6427357264273572	chr13	50656285.0	50656399.0	sense	0.8076993753409162	0.09275025299349896	0.15
MZF1	68	74	0.5147507926398797	0.3030696930306969	chr13	50656285.0	50656399.0	antisense	0.7857166090619854	0.10473406631834829	0.15
SOX10	71	77	0.5088409603296824	0.3875612438756124	chr13	50656285.0	50656399.0	sense	0.7908827761291668	0.10188788243526313	0.15
HOXC13	75	86	0.5087978275340037	0.48185181481851813	chr13	50656285.0	50656399.0	antisense	0.7908827761291668	0.10188788243526313	0.15
MEOX1	72	82	0.505294278922767	0.7108289171082892	chr13	50656285.0	50656399.0	antisense	0.8351307403196332	0.07824553007964612	0.15
HMBOX1	67	77	0.5040299013530612	0.7686231376862314	chr13	50656285.0	50656399.0	antisense	0.8487561882109661	0.0712170462948549	0.15
Tcf21	66	80	0.5035037238896778	0.46485351464853514	chr13	50656285.0	50656399.0	antisense	0.7908827761291668	0.10188788243526313	0.15
HOXD13	74	84	0.5030580967913915	0.47485251474852513	chr13	50656285.0	50656399.0	antisense	0.7908827761291668	0.10188788243526313	0.15
POU4F2	73	89	0.5029506250661725	0.44245575442455753	chr13	50656285.0	50656399.0	sense	0.7908827761291668	0.10188788243526313	0.15
ETS1	74	84	0.502114065231334	0.5116488351164884	chr13	50656285.0	50656399.0	antisense	0.7908827761291668	0.10188788243526313	0.15
ZNF354C	67	73	0.49987592066383657	0.3083691630836916	chr13	50656285.0	50656399.0	sense	0.7857166090619854	0.10473406631834829	0.15
Myb	66	76	0.4998736213908546	0.41405859414058593	chr13	50656285.0	50656399.0	antisense	0.7908827761291668	0.10188788243526313	0.15
TBX1	84	92	0.49917773077108424	0.30616938306169383	chr13	50656285.0	50656399.0	sense	0.7857166090619854	0.10473406631834829	0.15
FEV	74	84	0.49900334746400676	0.5709429057094291	chr13	50656285.0	50656399.0	antisense	0.7986499737123063	0.09764351829837667	0.15
MSX2	73	81	0.49858625274855317	0.43325667433256676	chr13	50656285.0	50656399.0	antisense	0.7908827761291668	0.10188788243526313	0.15
ESRRB	66	77	0.498559993333717	0.35696430356964304	chr13	50656285.0	50656399.0	antisense	0.7857166090619854	0.10473406631834829	0.15
Srebf1(var.2)	68	78	0.49344770459269655	0.34126587341265874	chr13	50656285.0	50656399.0	antisense	0.7857166090619854	0.10473406631834829	0.15
YY1	67	79	0.4932702273229742	0.5995400459954005	chr13	50656285.0	50656399.0	antisense	0.8021417555214175	0.0957488758547297	0.15
ERG	74	84	0.4910493009111797	0.5489451054894511	chr13	50656285.0	50656399.0	antisense	0.7936003057075909	0.10039817355663201	0.15
RHOXF1	73	81	0.48904556244321545	0.6112388761123888	chr13	50656285.0	50656399.0	antisense	0.8021417555214175	0.0957488758547297	0.15
Gata4	71	82	0.4884899629569098	0.48605139486051396	chr13	50656285.0	50656399.0	sense	0.7908827761291668	0.10188788243526313	0.15
SREBF2(var.2)	68	78	0.4866185122579619	0.300969903009699	chr13	50656285.0	50656399.0	antisense	0.7857166090619854	0.10473406631834829	0.15
Vdr	75	91	0.48564075893658076	0.47635236476352366	chr13	50656285.0	50656399.0	sense	0.7908827761291668	0.10188788243526313	0.15
ZBED1	76	89	0.48080084376320964	0.37476252374762525	chr13	50656285.0	50656399.0	antisense	0.7857166090619854	0.10473406631834829	0.15
BCL6B	74	91	0.47985682213949776	0.20987901209879012	chr13	50656285.0	50656399.0	antisense	0.7857166090619854	0.10473406631834829	0.15
LHX6	72	82	0.4791411371186686	0.6328367163283671	chr13	50656285.0	50656399.0	antisense	0.8038632722093645	0.09481781340906585	0.15
HOXA5	70	78	0.47848680707415064	0.5715428457154285	chr13	50656285.0	50656399.0	sense	0.7986499737123063	0.09764351829837667	0.15
Hnf4a	72	88	0.47713242866806654	0.44715528447155284	chr13	50656285.0	50656399.0	antisense	0.7908827761291668	0.10188788243526313	0.15
FOSL2	73	84	0.4768770770483604	0.5188481151884812	chr13	50656285.0	50656399.0	antisense	0.7908827761291668	0.10188788243526313	0.15
POU6F1	72	82	0.4764752927320254	0.6137386261373863	chr13	50656285.0	50656399.0	sense	0.8023434432375403	0.09563969209571607	0.15
FOS	72	83	0.47579537294708096	0.5543445655434457	chr13	50656285.0	50656399.0	sense	0.7947647224227854	0.09976141835782015	0.15
RREB1	73	93	0.4741576369430819	0.4163583641635836	chr13	50656285.0	50656399.0	antisense	0.7908827761291668	0.10188788243526313	0.15
mix-a	71	82	0.47177846564211756	0.5287471252874713	chr13	50656285.0	50656399.0	sense	0.7908827761291668	0.10188788243526313	0.15
MNX1	68	78	0.4711109544738488	0.7548245175482452	chr13	50656285.0	50656399.0	antisense	0.8432630084539521	0.07403695051682944	0.15
NFAT5	70	80	0.47046967925477595	0.673032696730327	chr13	50656285.0	50656399.0	sense	0.8198895063764653	0.0862446720118266	0.15
POU6F2	77	87	0.4683046052238989	0.6095390460953904	chr13	50656285.0	50656399.0	antisense	0.8021417555214175	0.0957488758547297	0.15
ERF	74	84	0.46509539124592847	0.5372462753724627	chr13	50656285.0	50656399.0	antisense	0.7908827761291668	0.10188788243526313	0.15
MYF6	68	78	0.4649879359063625	0.40705929407059294	chr13	50656285.0	50656399.0	antisense	0.7908827761291668	0.10188788243526313	0.15
Nobox	70	78	0.4647723972884017	0.5273472652734726	chr13	50656285.0	50656399.0	sense	0.7908827761291668	0.10188788243526313	0.15
Spz1	75	86	0.4642732152119092	0.6970302969703029	chr13	50656285.0	50656399.0	antisense	0.8282981770472839	0.08181329445319145	0.15
MAFG::NFE2L1	67	73	0.46176639245970014	0.48175182481751827	chr13	50656285.0	50656399.0	antisense	0.7908827761291668	0.10188788243526313	0.15
BATF::JUN	74	85	0.4601588093206268	0.5923407659234077	chr13	50656285.0	50656399.0	antisense	0.8021417555214175	0.0957488758547297	0.15
FLI1	74	84	0.4599370701014385	0.5186481351864813	chr13	50656285.0	50656399.0	antisense	0.7908827761291668	0.10188788243526313	0.15
GBX1	68	78	0.4598863902726997	0.6224377562243776	chr13	50656285.0	50656399.0	antisense	0.8038632722093645	0.09481781340906585	0.15
Dlx2	69	77	0.4593320527351672	0.6087391260873912	chr13	50656285.0	50656399.0	antisense	0.8021417555214175	0.0957488758547297	0.15
Ar	75	92	0.45839714921036606	0.7271272872712728	chr13	50656285.0	50656399.0	antisense	0.8390426444081255	0.0762159655592868	0.15
Atoh1	68	78	0.4572373797244464	0.676032396760324	chr13	50656285.0	50656399.0	antisense	0.8198895063764653	0.0862446720118266	0.15
VENTX	69	78	0.4571474478722574	0.5817418258174183	chr13	50656285.0	50656399.0	antisense	0.8021417555214175	0.0957488758547297	0.15
HOXD12	77	88	0.45532005589398106	0.5724427557244276	chr13	50656285.0	50656399.0	antisense	0.7986499737123063	0.09764351829837667	0.15
HESX1	68	78	0.45433698424947855	0.6761323867613239	chr13	50656285.0	50656399.0	sense	0.8198895063764653	0.0862446720118266	0.15
ELK1	74	84	0.4512773398311833	0.48785121487851213	chr13	50656285.0	50656399.0	antisense	0.7908827761291668	0.10188788243526313	0.15
LHX2	72	82	0.4508719286551967	0.6932306769323068	chr13	50656285.0	50656399.0	antisense	0.8282981770472839	0.08181329445319145	0.15
Nr2e3	72	79	0.44731558058211834	0.32286771322867713	chr13	50656285.0	50656399.0	sense	0.7857166090619854	0.10473406631834829	0.15
TBX15	84	92	0.4455771854503804	0.35156484351564843	chr13	50656285.0	50656399.0	sense	0.7857166090619854	0.10473406631834829	0.15
Esrra	67	78	0.4426034960468129	0.39666033396660333	chr13	50656285.0	50656399.0	antisense	0.7908827761291668	0.10188788243526313	0.15
HSF1	77	90	0.44146016316770703	0.47895210478952105	chr13	50656285.0	50656399.0	sense	0.7908827761291668	0.10188788243526313	0.15
Pitx1	73	81	0.4412355508326682	0.7386261373862614	chr13	50656285.0	50656399.0	sense	0.840309842101129	0.07556054976727887	0.15
STAT3	69	80	0.4400472416769309	0.6698330166983302	chr13	50656285.0	50656399.0	sense	0.8198895063764653	0.0862446720118266	0.15
Arid3a	72	78	0.4370318478952934	0.35966403359664034	chr13	50656285.0	50656399.0	antisense	0.7857166090619854	0.10473406631834829	0.15
CREB1	66	74	0.43478312399905616	0.6263373662633737	chr13	50656285.0	50656399.0	sense	0.8038632722093645	0.09481781340906585	0.15
Bhlha15	69	77	0.43087803856116175	0.43525647435256476	chr13	50656285.0	50656399.0	sense	0.7908827761291668	0.10188788243526313	0.15
JUND(var.2)	71	86	0.42922381904254125	0.8301169883011699	chr13	50656285.0	50656399.0	antisense	0.8864829566426073	0.052329609648197564	0.15
NFE2	72	83	0.428626476863239	0.43765623437656237	chr13	50656285.0	50656399.0	sense	0.7908827761291668	0.10188788243526313	0.15
RFX5	71	87	0.4283757683680189	0.6304369563043696	chr13	50656285.0	50656399.0	sense	0.8038632722093645	0.09481781340906585	0.15
Hoxa11	74	86	0.4277445082630628	0.8836116388361164	chr13	50656285.0	50656399.0	antisense	0.9140516227261736	0.03902927600356896	0.15
CREB3	66	80	0.4276527383080984	0.8041195880411959	chr13	50656285.0	50656399.0	antisense	0.8730921886890809	0.058939897273631386	0.15
Rxra	66	80	0.42611972708699053	0.37546245375462456	chr13	50656285.0	50656399.0	antisense	0.7857166090619854	0.10473406631834829	0.15
HSF2	77	90	0.42158009080417325	0.635036496350365	chr13	50656285.0	50656399.0	sense	0.8038632722093645	0.09481781340906585	0.15
GATA3	71	79	0.42085241433995546	0.3427657234276572	chr13	50656285.0	50656399.0	antisense	0.7857166090619854	0.10473406631834829	0.15
BSX	69	77	0.42047948510200983	0.6839316068393161	chr13	50656285.0	50656399.0	sense	0.8216678332166784	0.08530371452320068	0.15
LIN54	71	80	0.4199110891213544	0.5344465553444655	chr13	50656285.0	50656399.0	sense	0.7908827761291668	0.10188788243526313	0.15
RXRG	66	80	0.41957634026936663	0.40115988401159886	chr13	50656285.0	50656399.0	antisense	0.7908827761291668	0.10188788243526313	0.15
JUN	72	85	0.41846418135709473	0.720927907209279	chr13	50656285.0	50656399.0	antisense	0.8370505231356059	0.07724832784091226	0.15
ETV2	74	85	0.4177343027682898	0.5925407459254075	chr13	50656285.0	50656399.0	antisense	0.8021417555214175	0.0957488758547297	0.15
SOX4	67	83	0.4170487033338864	0.3214678532146785	chr13	50656285.0	50656399.0	sense	0.7857166090619854	0.10473406631834829	0.15
FOSL1	72	83	0.4156853790409085	0.6087391260873912	chr13	50656285.0	50656399.0	sense	0.8021417555214175	0.0957488758547297	0.15
RAX	72	82	0.4138160917197925	0.7813218678132187	chr13	50656285.0	50656399.0	antisense	0.8591229860064842	0.0659446611737269	0.15
RXRB	66	80	0.4092294655920234	0.393960603939606	chr13	50656285.0	50656399.0	antisense	0.7908827761291668	0.10188788243526313	0.15
SMAD3	69	79	0.40792329912703296	0.45945405459454053	chr13	50656285.0	50656399.0	sense	0.7908827761291668	0.10188788243526313	0.15
DUX4	74	85	0.40490219196953153	0.5469453054694531	chr13	50656285.0	50656399.0	antisense	0.7929179149124195	0.10077176973884834	0.15
Atf1	87	95	0.40474300555328463	0.6342365763423657	chr13	50656285.0	50656399.0	antisense	0.8038632722093645	0.09481781340906585	0.15
RXRA::VDR	66	81	0.4020227806182771	0.6003399660033997	chr13	50656285.0	50656399.0	sense	0.8021417555214175	0.0957488758547297	0.15
MSC	68	78	0.39978277666951423	0.620937906209379	chr13	50656285.0	50656399.0	sense	0.8038632722093645	0.09481781340906585	0.15
OLIG1	68	78	0.396652417088927	0.5134486551344866	chr13	50656285.0	50656399.0	antisense	0.7908827761291668	0.10188788243526313	0.15
NOTO	67	77	0.39559746618088126	0.8448155184481552	chr13	50656285.0	50656399.0	sense	0.8929923708240174	0.049152251439767244	0.15
EN1	73	81	0.3953813020836447	0.6953304669533047	chr13	50656285.0	50656399.0	antisense	0.8282981770472839	0.08181329445319145	0.15
RFX2	66	82	0.3951915428522735	0.7105289471052895	chr13	50656285.0	50656399.0	antisense	0.8351307403196332	0.07824553007964612	0.15
Lhx8	73	81	0.3947105379961577	0.7015298470152985	chr13	50656285.0	50656399.0	antisense	0.8312648187236071	0.08026059957452022	0.15
XBP1	67	81	0.39303914457338207	0.8597140285971403	chr13	50656285.0	50656399.0	antisense	0.899231606014449	0.04612843701028731	0.15
NFATC2	71	78	0.3892188300198249	0.5938406159384062	chr13	50656285.0	50656399.0	sense	0.8021417555214175	0.0957488758547297	0.15
SPI1	68	82	0.38787872397290546	0.4901509849015098	chr13	50656285.0	50656399.0	antisense	0.7908827761291668	0.10188788243526313	0.15
MEIS1	88	95	0.3877087072722843	0.8423157684231577	chr13	50656285.0	50656399.0	antisense	0.8921671098196302	0.04955379127948841	0.15
GRHL1	68	80	0.38681780757984263	0.8098190180981902	chr13	50656285.0	50656399.0	antisense	0.8756168133186683	0.057685907837985585	0.15
MYBL2	67	82	0.38497775034969633	0.8841115888411158	chr13	50656285.0	50656399.0	antisense	0.9140516227261736	0.03902927600356896	0.15
NKX6-1	73	81	0.38340432736049485	0.6742325767423257	chr13	50656285.0	50656399.0	antisense	0.8198895063764653	0.0862446720118266	0.15
LBX1	69	77	0.38291080313258036	0.6374362563743625	chr13	50656285.0	50656399.0	antisense	0.8049377543997425	0.09423770219848127	0.15
Shox2	73	81	0.3811104001772073	0.6748325167483251	chr13	50656285.0	50656399.0	antisense	0.8198895063764653	0.0862446720118266	0.15
OTX1	77	85	0.3795070504627232	0.7546245375462454	chr13	50656285.0	50656399.0	sense	0.8432630084539521	0.07403695051682944	0.15
GSC	76	86	0.379210452147874	0.9141085891410858	chr13	50656285.0	50656399.0	sense	0.9357442953929458	0.028842811808428903	0.15
SREBF1	81	91	0.3738973766229593	0.5932406759324068	chr13	50656285.0	50656399.0	antisense	0.8021417555214175	0.0957488758547297	0.15
JUND	72	83	0.372789107364148	0.712928707129287	chr13	50656285.0	50656399.0	sense	0.8352370180589164	0.07819026579960886	0.15
VSX2	69	77	0.37201371448310866	0.7258274172582742	chr13	50656285.0	50656399.0	sense	0.8390426444081255	0.0762159655592868	0.15
ZNF410	73	90	0.3718616272530658	0.5314468553144686	chr13	50656285.0	50656399.0	antisense	0.7908827761291668	0.10188788243526313	0.15
GLIS3	76	90	0.3682265554917511	0.5135486451354865	chr13	50656285.0	50656399.0	antisense	0.7908827761291668	0.10188788243526313	0.15
MEIS3	72	80	0.3677302882599729	0.8763123687631237	chr13	50656285.0	50656399.0	antisense	0.9114351089941106	0.04027424616312702	0.15
Lhx3	67	80	0.36763309212962325	0.5935406459354065	chr13	50656285.0	50656399.0	antisense	0.8021417555214175	0.0957488758547297	0.15
HOXC12	77	88	0.3642238322358073	0.7452254774522548	chr13	50656285.0	50656399.0	antisense	0.8426405725440528	0.07435763373541543	0.15
PDX1	69	77	0.3637007466175608	0.6672332766723328	chr13	50656285.0	50656399.0	antisense	0.8198895063764653	0.0862446720118266	0.15
HOXC11	75	86	0.36213168662586304	0.8141185881411859	chr13	50656285.0	50656399.0	antisense	0.8766131685586628	0.057192009623873705	0.15
TFAP4	68	78	0.3615976054099864	0.6934306569343066	chr13	50656285.0	50656399.0	antisense	0.8282981770472839	0.08181329445319145	0.15
GATA5	71	79	0.3614883949483221	0.835916408359164	chr13	50656285.0	50656399.0	antisense	0.8890176556114879	0.05108961399209909	0.15
TBX20	83	94	0.3595712608525341	0.7307269273072693	chr13	50656285.0	50656399.0	sense	0.8390426444081255	0.0762159655592868	0.15
Msx3	69	77	0.358980522035633	0.6547345265473453	chr13	50656285.0	50656399.0	antisense	0.8148854179330269	0.08890345366225845	0.15
NEUROG2	67	77	0.3566553906120654	0.6211378862113789	chr13	50656285.0	50656399.0	antisense	0.8038632722093645	0.09481781340906585	0.15
IRF8	78	92	0.35580977478340364	0.5084491550844915	chr13	50656285.0	50656399.0	antisense	0.7908827761291668	0.10188788243526313	0.15
REL	67	77	0.35443560155892373	0.8868113188681132	chr13	50656285.0	50656399.0	sense	0.915020028812228	0.0385693995866341	0.15
FOXC1	69	80	0.35342294249258704	0.7525247475252475	chr13	50656285.0	50656399.0	antisense	0.8432630084539521	0.07403695051682944	0.15
TEAD3	86	94	0.3513374919327086	0.6316368363163684	chr13	50656285.0	50656399.0	antisense	0.8038632722093645	0.09481781340906585	0.15
EMX2	75	85	0.3507557486403392	0.8825117488251175	chr13	50656285.0	50656399.0	antisense	0.9140516227261736	0.03902927600356896	0.15
HOXD11	77	87	0.3494681752964598	0.762023797620238	chr13	50656285.0	50656399.0	antisense	0.8432630084539521	0.07403695051682944	0.15
Crx	77	88	0.3483532748357661	0.7611238876112388	chr13	50656285.0	50656399.0	antisense	0.8432630084539521	0.07403695051682944	0.15
ISX	73	81	0.3480586392111517	0.6059394060593941	chr13	50656285.0	50656399.0	antisense	0.8021417555214175	0.0957488758547297	0.15
PAX3	70	80	0.346430377197418	0.5333466653334666	chr13	50656285.0	50656399.0	antisense	0.7908827761291668	0.10188788243526313	0.15
IRF9	78	93	0.3463427318525345	0.46655334466553344	chr13	50656285.0	50656399.0	antisense	0.7908827761291668	0.10188788243526313	0.15
PHOX2A	69	80	0.34531023570974895	0.7598240175982401	chr13	50656285.0	50656399.0	sense	0.8432630084539521	0.07403695051682944	0.15
MEF2D	69	81	0.3420168886077471	0.5468453154684532	chr13	50656285.0	50656399.0	antisense	0.7929179149124195	0.10077176973884834	0.15
PAX7	70	80	0.3411604308136228	0.5127487251274873	chr13	50656285.0	50656399.0	antisense	0.7908827761291668	0.10188788243526313	0.15
E2F8	80	92	0.33737748012129565	0.5114488551144886	chr13	50656285.0	50656399.0	antisense	0.7908827761291668	0.10188788243526313	0.15
Crem	66	76	0.3372828843909131	0.8569143085691431	chr13	50656285.0	50656399.0	antisense	0.8984616689846167	0.046500446438775385	0.15
MEF2A	72	84	0.33659963051853553	0.6283371662833717	chr13	50656285.0	50656399.0	antisense	0.8038632722093645	0.09481781340906585	0.15
OTX2	73	81	0.33360005999574843	0.8383161683831617	chr13	50656285.0	50656399.0	sense	0.8897466081612697	0.05073365891237365	0.15
SREBF2	81	91	0.32942731300690736	0.728027197280272	chr13	50656285.0	50656399.0	sense	0.8390426444081255	0.0762159655592868	0.15
HNF1A	68	83	0.3293895434847187	0.8708129187081292	chr13	50656285.0	50656399.0	antisense	0.9075339454006407	0.04213712163678617	0.15
JDP2	73	82	0.3276882269178106	0.5720427957204279	chr13	50656285.0	50656399.0	sense	0.7986499737123063	0.09764351829837667	0.15
TGIF2	66	78	0.3263478676456291	0.7362263773622638	chr13	50656285.0	50656399.0	antisense	0.840239712292507	0.07559679623063308	0.15
Rarg	73	89	0.32522526621533443	0.5982401759824018	chr13	50656285.0	50656399.0	antisense	0.8021417555214175	0.0957488758547297	0.15
FOXB1	69	80	0.32502106729160185	0.789021097890211	chr13	50656285.0	50656399.0	antisense	0.8621093680105674	0.06443763567117704	0.15
Sox1	68	83	0.3187390366222025	0.7158284171582842	chr13	50656285.0	50656399.0	sense	0.8367453795161024	0.07740667712519066	0.15
Phox2b	69	80	0.3166867529709514	0.7399260073992601	chr13	50656285.0	50656399.0	sense	0.840309842101129	0.07556054976727887	0.15
NFIL3	70	81	0.31651862190898866	0.8015198480151985	chr13	50656285.0	50656399.0	antisense	0.8720939226832033	0.05943673994534829	0.15
E2F3	77	95	0.3162821770872958	0.7777222277772223	chr13	50656285.0	50656399.0	antisense	0.8569805439838182	0.06702903774586005	0.15
NFKB2	74	87	0.3113336801474436	0.8072192780721927	chr13	50656285.0	50656399.0	sense	0.8746279860531692	0.0581766303595511	0.15
EWSR1-FLI1	67	85	0.3106126881609121	0.3183681631836816	chr13	50656285.0	50656399.0	antisense	0.7857166090619854	0.10473406631834829	0.15
PPARG	72	92	0.3104506695138239	0.9907009299070093	chr13	50656285.0	50656399.0	sense	0.9916008399160084	0.0036631140434525192	0.15
Atf3	68	76	0.3092876021637151	0.8204179582041796	chr13	50656285.0	50656399.0	antisense	0.8797457031156388	0.05564284568370529	0.15
MEIS2	82	90	0.30110173375222515	0.8921107889211078	chr13	50656285.0	50656399.0	sense	0.9186617052580456	0.03684438696833228	0.15
PAX4	69	77	0.2996274118420697	0.8516148385161484	chr13	50656285.0	50656399.0	antisense	0.8965275886204483	0.04743634146011516	0.15
STAT1	72	83	0.2941464914081817	0.8564143585641436	chr13	50656285.0	50656399.0	antisense	0.8984616689846167	0.046500446438775385	0.15
MEF2B	69	81	0.2875223626781332	0.6747325267473253	chr13	50656285.0	50656399.0	antisense	0.8198895063764653	0.0862446720118266	0.15
NR3C2	66	83	0.2873288413617966	0.9415058494150585	chr13	50656285.0	50656399.0	antisense	0.9581206585223832	0.018579795690962873	0.15
HOXC10	77	87	0.2832659920769034	0.9251074892510749	chr13	50656285.0	50656399.0	antisense	0.9451393443332832	0.024504157613742288	0.15
E2F2	78	94	0.2829845838203029	0.7294270572942706	chr13	50656285.0	50656399.0	antisense	0.8390426444081255	0.0762159655592868	0.15
HNF1B	69	82	0.2790925539429775	0.8611138886111389	chr13	50656285.0	50656399.0	antisense	0.899231606014449	0.04612843701028731	0.15
BATF3	77	91	0.27122492909585094	0.7366263373662634	chr13	50656285.0	50656399.0	sense	0.840239712292507	0.07559679623063308	0.15
E2F7	81	95	0.26195376692979777	0.5973402659734026	chr13	50656285.0	50656399.0	sense	0.8021417555214175	0.0957488758547297	0.15
PKNOX1	66	78	0.2596057901200929	0.6974302569743026	chr13	50656285.0	50656399.0	antisense	0.8282981770472839	0.08181329445319145	0.15
SRF	68	84	0.2584154728958578	0.9405059494050595	chr13	50656285.0	50656399.0	antisense	0.9581206585223832	0.018579795690962873	0.15
PKNOX2	66	78	0.2584047348926773	0.7044295570442956	chr13	50656285.0	50656399.0	antisense	0.8327994079863084	0.07945959222515099	0.15
ATF7	70	84	0.2547416417438465	0.9601039896010399	chr13	50656285.0	50656399.0	antisense	0.9732304113338667	0.011784328771088605	0.15
TGIF1	66	78	0.24883305437243233	0.7179282071792821	chr13	50656285.0	50656399.0	antisense	0.8370505231356059	0.07724832784091226	0.15
SOX21	68	83	0.24746971009316315	0.7203279672032796	chr13	50656285.0	50656399.0	antisense	0.8370505231356059	0.07724832784091226	0.15
Sox11	68	83	0.24070191104717192	0.6577342265773423	chr13	50656285.0	50656399.0	sense	0.815206784810779	0.0887322144363454	0.15
PROP1	84	95	0.23890375053226534	0.742025797420258	chr13	50656285.0	50656399.0	antisense	0.8408545608321264	0.07527911584335399	0.15
RARA	70	88	0.2346718763973528	0.7601239876012399	chr13	50656285.0	50656399.0	antisense	0.8432630084539521	0.07403695051682944	0.15
NFKB1	74	87	0.21345236231914855	0.8337166283371663	chr13	50656285.0	50656399.0	antisense	0.888498829788479	0.05134313985276058	0.15
NR3C1	67	84	0.2106860662492575	0.9797020297970203	chr13	50656285.0	50656399.0	sense	0.9904437571807022	0.004170181043732019	0.15
RORA(var.2)	67	81	0.20840196865507382	0.9564043595640436	chr13	50656285.0	50656399.0	antisense	0.971377421944694	0.012611995199802876	0.15
RELA	67	77	0.20509418762533077	0.9000099990001	chr13	50656285.0	50656399.0	sense	0.9249607712496077	0.03387668584593918	0.15
MYBL1	73	85	0.20002004860658645	0.9916008399160084	chr13	50656285.0	50656399.0	antisense	0.9916008399160084	0.0036631140434525192	0.15
JDP2(var.2)	71	83	0.19123851826046698	0.9809019098090191	chr13	50656285.0	50656399.0	antisense	0.9904437571807022	0.004170181043732019	0.15
ESR1	77	94	0.18390182343220868	0.9869013098690131	chr13	50656285.0	50656399.0	antisense	0.9916008399160084	0.0036631140434525192	0.15
Creb5	71	83	0.1838891193025934	0.9853014698530147	chr13	50656285.0	50656399.0	antisense	0.9916008399160084	0.0036631140434525192	0.15
PROX1	77	89	0.1526671791323932	0.9912008799120088	chr13	50656285.0	50656399.0	antisense	0.9916008399160084	0.0036631140434525192	0.15
SOX8	69	85	0.11879440426863343	0.9044095590440956	chr13	50656285.0	50656399.0	antisense	0.9276453777547147	0.032618015072371366	0.15
