motif	start	end	score	pval	tile_chr	tile_start	tile_end	strand	padj	neg_log_pval	fdr_cutoff
Gmeb1	3	20	1.6448748989948052	0.0192980701929807	chr11	65265021.0	65265135.0	antisense	0.3750579487505795	0.42590162593015957	0.15
RARA::RXRA	5	22	1.502901045023502	0.0005999400059994001	chr11	65265021.0	65265135.0	sense	0.31136886311368867	0.5067248190447611	0.15
GATA1::TAL1	1	19	1.4930582831370947	0.0032996700329967	chr11	65265021.0	65265135.0	antisense	0.3750579487505795	0.42590162593015957	0.15
Hes2	9	22	1.379029115977156	0.017998200179982	chr11	65265021.0	65265135.0	sense	0.3750579487505795	0.42590162593015957	0.15
Hes1	7	17	1.302535406967008	0.0664933506649335	chr11	65265021.0	65265135.0	sense	0.38028517148285174	0.41989060876861084	0.15
ESR2	5	20	1.2918437578618716	0.0058994100589941	chr11	65265021.0	65265135.0	antisense	0.3750579487505795	0.42590162593015957	0.15
EGR4	2	18	1.2828122072639556	0.008099190080991902	chr11	65265021.0	65265135.0	sense	0.3750579487505795	0.42590162593015957	0.15
TBP	3	18	1.2718444665021107	0.027197280271972803	chr11	65265021.0	65265135.0	antisense	0.3750579487505795	0.42590162593015957	0.15
THAP1	3	12	1.1799222583277889	0.026797320267973202	chr11	65265021.0	65265135.0	antisense	0.3750579487505795	0.42590162593015957	0.15
Pou2f3	6	22	1.1331539852078052	0.014098590140985901	chr11	65265021.0	65265135.0	sense	0.3750579487505795	0.42590162593015957	0.15
ZBTB7A	3	15	1.0954328599105745	0.014298570142985701	chr11	65265021.0	65265135.0	sense	0.3750579487505795	0.42590162593015957	0.15
ZNF263	5	26	1.084688933334458	0.026797320267973202	chr11	65265021.0	65265135.0	sense	0.3750579487505795	0.42590162593015957	0.15
Nr5a2	4	19	1.0817381984379992	0.011698830116988301	chr11	65265021.0	65265135.0	sense	0.3750579487505795	0.42590162593015957	0.15
Six3	7	24	1.0734892362906687	0.0230976902309769	chr11	65265021.0	65265135.0	antisense	0.3750579487505795	0.42590162593015957	0.15
Pparg::Rxra	3	18	1.0596479903375677	0.0446955304469553	chr11	65265021.0	65265135.0	sense	0.3780907623523362	0.4224039333447253	0.15
Rhox11	1	18	1.043513749697119	0.06669333066693331	chr11	65265021.0	65265135.0	antisense	0.38028517148285174	0.41989060876861084	0.15
EGR3	2	17	1.0291181280648887	0.004199580041995801	chr11	65265021.0	65265135.0	sense	0.3750579487505795	0.42590162593015957	0.15
PPARG	3	23	1.0165100618626197	0.013298670132986702	chr11	65265021.0	65265135.0	sense	0.3750579487505795	0.42590162593015957	0.15
NFAT5	9	19	1.0106289204278394	0.0201979802019798	chr11	65265021.0	65265135.0	antisense	0.3750579487505795	0.42590162593015957	0.15
HIC2	3	12	0.9922476838011665	0.0221977802219778	chr11	65265021.0	65265135.0	antisense	0.3750579487505795	0.42590162593015957	0.15
GSC2	3	13	0.9882763464606987	0.06579342065793421	chr11	65265021.0	65265135.0	antisense	0.38028517148285174	0.41989060876861084	0.15
RARA(var.2)	5	22	0.9867634637371474	0.004399560043995601	chr11	65265021.0	65265135.0	sense	0.3750579487505795	0.42590162593015957	0.15
MZF1(var.2)	8	18	0.9861457937842342	0.0225977402259774	chr11	65265021.0	65265135.0	sense	0.3750579487505795	0.42590162593015957	0.15
NFATC3	9	19	0.9817250612940472	0.0458954104589541	chr11	65265021.0	65265135.0	antisense	0.3780907623523362	0.4224039333447253	0.15
ZBTB7C	4	16	0.9779358345375407	0.052094790520947905	chr11	65265021.0	65265135.0	sense	0.38028517148285174	0.41989060876861084	0.15
NFATC1	9	19	0.9753068772721866	0.0678932106789321	chr11	65265021.0	65265135.0	antisense	0.38028517148285174	0.41989060876861084	0.15
Arid5a	7	21	0.9741995881186644	0.08809119088091191	chr11	65265021.0	65265135.0	antisense	0.38028517148285174	0.41989060876861084	0.15
EGR2	4	15	0.9697989103138093	0.006399360063993601	chr11	65265021.0	65265135.0	sense	0.3750579487505795	0.42590162593015957	0.15
IRF2	6	24	0.9697224888369875	0.009799020097990201	chr11	65265021.0	65265135.0	sense	0.3750579487505795	0.42590162593015957	0.15
Nr1h3::Rxra	8	27	0.9691386405461724	0.08049195080491951	chr11	65265021.0	65265135.0	antisense	0.38028517148285174	0.41989060876861084	0.15
Hoxd9	8	18	0.9670525995075898	0.024897510248975102	chr11	65265021.0	65265135.0	sense	0.3750579487505795	0.42590162593015957	0.15
ESR1	4	21	0.9634260461580265	0.0031996800319968005	chr11	65265021.0	65265135.0	sense	0.3750579487505795	0.42590162593015957	0.15
RFX4	3	19	0.9536793365599924	0.025197480251974803	chr11	65265021.0	65265135.0	antisense	0.3750579487505795	0.42590162593015957	0.15
HINFP	4	16	0.9144217006338219	0.028597140285971403	chr11	65265021.0	65265135.0	antisense	0.3750579487505795	0.42590162593015957	0.15
STAT1::STAT2	6	21	0.9024119440670654	0.023297670232976703	chr11	65265021.0	65265135.0	antisense	0.3750579487505795	0.42590162593015957	0.15
ID4	7	17	0.9009853950204152	0.019598040195980403	chr11	65265021.0	65265135.0	antisense	0.3750579487505795	0.42590162593015957	0.15
NR4A2	10	18	0.8937111658808782	0.014198580141985802	chr11	65265021.0	65265135.0	sense	0.3750579487505795	0.42590162593015957	0.15
RFX3	3	19	0.8914765088136581	0.028997100289971003	chr11	65265021.0	65265135.0	antisense	0.3750579487505795	0.42590162593015957	0.15
Dmbx1	5	22	0.8895658019620016	0.1045895410458954	chr11	65265021.0	65265135.0	sense	0.38992196670743884	0.4090222976381308	0.15
DMRT3	10	21	0.8862966330087318	0.038396160383961604	chr11	65265021.0	65265135.0	antisense	0.3780907623523362	0.4224039333447253	0.15
TCF3	7	17	0.8789714955173601	0.021997800219978002	chr11	65265021.0	65265135.0	antisense	0.3750579487505795	0.42590162593015957	0.15
Barhl1	6	16	0.873742379012414	0.15698430156984303	chr11	65265021.0	65265135.0	sense	0.40737426257374265	0.3900064126831522	0.15
Myod1	10	23	0.8733547333964317	0.030896910308969103	chr11	65265021.0	65265135.0	antisense	0.3750579487505795	0.42590162593015957	0.15
NR2F1	2	15	0.8690002629600871	0.0387961203879612	chr11	65265021.0	65265135.0	sense	0.3780907623523362	0.4224039333447253	0.15
FOXP1	7	22	0.8653112797946988	0.0413958604139586	chr11	65265021.0	65265135.0	sense	0.3780907623523362	0.4224039333447253	0.15
NRF1	5	16	0.864242373091899	0.020897910208979104	chr11	65265021.0	65265135.0	antisense	0.3750579487505795	0.42590162593015957	0.15
Gata1	10	21	0.863130258671332	0.019498050194980503	chr11	65265021.0	65265135.0	antisense	0.3750579487505795	0.42590162593015957	0.15
Rfx1	4	18	0.8608373047307609	0.0347965203479652	chr11	65265021.0	65265135.0	sense	0.3780907623523362	0.4224039333447253	0.15
POU5F1B	9	18	0.8602997284614774	0.031796820317968204	chr11	65265021.0	65265135.0	sense	0.3750579487505795	0.42590162593015957	0.15
Hmx3	4	21	0.858032298979666	0.10568943105689431	chr11	65265021.0	65265135.0	sense	0.38992196670743884	0.4090222976381308	0.15
FOXC2	9	21	0.8549316389556977	0.0375962403759624	chr11	65265021.0	65265135.0	sense	0.3780907623523362	0.4224039333447253	0.15
Nfe2l2	5	20	0.8531299044266925	0.04409559044095591	chr11	65265021.0	65265135.0	antisense	0.3780907623523362	0.4224039333447253	0.15
Gata4	9	20	0.8524953136917139	0.029097090290970903	chr11	65265021.0	65265135.0	antisense	0.3750579487505795	0.42590162593015957	0.15
SP8	1	13	0.8473504165168636	0.0415958404159584	chr11	65265021.0	65265135.0	sense	0.3780907623523362	0.4224039333447253	0.15
TFAP2C	5	17	0.844659097725026	0.08509149085091491	chr11	65265021.0	65265135.0	antisense	0.38028517148285174	0.41989060876861084	0.15
TFAP2A(var.2)	5	17	0.8418661170018144	0.07269273072692731	chr11	65265021.0	65265135.0	antisense	0.38028517148285174	0.41989060876861084	0.15
PRDM1	7	22	0.8372257022975054	0.06319368063193681	chr11	65265021.0	65265135.0	sense	0.38028517148285174	0.41989060876861084	0.15
CUX2	8	18	0.8350860258786094	0.0314968503149685	chr11	65265021.0	65265135.0	sense	0.3750579487505795	0.42590162593015957	0.15
Rarb(var.2)	5	22	0.8348733423062672	0.0091990800919908	chr11	65265021.0	65265135.0	sense	0.3750579487505795	0.42590162593015957	0.15
Foxk1	7	24	0.834432029631121	0.0760923907609239	chr11	65265021.0	65265135.0	sense	0.38028517148285174	0.41989060876861084	0.15
TFAP2B	5	17	0.8307817184444211	0.07849215078492151	chr11	65265021.0	65265135.0	antisense	0.38028517148285174	0.41989060876861084	0.15
Hmx2	4	21	0.8290277595892457	0.10788921107889211	chr11	65265021.0	65265135.0	sense	0.38992196670743884	0.4090222976381308	0.15
IRF1	3	24	0.8222109366133031	0.0841915808419158	chr11	65265021.0	65265135.0	antisense	0.38028517148285174	0.41989060876861084	0.15
POU2F2	8	21	0.821181835912413	0.035096490350964904	chr11	65265021.0	65265135.0	antisense	0.3780907623523362	0.4224039333447253	0.15
Zfx	9	23	0.8210365142000157	0.0841915808419158	chr11	65265021.0	65265135.0	antisense	0.38028517148285174	0.41989060876861084	0.15
Esrrg	8	18	0.8194635249091995	0.0207979202079792	chr11	65265021.0	65265135.0	sense	0.3750579487505795	0.42590162593015957	0.15
CUX1	8	18	0.8179500759201365	0.036696330366963306	chr11	65265021.0	65265135.0	sense	0.3780907623523362	0.4224039333447253	0.15
GATA2	10	24	0.8124866626880288	0.0654934506549345	chr11	65265021.0	65265135.0	antisense	0.38028517148285174	0.41989060876861084	0.15
GSX1	7	17	0.8102837219298176	0.2196780321967803	chr11	65265021.0	65265135.0	sense	0.4108650286050532	0.3863008227931331	0.15
Pou5f1::Sox2	9	24	0.8101292473607572	0.07179282071792821	chr11	65265021.0	65265135.0	sense	0.38028517148285174	0.41989060876861084	0.15
NRL	7	18	0.8058606431893972	0.1790820917908209	chr11	65265021.0	65265135.0	antisense	0.4108650286050532	0.3863008227931331	0.15
Foxj3	3	20	0.804597326987209	0.13388661133886612	chr11	65265021.0	65265135.0	sense	0.40108063661718935	0.39676830439406313	0.15
CDX1	8	17	0.801308813076841	0.05499450054994501	chr11	65265021.0	65265135.0	sense	0.38028517148285174	0.41989060876861084	0.15
Foxa2	7	19	0.7971280201307189	0.0420957904209579	chr11	65265021.0	65265135.0	antisense	0.3780907623523362	0.4224039333447253	0.15
FOXF2	7	21	0.794430340225856	0.05349465053494651	chr11	65265021.0	65265135.0	sense	0.38028517148285174	0.41989060876861084	0.15
HOXB13	8	18	0.7935656266330352	0.0382961703829617	chr11	65265021.0	65265135.0	sense	0.3780907623523362	0.4224039333447253	0.15
LBX2	3	13	0.7916275327087159	0.18368163183681632	chr11	65265021.0	65265135.0	sense	0.4108650286050532	0.3863008227931331	0.15
Tcfl5	1	11	0.7874918868784533	0.2672732726727327	chr11	65265021.0	65265135.0	sense	0.44467054891954894	0.3519616334592732	0.15
TCF7L2	3	17	0.78396467025462	0.08399160083991601	chr11	65265021.0	65265135.0	sense	0.38028517148285174	0.41989060876861084	0.15
Klf4	1	11	0.7830155978502923	0.023897610238976102	chr11	65265021.0	65265135.0	antisense	0.3750579487505795	0.42590162593015957	0.15
Bcl6	2	16	0.7821325547707958	0.0786921307869213	chr11	65265021.0	65265135.0	antisense	0.38028517148285174	0.41989060876861084	0.15
SP3	1	12	0.7818791419015244	0.0663933606639336	chr11	65265021.0	65265135.0	sense	0.38028517148285174	0.41989060876861084	0.15
SNAI2	7	16	0.7793951760803283	0.06509349065093491	chr11	65265021.0	65265135.0	sense	0.38028517148285174	0.41989060876861084	0.15
FOXA1	8	23	0.777769301891379	0.0867913208679132	chr11	65265021.0	65265135.0	antisense	0.38028517148285174	0.41989060876861084	0.15
Dlx1	7	17	0.7773109324329696	0.1867813218678132	chr11	65265021.0	65265135.0	sense	0.4108650286050532	0.3863008227931331	0.15
Npas2	7	17	0.7757076198056757	0.04559544045595441	chr11	65265021.0	65265135.0	sense	0.3780907623523362	0.4224039333447253	0.15
RFX2	3	19	0.7750641208642347	0.030296970302969704	chr11	65265021.0	65265135.0	antisense	0.3750579487505795	0.42590162593015957	0.15
Nkx2-5(var.2)	2	13	0.7740979432410642	0.04789521047895211	chr11	65265021.0	65265135.0	sense	0.38028517148285174	0.41989060876861084	0.15
HOXA10	6	17	0.7678067229294981	0.12498750124987501	chr11	65265021.0	65265135.0	sense	0.3934570179345701	0.40510270394889125	0.15
POU2F1	7	19	0.7670036003715266	0.0968903109689031	chr11	65265021.0	65265135.0	sense	0.38681593379123624	0.4124956446844763	0.15
HLTF	6	16	0.7667852737062847	0.1446855314468553	chr11	65265021.0	65265135.0	antisense	0.40108063661718935	0.39676830439406313	0.15
POU4F1	10	24	0.7666808298379938	0.12068793120687932	chr11	65265021.0	65265135.0	sense	0.3934570179345701	0.40510270394889125	0.15
Pax2	12	20	0.7638733612219097	0.17718228177182282	chr11	65265021.0	65265135.0	sense	0.4108650286050532	0.3863008227931331	0.15
ISL2	8	16	0.7554937776024399	0.104989501049895	chr11	65265021.0	65265135.0	sense	0.38992196670743884	0.4090222976381308	0.15
MNX1	7	17	0.7543355956942924	0.11868813118688132	chr11	65265021.0	65265135.0	sense	0.3934570179345701	0.40510270394889125	0.15
RUNX1	9	20	0.75306899229474	0.12108789121087891	chr11	65265021.0	65265135.0	antisense	0.3934570179345701	0.40510270394889125	0.15
BARHL2	3	13	0.7529869611833887	0.13238676132386762	chr11	65265021.0	65265135.0	antisense	0.40108063661718935	0.39676830439406313	0.15
POU1F1	7	21	0.7528679931486525	0.0862913708629137	chr11	65265021.0	65265135.0	sense	0.38028517148285174	0.41989060876861084	0.15
ZBTB7B	4	16	0.752673310988574	0.06429357064293571	chr11	65265021.0	65265135.0	sense	0.38028517148285174	0.41989060876861084	0.15
Spz1	10	21	0.7503746534225211	0.0613938606139386	chr11	65265021.0	65265135.0	sense	0.38028517148285174	0.41989060876861084	0.15
Rarg(var.2)	10	27	0.749573349930804	0.016798320167983202	chr11	65265021.0	65265135.0	sense	0.3750579487505795	0.42590162593015957	0.15
Mitf	12	22	0.7484540250707847	0.20587941205879412	chr11	65265021.0	65265135.0	sense	0.4108650286050532	0.3863008227931331	0.15
CENPB	3	18	0.7460504763276506	0.12868713128687131	chr11	65265021.0	65265135.0	sense	0.39755131629694174	0.400606804249881	0.15
POU3F1	8	20	0.7416623987458129	0.1090890910908909	chr11	65265021.0	65265135.0	sense	0.38992196670743884	0.4090222976381308	0.15
RFX5	3	19	0.7392374983283683	0.036996300369963	chr11	65265021.0	65265135.0	antisense	0.3780907623523362	0.4224039333447253	0.15
PBX1	5	17	0.7317325822529903	0.06189381061893811	chr11	65265021.0	65265135.0	sense	0.38028517148285174	0.41989060876861084	0.15
MAFK	3	18	0.7300050590705812	0.1274872512748725	chr11	65265021.0	65265135.0	sense	0.39620289468059183	0.4020823558060141	0.15
SPIB	10	17	0.7277196812920651	0.0537946205379462	chr11	65265021.0	65265135.0	sense	0.38028517148285174	0.41989060876861084	0.15
NFIX	4	13	0.7262370899405142	0.1558844115588441	chr11	65265021.0	65265135.0	sense	0.4065528120554779	0.39088303064926977	0.15
POU4F3	7	23	0.7258122387264762	0.1705829417058294	chr11	65265021.0	65265135.0	antisense	0.4108650286050532	0.3863008227931331	0.15
PAX5	3	22	0.722803699184045	0.24197580241975802	chr11	65265021.0	65265135.0	antisense	0.4242751400535622	0.37235241450691214	0.15
ESRRB	8	19	0.7223823993757698	0.025697430256974303	chr11	65265021.0	65265135.0	sense	0.3750579487505795	0.42590162593015957	0.15
OTX2	10	18	0.7221292509660153	0.0731926807319268	chr11	65265021.0	65265135.0	antisense	0.38028517148285174	0.41989060876861084	0.15
MAFF	2	20	0.7208359971379852	0.23547645235476453	chr11	65265021.0	65265135.0	sense	0.4214216509383545	0.37528315586244587	0.15
ELF5	4	15	0.7204457494836968	0.1260873912608739	chr11	65265021.0	65265135.0	sense	0.3942129883397202	0.40426907089537834	0.15
TBX19	6	26	0.7198111476838848	0.1551844815518448	chr11	65265021.0	65265135.0	antisense	0.4065528120554779	0.39088303064926977	0.15
Ar	10	27	0.7187210433568605	0.070992900709929	chr11	65265021.0	65265135.0	sense	0.38028517148285174	0.41989060876861084	0.15
TCF4	7	17	0.7157341101896257	0.05599440055994401	chr11	65265021.0	65265135.0	antisense	0.38028517148285174	0.41989060876861084	0.15
Hmx1	4	21	0.7130065751828877	0.21477852214778523	chr11	65265021.0	65265135.0	sense	0.4108650286050532	0.3863008227931331	0.15
GATA5	12	20	0.7011684880910598	0.12058794120587941	chr11	65265021.0	65265135.0	sense	0.3934570179345701	0.40510270394889125	0.15
TFAP2A	4	15	0.698149705675985	0.1222877712228777	chr11	65265021.0	65265135.0	sense	0.3934570179345701	0.40510270394889125	0.15
EGR1	1	15	0.6975448839296646	0.055194480551944806	chr11	65265021.0	65265135.0	sense	0.38028517148285174	0.41989060876861084	0.15
Arid3b	7	18	0.6972301130037981	0.1414858514148585	chr11	65265021.0	65265135.0	antisense	0.40108063661718935	0.39676830439406313	0.15
ONECUT2	5	19	0.6951055535005443	0.08709129087091291	chr11	65265021.0	65265135.0	sense	0.38028517148285174	0.41989060876861084	0.15
IRF7	6	20	0.6925554940682103	0.059494050594940506	chr11	65265021.0	65265135.0	sense	0.38028517148285174	0.41989060876861084	0.15
ONECUT1	5	19	0.691286178431404	0.07779222077792221	chr11	65265021.0	65265135.0	sense	0.38028517148285174	0.41989060876861084	0.15
Bach1::Mafk	4	19	0.6905086805563093	0.07069293070692931	chr11	65265021.0	65265135.0	antisense	0.38028517148285174	0.41989060876861084	0.15
KLF5	1	11	0.687253521030879	0.030296970302969704	chr11	65265021.0	65265135.0	sense	0.3750579487505795	0.42590162593015957	0.15
Nr2f6	3	17	0.6849778670382508	0.055394460553944605	chr11	65265021.0	65265135.0	sense	0.38028517148285174	0.41989060876861084	0.15
XBP1	10	24	0.6774576138136194	0.0963903609639036	chr11	65265021.0	65265135.0	sense	0.38681593379123624	0.4124956446844763	0.15
CDX2	9	20	0.6754884872604009	0.055194480551944806	chr11	65265021.0	65265135.0	sense	0.38028517148285174	0.41989060876861084	0.15
Neurog1	5	15	0.6737972494714686	0.35866413358664134	chr11	65265021.0	65265135.0	antisense	0.46051839260518396	0.33675301987011835	0.15
T	8	24	0.6722203388367428	0.0812918708129187	chr11	65265021.0	65265135.0	antisense	0.38028517148285174	0.41989060876861084	0.15
ZBTB18	6	19	0.6713385817516746	0.07079292070792921	chr11	65265021.0	65265135.0	antisense	0.38028517148285174	0.41989060876861084	0.15
CEBPE	3	13	0.6709740109835726	0.0862913708629137	chr11	65265021.0	65265135.0	sense	0.38028517148285174	0.41989060876861084	0.15
MEF2C	5	20	0.6691450501181457	0.16058394160583941	chr11	65265021.0	65265135.0	sense	0.4108650286050532	0.3863008227931331	0.15
Hoxa11	10	22	0.6679805836184367	0.16728327167283272	chr11	65265021.0	65265135.0	antisense	0.4108650286050532	0.3863008227931331	0.15
TP73	3	21	0.6678208102605098	0.13708629137086292	chr11	65265021.0	65265135.0	sense	0.40108063661718935	0.39676830439406313	0.15
FOXC1	9	20	0.6668261212709792	0.1075892410758924	chr11	65265021.0	65265135.0	sense	0.38992196670743884	0.4090222976381308	0.15
Esrra	7	18	0.6660136970101223	0.030896910308969103	chr11	65265021.0	65265135.0	sense	0.3750579487505795	0.42590162593015957	0.15
EN2	7	17	0.6634132444673252	0.20827917208279173	chr11	65265021.0	65265135.0	sense	0.4108650286050532	0.3863008227931331	0.15
Stat4	6	20	0.6633579122104831	0.14158584141585842	chr11	65265021.0	65265135.0	sense	0.40108063661718935	0.39676830439406313	0.15
PAX1	2	19	0.6632381745475344	0.08439156084391561	chr11	65265021.0	65265135.0	sense	0.38028517148285174	0.41989060876861084	0.15
Ahr::Arnt	9	15	0.6606966652786089	0.0408959104089591	chr11	65265021.0	65265135.0	antisense	0.3780907623523362	0.4224039333447253	0.15
FOXP2	10	21	0.6589703446580862	0.0654934506549345	chr11	65265021.0	65265135.0	sense	0.38028517148285174	0.41989060876861084	0.15
PITX3	10	19	0.6548019170827449	0.1668833116688331	chr11	65265021.0	65265135.0	antisense	0.4108650286050532	0.3863008227931331	0.15
Alx4	2	19	0.6520301655832155	0.22667733226677333	chr11	65265021.0	65265135.0	antisense	0.41515848415158485	0.3817860824364612	0.15
RORA	7	17	0.6517289408452348	0.061693830616938304	chr11	65265021.0	65265135.0	sense	0.38028517148285174	0.41989060876861084	0.15
E2F4	2	13	0.649668829575562	0.08899110088991101	chr11	65265021.0	65265135.0	sense	0.38028517148285174	0.41989060876861084	0.15
Myc	4	14	0.6480777194392462	0.06629337066293371	chr11	65265021.0	65265135.0	antisense	0.38028517148285174	0.41989060876861084	0.15
GSX2	7	17	0.6463144748005639	0.3695630436956304	chr11	65265021.0	65265135.0	sense	0.46217643295911376	0.3351922035924284	0.15
POU3F2	8	20	0.6442603419196264	0.12408759124087591	chr11	65265021.0	65265135.0	sense	0.3934570179345701	0.40510270394889125	0.15
SOX9	6	15	0.6430300179909035	0.17328267173282672	chr11	65265021.0	65265135.0	antisense	0.4108650286050532	0.3863008227931331	0.15
Mafb	6	18	0.6426434344721385	0.20587941205879412	chr11	65265021.0	65265135.0	antisense	0.4108650286050532	0.3863008227931331	0.15
HOXA13	8	18	0.642476526198799	0.10878912108789121	chr11	65265021.0	65265135.0	sense	0.38992196670743884	0.4090222976381308	0.15
FOXB1	9	20	0.6396127590580019	0.1250874912508749	chr11	65265021.0	65265135.0	sense	0.3934570179345701	0.40510270394889125	0.15
ZIC3	6	21	0.6388985792126726	0.10228977102289771	chr11	65265021.0	65265135.0	antisense	0.38992196670743884	0.4090222976381308	0.15
REST	1	22	0.6377372821480737	0.11748825117488251	chr11	65265021.0	65265135.0	sense	0.3934570179345701	0.40510270394889125	0.15
Hoxd3	10	26	0.6360810752237991	0.3361663833616638	chr11	65265021.0	65265135.0	antisense	0.46051839260518396	0.33675301987011835	0.15
SP2	1	16	0.633645526626402	0.1466853314668533	chr11	65265021.0	65265135.0	sense	0.40280257688516863	0.3949077597583663	0.15
HOXD13	8	18	0.6316658096410991	0.0908909109089091	chr11	65265021.0	65265135.0	sense	0.38028517148285174	0.41989060876861084	0.15
ESX1	6	16	0.6304865449374363	0.30556944305569445	chr11	65265021.0	65265135.0	antisense	0.458040750546794	0.33909588236659843	0.15
HNF4G	2	17	0.6295299419265301	0.2233776622337766	chr11	65265021.0	65265135.0	sense	0.41515848415158485	0.3817860824364612	0.15
STAT3	6	17	0.6294659945277955	0.0913908609139086	chr11	65265021.0	65265135.0	sense	0.38028517148285174	0.41989060876861084	0.15
CEBPB	3	13	0.6293580841192272	0.08549145085491451	chr11	65265021.0	65265135.0	sense	0.38028517148285174	0.41989060876861084	0.15
ARNT::HIF1A	8	16	0.6292412619335742	0.09779022097790221	chr11	65265021.0	65265135.0	antisense	0.38742843272924615	0.4118085102965676	0.15
ALX3	7	17	0.6273844618959468	0.30696930306969306	chr11	65265021.0	65265135.0	sense	0.458040750546794	0.33909588236659843	0.15
POU3F4	9	18	0.6238418959369899	0.06189381061893811	chr11	65265021.0	65265135.0	sense	0.38028517148285174	0.41989060876861084	0.15
Hoxd8	1	18	0.6237466036776994	0.32366763323667636	chr11	65265021.0	65265135.0	antisense	0.46051839260518396	0.33675301987011835	0.15
FIGLA	7	17	0.6234466658243357	0.1705829417058294	chr11	65265021.0	65265135.0	antisense	0.4108650286050532	0.3863008227931331	0.15
Hand1::Tcf3	9	19	0.6223240106600594	0.1733826617338266	chr11	65265021.0	65265135.0	antisense	0.4108650286050532	0.3863008227931331	0.15
Foxo1	11	22	0.6212566412531636	0.10648935106489352	chr11	65265021.0	65265135.0	antisense	0.38992196670743884	0.4090222976381308	0.15
Pax6	7	21	0.6210171085487354	0.21137886211378862	chr11	65265021.0	65265135.0	sense	0.4108650286050532	0.3863008227931331	0.15
HNF1B	6	19	0.6207003422674269	0.11538846115388461	chr11	65265021.0	65265135.0	sense	0.3934570179345701	0.40510270394889125	0.15
BHLHE23	10	22	0.6179767588954442	0.10168983101689831	chr11	65265021.0	65265135.0	sense	0.38992196670743884	0.4090222976381308	0.15
GCM1	2	13	0.6178336203904392	0.11608839116088392	chr11	65265021.0	65265135.0	antisense	0.3934570179345701	0.40510270394889125	0.15
NFIA	3	13	0.6160859825066018	0.10818918108189181	chr11	65265021.0	65265135.0	sense	0.38992196670743884	0.4090222976381308	0.15
MYBL1	3	15	0.6111917802027227	0.09679032096790322	chr11	65265021.0	65265135.0	antisense	0.38681593379123624	0.4124956446844763	0.15
Foxd3	10	22	0.6090368496352583	0.12168783121687832	chr11	65265021.0	65265135.0	antisense	0.3934570179345701	0.40510270394889125	0.15
SCRT1	9	24	0.6088398077656907	0.12008799120087991	chr11	65265021.0	65265135.0	sense	0.3934570179345701	0.40510270394889125	0.15
CEBPD	3	13	0.606300745625309	0.09159084091590841	chr11	65265021.0	65265135.0	sense	0.38028517148285174	0.41989060876861084	0.15
RXRG	3	17	0.6041142665652045	0.044295570442955706	chr11	65265021.0	65265135.0	sense	0.3780907623523362	0.4224039333447253	0.15
Rxra	3	17	0.6039358926970271	0.04329567043295671	chr11	65265021.0	65265135.0	sense	0.3780907623523362	0.4224039333447253	0.15
Dlx2	8	16	0.6033709707759601	0.14878512148785122	chr11	65265021.0	65265135.0	sense	0.4055779037480867	0.39192571378734115	0.15
Sox1	7	22	0.6033002234191799	0.0805919408059194	chr11	65265021.0	65265135.0	antisense	0.38028517148285174	0.41989060876861084	0.15
PLAG1	3	17	0.6021807144162801	0.06179382061793821	chr11	65265021.0	65265135.0	sense	0.38028517148285174	0.41989060876861084	0.15
Alx1	2	19	0.6021154225358151	0.28317168283171684	chr11	65265021.0	65265135.0	antisense	0.4562887364514322	0.3407602517124701	0.15
MAF::NFE2	1	16	0.5992429919743851	0.14088591140885912	chr11	65265021.0	65265135.0	antisense	0.40108063661718935	0.39676830439406313	0.15
Hoxb5	10	26	0.5990733984660954	0.3548645135486451	chr11	65265021.0	65265135.0	sense	0.46051839260518396	0.33675301987011835	0.15
Hic1	3	12	0.5986134949430387	0.1942805719428057	chr11	65265021.0	65265135.0	antisense	0.4108650286050532	0.3863008227931331	0.15
FOXD2	12	19	0.5984192669832357	0.10338966103389662	chr11	65265021.0	65265135.0	sense	0.38992196670743884	0.4090222976381308	0.15
MEIS3	5	13	0.5980740753333738	0.1723827617238276	chr11	65265021.0	65265135.0	sense	0.4108650286050532	0.3863008227931331	0.15
FOXH1	6	17	0.5976726956229684	0.12368763123687632	chr11	65265021.0	65265135.0	sense	0.3934570179345701	0.40510270394889125	0.15
Sox17	7	16	0.5955692169540296	0.1424857514248575	chr11	65265021.0	65265135.0	antisense	0.40108063661718935	0.39676830439406313	0.15
HNF1A	5	20	0.5955017919527934	0.18968103189681032	chr11	65265021.0	65265135.0	sense	0.4108650286050532	0.3863008227931331	0.15
HOXB3	6	16	0.5954775462438471	0.32626737326267374	chr11	65265021.0	65265135.0	antisense	0.46051839260518396	0.33675301987011835	0.15
RXRB	3	17	0.5950998627417707	0.042995700429957005	chr11	65265021.0	65265135.0	sense	0.3780907623523362	0.4224039333447253	0.15
MYBL2	2	17	0.5934206172724118	0.1556844315568443	chr11	65265021.0	65265135.0	sense	0.4065528120554779	0.39088303064926977	0.15
HOXA2	9	19	0.5929746276654742	0.31186881311868814	chr11	65265021.0	65265135.0	sense	0.458040750546794	0.33909588236659843	0.15
NR3C2	10	27	0.5897461006599017	0.1523847615238476	chr11	65265021.0	65265135.0	sense	0.4055779037480867	0.39192571378734115	0.15
POU4F2	10	26	0.5893716562927216	0.11248875112488751	chr11	65265021.0	65265135.0	sense	0.3934570179345701	0.40510270394889125	0.15
ZIC4	6	21	0.5886432357858917	0.23987601239876014	chr11	65265021.0	65265135.0	antisense	0.42325055630030217	0.3734024624027419	0.15
FOXD1	10	18	0.5885400786618913	0.07439256074392561	chr11	65265021.0	65265135.0	antisense	0.38028517148285174	0.41989060876861084	0.15
GCM2	3	13	0.5880788296660001	0.1740825917408259	chr11	65265021.0	65265135.0	antisense	0.4108650286050532	0.3863008227931331	0.15
MIXL1	12	22	0.5877294473965082	0.35356464353564643	chr11	65265021.0	65265135.0	antisense	0.46051839260518396	0.33675301987011835	0.15
CEBPG	3	13	0.5875807069400594	0.0740925907409259	chr11	65265021.0	65265135.0	antisense	0.38028517148285174	0.41989060876861084	0.15
TFAP2C(var.2)	4	15	0.5835211553421414	0.20837916208379162	chr11	65265021.0	65265135.0	sense	0.4108650286050532	0.3863008227931331	0.15
PAX9	2	19	0.5819406161821216	0.0963903609639036	chr11	65265021.0	65265135.0	antisense	0.38681593379123624	0.4124956446844763	0.15
NEUROD2	11	21	0.5773421807668458	0.18788121187881213	chr11	65265021.0	65265135.0	sense	0.4108650286050532	0.3863008227931331	0.15
MEOX1	6	16	0.5770996565119039	0.22877712228777122	chr11	65265021.0	65265135.0	sense	0.41515848415158485	0.3817860824364612	0.15
E2F6	2	13	0.5762270969466698	0.11868813118688132	chr11	65265021.0	65265135.0	sense	0.3934570179345701	0.40510270394889125	0.15
SP1	1	12	0.5759894655504295	0.072992700729927	chr11	65265021.0	65265135.0	sense	0.38028517148285174	0.41989060876861084	0.15
Stat6	3	18	0.5756403042406132	0.26817318268173185	chr11	65265021.0	65265135.0	antisense	0.44467054891954894	0.3519616334592732	0.15
Pitx1	10	18	0.5718367434480404	0.2191780821917808	chr11	65265021.0	65265135.0	antisense	0.4108650286050532	0.3863008227931331	0.15
Arntl	12	22	0.571492511762624	0.21127887211278873	chr11	65265021.0	65265135.0	sense	0.4108650286050532	0.3863008227931331	0.15
SPIC	7	21	0.568997088306419	0.2676732326767323	chr11	65265021.0	65265135.0	sense	0.44467054891954894	0.3519616334592732	0.15
VENTX	3	12	0.5678838364563673	0.14438556144385561	chr11	65265021.0	65265135.0	sense	0.40108063661718935	0.39676830439406313	0.15
GBX2	6	16	0.5677344795484527	0.21707829217078292	chr11	65265021.0	65265135.0	antisense	0.4108650286050532	0.3863008227931331	0.15
Sox3	9	19	0.5672086809484194	0.10258974102589741	chr11	65265021.0	65265135.0	antisense	0.38992196670743884	0.4090222976381308	0.15
TFAP2B(var.2)	4	15	0.5670900839387796	0.18368163183681632	chr11	65265021.0	65265135.0	sense	0.4108650286050532	0.3863008227931331	0.15
KLF16	1	12	0.5660045115482583	0.1146885311468853	chr11	65265021.0	65265135.0	sense	0.3934570179345701	0.40510270394889125	0.15
TAL1::TCF3	5	17	0.565939633077135	0.14998500149985	chr11	65265021.0	65265135.0	sense	0.4055779037480867	0.39192571378734115	0.15
ETV4	5	15	0.5655346246951418	0.21477852214778523	chr11	65265021.0	65265135.0	sense	0.4108650286050532	0.3863008227931331	0.15
NHLH1	7	17	0.5649703396939624	0.1346865313468653	chr11	65265021.0	65265135.0	sense	0.40108063661718935	0.39676830439406313	0.15
HEY2	13	23	0.564207849863677	0.1760823917608239	chr11	65265021.0	65265135.0	sense	0.4108650286050532	0.3863008227931331	0.15
IRF9	10	25	0.5640644126491982	0.062193780621937804	chr11	65265021.0	65265135.0	sense	0.38028517148285174	0.41989060876861084	0.15
Arx	3	20	0.5615379889719982	0.29957004299570045	chr11	65265021.0	65265135.0	sense	0.458040750546794	0.33909588236659843	0.15
Hoxc9	6	19	0.5605304847429627	0.22877712228777122	chr11	65265021.0	65265135.0	sense	0.41515848415158485	0.3817860824364612	0.15
ETV6	5	15	0.5593952474334577	0.16648335166483352	chr11	65265021.0	65265135.0	sense	0.4108650286050532	0.3863008227931331	0.15
GLI2	4	16	0.5588822306474784	0.192980701929807	chr11	65265021.0	65265135.0	sense	0.4108650286050532	0.3863008227931331	0.15
POU6F2	5	15	0.5548966745843379	0.18168183181681832	chr11	65265021.0	65265135.0	sense	0.4108650286050532	0.3863008227931331	0.15
NFATC2	10	17	0.5546538727111373	0.12268773122687732	chr11	65265021.0	65265135.0	antisense	0.3934570179345701	0.40510270394889125	0.15
KLF14	6	20	0.5544775979020541	0.16478352164783522	chr11	65265021.0	65265135.0	sense	0.4108650286050532	0.3863008227931331	0.15
EVX1	12	22	0.5536721626303918	0.39166083391660833	chr11	65265021.0	65265135.0	sense	0.4701693802906083	0.3277456576522344	0.15
HEY1	13	23	0.5531751131378567	0.17198280171982802	chr11	65265021.0	65265135.0	sense	0.4108650286050532	0.3863008227931331	0.15
GSC	3	13	0.5514449635317091	0.294970502949705	chr11	65265021.0	65265135.0	antisense	0.458040750546794	0.33909588236659843	0.15
ZNF740	2	12	0.5496891471624642	0.07219278072192781	chr11	65265021.0	65265135.0	sense	0.38028517148285174	0.41989060876861084	0.15
NFYA	1	19	0.5469518538645242	0.32096790320967905	chr11	65265021.0	65265135.0	sense	0.46051839260518396	0.33675301987011835	0.15
TFE3	13	23	0.5459019045329706	0.3484651534846515	chr11	65265021.0	65265135.0	antisense	0.46051839260518396	0.33675301987011835	0.15
TP53	1	19	0.544536230250072	0.19978002199780023	chr11	65265021.0	65265135.0	antisense	0.4108650286050532	0.3863008227931331	0.15
GLIS3	2	16	0.5443228446697311	0.0988901109889011	chr11	65265021.0	65265135.0	sense	0.38881793638817935	0.41025370903707525	0.15
SMAD2::SMAD3::SMAD4	5	18	0.5439419313832282	0.26007399260073993	chr11	65265021.0	65265135.0	antisense	0.4401761778219573	0.3563734650094369	0.15
MNT	7	17	0.5437803454425468	0.23217678232176783	chr11	65265021.0	65265135.0	antisense	0.41840190980901915	0.3784063417850806	0.15
ETV1	5	15	0.5432243926079072	0.24397560243975602	chr11	65265021.0	65265135.0	sense	0.42634120426341204	0.37024269240688773	0.15
Mlxip	8	16	0.5400563902815853	0.0913908609139086	chr11	65265021.0	65265135.0	sense	0.38028517148285174	0.41989060876861084	0.15
MAFG	3	24	0.539740333238536	0.46695330466953305	chr11	65265021.0	65265135.0	sense	0.5137806134640773	0.28922228703817926	0.15
EHF	3	15	0.5395253268499172	0.18858114188581143	chr11	65265021.0	65265135.0	sense	0.4108650286050532	0.3863008227931331	0.15
EVX2	12	22	0.5373332778692463	0.41645835416458354	chr11	65265021.0	65265135.0	sense	0.4857121029470087	0.31362107466653	0.15
EMX1	7	17	0.537256475055263	0.38976102389761025	chr11	65265021.0	65265135.0	sense	0.4701693802906083	0.3277456576522344	0.15
NFYB	1	16	0.53628345092517	0.30616938306169383	chr11	65265021.0	65265135.0	sense	0.458040750546794	0.33909588236659843	0.15
Prrx2	8	16	0.5316765645299983	0.3397660233976602	chr11	65265021.0	65265135.0	sense	0.46051839260518396	0.33675301987011835	0.15
NKX2-8	8	17	0.53155816435658	0.29057094290570945	chr11	65265021.0	65265135.0	sense	0.458040750546794	0.33909588236659843	0.15
NR3C1	10	27	0.5312678580550342	0.20437956204379562	chr11	65265021.0	65265135.0	sense	0.4108650286050532	0.3863008227931331	0.15
NKX6-2	7	15	0.5309095303005368	0.30126987301269875	chr11	65265021.0	65265135.0	sense	0.458040750546794	0.33909588236659843	0.15
TFEB	13	23	0.5292055562866994	0.23887611238876114	chr11	65265021.0	65265135.0	antisense	0.42312867689340283	0.3735275400326364	0.15
SOX10	8	14	0.5274480732973055	0.15178482151784822	chr11	65265021.0	65265135.0	antisense	0.4055779037480867	0.39192571378734115	0.15
RAX	7	17	0.524189207286568	0.29287071292870714	chr11	65265021.0	65265135.0	sense	0.458040750546794	0.33909588236659843	0.15
LIN54	9	18	0.524143589641501	0.1548845115488451	chr11	65265021.0	65265135.0	antisense	0.4065528120554779	0.39088303064926977	0.15
MAFG::NFE2L1	7	13	0.5240648041819117	0.1693830616938306	chr11	65265021.0	65265135.0	antisense	0.4108650286050532	0.3863008227931331	0.15
SOX21	7	22	0.5224683999721955	0.0938906109389061	chr11	65265021.0	65265135.0	sense	0.38673989743882753	0.4125810222798568	0.15
Crx	7	18	0.5214713747867552	0.22727727227277272	chr11	65265021.0	65265135.0	sense	0.41515848415158485	0.3817860824364612	0.15
TBX20	4	15	0.5205938442843674	0.20957904209579042	chr11	65265021.0	65265135.0	antisense	0.4108650286050532	0.3863008227931331	0.15
ZEB1	9	18	0.520358087924916	0.12988701129887012	chr11	65265021.0	65265135.0	antisense	0.39888378026102717	0.39915362296905044	0.15
Dlx3	8	16	0.5196585825864338	0.35166483351664835	chr11	65265021.0	65265135.0	sense	0.46051839260518396	0.33675301987011835	0.15
OTX1	10	18	0.5193916345532578	0.2181781821817818	chr11	65265021.0	65265135.0	antisense	0.4108650286050532	0.3863008227931331	0.15
GMEB2	14	22	0.517818434449846	0.21327867213278673	chr11	65265021.0	65265135.0	sense	0.4108650286050532	0.3863008227931331	0.15
JUN(var.2)	2	16	0.5172728434463759	0.32366763323667636	chr11	65265021.0	65265135.0	sense	0.46051839260518396	0.33675301987011835	0.15
ONECUT3	5	19	0.5167257684184776	0.1842815718428157	chr11	65265021.0	65265135.0	sense	0.4108650286050532	0.3863008227931331	0.15
CTCF	2	21	0.5164959368059011	0.3314668533146685	chr11	65265021.0	65265135.0	sense	0.46051839260518396	0.33675301987011835	0.15
MEOX2	6	16	0.5145260587134096	0.45135486451354867	chr11	65265021.0	65265135.0	antisense	0.5030233028199327	0.2984118955570107	0.15
Stat5a::Stat5b	7	18	0.5137915911846919	0.20707929207079293	chr11	65265021.0	65265135.0	antisense	0.4108650286050532	0.3863008227931331	0.15
Tcf12	7	18	0.5133657188647155	0.20407959204079593	chr11	65265021.0	65265135.0	sense	0.4108650286050532	0.3863008227931331	0.15
TFEC	13	23	0.5100695120685336	0.297970202979702	chr11	65265021.0	65265135.0	sense	0.458040750546794	0.33909588236659843	0.15
RAX2	8	16	0.5098871487067279	0.34206579342065796	chr11	65265021.0	65265135.0	sense	0.46051839260518396	0.33675301987011835	0.15
USF1	12	23	0.5095328368080266	0.2308769123087691	chr11	65265021.0	65265135.0	antisense	0.4175091201681225	0.37933403324522086	0.15
GATA3	12	20	0.5094552819706165	0.08999100089991001	chr11	65265021.0	65265135.0	sense	0.38028517148285174	0.41989060876861084	0.15
SMAD3	5	15	0.5085946426676266	0.10968903109689031	chr11	65265021.0	65265135.0	sense	0.38992196670743884	0.4090222976381308	0.15
Myb	7	17	0.5084962844398189	0.17278272172782722	chr11	65265021.0	65265135.0	sense	0.4108650286050532	0.3863008227931331	0.15
Myog	7	18	0.5079893509897917	0.21257874212578742	chr11	65265021.0	65265135.0	sense	0.4108650286050532	0.3863008227931331	0.15
CLOCK	7	17	0.5077113103376153	0.2405759424057594	chr11	65265021.0	65265135.0	sense	0.42325055630030217	0.3734024624027419	0.15
FOXP3	12	19	0.5066893409771298	0.1937806219378062	chr11	65265021.0	65265135.0	sense	0.4108650286050532	0.3863008227931331	0.15
Klf1	6	17	0.5062238864008939	0.1750824917508249	chr11	65265021.0	65265135.0	sense	0.4108650286050532	0.3863008227931331	0.15
Ddit3::Cebpa	2	14	0.503374175474067	0.39606039396060394	chr11	65265021.0	65265135.0	antisense	0.47145721207695745	0.3265577162926979	0.15
MEF2A	7	19	0.5028098879173774	0.14258574142585742	chr11	65265021.0	65265135.0	sense	0.40108063661718935	0.39676830439406313	0.15
YY2	3	14	0.5027316087474919	0.31926807319268075	chr11	65265021.0	65265135.0	sense	0.46051839260518396	0.33675301987011835	0.15
ZNF410	9	26	0.5027058946027781	0.14478552144785523	chr11	65265021.0	65265135.0	antisense	0.40108063661718935	0.39676830439406313	0.15
STAT1	6	17	0.5024148647420407	0.17418258174182583	chr11	65265021.0	65265135.0	sense	0.4108650286050532	0.3863008227931331	0.15
RHOXF1	10	18	0.50236726590684	0.27307269273072693	chr11	65265021.0	65265135.0	antisense	0.4450915410026395	0.3515506594375074	0.15
SRF	1	17	0.5023001856453917	0.18898110188981102	chr11	65265021.0	65265135.0	sense	0.4108650286050532	0.3863008227931331	0.15
HLF	2	14	0.5020766148402392	0.31366863313668636	chr11	65265021.0	65265135.0	antisense	0.458040750546794	0.33909588236659843	0.15
MAX	7	17	0.5011753690106189	0.29747025297470253	chr11	65265021.0	65265135.0	antisense	0.458040750546794	0.33909588236659843	0.15
BATF::JUN	8	19	0.5009630557220495	0.21277872212778723	chr11	65265021.0	65265135.0	antisense	0.4108650286050532	0.3863008227931331	0.15
JUNB	7	18	0.5008458886577507	0.19758024197580243	chr11	65265021.0	65265135.0	antisense	0.4108650286050532	0.3863008227931331	0.15
FOS	6	17	0.5001625251530623	0.21457854214578542	chr11	65265021.0	65265135.0	antisense	0.4108650286050532	0.3863008227931331	0.15
HOXB2	7	17	0.49857840720443897	0.46065393460653936	chr11	65265021.0	65265135.0	sense	0.5086795575761572	0.2935557151114426	0.15
MSX1	4	12	0.49833940467469484	0.283971602839716	chr11	65265021.0	65265135.0	sense	0.4562887364514322	0.3407602517124701	0.15
ELK3	5	15	0.49779923376875507	0.2653734626537346	chr11	65265021.0	65265135.0	sense	0.4442865390880267	0.3523368447342608	0.15
ETV5	5	15	0.49778724263899116	0.37966203379662034	chr11	65265021.0	65265135.0	sense	0.46558802943235084	0.3319981942050458	0.15
Sox5	10	17	0.4969957480294299	0.14308569143085692	chr11	65265021.0	65265135.0	sense	0.40108063661718935	0.39676830439406313	0.15
LEF1	3	18	0.4960434052705702	0.23797620237976203	chr11	65265021.0	65265135.0	sense	0.42297825012019347	0.37368196382031116	0.15
Dlx4	8	16	0.49573458767094525	0.3457654234576542	chr11	65265021.0	65265135.0	sense	0.46051839260518396	0.33675301987011835	0.15
NKX2-3	7	17	0.49516392863163666	0.3063693630636936	chr11	65265021.0	65265135.0	sense	0.458040750546794	0.33909588236659843	0.15
NR2C2	2	17	0.4942909713705124	0.27307269273072693	chr11	65265021.0	65265135.0	sense	0.4450915410026395	0.3515506594375074	0.15
TEAD4	13	23	0.4937877031205956	0.34726527347265274	chr11	65265021.0	65265135.0	sense	0.46051839260518396	0.33675301987011835	0.15
NFIC	5	11	0.4931106166504215	0.26347365263473654	chr11	65265021.0	65265135.0	antisense	0.44253341656125655	0.354053929304674	0.15
RREB1	1	21	0.4867845087149403	0.17528247175282471	chr11	65265021.0	65265135.0	sense	0.4108650286050532	0.3863008227931331	0.15
FOXO4	12	19	0.4853974182618676	0.1414858514148585	chr11	65265021.0	65265135.0	sense	0.40108063661718935	0.39676830439406313	0.15
HOXC13	6	17	0.4852254636689271	0.2166783321667833	chr11	65265021.0	65265135.0	sense	0.4108650286050532	0.3863008227931331	0.15
FOXL1	12	19	0.4850256941351846	0.133986601339866	chr11	65265021.0	65265135.0	sense	0.40108063661718935	0.39676830439406313	0.15
POU3F3	7	20	0.48492332812859557	0.34856514348565143	chr11	65265021.0	65265135.0	sense	0.46051839260518396	0.33675301987011835	0.15
BHLHE40	13	23	0.48399532353136804	0.2338766123387661	chr11	65265021.0	65265135.0	antisense	0.4200067882485108	0.37674369037579963	0.15
SRY	12	21	0.48282783201330604	0.31666833316668336	chr11	65265021.0	65265135.0	sense	0.4590806282500242	0.3381110327003672	0.15
REL	12	22	0.4820067493184641	0.29257074292570745	chr11	65265021.0	65265135.0	antisense	0.458040750546794	0.33909588236659843	0.15
MEIS1	5	12	0.4819668711282756	0.3558644135586441	chr11	65265021.0	65265135.0	sense	0.46051839260518396	0.33675301987011835	0.15
NFIC::TLX1	4	18	0.4810997784524424	0.1845815418458154	chr11	65265021.0	65265135.0	sense	0.4108650286050532	0.3863008227931331	0.15
SCRT2	9	22	0.4810381322866455	0.1857814218578142	chr11	65265021.0	65265135.0	sense	0.4108650286050532	0.3863008227931331	0.15
JUND(var.2)	9	24	0.48097302738663084	0.3514648535146485	chr11	65265021.0	65265135.0	sense	0.46051839260518396	0.33675301987011835	0.15
FOSL2	7	18	0.4800660877711816	0.22007799220077992	chr11	65265021.0	65265135.0	antisense	0.4108650286050532	0.3863008227931331	0.15
Klf12	6	21	0.4782793198135265	0.25977402259774024	chr11	65265021.0	65265135.0	sense	0.4401761778219573	0.3563734650094369	0.15
Hnf4a	3	19	0.47815706267056446	0.17648235176482352	chr11	65265021.0	65265135.0	sense	0.4108650286050532	0.3863008227931331	0.15
Mecom	11	25	0.47784003055028806	0.21527847215278473	chr11	65265021.0	65265135.0	sense	0.4108650286050532	0.3863008227931331	0.15
GLIS1	1	17	0.4777611205224172	0.11728827117288271	chr11	65265021.0	65265135.0	sense	0.3934570179345701	0.40510270394889125	0.15
RUNX3	1	11	0.47740164975991356	0.25137486251374863	chr11	65265021.0	65265135.0	sense	0.4334337330386563	0.36307729167230923	0.15
SHOX	8	16	0.4771129643331467	0.3584641535846415	chr11	65265021.0	65265135.0	antisense	0.46051839260518396	0.33675301987011835	0.15
Sox11	7	22	0.47539894987093084	0.09159084091590841	chr11	65265021.0	65265135.0	antisense	0.38028517148285174	0.41989060876861084	0.15
TEAD1	13	23	0.47057982471064164	0.3798620137986201	chr11	65265021.0	65265135.0	sense	0.46558802943235084	0.3319981942050458	0.15
SREBF2	2	12	0.4695972757277389	0.20577942205779423	chr11	65265021.0	65265135.0	antisense	0.4108650286050532	0.3863008227931331	0.15
FOSL1	2	13	0.46878842261651715	0.22717728227177283	chr11	65265021.0	65265135.0	sense	0.41515848415158485	0.3817860824364612	0.15
UNCX	7	15	0.4681069725829004	0.39176082391760825	chr11	65265021.0	65265135.0	sense	0.4701693802906083	0.3277456576522344	0.15
MAX::MYC	6	17	0.467835021703076	0.27207279272072793	chr11	65265021.0	65265135.0	sense	0.4450915410026395	0.3515506594375074	0.15
LHX9	7	15	0.4671182948497506	0.33726627337266274	chr11	65265021.0	65265135.0	sense	0.46051839260518396	0.33675301987011835	0.15
EBF1	3	17	0.4667000066464928	0.3066693330666933	chr11	65265021.0	65265135.0	sense	0.458040750546794	0.33909588236659843	0.15
MEF2B	7	19	0.4666231642917774	0.14278572142785723	chr11	65265021.0	65265135.0	sense	0.40108063661718935	0.39676830439406313	0.15
NFKB2	10	23	0.46636829091069104	0.20327967203279673	chr11	65265021.0	65265135.0	antisense	0.4108650286050532	0.3863008227931331	0.15
MEF2D	7	19	0.46437695977998544	0.14528547145285473	chr11	65265021.0	65265135.0	sense	0.40108063661718935	0.39676830439406313	0.15
CREB3	11	25	0.46409790415820273	0.35606439356064395	chr11	65265021.0	65265135.0	sense	0.46051839260518396	0.33675301987011835	0.15
HESX1	7	17	0.4626503771938504	0.33786621337866213	chr11	65265021.0	65265135.0	antisense	0.46051839260518396	0.33675301987011835	0.15
IRF8	5	19	0.46185592485490984	0.14408559144085592	chr11	65265021.0	65265135.0	sense	0.40108063661718935	0.39676830439406313	0.15
BARX1	8	16	0.46161677216573177	0.33486651334866513	chr11	65265021.0	65265135.0	sense	0.46051839260518396	0.33675301987011835	0.15
CEBPA	2	13	0.4599643938227663	0.29327067293270676	chr11	65265021.0	65265135.0	antisense	0.458040750546794	0.33909588236659843	0.15
ELF3	3	16	0.45993949601412465	0.24897510248975102	chr11	65265021.0	65265135.0	sense	0.43216748559257784	0.36434791065709815	0.15
JUND	6	17	0.4597714464454989	0.22507749225077492	chr11	65265021.0	65265135.0	antisense	0.41515848415158485	0.3817860824364612	0.15
NEUROG2	11	21	0.4588988025480483	0.1760823917608239	chr11	65265021.0	65265135.0	antisense	0.4108650286050532	0.3863008227931331	0.15
TP63	3	21	0.45843115376041865	0.21407859214078592	chr11	65265021.0	65265135.0	sense	0.4108650286050532	0.3863008227931331	0.15
Hoxa9	7	18	0.4576404865401086	0.272972702729727	chr11	65265021.0	65265135.0	sense	0.4450915410026395	0.3515506594375074	0.15
FOXI1	12	19	0.4575452490435816	0.15178482151784822	chr11	65265021.0	65265135.0	sense	0.4055779037480867	0.39192571378734115	0.15
mix-a	6	17	0.4575338893664519	0.2772722727727227	chr11	65265021.0	65265135.0	antisense	0.44970096740325965	0.34707617817044917	0.15
JUN	10	23	0.45580395271914215	0.3010698930106989	chr11	65265021.0	65265135.0	sense	0.458040750546794	0.33909588236659843	0.15
DLX6	8	16	0.4549267566184524	0.3487651234876512	chr11	65265021.0	65265135.0	sense	0.46051839260518396	0.33675301987011835	0.15
RARA	1	19	0.45491981278809	0.14178582141785823	chr11	65265021.0	65265135.0	sense	0.40108063661718935	0.39676830439406313	0.15
TBX5	6	14	0.4547023111639686	0.3641635836416358	chr11	65265021.0	65265135.0	antisense	0.46161066820147256	0.33572416283435896	0.15
RELA	12	22	0.45178878992601856	0.1630836916308369	chr11	65265021.0	65265135.0	antisense	0.4108650286050532	0.3863008227931331	0.15
USF2	12	23	0.45064665208725985	0.30786921307869214	chr11	65265021.0	65265135.0	antisense	0.458040750546794	0.33909588236659843	0.15
SREBF1	2	12	0.44941625030422233	0.21937806219378062	chr11	65265021.0	65265135.0	sense	0.4108650286050532	0.3863008227931331	0.15
ELK4	8	19	0.4493953738039655	0.3096690330966903	chr11	65265021.0	65265135.0	antisense	0.458040750546794	0.33909588236659843	0.15
Atoh1	11	21	0.448477406153105	0.36596340365963403	chr11	65265021.0	65265135.0	sense	0.4621289695847933	0.3352368059100634	0.15
HMBOX1	12	22	0.448274380803185	0.48225177482251774	chr11	65265021.0	65265135.0	antisense	0.5203506676359391	0.28370388388035395	0.15
OLIG3	11	21	0.4472699202029821	0.3695630436956304	chr11	65265021.0	65265135.0	antisense	0.46217643295911376	0.3351922035924284	0.15
NKX3-2	7	16	0.44713125984964	0.35936406359364065	chr11	65265021.0	65265135.0	sense	0.46051839260518396	0.33675301987011835	0.15
TFAP2A(var.3)	2	15	0.44686620488294737	0.35636436356364365	chr11	65265021.0	65265135.0	sense	0.46051839260518396	0.33675301987011835	0.15
Creb3l2	14	23	0.44644054569216673	0.21227877212278773	chr11	65265021.0	65265135.0	antisense	0.4108650286050532	0.3863008227931331	0.15
Msx3	8	16	0.4451632860159541	0.2602739726027397	chr11	65265021.0	65265135.0	sense	0.4401761778219573	0.3563734650094369	0.15
FOXO6	12	19	0.44507990449783663	0.1523847615238476	chr11	65265021.0	65265135.0	sense	0.4055779037480867	0.39192571378734115	0.15
NOTO	6	16	0.4418169174935068	0.42955704429557046	chr11	65265021.0	65265135.0	sense	0.49323032298540054	0.30695023154828777	0.15
MSX2	8	16	0.4412313873395143	0.27107289271072893	chr11	65265021.0	65265135.0	sense	0.4450915410026395	0.3515506594375074	0.15
DUXA	9	22	0.4411446467388819	0.404959504049595	chr11	65265021.0	65265135.0	sense	0.48094732860810024	0.31790248318415815	0.15
Foxq1	13	24	0.44047776993107063	0.25817418258174185	chr11	65265021.0	65265135.0	antisense	0.4401761778219573	0.3563734650094369	0.15
Dux	4	12	0.4387594382462129	0.2106789321067893	chr11	65265021.0	65265135.0	sense	0.4108650286050532	0.3863008227931331	0.15
Foxj2	12	20	0.43834248448536656	0.2024797520247975	chr11	65265021.0	65265135.0	sense	0.4108650286050532	0.3863008227931331	0.15
NFE2	6	17	0.43788825232541284	0.193980601939806	chr11	65265021.0	65265135.0	antisense	0.4108650286050532	0.3863008227931331	0.15
TFAP2C(var.3)	2	15	0.43692538218414523	0.34856514348565143	chr11	65265021.0	65265135.0	sense	0.46051839260518396	0.33675301987011835	0.15
SPI1	1	15	0.4367171276569475	0.19118088191180882	chr11	65265021.0	65265135.0	sense	0.4108650286050532	0.3863008227931331	0.15
Ascl2	7	17	0.4360490049064977	0.29087091290870914	chr11	65265021.0	65265135.0	antisense	0.458040750546794	0.33909588236659843	0.15
Id2	14	22	0.433161740073035	0.20987901209879012	chr11	65265021.0	65265135.0	sense	0.4108650286050532	0.3863008227931331	0.15
LHX6	3	13	0.43156767112829736	0.3584641535846415	chr11	65265021.0	65265135.0	antisense	0.46051839260518396	0.33675301987011835	0.15
GBX1	6	16	0.4312777895110268	0.35406459354064596	chr11	65265021.0	65265135.0	antisense	0.46051839260518396	0.33675301987011835	0.15
VSX1	8	16	0.43101179072513285	0.3922607739226077	chr11	65265021.0	65265135.0	sense	0.4701693802906083	0.3277456576522344	0.15
Crem	14	24	0.4300060843457319	0.3484651534846515	chr11	65265021.0	65265135.0	antisense	0.46051839260518396	0.33675301987011835	0.15
HOXC11	2	13	0.4286299899824507	0.37696230376962303	chr11	65265021.0	65265135.0	sense	0.46558802943235084	0.3319981942050458	0.15
RORA(var.2)	3	17	0.4274399255437227	0.3220677932206779	chr11	65265021.0	65265135.0	antisense	0.46051839260518396	0.33675301987011835	0.15
Nr2e1	9	18	0.42441005153137257	0.34956504349565043	chr11	65265021.0	65265135.0	sense	0.46051839260518396	0.33675301987011835	0.15
Nobox	7	15	0.42325220693061116	0.3150684931506849	chr11	65265021.0	65265135.0	antisense	0.458040750546794	0.33909588236659843	0.15
MLXIPL	13	23	0.4229029490405459	0.36936306369363064	chr11	65265021.0	65265135.0	antisense	0.46217643295911376	0.3351922035924284	0.15
ELF1	9	21	0.42271979410075194	0.30786921307869214	chr11	65265021.0	65265135.0	sense	0.458040750546794	0.33909588236659843	0.15
HOXC10	3	13	0.4224756686967679	0.3945605439456054	chr11	65265021.0	65265135.0	sense	0.47087084395008777	0.3270981999875268	0.15
Nkx3-1	7	16	0.42241577265254604	0.34796520347965204	chr11	65265021.0	65265135.0	sense	0.46051839260518396	0.33675301987011835	0.15
Gabpa	6	17	0.42183076305392514	0.3715628437156284	chr11	65265021.0	65265135.0	sense	0.4635603747317576	0.3338936947335434	0.15
ELF4	9	21	0.41966908239834266	0.3120687931206879	chr11	65265021.0	65265135.0	sense	0.458040750546794	0.33909588236659843	0.15
Gfi1b	9	20	0.41954120877534096	0.3451654834516548	chr11	65265021.0	65265135.0	sense	0.46051839260518396	0.33675301987011835	0.15
HOXD11	3	13	0.41942854212311687	0.32826717328267174	chr11	65265021.0	65265135.0	sense	0.46051839260518396	0.33675301987011835	0.15
NR1H2::RXRA	2	19	0.4171675951852367	0.1705829417058294	chr11	65265021.0	65265135.0	sense	0.4108650286050532	0.3863008227931331	0.15
Nkx2-5	14	21	0.4166430385563181	0.30196980301969806	chr11	65265021.0	65265135.0	sense	0.458040750546794	0.33909588236659843	0.15
VAX1	13	21	0.4166188397817726	0.5018498150184981	chr11	65265021.0	65265135.0	antisense	0.5349321330700605	0.27170131349801985	0.15
INSM1	6	18	0.41613959274116435	0.2910708929107089	chr11	65265021.0	65265135.0	sense	0.458040750546794	0.33909588236659843	0.15
MZF1	5	11	0.4152943631386022	0.21497850214978503	chr11	65265021.0	65265135.0	sense	0.4108650286050532	0.3863008227931331	0.15
Tcf7	3	15	0.4140329946561733	0.28157184281571845	chr11	65265021.0	65265135.0	sense	0.4552516710945729	0.3417484513632022	0.15
PHOX2A	9	20	0.4139487847489113	0.36226377362263773	chr11	65265021.0	65265135.0	antisense	0.46161066820147256	0.33572416283435896	0.15
PRRX1	7	15	0.412665850614629	0.38846115388461155	chr11	65265021.0	65265135.0	sense	0.4701693802906083	0.3277456576522344	0.15
ZIC1	7	21	0.41255592229170196	0.2626737326267373	chr11	65265021.0	65265135.0	antisense	0.44253341656125655	0.354053929304674	0.15
BHLHE22	11	21	0.4124012637608976	0.3367663233676632	chr11	65265021.0	65265135.0	antisense	0.46051839260518396	0.33675301987011835	0.15
OLIG2	11	21	0.4112006114736653	0.36346365363463656	chr11	65265021.0	65265135.0	antisense	0.46161066820147256	0.33572416283435896	0.15
TEAD3	14	22	0.4104096478283186	0.26037396260373963	chr11	65265021.0	65265135.0	sense	0.4401761778219573	0.3563734650094369	0.15
TBX2	1	12	0.4093813029968414	0.5031496850314968	chr11	65265021.0	65265135.0	sense	0.5351120625642354	0.2715552589939029	0.15
RUNX2	3	12	0.4087358167027461	0.3120687931206879	chr11	65265021.0	65265135.0	sense	0.458040750546794	0.33909588236659843	0.15
SPDEF	4	15	0.4083292030498997	0.35676432356764326	chr11	65265021.0	65265135.0	sense	0.46051839260518396	0.33675301987011835	0.15
LHX2	6	16	0.40727766314792313	0.41425857414258577	chr11	65265021.0	65265135.0	sense	0.48532776519187815	0.3139648623531806	0.15
FOXG1	12	20	0.40669033015827744	0.19718028197180282	chr11	65265021.0	65265135.0	sense	0.4108650286050532	0.3863008227931331	0.15
Twist2	5	15	0.40650606270258344	0.41955804419558046	chr11	65265021.0	65265135.0	antisense	0.48823010075674045	0.31137544861902644	0.15
Srebf1(var.2)	13	23	0.4058211940488623	0.2735726427357264	chr11	65265021.0	65265135.0	antisense	0.4450915410026395	0.3515506594375074	0.15
FOXO3	12	20	0.4043532164491789	0.21837816218378162	chr11	65265021.0	65265135.0	sense	0.4108650286050532	0.3863008227931331	0.15
HOXD12	10	21	0.4001869305417169	0.36146385361463856	chr11	65265021.0	65265135.0	sense	0.46161066820147256	0.33572416283435896	0.15
DBP	12	24	0.3998123316752182	0.40835916408359163	chr11	65265021.0	65265135.0	antisense	0.483366469731159	0.3157234791161902	0.15
TFAP4	7	17	0.3996334344315393	0.32936706329367066	chr11	65265021.0	65265135.0	antisense	0.46051839260518396	0.33675301987011835	0.15
ERF	10	20	0.3961983330524886	0.3812618738126187	chr11	65265021.0	65265135.0	sense	0.46558802943235084	0.3319981942050458	0.15
Znf423	8	23	0.3957599764984011	0.2873712628737126	chr11	65265021.0	65265135.0	antisense	0.458040750546794	0.33909588236659843	0.15
NFKB1	10	23	0.39549828756421435	0.20437956204379562	chr11	65265021.0	65265135.0	sense	0.4108650286050532	0.3863008227931331	0.15
HOXC12	2	13	0.3946052384432086	0.3695630436956304	chr11	65265021.0	65265135.0	sense	0.46217643295911376	0.3351922035924284	0.15
TEF	12	24	0.39435360420180404	0.38636136386361364	chr11	65265021.0	65265135.0	antisense	0.4701693802906083	0.3277456576522344	0.15
YY1	6	18	0.3932422373327136	0.43965603439656037	chr11	65265021.0	65265135.0	sense	0.501497762311681	0.2997310004658109	0.15
Phox2b	9	20	0.3932336450803517	0.3514648535146485	chr11	65265021.0	65265135.0	antisense	0.46051839260518396	0.33675301987011835	0.15
Nr2e3	9	16	0.39206098988188387	0.2243775622437756	chr11	65265021.0	65265135.0	sense	0.41515848415158485	0.3817860824364612	0.15
FEV	5	15	0.39113202108998835	0.45695430456954306	chr11	65265021.0	65265135.0	sense	0.5062233648703359	0.29565781374102107	0.15
TFAP2B(var.3)	2	15	0.39102282067424976	0.4330566943305669	chr11	65265021.0	65265135.0	sense	0.4961510471469409	0.3043860877113944	0.15
ZNF143	9	25	0.38993336780603155	0.31456854314568544	chr11	65265021.0	65265135.0	sense	0.458040750546794	0.33909588236659843	0.15
LMX1B	14	22	0.3896028584302045	0.47305269473052697	chr11	65265021.0	65265135.0	sense	0.5168723127687231	0.286616731004706	0.15
ETV2	9	20	0.3888838873854596	0.3541645835416458	chr11	65265021.0	65265135.0	sense	0.46051839260518396	0.33675301987011835	0.15
EMX2	6	16	0.3884455915405513	0.47495250474952505	chr11	65265021.0	65265135.0	antisense	0.5168810163008857	0.2866094180493132	0.15
VAX2	8	16	0.387689622715901	0.5204479552044795	chr11	65265021.0	65265135.0	antisense	0.5495365097636579	0.2600034488962406	0.15
BSX	7	15	0.3876634204899969	0.42085791420857915	chr11	65265021.0	65265135.0	sense	0.4886471084435181	0.3110046668123189	0.15
Bhlha15	12	20	0.3863725188361815	0.30056994300569945	chr11	65265021.0	65265135.0	sense	0.458040750546794	0.33909588236659843	0.15
MSC	7	17	0.3862189363910268	0.33486651334866513	chr11	65265021.0	65265135.0	antisense	0.46051839260518396	0.33675301987011835	0.15
FOS::JUN	8	15	0.3856885766930864	0.41155884411558846	chr11	65265021.0	65265135.0	antisense	0.4843515648435157	0.314839292805848	0.15
Sox6	5	15	0.3850002802429969	0.3130686931306869	chr11	65265021.0	65265135.0	antisense	0.458040750546794	0.33909588236659843	0.15
ATF4	11	24	0.37698917849346353	0.4470552944705529	chr11	65265021.0	65265135.0	sense	0.5030233028199327	0.2984118955570107	0.15
ETS1	5	15	0.376844867593001	0.45165483451654836	chr11	65265021.0	65265135.0	sense	0.5030233028199327	0.2984118955570107	0.15
MEIS2	11	19	0.37643417299171733	0.45015498450154984	chr11	65265021.0	65265135.0	sense	0.5030233028199327	0.2984118955570107	0.15
Gfi1	13	23	0.3763820788007424	0.6028397160283971	chr11	65265021.0	65265135.0	sense	0.6195521041955211	0.20792216368171357	0.15
FLI1	10	20	0.37624924502529117	0.39466053394660533	chr11	65265021.0	65265135.0	sense	0.47087084395008777	0.3270981999875268	0.15
ERG	5	15	0.3743490354679108	0.47085291470852914	chr11	65265021.0	65265135.0	sense	0.5166441072594643	0.2868085197234939	0.15
Nr2f6(var.2)	9	24	0.3739902483117262	0.23717628237176283	chr11	65265021.0	65265135.0	sense	0.42297825012019347	0.37368196382031116	0.15
ETV3	10	20	0.37355228607883245	0.5458454154584541	chr11	65265021.0	65265135.0	sense	0.5688629932187503	0.24499231788216116	0.15
BHLHE41	13	23	0.3735453473287175	0.30626937306269375	chr11	65265021.0	65265135.0	antisense	0.458040750546794	0.33909588236659843	0.15
Tcf21	11	25	0.37239303748707187	0.40885911408859116	chr11	65265021.0	65265135.0	sense	0.483366469731159	0.3157234791161902	0.15
Shox2	7	15	0.37235280818826	0.38746125387461255	chr11	65265021.0	65265135.0	sense	0.4701693802906083	0.3277456576522344	0.15
HES5	12	24	0.36982837126897167	0.30186981301869814	chr11	65265021.0	65265135.0	antisense	0.458040750546794	0.33909588236659843	0.15
TBR1	2	12	0.36958652161989586	0.42305769423057693	chr11	65265021.0	65265135.0	sense	0.4901047841644407	0.3097110580952542	0.15
TBX4	10	18	0.3692342448441533	0.42405759424057593	chr11	65265021.0	65265135.0	sense	0.4901690231867682	0.30965413797201835	0.15
SOX4	6	22	0.36880592502534415	0.21327867213278673	chr11	65265021.0	65265135.0	sense	0.4108650286050532	0.3863008227931331	0.15
Arnt	15	21	0.3683629621804026	0.25107489251074894	chr11	65265021.0	65265135.0	antisense	0.4334337330386563	0.36307729167230923	0.15
EOMES	4	17	0.36713145641218076	0.5685431456854314	chr11	65265021.0	65265135.0	antisense	0.5866280171187652	0.2316371991299089	0.15
CREB3L1	5	19	0.3666583682801021	0.5201479852014799	chr11	65265021.0	65265135.0	sense	0.5495365097636579	0.2600034488962406	0.15
Mycn	13	21	0.36627528817376714	0.3087691230876912	chr11	65265021.0	65265135.0	sense	0.458040750546794	0.33909588236659843	0.15
PROX1	12	24	0.36601574851522506	0.3895610438956104	chr11	65265021.0	65265135.0	sense	0.4701693802906083	0.3277456576522344	0.15
Rarb	9	25	0.3640163109437192	0.24597540245975402	chr11	65265021.0	65265135.0	sense	0.4283934022705112	0.3681572264012809	0.15
Creb5	12	24	0.3637857188856444	0.41325867413258677	chr11	65265021.0	65265135.0	antisense	0.4852517010742365	0.3140329334957885	0.15
OLIG1	11	21	0.36343828078817286	0.3544645535446455	chr11	65265021.0	65265135.0	antisense	0.46051839260518396	0.33675301987011835	0.15
CREB1	14	22	0.3629303807511506	0.5004499550044995	chr11	65265021.0	65265135.0	sense	0.5349321330700605	0.27170131349801985	0.15
POU6F1	6	16	0.36062451446715427	0.44865513448655137	chr11	65265021.0	65265135.0	sense	0.5030233028199327	0.2984118955570107	0.15
Rarg	2	18	0.35693689299761183	0.28877112288771123	chr11	65265021.0	65265135.0	sense	0.458040750546794	0.33909588236659843	0.15
NFIL3	11	22	0.3568897683212945	0.42515748425157485	chr11	65265021.0	65265135.0	antisense	0.490348298503483	0.30949532735248936	0.15
PROP1	9	20	0.3554444335620174	0.33086691330866913	chr11	65265021.0	65265135.0	antisense	0.46051839260518396	0.33675301987011835	0.15
HOXA5	5	13	0.35378564432855225	0.49475052494750527	chr11	65265021.0	65265135.0	sense	0.5316263404715429	0.2743935092228339	0.15
MLX	13	23	0.3517057489161448	0.4266573342665733	chr11	65265021.0	65265135.0	antisense	0.4909870432025533	0.30892996844705334	0.15
TFCP2	14	24	0.3511142737475949	0.5489451054894511	chr11	65265021.0	65265135.0	sense	0.5709469133246996	0.24340427060170278	0.15
MTF1	9	23	0.35100384354613823	0.37966203379662034	chr11	65265021.0	65265135.0	sense	0.46558802943235084	0.3319981942050458	0.15
Lhx8	4	12	0.35076569472098185	0.47225277472252775	chr11	65265021.0	65265135.0	sense	0.5168723127687231	0.286616731004706	0.15
SREBF2(var.2)	13	23	0.3481694245013763	0.37606239376062395	chr11	65265021.0	65265135.0	antisense	0.46558802943235084	0.3319981942050458	0.15
Atf1	15	23	0.34687214529531923	0.4978502149785021	chr11	65265021.0	65265135.0	antisense	0.533851780111245	0.2725793047973578	0.15
Atf3	12	20	0.34546732121080687	0.46725327467253275	chr11	65265021.0	65265135.0	sense	0.5137806134640773	0.28922228703817926	0.15
ATF7	11	25	0.3445655632485903	0.5261473852614739	chr11	65265021.0	65265135.0	antisense	0.5523914275239142	0.2577530697891853	0.15
GRHL1	13	25	0.3437402768758995	0.5324467553244675	chr11	65265021.0	65265135.0	sense	0.5571368266399166	0.25403813380782697	0.15
LMX1A	14	22	0.34096071740092704	0.47785221477852213	chr11	65265021.0	65265135.0	sense	0.5177563663257891	0.28587455232217407	0.15
ELK1	10	20	0.3402214274410049	0.45745425457454253	chr11	65265021.0	65265135.0	sense	0.5062233648703359	0.29565781374102107	0.15
GLIS2	2	16	0.3390566176213508	0.41645835416458354	chr11	65265021.0	65265135.0	sense	0.4857121029470087	0.31362107466653	0.15
SP4	4	21	0.3388882656501276	0.43445655434456554	chr11	65265021.0	65265135.0	sense	0.49665848393134254	0.30394214150082344	0.15
SOX8	10	26	0.33474920289220417	0.2548745125487451	chr11	65265021.0	65265135.0	sense	0.43801282123443286	0.3585131769162879	0.15
TBX21	1	11	0.33137991783196447	0.44355564443555645	chr11	65265021.0	65265135.0	sense	0.5030233028199327	0.2984118955570107	0.15
ZNF354C	6	12	0.32893048320640866	0.37266273372662734	chr11	65265021.0	65265135.0	sense	0.4638176470122772	0.3336527316483227	0.15
MGA	8	16	0.32592613020324185	0.4500549945005499	chr11	65265021.0	65265135.0	antisense	0.5030233028199327	0.2984118955570107	0.15
Lhx4	14	22	0.32556066149237356	0.47505249475052497	chr11	65265021.0	65265135.0	antisense	0.5168810163008857	0.2866094180493132	0.15
PKNOX2	12	24	0.32525419986394966	0.3287671232876712	chr11	65265021.0	65265135.0	sense	0.46051839260518396	0.33675301987011835	0.15
PAX3	15	25	0.3252203033694001	0.36466353364663534	chr11	65265021.0	65265135.0	sense	0.46161066820147256	0.33572416283435896	0.15
PKNOX1	12	24	0.32305442052656774	0.32426757324267574	chr11	65265021.0	65265135.0	sense	0.46051839260518396	0.33675301987011835	0.15
PDX1	8	16	0.3215759145548659	0.45745425457454253	chr11	65265021.0	65265135.0	sense	0.5062233648703359	0.29565781374102107	0.15
HSF4	3	16	0.3191130439908857	0.7590240975902409	chr11	65265021.0	65265135.0	sense	0.7694013801744825	0.11384703897848303	0.15
JDP2	7	16	0.3171312059435782	0.38046195380461956	chr11	65265021.0	65265135.0	antisense	0.46558802943235084	0.3319981942050458	0.15
KLF13	5	23	0.3153341529130176	0.5237476252374762	chr11	65265021.0	65265135.0	sense	0.551369203850406	0.25855749461642147	0.15
ZBED1	8	21	0.31284174496061445	0.47775222477752227	chr11	65265021.0	65265135.0	sense	0.5177563663257891	0.28587455232217407	0.15
PAX7	15	25	0.30837775786953875	0.37746225377462256	chr11	65265021.0	65265135.0	sense	0.46558802943235084	0.3319981942050458	0.15
NKX6-1	8	16	0.30811346104729315	0.48965103489651035	chr11	65265021.0	65265135.0	sense	0.527238355002674	0.2779930036490363	0.15
Sox2	7	15	0.3038613917833842	0.34706529347065296	chr11	65265021.0	65265135.0	antisense	0.46051839260518396	0.33675301987011835	0.15
LBX1	7	15	0.2993954666416026	0.501949805019498	chr11	65265021.0	65265135.0	antisense	0.5349321330700605	0.27170131349801985	0.15
EN1	8	16	0.29666044794116064	0.563943605639436	chr11	65265021.0	65265135.0	sense	0.583041297463879	0.23430068259008197	0.15
TBX1	12	20	0.29515029704412016	0.44565543445655437	chr11	65265021.0	65265135.0	antisense	0.5030233028199327	0.2984118955570107	0.15
TGIF2	12	24	0.2932949853654924	0.5374462553744626	chr11	65265021.0	65265135.0	sense	0.5612366328759478	0.25085398957409394	0.15
ISX	14	22	0.2918096167083828	0.44575542445755423	chr11	65265021.0	65265135.0	sense	0.5030233028199327	0.2984118955570107	0.15
JDP2(var.2)	12	24	0.2854780495497285	0.5855414458554145	chr11	65265021.0	65265135.0	antisense	0.6029682746011114	0.21970553782359464	0.15
Lhx3	12	25	0.28485061975632886	0.45155484451554845	chr11	65265021.0	65265135.0	antisense	0.5030233028199327	0.2984118955570107	0.15
TBX15	16	24	0.2823174743232034	0.44945505449455053	chr11	65265021.0	65265135.0	sense	0.5030233028199327	0.2984118955570107	0.15
HES7	12	24	0.27920539249371307	0.4801519848015198	chr11	65265021.0	65265135.0	sense	0.5191643335666434	0.2846951510829835	0.15
ZBTB33	5	20	0.27807359640380586	0.80991900809919	chr11	65265021.0	65265135.0	antisense	0.8162096411718051	0.08819827959094612	0.15
MYF6	13	23	0.26688165447979784	0.6323367663233677	chr11	65265021.0	65265135.0	antisense	0.6485825725727823	0.18803472500803245	0.15
VSX2	8	16	0.26246103127510273	0.6495350464953504	chr11	65265021.0	65265135.0	sense	0.6649086570632877	0.17723801252862192	0.15
Arid3a	10	16	0.25960783803017057	0.41145885411458855	chr11	65265021.0	65265135.0	sense	0.4843515648435157	0.314839292805848	0.15
PAX4	8	16	0.2559505279481073	0.6904309569043096	chr11	65265021.0	65265135.0	sense	0.7039954157825867	0.1524301688505135	0.15
DUX4	9	20	0.2555871577964022	0.5537446255374463	chr11	65265021.0	65265135.0	sense	0.5747869213078692	0.24049312235486792	0.15
TGIF1	12	24	0.2489427355790587	0.5117488251174882	chr11	65265021.0	65265135.0	sense	0.5431444585602788	0.2650846470008585	0.15
Vdr	1	17	0.2426479552614344	0.7236276372362763	chr11	65265021.0	65265135.0	sense	0.7363975367169165	0.13288767290028766	0.15
E2F8	1	13	0.23307554993991553	0.5268473152684732	chr11	65265021.0	65265135.0	sense	0.5523914275239142	0.2577530697891853	0.15
RXRA::VDR	10	25	0.22328084851209248	0.754024597540246	chr11	65265021.0	65265135.0	sense	0.765829287912696	0.11586802877489781	0.15
HSF2	14	27	0.22274550030260903	0.7964203579642036	chr11	65265021.0	65265135.0	antisense	0.8057352159520891	0.09380765440307075	0.15
BATF3	11	25	0.21631471484978884	0.6548345165483451	chr11	65265021.0	65265135.0	sense	0.6690140041113998	0.1745647912835225	0.15
BCL6B	7	24	0.2107506517782619	0.5549445055494451	chr11	65265021.0	65265135.0	antisense	0.5748826314973293	0.24042081217297429	0.15
HSF1	3	16	0.19696299481730278	0.8066193380661933	chr11	65265021.0	65265135.0	sense	0.8144658296816232	0.08912713148071656	0.15
E2F1	7	19	0.17908909964192318	0.9283071692830717	chr11	65265021.0	65265135.0	sense	0.931898299531749	0.03063148073846722	0.15
E2F7	4	18	0.08150065013314362	0.8522147785221478	chr11	65265021.0	65265135.0	sense	0.857169515606579	0.06693328261301784	0.15
EWSR1-FLI1	7	25	0.07224744770017141	0.5209479052094791	chr11	65265021.0	65265135.0	sense	0.5495365097636579	0.2600034488962406	0.15
E2F3	5	23	0.019710612277312828	0.9875012498750125	chr11	65265021.0	65265135.0	sense	0.9894076229442693	0.004624747913743157	0.15
E2F2	10	26	-0.007145616203225327	0.9994000599940006	chr11	65265021.0	65265135.0	sense	0.9994000599940006	0.0002606288227269205	0.15
