motif	start	end	score	pval	tile_chr	tile_start	tile_end	strand	padj	neg_log_pval	fdr_cutoff
Gmeb1	28	45	4.389690313035775	0.0108989101089891	chr1	150488170.0	150488284.0	sense	0.15712595407125954	0.8037520722550684	0.1
Hes1	33	43	4.200968824883428	0.0108989101089891	chr1	150488170.0	150488284.0	antisense	0.15712595407125954	0.8037520722550684	0.1
Tcfl5	35	45	4.033834096140164	0.007399260073992601	chr1	150488170.0	150488284.0	sense	0.1422302214223022	0.847008113856416	0.1
NRF1	33	44	3.8789036878183545	0.00029997000299970003	chr1	150488170.0	150488284.0	antisense	0.051894810518948106	1.2848760694284047	0.1
Hes2	34	47	3.7406723518513005	0.0096990300969903	chr1	150488170.0	150488284.0	antisense	0.15712595407125954	0.8037520722550684	0.1
ETV5	33	43	3.2317283670931682	0.0032996700329967	chr1	150488170.0	150488284.0	sense	0.12232348193752053	0.9124901652287554	0.1
ZBTB18	31	44	3.2196853254460285	0.0008999100089991	chr1	150488170.0	150488284.0	sense	0.07784221577842215	1.1087848103727236	0.1
NHLH1	35	45	3.100214365654823	0.0006999300069993001	chr1	150488170.0	150488284.0	sense	0.07265273472652735	1.1387480337501668	0.1
SOX4	28	44	3.0008978212990254	9.999000099990002e-05	chr1	150488170.0	150488284.0	antisense	0.051894810518948106	1.2848760694284047	0.1
Myc	36	46	2.9890450184656827	0.0004999500049995	chr1	150488170.0	150488284.0	sense	0.06486851314868514	1.1879660564203482	0.1
Mitf	34	44	2.9755165041734988	0.0165983401659834	chr1	150488170.0	150488284.0	antisense	0.17229077092290768	0.7637379857243686	0.1
Tcf12	32	43	2.9702030911038153	0.0015998400159984002	chr1	150488170.0	150488284.0	antisense	0.09225744092257443	1.034998596211805	0.1
Myod1	33	46	2.9446759889021967	0.0029997000299970002	chr1	150488170.0	150488284.0	sense	0.1197572550437264	0.9216981670155792	0.1
Npas2	33	43	2.9023046685070772	0.0029997000299970002	chr1	150488170.0	150488284.0	sense	0.1197572550437264	0.9216981670155792	0.1
Myog	32	43	2.8878782871994253	0.0015998400159984002	chr1	150488170.0	150488284.0	antisense	0.09225744092257443	1.034998596211805	0.1
NRL	37	48	2.826339888234514	0.0337966203379662	chr1	150488170.0	150488284.0	sense	0.2142950410841269	0.6689878786768735	0.1
ETV3	33	43	2.820040774352646	0.0038996100389961006	chr1	150488170.0	150488284.0	sense	0.126493600639936	0.8979314450578304	0.1
Neurog1	35	45	2.7898015497452233	0.040695930406959305	chr1	150488170.0	150488284.0	antisense	0.22843892081380093	0.6412299001869993	0.1
SPIC	29	43	2.772809280712558	0.008599140085991401	chr1	150488170.0	150488284.0	sense	0.153894955332053	0.8127756160837932	0.1
SOX9	35	44	2.7293589156216913	0.0081991800819918	chr1	150488170.0	150488284.0	sense	0.15197765937691946	0.8182202483869073	0.1
HEY1	33	43	2.6757857776879383	0.004299570042995701	chr1	150488170.0	150488284.0	antisense	0.13126334425380992	0.8818565352270922	0.1
FEV	33	43	2.6482976195248464	0.0052994700529947	chr1	150488170.0	150488284.0	sense	0.1320958813209588	0.8791107232444106	0.1
MAX	35	45	2.622828330274454	0.005499450054994501	chr1	150488170.0	150488284.0	sense	0.1320958813209588	0.8791107232444106	0.1
ID4	33	43	2.6121406301734367	0.006099390060993901	chr1	150488170.0	150488284.0	sense	0.13763406268068845	0.8612740704352306	0.1
LBX2	34	44	2.567166630338673	0.057894210578942104	chr1	150488170.0	150488284.0	sense	0.26920432956704327	0.5699179597082558	0.1
HEY2	33	43	2.554111139771154	0.0065993400659934	chr1	150488170.0	150488284.0	antisense	0.1422302214223022	0.847008113856416	0.1
GSC2	34	44	2.541597329936315	0.04279572042795721	chr1	150488170.0	150488284.0	antisense	0.22843892081380093	0.6412299001869993	0.1
ZIC4	29	44	2.5182704470225863	0.013598640135986401	chr1	150488170.0	150488284.0	antisense	0.16804033882326053	0.7745864514560877	0.1
ERG	33	43	2.4943831241298358	0.007099290070992901	chr1	150488170.0	150488284.0	sense	0.1422302214223022	0.847008113856416	0.1
Arntl	36	46	2.487827265609013	0.011898810118988102	chr1	150488170.0	150488284.0	antisense	0.1666096548239913	0.7782998353704668	0.1
Sox1	28	43	2.4807867611022596	0.001999800019998	chr1	150488170.0	150488284.0	antisense	0.10378962103789621	0.9838460737644236	0.1
SOX21	28	43	2.4747365230547897	0.0011998800119988001	chr1	150488170.0	150488284.0	antisense	0.08896253231819676	1.0507928633950367	0.1
Twist2	33	43	2.470436589446217	0.0051994800519948	chr1	150488170.0	150488284.0	sense	0.1320958813209588	0.8791107232444106	0.1
USF2	35	46	2.441905131273858	0.0047995200479952005	chr1	150488170.0	150488284.0	sense	0.1320958813209588	0.8791107232444106	0.1
CLOCK	33	43	2.4317477497386784	0.009999000099990002	chr1	150488170.0	150488284.0	sense	0.15712595407125954	0.8037520722550684	0.1
ETS1	33	43	2.4273869007644535	0.0072992700729927005	chr1	150488170.0	150488284.0	sense	0.1422302214223022	0.847008113856416	0.1
ISL2	36	44	2.4119315792877716	0.022797720227977204	chr1	150488170.0	150488284.0	antisense	0.2040002896262098	0.6903692159908883	0.1
POU3F3	29	42	2.4096916788715834	0.012198780121987801	chr1	150488170.0	150488284.0	sense	0.1666096548239913	0.7782998353704668	0.1
ETV4	33	43	2.378829540508732	0.015998400159984	chr1	150488170.0	150488284.0	sense	0.17229077092290768	0.7637379857243686	0.1
TFEC	35	45	2.377842760016559	0.012598740125987402	chr1	150488170.0	150488284.0	antisense	0.16766015706121695	0.7755701313373411	0.1
Mlxip	34	42	2.3748102395824566	0.0021997800219978004	chr1	150488170.0	150488284.0	sense	0.10378962103789623	0.9838460737644236	0.1
ETV1	33	43	2.341339990331717	0.0174982501749825	chr1	150488170.0	150488284.0	sense	0.17526737892248512	0.7562989080493007	0.1
TFE3	35	45	2.3250073558733724	0.033896610338966106	chr1	150488170.0	150488284.0	antisense	0.2142950410841269	0.6689878786768735	0.1
ELK1	33	43	2.3064215958927567	0.005599440055994401	chr1	150488170.0	150488284.0	sense	0.1320958813209588	0.8791107232444106	0.1
Sox11	28	43	2.2934445404161714	0.00029997000299970003	chr1	150488170.0	150488284.0	antisense	0.051894810518948106	1.2848760694284047	0.1
FIGLA	33	43	2.2904455390676826	0.0206979302069793	chr1	150488170.0	150488284.0	sense	0.18846010135828523	0.7247805796439785	0.1
Atoh1	33	43	2.2789024624986056	0.013098690130986902	chr1	150488170.0	150488284.0	sense	0.16804033882326053	0.7745864514560877	0.1
Bhlha15	34	42	2.251362238980899	0.0037996200379962005	chr1	150488170.0	150488284.0	sense	0.126493600639936	0.8979314450578304	0.1
TBX5	38	46	2.2449720219627345	0.025597440255974404	chr1	150488170.0	150488284.0	sense	0.20757924207579243	0.6828160781004424	0.1
THAP1	32	41	2.241497377016774	0.0817918208179182	chr1	150488170.0	150488284.0	sense	0.31444411114444115	0.5024565342520879	0.1
TCF3	33	43	2.2383726757842433	0.013298670132986702	chr1	150488170.0	150488284.0	antisense	0.16804033882326053	0.7745864514560877	0.1
SNAI2	34	43	2.23799809211706	0.0244975502449755	chr1	150488170.0	150488284.0	antisense	0.20590521593001987	0.6863326518232796	0.1
Rhox11	32	49	2.211161532999366	0.10068993100689931	chr1	150488170.0	150488284.0	sense	0.35309509589581584	0.4521083142697442	0.1
ELK3	33	43	2.198042375990972	0.0178982101789821	chr1	150488170.0	150488284.0	sense	0.17526737892248512	0.7562989080493007	0.1
ELF5	32	43	2.186239359205047	0.0410958904109589	chr1	150488170.0	150488284.0	sense	0.22843892081380093	0.6412299001869993	0.1
RUNX1	36	47	2.1861006985694966	0.0342965703429657	chr1	150488170.0	150488284.0	sense	0.2142950410841269	0.6689878786768735	0.1
FLI1	33	43	2.182431905770715	0.009099090090990901	chr1	150488170.0	150488284.0	sense	0.15712595407125954	0.8037520722550684	0.1
GCM2	39	49	2.1815237016567495	0.023797620237976203	chr1	150488170.0	150488284.0	sense	0.20584941505849416	0.6864503627555365	0.1
Nr5a2	31	46	2.166725098030817	0.033596640335966405	chr1	150488170.0	150488284.0	antisense	0.2142950410841269	0.6689878786768735	0.1
TAL1::TCF3	33	45	2.1466950626312316	0.013998600139986002	chr1	150488170.0	150488284.0	antisense	0.16865813418658135	0.7729927084495305	0.1
POU1F1	29	43	2.123879397331011	0.027097290270972903	chr1	150488170.0	150488284.0	sense	0.2106774397187147	0.6763819680950326	0.1
TCF4	35	45	2.12125571116089	0.0150984901509849	chr1	150488170.0	150488284.0	antisense	0.17229077092290768	0.7637379857243686	0.1
OLIG3	33	43	2.1163807314405685	0.0235976402359764	chr1	150488170.0	150488284.0	sense	0.20584941505849416	0.6864503627555365	0.1
MAX::MYC	34	45	2.0982792079861836	0.015598440155984402	chr1	150488170.0	150488284.0	sense	0.17229077092290768	0.7637379857243686	0.1
MNT	33	43	2.0862349242552223	0.0282971702829717	chr1	150488170.0	150488284.0	antisense	0.21262457087624573	0.6723865498815103	0.1
TFEB	35	45	2.0786332198771857	0.025097490250974904	chr1	150488170.0	150488284.0	antisense	0.20675551492469804	0.6845428974009483	0.1
NOTO	34	44	2.0704220427115665	0.04459554044595541	chr1	150488170.0	150488284.0	antisense	0.22843892081380093	0.6412299001869993	0.1
Pou2f3	28	44	2.0404037484591195	0.0430956904309569	chr1	150488170.0	150488284.0	sense	0.22843892081380093	0.6412299001869993	0.1
NEUROD2	35	45	2.0321865931613523	0.0342965703429657	chr1	150488170.0	150488284.0	antisense	0.2142950410841269	0.6689878786768735	0.1
ETV6	33	43	2.0270771239014342	0.019098090190980903	chr1	150488170.0	150488284.0	sense	0.18355386683553868	0.7362364620036458	0.1
HIC2	32	41	2.024559502988369	0.05219478052194781	chr1	150488170.0	150488284.0	sense	0.25555746312161237	0.5925114316909128	0.1
TBX4	38	46	2.02443814179857	0.0245975402459754	chr1	150488170.0	150488284.0	sense	0.20590521593001987	0.6863326518232796	0.1
POU2F2	30	43	2.0068915974164017	0.0165983401659834	chr1	150488170.0	150488284.0	antisense	0.17229077092290768	0.7637379857243686	0.1
MEIS3	37	45	1.9928642386159088	0.037396260373962605	chr1	150488170.0	150488284.0	antisense	0.22568208295449524	0.6465029184714924	0.1
Foxd3	36	48	1.9802489417081048	0.017798220177982202	chr1	150488170.0	150488284.0	sense	0.17526737892248512	0.7562989080493007	0.1
TEAD1	33	43	1.9513809874153702	0.056194380561943806	chr1	150488170.0	150488284.0	antisense	0.26513530465135304	0.5765324390175688	0.1
TBX2	37	48	1.946907236772547	0.07999200079992001	chr1	150488170.0	150488284.0	sense	0.30981976429222746	0.5088908808012689	0.1
HINFP	32	44	1.9295211982533598	0.0428957104289571	chr1	150488170.0	150488284.0	antisense	0.22843892081380093	0.6412299001869993	0.1
TEAD4	33	43	1.9122175515472803	0.05979402059794021	chr1	150488170.0	150488284.0	antisense	0.272220146406412	0.5650797367764665	0.1
EVX1	34	44	1.8738139484794263	0.15598440155984403	chr1	150488170.0	150488284.0	antisense	0.42191562093790624	0.3747743950695369	0.1
HOXB3	34	44	1.8718532503095004	0.1675832416758324	chr1	150488170.0	150488284.0	antisense	0.4348785121487851	0.3616320507981283	0.1
POU3F1	30	42	1.8518502261182355	0.0710928907109289	chr1	150488170.0	150488284.0	sense	0.2964231576842316	0.5280878706602867	0.1
POU2F1	29	41	1.8475397841848962	0.07029297070292971	chr1	150488170.0	150488284.0	sense	0.2964231576842316	0.5280878706602867	0.1
FOXA1	33	48	1.8473442682786456	0.0648935106489351	chr1	150488170.0	150488284.0	sense	0.2834590490530779	0.54750967417808	0.1
EVX2	34	44	1.847098253363151	0.17668233176682333	chr1	150488170.0	150488284.0	antisense	0.45171492702946453	0.34513555783485367	0.1
MAFK	29	44	1.8335981560100056	0.09409059094090591	chr1	150488170.0	150488284.0	antisense	0.3371373207506836	0.4721931688705023	0.1
ERF	33	43	1.8303224973297347	0.027997200279972004	chr1	150488170.0	150488284.0	sense	0.21262457087624573	0.6723865498815103	0.1
Ddit3::Cebpa	28	40	1.8176531119456731	0.08799120087991201	chr1	150488170.0	150488284.0	antisense	0.32388250536648466	0.48961250993361605	0.1
Mycn	37	45	1.8141941143647342	0.0105989401059894	chr1	150488170.0	150488284.0	antisense	0.15712595407125954	0.8037520722550684	0.1
CREB3L1	33	47	1.8111006782329266	0.0306969303069693	chr1	150488170.0	150488284.0	antisense	0.2142950410841269	0.6689878786768735	0.1
GCM1	31	42	1.8096110368726173	0.043995600439956005	chr1	150488170.0	150488284.0	sense	0.22843892081380093	0.6412299001869993	0.1
SPDEF	32	43	1.8081929702093784	0.0263973602639736	chr1	150488170.0	150488284.0	sense	0.2106774397187147	0.6763819680950326	0.1
Mafb	29	41	1.8065485901686655	0.10488951104889511	chr1	150488170.0	150488284.0	sense	0.3653533975461514	0.437286849647121	0.1
HSF4	36	49	1.7961930433433992	0.07089291070892911	chr1	150488170.0	150488284.0	antisense	0.2964231576842316	0.5280878706602867	0.1
MGA	38	46	1.7906713538238037	0.029197080291970802	chr1	150488170.0	150488284.0	sense	0.21262457087624573	0.6723865498815103	0.1
RUNX3	39	49	1.785634394388531	0.038196180381961806	chr1	150488170.0	150488284.0	antisense	0.22785997262342733	0.6423319591353146	0.1
BHLHE23	32	44	1.7802779036806975	0.0306969303069693	chr1	150488170.0	150488284.0	antisense	0.2142950410841269	0.6689878786768735	0.1
MAFF	27	45	1.7781207179452014	0.1663833616638336	chr1	150488170.0	150488284.0	antisense	0.4348785121487851	0.3616320507981283	0.1
SP8	31	43	1.7656977105957417	0.05019498050194981	chr1	150488170.0	150488284.0	antisense	0.25049225846646106	0.6012056915821657	0.1
ELF4	31	43	1.7655482461193333	0.029497050294970503	chr1	150488170.0	150488284.0	sense	0.21262457087624573	0.6723865498815103	0.1
RUNX2	32	41	1.7644566801211765	0.03189681031896811	chr1	150488170.0	150488284.0	antisense	0.2142950410841269	0.6689878786768735	0.1
ZNF263	27	48	1.7632229330857283	0.06979302069793021	chr1	150488170.0	150488284.0	antisense	0.2964231576842316	0.5280878706602867	0.1
ZIC3	29	44	1.7571982544207625	0.033896610338966106	chr1	150488170.0	150488284.0	antisense	0.2142950410841269	0.6689878786768735	0.1
USF1	35	46	1.755230805890293	0.044495550444955505	chr1	150488170.0	150488284.0	sense	0.22843892081380093	0.6412299001869993	0.1
Id2	34	42	1.7290722983113345	0.020397960203979604	chr1	150488170.0	150488284.0	sense	0.18846010135828523	0.7247805796439785	0.1
ELF1	31	43	1.7153836199575558	0.035096490350964904	chr1	150488170.0	150488284.0	sense	0.2142950410841269	0.6689878786768735	0.1
OLIG1	33	43	1.713705925495999	0.020097990200979902	chr1	150488170.0	150488284.0	antisense	0.18846010135828523	0.7247805796439785	0.1
ARNT::HIF1A	36	44	1.7089852935243837	0.0448955104489551	chr1	150488170.0	150488284.0	sense	0.22843892081380093	0.6412299001869993	0.1
Pparg::Rxra	34	49	1.7088954168381623	0.1937806219378062	chr1	150488170.0	150488284.0	antisense	0.4730875749634339	0.3250584579875341	0.1
GLI2	36	48	1.7061467287363048	0.05959404059594041	chr1	150488170.0	150488284.0	antisense	0.272220146406412	0.5650797367764665	0.1
CENPB	33	48	1.695314414372521	0.11638836116388361	chr1	150488170.0	150488284.0	sense	0.3846128045423306	0.4149762613104643	0.1
MIXL1	34	44	1.6856383871761824	0.256974302569743	chr1	150488170.0	150488284.0	sense	0.5377808993294219	0.2693946269233266	0.1
EOMES	29	42	1.684657910256922	0.12348765123487651	chr1	150488170.0	150488284.0	sense	0.3947826076288077	0.40364198867012757	0.1
TBR1	38	48	1.6692155172064864	0.0580941905809419	chr1	150488170.0	150488284.0	sense	0.26920432956704327	0.5699179597082558	0.1
MEIS1	38	45	1.652527468543288	0.08919108089191082	chr1	150488170.0	150488284.0	antisense	0.3259871195978994	0.4867995594353382	0.1
BHLHE22	33	43	1.6479573244099555	0.0420957904209579	chr1	150488170.0	150488284.0	antisense	0.22843892081380093	0.6412299001869993	0.1
POU3F2	30	42	1.6419428685292783	0.061993800619938005	chr1	150488170.0	150488284.0	sense	0.27736881484265363	0.5569423691570694	0.1
NFATC1	38	48	1.6303390324670015	0.18848115188481152	chr1	150488170.0	150488284.0	sense	0.46581770394389127	0.33178400962051247	0.1
NKX2-8	33	42	1.6252624573744734	0.1116888311168883	chr1	150488170.0	150488284.0	antisense	0.38135857466884887	0.41866648425756836	0.1
SPI1	29	43	1.6211930041535985	0.015898410158984102	chr1	150488170.0	150488284.0	sense	0.17229077092290768	0.7637379857243686	0.1
Tcf21	28	42	1.6139562635869669	0.0397960203979602	chr1	150488170.0	150488284.0	sense	0.22843892081380093	0.6412299001869993	0.1
OLIG2	33	43	1.6133854059122985	0.055194480551944806	chr1	150488170.0	150488284.0	antisense	0.26280674684825095	0.5803634896398295	0.1
TBX1	38	46	1.607574827825284	0.029397060293970604	chr1	150488170.0	150488284.0	sense	0.21262457087624573	0.6723865498815103	0.1
Ahr::Arnt	35	41	1.5970934857638734	0.0313968603139686	chr1	150488170.0	150488284.0	sense	0.2142950410841269	0.6689878786768735	0.1
Creb3l2	33	42	1.586360741147357	0.0347965203479652	chr1	150488170.0	150488284.0	sense	0.2142950410841269	0.6689878786768735	0.1
TBP	29	44	1.5856210334951764	0.2816718328167183	chr1	150488170.0	150488284.0	antisense	0.5558466966991514	0.2550449709323893	0.1
Sox2	35	43	1.584066851301966	0.014298570142985701	chr1	150488170.0	150488284.0	sense	0.16865813418658135	0.7729927084495305	0.1
Arid5a	31	45	1.5785565465480715	0.2923707629237076	chr1	150488170.0	150488284.0	antisense	0.5747743407477435	0.24050262801241298	0.1
Sox3	35	45	1.5750479575967278	0.027197280271972803	chr1	150488170.0	150488284.0	sense	0.2106774397187147	0.6763819680950326	0.1
Pax2	36	44	1.5598791809852575	0.32586741325867413	chr1	150488170.0	150488284.0	antisense	0.6150006817500068	0.21112440279352332	0.1
CEBPA	36	47	1.5583934546302942	0.06619338066193381	chr1	150488170.0	150488284.0	antisense	0.2862863713628637	0.5431993260363297	0.1
POU5F1B	31	40	1.554756206661177	0.0836916308369163	chr1	150488170.0	150488284.0	sense	0.3193820323849968	0.49568951980536236	0.1
Gata1	33	44	1.544657283063819	0.054894510548945105	chr1	150488170.0	150488284.0	sense	0.26280674684825095	0.5803634896398295	0.1
TBX21	37	47	1.5361820766758048	0.06259374062593741	chr1	150488170.0	150488284.0	sense	0.2776594135458249	0.5564875979641368	0.1
NFATC3	38	48	1.5293666683844949	0.1897810218978102	chr1	150488170.0	150488284.0	sense	0.4668073477012488	0.3308623166348236	0.1
HSF2	36	49	1.5252996415388078	0.05399460053994601	chr1	150488170.0	150488284.0	antisense	0.2618990437404858	0.5818660872906459	0.1
DMRT3	37	48	1.5225381809829472	0.1362863713628637	chr1	150488170.0	150488284.0	sense	0.4041864384990072	0.39341826228002574	0.1
HLTF	32	42	1.5060899460255877	0.2502749725027497	chr1	150488170.0	150488284.0	sense	0.5323471751185537	0.27380504615891105	0.1
ZBTB7C	36	48	1.5056208801582514	0.195980401959804	chr1	150488170.0	150488284.0	antisense	0.4730875749634339	0.3250584579875341	0.1
EHF	31	43	1.5012340876438828	0.08689131086891311	chr1	150488170.0	150488284.0	sense	0.32388250536648466	0.48961250993361605	0.1
PAX5	28	47	1.5010062684222618	0.21877812218778123	chr1	150488170.0	150488284.0	sense	0.49154045634397603	0.3084407316591559	0.1
Dlx1	34	44	1.4913345867939563	0.33696630336966304	chr1	150488170.0	150488284.0	antisense	0.6165467663759939	0.21003397566399862	0.1
POU4F3	32	48	1.4888748541446182	0.21027897210278973	chr1	150488170.0	150488284.0	sense	0.4821416536760421	0.3168253468820411	0.1
ZEB1	32	41	1.4861756327684112	0.0438956104389561	chr1	150488170.0	150488284.0	sense	0.22843892081380093	0.6412299001869993	0.1
HSF1	36	49	1.4829846459501586	0.04079592040795921	chr1	150488170.0	150488284.0	antisense	0.22843892081380093	0.6412299001869993	0.1
GSC	34	44	1.482842100099084	0.19958004199580043	chr1	150488170.0	150488284.0	sense	0.47733659813742135	0.32117526632558197	0.1
Ascl2	33	43	1.4811889520979598	0.072992700729927	chr1	150488170.0	150488284.0	antisense	0.2968865904107264	0.5274094179046122	0.1
Sox6	35	45	1.4738479189092604	0.0390960903909609	chr1	150488170.0	150488284.0	sense	0.22843892081380093	0.6412299001869993	0.1
Gabpa	34	45	1.4711905234545017	0.097990200979902	chr1	150488170.0	150488284.0	sense	0.34808355899103965	0.4583164892353697	0.1
GATA2	30	44	1.4699579507329936	0.14258574142585742	chr1	150488170.0	150488284.0	sense	0.4088508276244199	0.3884351187817426	0.1
SCRT1	32	47	1.4697951575248263	0.0734926507349265	chr1	150488170.0	150488284.0	antisense	0.2968865904107264	0.5274094179046122	0.1
NEUROG2	33	43	1.4575796165736976	0.0438956104389561	chr1	150488170.0	150488284.0	antisense	0.22843892081380093	0.6412299001869993	0.1
T	30	46	1.4537383616616775	0.08589141085891411	chr1	150488170.0	150488284.0	sense	0.32388250536648466	0.48961250993361605	0.1
REL	34	44	1.4484662900756995	0.14628537146285372	chr1	150488170.0	150488284.0	sense	0.41038977183362746	0.3868034717061078	0.1
TBX19	28	48	1.4476435308995415	0.1391860813918608	chr1	150488170.0	150488284.0	sense	0.4088508276244199	0.3884351187817426	0.1
NFIX	31	40	1.4473646406429614	0.2596740325967403	chr1	150488170.0	150488284.0	sense	0.5390832916708329	0.26834412847113975	0.1
Gfi1	32	42	1.442405966271507	0.20707929207079293	chr1	150488170.0	150488284.0	antisense	0.4819468725773162	0.31700083358311293	0.1
EMX1	34	44	1.4408720273434648	0.32956704329567044	chr1	150488170.0	150488284.0	sense	0.6160175349371538	0.21040692546859355	0.1
SOX10	36	42	1.4298743791527775	0.07139286071392861	chr1	150488170.0	150488284.0	sense	0.2964231576842316	0.5280878706602867	0.1
HOXA2	34	44	1.4295576081281798	0.3331666833316668	chr1	150488170.0	150488284.0	antisense	0.6165467663759939	0.21003397566399862	0.1
POU3F4	31	40	1.42308843622245	0.0471952804719528	chr1	150488170.0	150488284.0	sense	0.23780922878585925	0.6237712954994893	0.1
HOXA5	35	43	1.4188843285668982	0.11698830116988301	chr1	150488170.0	150488284.0	sense	0.3846128045423306	0.4149762613104643	0.1
EGR4	30	46	1.4187314977889165	0.20927907209279073	chr1	150488170.0	150488284.0	antisense	0.4821416536760421	0.3168253468820411	0.1
Arnt	35	41	1.4043982829389783	0.03469653034696531	chr1	150488170.0	150488284.0	sense	0.2142950410841269	0.6689878786768735	0.1
Hic1	40	49	1.4000214584055242	0.18018198180181982	chr1	150488170.0	150488284.0	sense	0.45276341931024283	0.34412866890783567	0.1
SRY	37	46	1.3977450897315313	0.16728327167283272	chr1	150488170.0	150488284.0	antisense	0.4348785121487851	0.3616320507981283	0.1
RREB1	29	49	1.396005287898889	0.009999000099990002	chr1	150488170.0	150488284.0	antisense	0.15712595407125954	0.8037520722550684	0.1
Esrrg	32	42	1.3957754943517198	0.09419058094190581	chr1	150488170.0	150488284.0	antisense	0.3371373207506836	0.4721931688705023	0.1
SRF	33	49	1.3868549837054862	0.064993500649935	chr1	150488170.0	150488284.0	sense	0.2834590490530779	0.54750967417808	0.1
SMAD3	39	49	1.3837154242274343	0.051294870512948704	chr1	150488170.0	150488284.0	antisense	0.25354321710686073	0.5959480033865266	0.1
Sox17	34	43	1.383505106125029	0.13288671132886712	chr1	150488170.0	150488284.0	sense	0.398960103989601	0.39907053159011446	0.1
BHLHE40	33	43	1.3779146009295151	0.09859014098590141	chr1	150488170.0	150488284.0	antisense	0.34808355899103965	0.4583164892353697	0.1
SCRT2	34	47	1.3730968631870428	0.061693830616938304	chr1	150488170.0	150488284.0	antisense	0.27736881484265363	0.5569423691570694	0.1
ELK4	33	44	1.370294544453812	0.11408859114088592	chr1	150488170.0	150488284.0	antisense	0.3846128045423306	0.4149762613104643	0.1
POU6F2	29	39	1.367395604851055	0.13038696130386962	chr1	150488170.0	150488284.0	antisense	0.398960103989601	0.39907053159011446	0.1
IRF7	28	42	1.3656708418079448	0.0734926507349265	chr1	150488170.0	150488284.0	sense	0.2968865904107264	0.5274094179046122	0.1
ESR2	32	47	1.356681207131542	0.3036696330366963	chr1	150488170.0	150488284.0	antisense	0.5837205168372052	0.2337950416691269	0.1
NKX2-3	33	43	1.3537199028787834	0.1673832616738326	chr1	150488170.0	150488284.0	antisense	0.4348785121487851	0.3616320507981283	0.1
ZBTB7A	37	49	1.3477213782787074	0.17148285171482852	chr1	150488170.0	150488284.0	antisense	0.44278407980097517	0.35380800247010435	0.1
MSC	33	43	1.346802772838181	0.07579242075792421	chr1	150488170.0	150488284.0	sense	0.30067298613650084	0.5219055891886887	0.1
FOXD1	38	46	1.3455658744944476	0.07729227077292271	chr1	150488170.0	150488284.0	antisense	0.30389915553899155	0.5172705067159298	0.1
MLXIPL	33	43	1.3438425123698257	0.11918808119188082	chr1	150488170.0	150488284.0	sense	0.38661633836616344	0.41271979668011194	0.1
KLF14	30	44	1.3438339078729638	0.0872912708729127	chr1	150488170.0	150488284.0	antisense	0.32388250536648466	0.48961250993361605	0.1
Foxo1	36	47	1.341669423183793	0.11098890110988902	chr1	150488170.0	150488284.0	sense	0.38135857466884887	0.41866648425756836	0.1
ESX1	34	44	1.3152644257984785	0.41955804419558046	chr1	150488170.0	150488284.0	antisense	0.6947954886040059	0.15814301014541512	0.1
CEBPE	31	41	1.3056542935233748	0.15328467153284672	chr1	150488170.0	150488284.0	antisense	0.4209245742092458	0.37579571874727374	0.1
POU4F1	32	46	1.2986366400335616	0.24517548245175483	chr1	150488170.0	150488284.0	sense	0.5288533387325167	0.2766647495341432	0.1
Barhl1	27	37	1.2891634597212969	0.5611438856114389	chr1	150488170.0	150488284.0	sense	0.7389768598897686	0.13136916076556396	0.1
CEBPB	31	41	1.2802084279078936	0.12638736126387362	chr1	150488170.0	150488284.0	antisense	0.397545699975457	0.40061293969594486	0.1
ZIC1	29	43	1.270281908295103	0.07379262073792621	chr1	150488170.0	150488284.0	sense	0.2968865904107264	0.5274094179046122	0.1
NFIC	33	39	1.2690816294581466	0.1805819418058194	chr1	150488170.0	150488284.0	antisense	0.45276341931024283	0.34412866890783567	0.1
JUN	32	45	1.267393525968145	0.14108589141085892	chr1	150488170.0	150488284.0	sense	0.4088508276244199	0.3884351187817426	0.1
TBX20	37	48	1.266953845906012	0.14208579142085792	chr1	150488170.0	150488284.0	sense	0.4088508276244199	0.3884351187817426	0.1
GMEB2	32	40	1.2635600206935271	0.1571842815718428	chr1	150488170.0	150488284.0	antisense	0.4226872649522612	0.37398083673278953	0.1
CEBPD	31	41	1.2605914882284766	0.11918808119188082	chr1	150488170.0	150488284.0	antisense	0.38661633836616344	0.41271979668011194	0.1
HLF	34	46	1.2602249909869794	0.22307769223077692	chr1	150488170.0	150488284.0	antisense	0.49477488148621035	0.30559235655470995	0.1
NFIA	39	49	1.2533730790643358	0.15198480151984803	chr1	150488170.0	150488284.0	sense	0.4209245742092458	0.37579571874727374	0.1
Foxa2	35	47	1.251773645800971	0.15608439156084392	chr1	150488170.0	150488284.0	antisense	0.42191562093790624	0.3747743950695369	0.1
SP3	32	43	1.246012155554384	0.21997800219978003	chr1	150488170.0	150488284.0	antisense	0.49210596181761135	0.30794137349709827	0.1
Hoxd9	38	48	1.242371907250146	0.27017298270172985	chr1	150488170.0	150488284.0	antisense	0.5425913007154883	0.2655271734965499	0.1
Pax6	29	43	1.2352786837506164	0.27377262273772623	chr1	150488170.0	150488284.0	antisense	0.5447960951031333	0.26376601394629784	0.1
TBX15	36	44	1.226231481008238	0.07589241075892411	chr1	150488170.0	150488284.0	sense	0.30067298613650084	0.5219055891886887	0.1
FOXD2	39	46	1.2200581607772012	0.14708529147085292	chr1	150488170.0	150488284.0	antisense	0.4104154100718961	0.386776340918791	0.1
CDX1	27	36	1.2126282029073674	0.22297770222977703	chr1	150488170.0	150488284.0	antisense	0.49477488148621035	0.30559235655470995	0.1
CEBPG	31	41	1.211863760221706	0.09069093090690931	chr1	150488170.0	150488284.0	antisense	0.3291510009838177	0.48260481983337133	0.1
Prrx2	35	43	1.2050614249805358	0.416958304169583	chr1	150488170.0	150488284.0	sense	0.6947954886040059	0.15814301014541512	0.1
FOXB1	37	48	1.1926612346941954	0.1790820917908209	chr1	150488170.0	150488284.0	sense	0.45276341931024283	0.34412866890783567	0.1
TCF7L2	33	47	1.1859179163573985	0.25447455254474555	chr1	150488170.0	150488284.0	antisense	0.5370167436697625	0.27001217320170806	0.1
GSX1	27	37	1.1804833297989301	0.6614338566143385	chr1	150488170.0	150488284.0	antisense	0.7696954519794657	0.11368107961702696	0.1
GSX2	34	44	1.1675058281553616	0.6643335666433356	chr1	150488170.0	150488284.0	antisense	0.7713403156328663	0.11275396878098438	0.1
RAX2	35	43	1.158939249789185	0.4173582641735826	chr1	150488170.0	150488284.0	sense	0.6947954886040059	0.15814301014541512	0.1
Sox5	37	44	1.1574228492035175	0.10618938106189381	chr1	150488170.0	150488284.0	sense	0.3674152584741526	0.4348428117386358	0.1
HOXB2	34	44	1.1534403436156548	0.5347465253474653	chr1	150488170.0	150488284.0	antisense	0.7284342431898542	0.1376096465140774	0.1
EGR2	33	44	1.1472937655509998	0.12398760123987601	chr1	150488170.0	150488284.0	antisense	0.3947826076288077	0.40364198867012757	0.1
Klf1	33	44	1.1468527069083112	0.14438556144385561	chr1	150488170.0	150488284.0	antisense	0.40948692016044297	0.387759965925214	0.1
Pou5f1::Sox2	31	46	1.1410064288214532	0.2940705929407059	chr1	150488170.0	150488284.0	sense	0.5759344820234957	0.23962691885814333	0.1
FOXP3	39	46	1.1354568675515333	0.204979502049795	chr1	150488170.0	150488284.0	antisense	0.4819468725773162	0.31700083358311293	0.1
Crx	29	40	1.134990867765124	0.19928007199280073	chr1	150488170.0	150488284.0	antisense	0.47733659813742135	0.32117526632558197	0.1
MEIS2	37	45	1.1349082810781044	0.1952804719528047	chr1	150488170.0	150488284.0	antisense	0.4730875749634339	0.3250584579875341	0.1
TFAP4	33	43	1.1345827367730024	0.14128587141285873	chr1	150488170.0	150488284.0	antisense	0.4088508276244199	0.3884351187817426	0.1
UNCX	35	43	1.1282740681061143	0.43345665433456654	chr1	150488170.0	150488284.0	sense	0.7023527460918504	0.15344471521399894	0.1
KLF13	27	45	1.126237521779764	0.12868713128687131	chr1	150488170.0	150488284.0	antisense	0.39847800934192296	0.3995956408550187	0.1
MYF6	33	43	1.1231154918323316	0.128987101289871	chr1	150488170.0	150488284.0	sense	0.39847800934192296	0.3995956408550187	0.1
NFAT5	31	41	1.122382611235843	0.29727027297270275	chr1	150488170.0	150488284.0	sense	0.5778399688121075	0.2381924215880423	0.1
HES5	32	44	1.1223581180295794	0.07989201079892011	chr1	150488170.0	150488284.0	sense	0.30981976429222746	0.5088908808012689	0.1
Dlx3	28	36	1.1094448511353037	0.45455454454554545	chr1	150488170.0	150488284.0	antisense	0.7094145813300707	0.14909988926961884	0.1
ALX3	34	44	1.1085787983637458	0.5638436156384361	chr1	150488170.0	150488284.0	antisense	0.7389768598897686	0.13136916076556396	0.1
LIN54	31	40	1.1049240749578653	0.15278472152784722	chr1	150488170.0	150488284.0	antisense	0.4209245742092458	0.37579571874727374	0.1
JUN(var.2)	31	45	1.1032809339104992	0.3251674832516748	chr1	150488170.0	150488284.0	antisense	0.6150006817500068	0.21112440279352332	0.1
E2F3	27	45	1.1023445455780965	0.08769123087691232	chr1	150488170.0	150488284.0	antisense	0.32388250536648466	0.48961250993361605	0.1
EGR1	33	47	1.1013171794041592	0.21227877212278773	chr1	150488170.0	150488284.0	antisense	0.48321352075318785	0.3158609222628598	0.1
TFAP2A(var.3)	33	46	1.095465140281041	0.26607339266073393	chr1	150488170.0	150488284.0	sense	0.5425913007154883	0.2655271734965499	0.1
FOXO4	39	46	1.0929484506879579	0.11708829117088292	chr1	150488170.0	150488284.0	antisense	0.3846128045423306	0.4149762613104643	0.1
TEAD3	34	42	1.090888644686211	0.14428557144285573	chr1	150488170.0	150488284.0	antisense	0.40948692016044297	0.387759965925214	0.1
SHOX	35	43	1.0901301018206764	0.4163583641635836	chr1	150488170.0	150488284.0	antisense	0.6947954886040059	0.15814301014541512	0.1
Foxk1	32	49	1.0862145419828766	0.29647035296470353	chr1	150488170.0	150488284.0	antisense	0.5778399688121075	0.2381924215880423	0.1
Hoxa9	36	47	1.081052547026546	0.203979602039796	chr1	150488170.0	150488284.0	antisense	0.4819468725773162	0.31700083358311293	0.1
SP2	29	44	1.0799636362191463	0.24387561243875613	chr1	150488170.0	150488284.0	sense	0.5288533387325167	0.2766647495341432	0.1
Hoxa11	37	49	1.0799282289722991	0.41115888411158885	chr1	150488170.0	150488284.0	antisense	0.6947954886040059	0.15814301014541512	0.1
Dlx4	28	36	1.0729554051879584	0.4373562643735626	chr1	150488170.0	150488284.0	antisense	0.7027489201544241	0.15319981305788946	0.1
FOXH1	28	39	1.072056482078007	0.18318168183181682	chr1	150488170.0	150488284.0	sense	0.454886568759392	0.34209688620762724	0.1
FOXL1	39	46	1.0699974366777507	0.11678832116788321	chr1	150488170.0	150488284.0	antisense	0.3846128045423306	0.4149762613104643	0.1
NFATC2	39	46	1.0675219829032963	0.200979902009799	chr1	150488170.0	150488284.0	sense	0.478479674968283	0.32013650561252077	0.1
ZNF354C	40	46	1.0611966382501752	0.14538546145385461	chr1	150488170.0	150488284.0	antisense	0.410081817905166	0.38712948591492224	0.1
Foxj2	38	46	1.0598285807107932	0.1324867513248675	chr1	150488170.0	150488284.0	antisense	0.398960103989601	0.39907053159011446	0.1
VAX1	35	43	1.0530883335532826	0.5098490150984901	chr1	150488170.0	150488284.0	sense	0.7094145813300707	0.14909988926961884	0.1
MEOX2	34	44	1.0529072357156308	0.6417358264173583	chr1	150488170.0	150488284.0	sense	0.762153075310318	0.11795779363934139	0.1
Gata4	34	45	1.0503149760196102	0.20537946205379462	chr1	150488170.0	150488284.0	sense	0.4819468725773162	0.31700083358311293	0.1
Spz1	31	42	1.0431216198167153	0.3063693630636936	chr1	150488170.0	150488284.0	antisense	0.5867368982658929	0.23155659934224423	0.1
FOXF2	31	45	1.0422825666598228	0.27077292270772924	chr1	150488170.0	150488284.0	antisense	0.5425913007154883	0.2655271734965499	0.1
Klf12	28	43	1.0392409757343866	0.17838216178382163	chr1	150488170.0	150488284.0	sense	0.45276341931024283	0.34412866890783567	0.1
MLX	33	43	1.034636401456899	0.1673832616738326	chr1	150488170.0	150488284.0	sense	0.4348785121487851	0.3616320507981283	0.1
EN2	27	37	1.0248869207015558	0.5244475552444755	chr1	150488170.0	150488284.0	antisense	0.7222714236512857	0.14129956746847103	0.1
MAFG::NFE2L1	35	41	1.0243993953146195	0.26747325267473254	chr1	150488170.0	150488284.0	antisense	0.5425913007154883	0.2655271734965499	0.1
FOXO6	39	46	1.018654530108687	0.1141885811418858	chr1	150488170.0	150488284.0	antisense	0.3846128045423306	0.4149762613104643	0.1
FOXC1	37	48	1.0072920652665283	0.2783721627837216	chr1	150488170.0	150488284.0	sense	0.5514318797127921	0.2585081298096258	0.1
Myb	28	38	1.0020473497977425	0.21087891210878912	chr1	150488170.0	150488284.0	sense	0.4821416536760421	0.3168253468820411	0.1
FOXI1	39	46	1.0019779918539402	0.1317868213178682	chr1	150488170.0	150488284.0	antisense	0.398960103989601	0.39907053159011446	0.1
YY2	29	40	0.9998865716818448	0.3965603439656034	chr1	150488170.0	150488284.0	antisense	0.6896820317968202	0.1613510884856729	0.1
NFIL3	36	47	0.9971785341359234	0.2273772622737726	chr1	150488170.0	150488284.0	sense	0.49792742244762866	0.30283395508679267	0.1
MAF::NFE2	28	43	0.9950067947146168	0.273972602739726	chr1	150488170.0	150488284.0	sense	0.5447960951031333	0.26376601394629784	0.1
FOXC2	37	49	0.992833411153005	0.33856614338566143	chr1	150488170.0	150488284.0	antisense	0.6165467663759939	0.21003397566399862	0.1
TFCP2	31	41	0.9882950437833953	0.33436656334366566	chr1	150488170.0	150488284.0	antisense	0.6165467663759939	0.21003397566399862	0.1
EN1	35	43	0.9836194093322977	0.3177682231776822	chr1	150488170.0	150488284.0	sense	0.606329808195651	0.2172910805912428	0.1
ZBTB7B	33	45	0.9804351342976929	0.25877412258774124	chr1	150488170.0	150488284.0	antisense	0.5390832916708329	0.26834412847113975	0.1
NFIC::TLX1	32	46	0.9786401240788819	0.1673832616738326	chr1	150488170.0	150488284.0	antisense	0.4348785121487851	0.3616320507981283	0.1
TGIF2	32	44	0.9715694897121309	0.1725827417258274	chr1	150488170.0	150488284.0	antisense	0.4434180344341803	0.35318664749583784	0.1
Dlx2	28	36	0.9671736157328161	0.3604639536046395	chr1	150488170.0	150488284.0	antisense	0.6451061790372686	0.19036879827191308	0.1
FOXG1	38	46	0.9652903042252277	0.12008799120087991	chr1	150488170.0	150488284.0	antisense	0.38711594679041417	0.41215893805734843	0.1
PRRX1	35	43	0.9606383241839285	0.42545745425457454	chr1	150488170.0	150488284.0	sense	0.6968265437607183	0.15687531438781363	0.1
CREB1	36	44	0.9578417046757006	0.32266773322667736	chr1	150488170.0	150488284.0	antisense	0.6134232730573097	0.21223975106525583	0.1
SP4	29	46	0.9567121711995894	0.1421857814218578	chr1	150488170.0	150488284.0	antisense	0.4088508276244199	0.3884351187817426	0.1
DLX6	28	36	0.9528761750793535	0.43515648435156484	chr1	150488170.0	150488284.0	antisense	0.7023527460918504	0.15344471521399894	0.1
MZF1(var.2)	32	42	0.9487200245956808	0.43115688431156884	chr1	150488170.0	150488284.0	antisense	0.701474680118195	0.15398800030690368	0.1
ELF3	31	44	0.9442397095714302	0.22577742225777422	chr1	150488170.0	150488284.0	sense	0.49651899216857975	0.30406413480956235	0.1
ETV2	37	48	0.9440958085144786	0.23507649235076492	chr1	150488170.0	150488284.0	antisense	0.5126247879413739	0.29020039735997744	0.1
FOXO3	38	46	0.9423062539219498	0.1357864213578642	chr1	150488170.0	150488284.0	antisense	0.4041864384990072	0.39341826228002574	0.1
Hoxc9	35	48	0.9401053025789016	0.39186081391860816	chr1	150488170.0	150488284.0	antisense	0.6847668768476688	0.16445725526751456	0.1
BHLHE41	35	45	0.9374268542853083	0.16628337166283372	chr1	150488170.0	150488284.0	antisense	0.4348785121487851	0.3616320507981283	0.1
LHX9	35	43	0.9364830819552328	0.4971502849715029	chr1	150488170.0	150488284.0	antisense	0.7094145813300707	0.14909988926961884	0.1
Hmx1	31	48	0.9361581461129737	0.569043095690431	chr1	150488170.0	150488284.0	antisense	0.7403659634036597	0.1305535551348952	0.1
RARA::RXRA	27	44	0.9304424825653325	0.49695030496950304	chr1	150488170.0	150488284.0	sense	0.7094145813300707	0.14909988926961884	0.1
ZBTB33	33	48	0.9302320258379512	0.44425557444255576	chr1	150488170.0	150488284.0	sense	0.7029531802917269	0.153073599899213	0.1
KLF16	32	43	0.9277147449869126	0.20667933206679331	chr1	150488170.0	150488284.0	antisense	0.4819468725773162	0.31700083358311293	0.1
VSX1	35	43	0.9239441676729154	0.48425157484251574	chr1	150488170.0	150488284.0	sense	0.7094145813300707	0.14909988926961884	0.1
NR4A2	38	46	0.9206208711906857	0.35026497350264973	chr1	150488170.0	150488284.0	antisense	0.6312066709995667	0.19982841986994324	0.1
Pitx1	35	43	0.9186210754370348	0.4931506849315068	chr1	150488170.0	150488284.0	antisense	0.7094145813300707	0.14909988926961884	0.1
PLAG1	35	49	0.913884565322094	0.12758724127587243	chr1	150488170.0	150488284.0	antisense	0.39847800934192296	0.3995956408550187	0.1
VAX2	35	43	0.9124395980375166	0.5758424157584242	chr1	150488170.0	150488284.0	antisense	0.7403659634036597	0.1305535551348952	0.1
Hmx2	31	48	0.9103997482038735	0.5095490450954905	chr1	150488170.0	150488284.0	antisense	0.7094145813300707	0.14909988926961884	0.1
Hmx3	31	48	0.9047855219165564	0.5761423857614238	chr1	150488170.0	150488284.0	antisense	0.7403659634036597	0.1305535551348952	0.1
YY1	31	43	0.8940655380205188	0.36726327367263273	chr1	150488170.0	150488284.0	antisense	0.6550159417047986	0.18374813006901833	0.1
Foxq1	36	47	0.8928724098834483	0.24787521247875213	chr1	150488170.0	150488284.0	sense	0.5309074030868518	0.27498121872109105	0.1
TFAP2A(var.2)	35	47	0.8918593967801073	0.5002499750024998	chr1	150488170.0	150488284.0	antisense	0.7094145813300707	0.14909988926961884	0.1
PRDM1	27	42	0.878883660815567	0.41075892410758924	chr1	150488170.0	150488284.0	sense	0.6947954886040059	0.15814301014541512	0.1
MNX1	27	37	0.8712375456879645	0.5824417558244176	chr1	150488170.0	150488284.0	antisense	0.7403659634036597	0.1305535551348952	0.1
HMBOX1	31	41	0.8705674358015516	0.6125387461253875	chr1	150488170.0	150488284.0	sense	0.7446301881439763	0.12805936097474965	0.1
OTX1	29	37	0.869414120658074	0.40715928407159285	chr1	150488170.0	150488284.0	sense	0.6947954886040059	0.15814301014541512	0.1
NKX6-2	35	43	0.8668032973218941	0.5948405159484051	chr1	150488170.0	150488284.0	antisense	0.7403659634036597	0.1305535551348952	0.1
Dmbx1	30	47	0.8659069823475593	0.6014398560143985	chr1	150488170.0	150488284.0	sense	0.7414424828301018	0.12992253358820954	0.1
DUXA	35	48	0.8642398158005125	0.4961503849615039	chr1	150488170.0	150488284.0	sense	0.7094145813300707	0.14909988926961884	0.1
FOXP2	37	48	0.8633917148426642	0.25507449255074494	chr1	150488170.0	150488284.0	antisense	0.5370167436697625	0.27001217320170806	0.1
Hand1::Tcf3	39	49	0.86021610749347	0.5824417558244176	chr1	150488170.0	150488284.0	sense	0.7403659634036597	0.1305535551348952	0.1
HOXC13	37	48	0.860082953399334	0.3367663233676632	chr1	150488170.0	150488284.0	antisense	0.6165467663759939	0.21003397566399862	0.1
Gfi1b	36	47	0.8599957152630493	0.3478652134786521	chr1	150488170.0	150488284.0	antisense	0.6308745432077001	0.2000569967142863	0.1
MSX1	29	37	0.8587800748368309	0.526047395260474	chr1	150488170.0	150488284.0	sense	0.7222714236512857	0.14129956746847103	0.1
NR2F1	35	48	0.8565442016098346	0.48765123487651235	chr1	150488170.0	150488284.0	sense	0.7094145813300707	0.14909988926961884	0.1
TFAP2C(var.2)	29	40	0.852435265582879	0.46905309469053097	chr1	150488170.0	150488284.0	antisense	0.7094145813300707	0.14909988926961884	0.1
SMAD2::SMAD3::SMAD4	34	47	0.851294737498528	0.5041495850414959	chr1	150488170.0	150488284.0	sense	0.7094145813300707	0.14909988926961884	0.1
MZF1	33	39	0.8485251048655524	0.263973602639736	chr1	150488170.0	150488284.0	antisense	0.5425913007154883	0.2655271734965499	0.1
TFAP2B(var.2)	29	40	0.8472246780229185	0.42015798420157985	chr1	150488170.0	150488284.0	antisense	0.6947954886040059	0.15814301014541512	0.1
Atf3	38	46	0.845479131061479	0.3488651134886511	chr1	150488170.0	150488284.0	antisense	0.6308745432077001	0.2000569967142863	0.1
PKNOX2	32	44	0.8443644474816504	0.12638736126387362	chr1	150488170.0	150488284.0	antisense	0.397545699975457	0.40061293969594486	0.1
GRHL1	30	42	0.8398499319890602	0.40585941405859416	chr1	150488170.0	150488284.0	antisense	0.6947954886040059	0.15814301014541512	0.1
Crem	39	49	0.8387520431591978	0.39866013398660133	chr1	150488170.0	150488284.0	sense	0.6896820317968202	0.1613510884856729	0.1
Six3	32	49	0.8363695706700495	0.5883411658834117	chr1	150488170.0	150488284.0	sense	0.7403659634036597	0.1305535551348952	0.1
BARX1	28	36	0.8346074198555398	0.47875212478752127	chr1	150488170.0	150488284.0	antisense	0.7094145813300707	0.14909988926961884	0.1
Atf1	31	39	0.8321106622880556	0.37836216378362164	chr1	150488170.0	150488284.0	sense	0.6668922938214654	0.1759443009801331	0.1
NKX3-2	36	45	0.8285527104600391	0.49635036496350365	chr1	150488170.0	150488284.0	antisense	0.7094145813300707	0.14909988926961884	0.1
CREB3	33	47	0.8283375614284211	0.4203579642035796	chr1	150488170.0	150488284.0	antisense	0.6947954886040059	0.15814301014541512	0.1
PPARG	28	48	0.8253127842519382	0.32866713328667135	chr1	150488170.0	150488284.0	sense	0.6160175349371538	0.21040692546859355	0.1
GATA5	34	42	0.8246434117617013	0.5634436556344365	chr1	150488170.0	150488284.0	antisense	0.7389768598897686	0.13136916076556396	0.1
PKNOX1	32	44	0.8222365570901757	0.132986701329867	chr1	150488170.0	150488284.0	antisense	0.398960103989601	0.39907053159011446	0.1
Nkx2-5	35	42	0.8113623443302839	0.41985801419858015	chr1	150488170.0	150488284.0	antisense	0.6947954886040059	0.15814301014541512	0.1
FOS::JUN	39	46	0.8065784105574836	0.4577542245775422	chr1	150488170.0	150488284.0	antisense	0.7094145813300707	0.14909988926961884	0.1
BARHL2	31	41	0.8028965332279442	0.7292270772922708	chr1	150488170.0	150488284.0	antisense	0.8121649208469711	0.09035577255540679	0.1
GATA3	34	42	0.8008982765891975	0.18198180181981802	chr1	150488170.0	150488284.0	antisense	0.45407959204079595	0.34286801640609155	0.1
RORA(var.2)	35	49	0.7951485614597079	0.29927007299270075	chr1	150488170.0	150488284.0	sense	0.579556596579148	0.23690414661700224	0.1
MTF1	33	47	0.7933821855199663	0.21737826217378262	chr1	150488170.0	150488284.0	antisense	0.4905187742095356	0.30934436569572193	0.1
CTCF	29	48	0.7903167975298832	0.37906209379062095	chr1	150488170.0	150488284.0	antisense	0.6668922938214654	0.1759443009801331	0.1
Nkx3-1	36	45	0.7892538506701677	0.45935406459354067	chr1	150488170.0	150488284.0	antisense	0.7094145813300707	0.14909988926961884	0.1
HOXA10	38	49	0.7875831182803427	0.6572342765723428	chr1	150488170.0	150488284.0	antisense	0.7686042206590151	0.11429723501103067	0.1
RHOXF1	29	37	0.7853025585412071	0.5749425057494251	chr1	150488170.0	150488284.0	sense	0.7403659634036597	0.1305535551348952	0.1
E2F1	30	42	0.7847548797649146	0.5521447855214479	chr1	150488170.0	150488284.0	sense	0.7384724443156708	0.13166570550426276	0.1
SPIB	33	40	0.7810254064369975	0.39816018398160186	chr1	150488170.0	150488284.0	antisense	0.6896820317968202	0.1613510884856729	0.1
BSX	35	43	0.7798346184464484	0.5131486851314868	chr1	150488170.0	150488284.0	antisense	0.7120967047680258	0.14746102392599414	0.1
HNF4G	32	47	0.7784827070676138	0.5915408459154085	chr1	150488170.0	150488284.0	antisense	0.7403659634036597	0.1305535551348952	0.1
Foxj3	32	49	0.7758661858329213	0.5423457654234577	chr1	150488170.0	150488284.0	antisense	0.731110265596817	0.13601711807789849	0.1
JUND(var.2)	31	46	0.763316824399296	0.49845015498450157	chr1	150488170.0	150488284.0	sense	0.7094145813300707	0.14909988926961884	0.1
HES7	32	44	0.7594853765897108	0.1952804719528047	chr1	150488170.0	150488284.0	antisense	0.4730875749634339	0.3250584579875341	0.1
RELA	27	37	0.7547881314052525	0.26917308269173085	chr1	150488170.0	150488284.0	antisense	0.5425913007154883	0.2655271734965499	0.1
MEF2C	33	48	0.7545549157668556	0.5406459354064593	chr1	150488170.0	150488284.0	antisense	0.731110265596817	0.13601711807789849	0.1
PDX1	35	43	0.7527686227858806	0.42305769423057693	chr1	150488170.0	150488284.0	antisense	0.6968265437607183	0.15687531438781363	0.1
Shox2	35	43	0.74466519431001	0.4814518548145185	chr1	150488170.0	150488284.0	sense	0.7094145813300707	0.14909988926961884	0.1
Srebf1(var.2)	33	43	0.7377583021083877	0.3374662533746625	chr1	150488170.0	150488284.0	antisense	0.6165467663759939	0.21003397566399862	0.1
Nkx2-5(var.2)	27	38	0.7275695428650123	0.5309469053094691	chr1	150488170.0	150488284.0	sense	0.7255713902293981	0.1393198501354778	0.1
LMX1B	35	43	0.7270341541106545	0.718928107189281	chr1	150488170.0	150488284.0	sense	0.8041458785155966	0.09466515960040314	0.1
POU4F2	32	48	0.7144209952349905	0.2612738726127387	chr1	150488170.0	150488284.0	sense	0.5402435852032326	0.26741038118211735	0.1
SREBF2(var.2)	33	43	0.7099567490456011	0.3020697930206979	chr1	150488170.0	150488284.0	antisense	0.5828038014042463	0.23447762415753232	0.1
HOXC12	37	48	0.7061763429624472	0.4687531246875312	chr1	150488170.0	150488284.0	antisense	0.7094145813300707	0.14909988926961884	0.1
Nr1h3::Rxra	29	48	0.7061425664064175	0.6806319368063194	chr1	150488170.0	150488284.0	antisense	0.7759184607855004	0.11018391519996744	0.1
Nobox	29	37	0.7022618982226722	0.5094490550944906	chr1	150488170.0	150488284.0	sense	0.7094145813300707	0.14909988926961884	0.1
SREBF1	35	45	0.6990780434086074	0.36996300369963003	chr1	150488170.0	150488284.0	antisense	0.657571229178452	0.18205719680982813	0.1
GBX2	27	37	0.6969454061691279	0.6073392660733926	chr1	150488170.0	150488284.0	antisense	0.7446301881439763	0.12805936097474965	0.1
SREBF2	35	45	0.6934940614383456	0.42675732426757323	chr1	150488170.0	150488284.0	sense	0.6968265437607183	0.15687531438781363	0.1
Msx3	28	36	0.6930659768163357	0.45445455454454553	chr1	150488170.0	150488284.0	antisense	0.7094145813300707	0.14909988926961884	0.1
IRF1	27	48	0.6908237814102569	0.2455754424557544	chr1	150488170.0	150488284.0	sense	0.5288533387325167	0.2766647495341432	0.1
ONECUT2	30	44	0.6871296374748272	0.49495050494950504	chr1	150488170.0	150488284.0	antisense	0.7094145813300707	0.14909988926961884	0.1
TEF	34	46	0.6857956530037187	0.44355564443555645	chr1	150488170.0	150488284.0	antisense	0.7029531802917269	0.153073599899213	0.1
HOXD12	29	40	0.6837317823668558	0.47295270472952705	chr1	150488170.0	150488284.0	antisense	0.7094145813300707	0.14909988926961884	0.1
GATA1::TAL1	28	46	0.6825074370946717	0.652034796520348	chr1	150488170.0	150488284.0	sense	0.7658593869119875	0.11585096025500907	0.1
TFAP2A	29	40	0.6821906820307593	0.6224377562243776	chr1	150488170.0	150488284.0	antisense	0.747789804352898	0.126220460475543	0.1
PROX1	27	39	0.6779647368430407	0.35396460353964604	chr1	150488170.0	150488284.0	sense	0.6356665371525132	0.1967706501591648	0.1
Arid3b	38	49	0.6734114089735027	0.6119388061193881	chr1	150488170.0	150488284.0	sense	0.7446301881439763	0.12805936097474965	0.1
PHOX2A	30	41	0.6715108247552939	0.5958404159584042	chr1	150488170.0	150488284.0	antisense	0.7403659634036597	0.1305535551348952	0.1
MSX2	28	36	0.6696347718268635	0.4998500149985001	chr1	150488170.0	150488284.0	antisense	0.7094145813300707	0.14909988926961884	0.1
PITX3	28	37	0.6665048800051269	0.7593240675932407	chr1	150488170.0	150488284.0	sense	0.8349347268662964	0.0783474752587142	0.1
DBP	34	46	0.6643311347389994	0.5420457954204579	chr1	150488170.0	150488284.0	antisense	0.731110265596817	0.13601711807789849	0.1
HOXC11	37	48	0.6619654541519399	0.5580441955804419	chr1	150488170.0	150488284.0	antisense	0.7388391262914524	0.13145011393220166	0.1
RAX	27	37	0.6592640383491274	0.646935306469353	chr1	150488170.0	150488284.0	antisense	0.763089600130896	0.11742446524589188	0.1
ESRRB	31	42	0.6590937495918802	0.3902609739026097	chr1	150488170.0	150488284.0	antisense	0.6842751535657245	0.1647692292060947	0.1
OTX2	29	37	0.6569979335750097	0.6334366563343665	chr1	150488170.0	150488284.0	sense	0.7557554589368649	0.12161870716358202	0.1
NFE2	30	41	0.65661685597544	0.3371662833716628	chr1	150488170.0	150488284.0	sense	0.6165467663759939	0.21003397566399862	0.1
MYBL2	28	43	0.653930888082821	0.5537446255374463	chr1	150488170.0	150488284.0	antisense	0.7384724443156708	0.13166570550426276	0.1
GLIS2	30	44	0.6436161230091952	0.40305969403059694	chr1	150488170.0	150488284.0	sense	0.6947954886040059	0.15814301014541512	0.1
Nfe2l2	30	45	0.6433269936795007	0.6438356164383562	chr1	150488170.0	150488284.0	sense	0.762901107149559	0.11753175484038009	0.1
Mecom	31	45	0.6408366549917259	0.43945605439456054	chr1	150488170.0	150488284.0	antisense	0.7029531802917269	0.153073599899213	0.1
TFAP2C	28	40	0.6380377347570648	0.7184281571842815	chr1	150488170.0	150488284.0	antisense	0.8041458785155966	0.09466515960040314	0.1
NFKB2	27	40	0.6376600813106018	0.408959104089591	chr1	150488170.0	150488284.0	sense	0.6947954886040059	0.15814301014541512	0.1
ATF4	33	46	0.6372738823178605	0.48875112488751127	chr1	150488170.0	150488284.0	sense	0.7094145813300707	0.14909988926961884	0.1
Phox2b	30	41	0.6285659438198754	0.5420457954204579	chr1	150488170.0	150488284.0	sense	0.731110265596817	0.13601711807789849	0.1
TFAP2B	35	47	0.6271668955311447	0.6941305869413059	chr1	150488170.0	150488284.0	antisense	0.786580293935672	0.1042569380968808	0.1
TGIF1	32	44	0.6237381969172814	0.22427757224277572	chr1	150488170.0	150488284.0	antisense	0.49531940422978976	0.30511465811717337	0.1
ONECUT1	30	44	0.6222764098361735	0.49525047495250474	chr1	150488170.0	150488284.0	antisense	0.7094145813300707	0.14909988926961884	0.1
XBP1	34	48	0.6217893754932013	0.6099390060993901	chr1	150488170.0	150488284.0	antisense	0.7446301881439763	0.12805936097474965	0.1
Hoxb5	31	47	0.6159507870747757	0.8401159884011599	chr1	150488170.0	150488284.0	sense	0.8808488848084888	0.0550985911600004	0.1
E2F2	28	44	0.6138040796824324	0.21537846215378462	chr1	150488170.0	150488284.0	sense	0.48812847972844636	0.31146585280633005	0.1
NFYB	27	42	0.6129666676073556	0.6575342465753424	chr1	150488170.0	150488284.0	antisense	0.7686042206590151	0.11429723501103067	0.1
Dux	28	36	0.6121512365112731	0.45245475452454753	chr1	150488170.0	150488284.0	antisense	0.7094145813300707	0.14909988926961884	0.1
NR2C2	29	44	0.6082607225281839	0.5016498350164984	chr1	150488170.0	150488284.0	sense	0.7094145813300707	0.14909988926961884	0.1
HESX1	27	37	0.604002709145836	0.6522347765223477	chr1	150488170.0	150488284.0	sense	0.7658593869119875	0.11585096025500907	0.1
PBX1	33	45	0.6003214539690864	0.5964403559644036	chr1	150488170.0	150488284.0	antisense	0.7403659634036597	0.1305535551348952	0.1
Hoxd3	31	47	0.5969530999638055	0.8535146485351465	chr1	150488170.0	150488284.0	antisense	0.8912959810658774	0.04997805174532343	0.1
FOS	30	41	0.5923579306401124	0.5923407659234077	chr1	150488170.0	150488284.0	sense	0.7403659634036597	0.1305535551348952	0.1
INSM1	29	41	0.5917392905996296	0.4844515548445156	chr1	150488170.0	150488284.0	sense	0.7094145813300707	0.14909988926961884	0.1
Zfx	27	41	0.5899061194699985	0.6762323767623237	chr1	150488170.0	150488284.0	sense	0.7759184607855004	0.11018391519996744	0.1
HOXA13	39	49	0.5895220840837163	0.5511448855114488	chr1	150488170.0	150488284.0	antisense	0.7384724443156708	0.13166570550426276	0.1
Nr2f6	30	44	0.5888040153387858	0.47095290470952905	chr1	150488170.0	150488284.0	sense	0.7094145813300707	0.14909988926961884	0.1
PAX4	35	43	0.5879150092877953	0.6599340065993401	chr1	150488170.0	150488284.0	antisense	0.7696758414046236	0.11369214486746769	0.1
Bcl6	29	43	0.5870664130009826	0.7337266273372662	chr1	150488170.0	150488284.0	sense	0.8136840162137632	0.08954421508259978	0.1
FOXP1	34	49	0.5843940437582613	0.5860413958604139	chr1	150488170.0	150488284.0	antisense	0.7403659634036597	0.1305535551348952	0.1
RARA(var.2)	27	44	0.5826986574071795	0.2648735126487351	chr1	150488170.0	150488284.0	sense	0.5425913007154883	0.2655271734965499	0.1
CDX2	27	38	0.5802541919328554	0.49225077492250774	chr1	150488170.0	150488284.0	antisense	0.7094145813300707	0.14909988926961884	0.1
RORA	33	43	0.5799587963352494	0.6156384361563844	chr1	150488170.0	150488284.0	antisense	0.7446301881439763	0.12805936097474965	0.1
NFYA	31	49	0.576640294189811	0.5844415558444156	chr1	150488170.0	150488284.0	sense	0.7403659634036597	0.1305535551348952	0.1
Klf4	33	43	0.5668036314609735	0.44295570442955706	chr1	150488170.0	150488284.0	sense	0.7029531802917269	0.153073599899213	0.1
POU6F1	31	41	0.558217972081001	0.7317268273172682	chr1	150488170.0	150488284.0	sense	0.8132039044489555	0.0898005448439283	0.1
Rfx1	34	48	0.5560494583718467	0.7676232376762324	chr1	150488170.0	150488284.0	sense	0.8372944218183224	0.07712180211738597	0.1
SOX8	27	43	0.5556174386061721	0.1551844815518448	chr1	150488170.0	150488284.0	sense	0.42191562093790624	0.3747743950695369	0.1
Stat5a::Stat5b	32	43	0.5527298852334154	0.6149385061493851	chr1	150488170.0	150488284.0	sense	0.7446301881439763	0.12805936097474965	0.1
KLF5	28	38	0.5490002558117376	0.4587541245875412	chr1	150488170.0	150488284.0	sense	0.7094145813300707	0.14909988926961884	0.1
NKX6-1	28	36	0.5488528242528873	0.674032596740326	chr1	150488170.0	150488284.0	antisense	0.7759184607855004	0.11018391519996744	0.1
HOXD11	37	47	0.5479152586131624	0.6362363763623637	chr1	150488170.0	150488284.0	antisense	0.7573547691102449	0.12070063546076656	0.1
MYBL1	37	49	0.5476733328455223	0.599040095990401	chr1	150488170.0	150488284.0	antisense	0.7403659634036597	0.1305535551348952	0.1
MAFG	28	49	0.538799332530863	0.5629437056294371	chr1	150488170.0	150488284.0	sense	0.7389768598897686	0.13136916076556396	0.1
TFAP2B(var.3)	35	48	0.5212915995256071	0.5926407359264073	chr1	150488170.0	150488284.0	sense	0.7403659634036597	0.1305535551348952	0.1
GLIS3	30	44	0.5154554493614196	0.32996700329967005	chr1	150488170.0	150488284.0	sense	0.6160175349371538	0.21040692546859355	0.1
NR3C2	29	46	0.5140909043078612	0.4767523247675233	chr1	150488170.0	150488284.0	sense	0.7094145813300707	0.14909988926961884	0.1
JUNB	31	42	0.5134041722680631	0.6798320167983202	chr1	150488170.0	150488284.0	antisense	0.7759184607855004	0.11018391519996744	0.1
HOXD13	39	49	0.5096095767633896	0.593940605939406	chr1	150488170.0	150488284.0	antisense	0.7403659634036597	0.1305535551348952	0.1
LMX1A	35	43	0.5073554241666139	0.8201179882011799	chr1	150488170.0	150488284.0	antisense	0.8720238405607292	0.05947164157840122	0.1
ZBED1	28	41	0.5070278052694542	0.43575642435756423	chr1	150488170.0	150488284.0	antisense	0.7023527460918504	0.15344471521399894	0.1
ZNF740	32	42	0.505272310450991	0.41115888411158885	chr1	150488170.0	150488284.0	antisense	0.6947954886040059	0.15814301014541512	0.1
REST	27	48	0.4915306780479218	0.2555744425557444	chr1	150488170.0	150488284.0	antisense	0.5370167436697625	0.27001217320170806	0.1
Nr2e1	28	37	0.4905499493424866	0.7652234776522348	chr1	150488170.0	150488284.0	antisense	0.8372944218183224	0.07712180211738597	0.1
Lhx4	35	43	0.49024658355255535	0.8011198880111989	chr1	150488170.0	150488284.0	antisense	0.8583508659443334	0.06633515038504047	0.1
ONECUT3	28	42	0.49002275370972515	0.5084491550844915	chr1	150488170.0	150488284.0	antisense	0.7094145813300707	0.14909988926961884	0.1
HNF1B	34	47	0.48873474613725804	0.6214378562143785	chr1	150488170.0	150488284.0	sense	0.747789804352898	0.126220460475543	0.1
FOSL2	31	42	0.4855590310792253	0.686931306869313	chr1	150488170.0	150488284.0	antisense	0.7801254885452373	0.10783553243870463	0.1
Ar	29	46	0.48498965835858326	0.5312468753124687	chr1	150488170.0	150488284.0	antisense	0.7255713902293981	0.1393198501354778	0.1
HNF1A	33	48	0.48362889815669136	0.7003299670032996	chr1	150488170.0	150488284.0	sense	0.7885315364567439	0.10318093285472507	0.1
HOXC10	37	47	0.47899612707022526	0.7872212778722127	chr1	150488170.0	150488284.0	antisense	0.8500607319725407	0.07055004532295937	0.1
Stat6	28	43	0.474818603969074	0.7221277872212779	chr1	150488170.0	150488284.0	antisense	0.8059877883179424	0.09367153822755094	0.1
RARA	30	48	0.4684658910425534	0.208979102089791	chr1	150488170.0	150488284.0	antisense	0.4821416536760421	0.3168253468820411	0.1
RFX5	30	46	0.4675393444021294	0.46765323467653236	chr1	150488170.0	150488284.0	sense	0.7094145813300707	0.14909988926961884	0.1
TFAP2C(var.3)	35	48	0.4668988443089373	0.6708329167083291	chr1	150488170.0	150488284.0	sense	0.7755326917196922	0.1103998902627359	0.1
BATF3	33	47	0.45330295461239756	0.3745625437456254	chr1	150488170.0	150488284.0	antisense	0.6634742669077801	0.17817591674329578	0.1
Tcf7	37	49	0.4527934974591887	0.555944405559444	chr1	150488170.0	150488284.0	sense	0.7384724443156708	0.13166570550426276	0.1
NR1H2::RXRA	29	46	0.44709501508553007	0.27077292270772924	chr1	150488170.0	150488284.0	sense	0.5425913007154883	0.2655271734965499	0.1
EGR3	27	42	0.43830715308810253	0.48305169483051696	chr1	150488170.0	150488284.0	antisense	0.7094145813300707	0.14909988926961884	0.1
JDP2	40	49	0.43670254567819455	0.525947405259474	chr1	150488170.0	150488284.0	antisense	0.7222714236512857	0.14129956746847103	0.1
NR3C1	29	46	0.4289605461987047	0.5061493850614939	chr1	150488170.0	150488284.0	sense	0.7094145813300707	0.14909988926961884	0.1
E2F6	38	49	0.42788735251762866	0.5892410758924107	chr1	150488170.0	150488284.0	antisense	0.7403659634036597	0.1305535551348952	0.1
TP53	31	49	0.42449724929020705	0.6148385161483851	chr1	150488170.0	150488284.0	sense	0.7446301881439763	0.12805936097474965	0.1
MEOX1	27	37	0.4178099670985939	0.9331066893310669	chr1	150488170.0	150488284.0	antisense	0.9477150132344887	0.023322239441402527	0.1
GBX1	27	37	0.41777001196131425	0.7878212178782121	chr1	150488170.0	150488284.0	antisense	0.8500607319725407	0.07055004532295937	0.1
LEF1	34	49	0.41294240274354743	0.616938306169383	chr1	150488170.0	150488284.0	antisense	0.7446301881439763	0.12805936097474965	0.1
PAX1	28	45	0.41193445503053217	0.5981401859814018	chr1	150488170.0	150488284.0	sense	0.7403659634036597	0.1305535551348952	0.1
E2F4	38	49	0.403737819407584	0.6284371562843716	chr1	150488170.0	150488284.0	antisense	0.7532537739297663	0.12305868375979373	0.1
SP1	28	39	0.4034561382761517	0.5733426657334266	chr1	150488170.0	150488284.0	sense	0.7403659634036597	0.1305535551348952	0.1
LBX1	37	45	0.39734502822228185	0.8044195580441956	chr1	150488170.0	150488284.0	antisense	0.8590406391459621	0.06598629025564978	0.1
EMX2	27	37	0.3883916229132526	0.8868113188681132	chr1	150488170.0	150488284.0	antisense	0.915020028812228	0.0385693995866341	0.1
VSX2	28	36	0.3846682989394615	0.84001599840016	chr1	150488170.0	150488284.0	sense	0.8808488848084888	0.0550985911600004	0.1
ISX	28	36	0.3804712006467295	0.7019298070192981	chr1	150488170.0	150488284.0	antisense	0.7885315364567439	0.10318093285472507	0.1
Lhx8	28	36	0.37801957865466357	0.8763123687631237	chr1	150488170.0	150488284.0	sense	0.905988285633588	0.04287741768475645	0.1
STAT1::STAT2	27	42	0.37475657825771946	0.5991400859914009	chr1	150488170.0	150488284.0	antisense	0.7403659634036597	0.1305535551348952	0.1
RFX3	30	46	0.36371787295837804	0.7442255774422558	chr1	150488170.0	150488284.0	sense	0.8200702222771353	0.08614895756542945	0.1
NFKB1	27	40	0.36091982981883397	0.45725427457254275	chr1	150488170.0	150488284.0	antisense	0.7094145813300707	0.14909988926961884	0.1
LHX2	27	37	0.3596373636283023	0.9102089791020898	chr1	150488170.0	150488284.0	sense	0.9317523868914883	0.03069948603054933	0.1
VENTX	33	42	0.35714223806245793	0.8644135586441356	chr1	150488170.0	150488284.0	sense	0.8954703332062003	0.04794879768570919	0.1
PAX9	28	45	0.3545548303259914	0.5460453954604539	chr1	150488170.0	150488284.0	sense	0.7341905705802476	0.13419119756461642	0.1
RFX4	30	46	0.351725203147484	0.8186181381861813	chr1	150488170.0	150488284.0	sense	0.8720238405607292	0.05947164157840122	0.1
HOXB13	39	49	0.3397963486298364	0.7371262873712628	chr1	150488170.0	150488284.0	antisense	0.8157111794151075	0.08846358559645189	0.1
JUND	30	41	0.33974039305817244	0.8009199080091991	chr1	150488170.0	150488284.0	sense	0.8583508659443334	0.06633515038504047	0.1
mix-a	38	49	0.32137334673979695	0.7857214278572143	chr1	150488170.0	150488284.0	sense	0.8500607319725407	0.07055004532295937	0.1
ZNF143	32	48	0.3175520801592509	0.5563443655634437	chr1	150488170.0	150488284.0	sense	0.7384724443156708	0.13166570550426276	0.1
STAT3	38	49	0.31056201337884737	0.8589141085891411	chr1	150488170.0	150488284.0	sense	0.8933395237630546	0.048983451220552414	0.1
PROP1	36	47	0.30956861285892684	0.6801319868013199	chr1	150488170.0	150488284.0	sense	0.7759184607855004	0.11018391519996744	0.1
LHX6	27	37	0.30864969242569423	0.9368063193680632	chr1	150488170.0	150488284.0	antisense	0.9496142182656735	0.022452791454374517	0.1
Rarg	30	46	0.3077424026655454	0.42695730426957307	chr1	150488170.0	150488284.0	sense	0.6968265437607183	0.15687531438781363	0.1
IRF8	28	42	0.3063793208310516	0.4894510548945106	chr1	150488170.0	150488284.0	sense	0.7094145813300707	0.14909988926961884	0.1
Creb5	34	46	0.30252219274701947	0.7679232076792321	chr1	150488170.0	150488284.0	antisense	0.8372944218183224	0.07712180211738597	0.1
DUX4	30	41	0.30106143105338	0.777022297770223	chr1	150488170.0	150488284.0	antisense	0.8454393554355256	0.07291753950834798	0.1
CUX2	32	42	0.29686447601493204	0.9217078292170783	chr1	150488170.0	150488284.0	sense	0.9398160380425611	0.026957147976662054	0.1
RXRG	30	44	0.29472785923439226	0.518048195180482	chr1	150488170.0	150488284.0	sense	0.716978702129787	0.14449374486900246	0.1
Rxra	30	44	0.29294776392563077	0.5035496450354965	chr1	150488170.0	150488284.0	sense	0.7094145813300707	0.14909988926961884	0.1
Hoxd8	30	47	0.2900017491556757	0.9069093090690931	chr1	150488170.0	150488284.0	antisense	0.9305170273486486	0.031275675390924705	0.1
FOSL1	30	41	0.28973636775806305	0.8329167083291671	chr1	150488170.0	150488284.0	sense	0.8798912791647665	0.05557098668595254	0.1
RXRB	30	44	0.2821497442946915	0.5069493050694931	chr1	150488170.0	150488284.0	sense	0.7094145813300707	0.14909988926961884	0.1
Rarg(var.2)	31	48	0.2707494275981033	0.46265373462653736	chr1	150488170.0	150488284.0	antisense	0.7094145813300707	0.14909988926961884	0.1
Esrra	34	45	0.2697377288030915	0.7617238276172382	chr1	150488170.0	150488284.0	sense	0.8358026776603523	0.07789624184128897	0.1
ESR1	31	48	0.26919235133382524	0.6106389361063893	chr1	150488170.0	150488284.0	sense	0.7446301881439763	0.12805936097474965	0.1
JDP2(var.2)	34	46	0.2655868859576798	0.8021197880211979	chr1	150488170.0	150488284.0	antisense	0.8583508659443334	0.06633515038504047	0.1
Bach1::Mafk	28	43	0.2607272277347762	0.838016198380162	chr1	150488170.0	150488284.0	antisense	0.8808488848084888	0.0550985911600004	0.1
E2F8	28	40	0.2584564611232936	0.5880411958804119	chr1	150488170.0	150488284.0	sense	0.7403659634036597	0.1305535551348952	0.1
Arid3a	28	34	0.25559519278026427	0.7832216778322167	chr1	150488170.0	150488284.0	antisense	0.8500607319725407	0.07055004532295937	0.1
BATF::JUN	32	43	0.25062470318481395	0.9137086291370863	chr1	150488170.0	150488284.0	antisense	0.9334936585081649	0.029888627992637876	0.1
MEF2A	34	46	0.24943965163215057	0.6762323767623237	chr1	150488170.0	150488284.0	antisense	0.7759184607855004	0.11018391519996744	0.1
Rarb(var.2)	27	44	0.24503763701802062	0.5084491550844915	chr1	150488170.0	150488284.0	sense	0.7094145813300707	0.14909988926961884	0.1
Alx1	30	47	0.23948935258069018	0.8276172382761724	chr1	150488170.0	150488284.0	sense	0.8765986666639458	0.0571991942580706	0.1
Vdr	33	49	0.23557737265911946	0.6817318268173183	chr1	150488170.0	150488284.0	antisense	0.7759184607855004	0.11018391519996744	0.1
Rarb	33	49	0.23161103331644473	0.44375562443755623	chr1	150488170.0	150488284.0	antisense	0.7029531802917269	0.153073599899213	0.1
MEF2B	34	46	0.22487945032239398	0.6300369963003699	chr1	150488170.0	150488284.0	antisense	0.7534313388937603	0.12295631932578874	0.1
Znf423	30	45	0.22309352145056047	0.5952404759524048	chr1	150488170.0	150488284.0	antisense	0.7403659634036597	0.1305535551348952	0.1
Nr2e3	28	35	0.21193577204742628	0.905009499050095	chr1	150488170.0	150488284.0	antisense	0.9305170273486486	0.031275675390924705	0.1
Stat4	29	43	0.20241370608512846	0.9072092790720928	chr1	150488170.0	150488284.0	sense	0.9305170273486486	0.031275675390924705	0.1
IRF9	27	42	0.1984453509469019	0.49945005499450057	chr1	150488170.0	150488284.0	sense	0.7094145813300707	0.14909988926961884	0.1
CUX1	31	41	0.17355908064776596	0.9689031096890312	chr1	150488170.0	150488284.0	antisense	0.9764285707351595	0.010359521418830479	0.1
RFX2	30	46	0.17117749148748848	0.7428257174282572	chr1	150488170.0	150488284.0	sense	0.8200702222771353	0.08614895756542945	0.1
TP73	27	45	0.16565225815661005	0.8504149585041496	chr1	150488170.0	150488284.0	antisense	0.8898495231122049	0.05068342797001447	0.1
Lhx3	36	49	0.15042181019366857	0.7925207479252074	chr1	150488170.0	150488284.0	antisense	0.8533574028489267	0.06886903966908357	0.1
MEF2D	34	46	0.1481366114286463	0.696030396960304	chr1	150488170.0	150488284.0	antisense	0.7870147625760301	0.10401712120487756	0.1
GLIS1	29	45	0.14446148156777514	0.45415458454154584	chr1	150488170.0	150488284.0	sense	0.7094145813300707	0.14909988926961884	0.1
Nr2f6(var.2)	29	44	0.13974418994702092	0.5975402459754025	chr1	150488170.0	150488284.0	sense	0.7403659634036597	0.1305535551348952	0.1
Hnf4a	32	48	0.13866731852538935	0.7013298670132987	chr1	150488170.0	150488284.0	antisense	0.7885315364567439	0.10318093285472507	0.1
IRF2	29	47	0.12883914298851226	0.6455354464553544	chr1	150488170.0	150488284.0	sense	0.763089600130896	0.11742446524589188	0.1
EWSR1-FLI1	27	45	0.08142654669446682	0.24857514248575144	chr1	150488170.0	150488284.0	antisense	0.5309074030868518	0.27498121872109105	0.1
TP63	27	45	0.06451845688433472	0.670932906709329	chr1	150488170.0	150488284.0	antisense	0.7755326917196922	0.1103998902627359	0.1
RXRA::VDR	33	48	0.05940392108354442	0.8557144285571443	chr1	150488170.0	150488284.0	antisense	0.891798771930036	0.04973313004020835	0.1
EBF1	27	41	0.058723854433794104	0.9236076392360764	chr1	150488170.0	150488284.0	antisense	0.9399065975755366	0.026915301903480616	0.1
STAT1	29	40	0.038104693348964394	0.9843015698430156	chr1	150488170.0	150488284.0	sense	0.9900242533886147	0.0043541660248512465	0.1
PAX7	29	39	-0.11258448968919255	0.9863013698630136	chr1	150488170.0	150488284.0	antisense	0.9901168490501047	0.004313548934672093	0.1
ATF7	33	47	-0.120914428973563	0.9897010298970103	chr1	150488170.0	150488284.0	antisense	0.9916116496458462	0.0036583796985003997	0.1
PAX3	29	39	-0.12807779905277789	0.9924007599240076	chr1	150488170.0	150488284.0	sense	0.9924007599240076	0.003312911841710012	0.1
Arx	32	49	-0.1306972972533932	0.9437056294370563	chr1	150488170.0	150488284.0	sense	0.9547431221790101	0.020113461533290623	0.1
E2F7	27	41	-0.13954336585969382	0.8626137386261374	chr1	150488170.0	150488284.0	sense	0.8953930606939307	0.04798627572654317	0.1
ZNF410	29	46	-0.1883667671163546	0.8341165883411659	chr1	150488170.0	150488284.0	sense	0.8798912791647665	0.05557098668595254	0.1
Alx4	31	48	-0.2601057578694451	0.960903909609039	chr1	150488170.0	150488284.0	antisense	0.9702512239048467	0.013115800755135245	0.1
BCL6B	28	45	-0.2622175163167095	0.8216178382161784	chr1	150488170.0	150488284.0	sense	0.8720238405607292	0.05947164157840122	0.1
