motif	start	end	score	pval	tile_chr	tile_start	tile_end	strand	padj	neg_log_pval	fdr_cutoff
YY1	78	90	9.034048266703076	9.999000099990002e-05	chrX	73164097.0	73164211.0	sense	0.051894810518948106	1.2848760694284047	0.1
YY2	80	91	5.478639107626773	0.00029997000299970003	chrX	73164097.0	73164211.0	antisense	0.07784221577842217	1.1087848103727236	0.1
THAP1	80	89	4.992099634692116	0.0025997400259974	chrX	73164097.0	73164211.0	antisense	0.265960903909609	0.5751821997006129	0.1
CTCF	72	91	4.499165098145709	0.0010998900109989002	chrX	73164097.0	73164211.0	sense	0.19028097190280974	0.7206046389898422	0.1
Neurog1	77	87	4.355163250713642	0.0108989101089891	chrX	73164097.0	73164211.0	sense	0.3452133047564809	0.4619124746283989	0.1
GSX1	76	86	4.260514735130147	0.024897510248975102	chrX	73164097.0	73164211.0	antisense	0.401421622543628	0.39639923798090204	0.1
TBP	75	90	4.078016854637902	0.019998000199980003	chrX	73164097.0	73164211.0	sense	0.3855043067121859	0.4139707658078625	0.1
Hic1	80	89	3.8614505132115653	0.003999600039996	chrX	73164097.0	73164211.0	antisense	0.265960903909609	0.5751821997006129	0.1
Hes1	80	90	3.8247660632327958	0.09469053094690531	chrX	73164097.0	73164211.0	sense	0.5228126123557857	0.28165394402483007	0.1
NEUROD2	77	87	3.7823124554903376	0.0016998300169983002	chrX	73164097.0	73164211.0	antisense	0.22055294470552944	0.6564871393780933	0.1
SP2	77	92	3.662832951122768	0.0040995900409959	chrX	73164097.0	73164211.0	antisense	0.265960903909609	0.5751821997006129	0.1
NFIX	81	90	3.5709323536842015	0.014598540145985401	chrX	73164097.0	73164211.0	antisense	0.3452133047564809	0.4619124746283989	0.1
NFIC	82	88	3.487383853171196	0.0034996500349965005	chrX	73164097.0	73164211.0	sense	0.265960903909609	0.5751821997006129	0.1
E2F1	81	93	3.480842981752935	0.007099290070992901	chrX	73164097.0	73164211.0	antisense	0.3452133047564809	0.4619124746283989	0.1
GSX2	76	86	3.418568817422295	0.08559144085591441	chrX	73164097.0	73164211.0	antisense	0.5228126123557857	0.28165394402483007	0.1
Arid5a	77	91	3.3947474789352157	0.048595140485951406	chrX	73164097.0	73164211.0	sense	0.46705329467053297	0.33063355998907995	0.1
Nr1h3::Rxra	73	92	3.275218562276455	0.0443955604439556	chrX	73164097.0	73164211.0	sense	0.46705329467053297	0.33063355998907995	0.1
HLTF	78	88	3.271851275429444	0.026297370262973702	chrX	73164097.0	73164211.0	antisense	0.401421622543628	0.39639923798090204	0.1
GATA2	73	87	3.125040432534597	0.013998600139986002	chrX	73164097.0	73164211.0	antisense	0.3452133047564809	0.4619124746283989	0.1
SP3	81	92	3.082309701388665	0.023397660233976603	chrX	73164097.0	73164211.0	antisense	0.39172211811076957	0.40702190585253467	0.1
Arid3b	73	84	3.029312808930085	0.027597240275972403	chrX	73164097.0	73164211.0	antisense	0.40253542213346233	0.3951958967614075	0.1
ZBTB7C	78	90	3.0006959701415483	0.0433956604339566	chrX	73164097.0	73164211.0	antisense	0.46705329467053297	0.33063355998907995	0.1
EGR1	78	92	2.982075136273	0.013298670132986702	chrX	73164097.0	73164211.0	antisense	0.3452133047564809	0.4619124746283989	0.1
Hes2	73	86	2.9415507390129294	0.17888211178882113	chrX	73164097.0	73164211.0	sense	0.5718766768741452	0.24269761513615118	0.1
NFIA	80	90	2.9351283302305067	0.008899110088991101	chrX	73164097.0	73164211.0	antisense	0.3452133047564809	0.4619124746283989	0.1
ALX3	76	86	2.916279723639585	0.0922907709229077	chrX	73164097.0	73164211.0	antisense	0.5228126123557857	0.28165394402483007	0.1
FOXA1	72	87	2.9139702623414214	0.023397660233976603	chrX	73164097.0	73164211.0	antisense	0.39172211811076957	0.40702190585253467	0.1
TAL1::TCF3	77	89	2.873106858610457	0.009499050094990502	chrX	73164097.0	73164211.0	antisense	0.3452133047564809	0.4619124746283989	0.1
ESX1	76	86	2.8476888432775564	0.0932906709329067	chrX	73164097.0	73164211.0	antisense	0.5228126123557857	0.28165394402483007	0.1
OLIG3	77	87	2.8350795395586306	0.0150984901509849	chrX	73164097.0	73164211.0	antisense	0.3452133047564809	0.4619124746283989	0.1
NRL	80	91	2.825037482048818	0.11148885111488852	chrX	73164097.0	73164211.0	sense	0.5593107355931073	0.25234684460148493	0.1
Klf12	78	93	2.7996733270110563	0.012598740125987402	chrX	73164097.0	73164211.0	antisense	0.3452133047564809	0.4619124746283989	0.1
SP1	81	92	2.748832210719558	0.007799220077992201	chrX	73164097.0	73164211.0	antisense	0.3452133047564809	0.4619124746283989	0.1
RUNX3	82	92	2.7299948803676757	0.0192980701929807	chrX	73164097.0	73164211.0	antisense	0.3855043067121859	0.4139707658078625	0.1
HIC2	80	89	2.7285387086918376	0.040995900409959006	chrX	73164097.0	73164211.0	antisense	0.46705329467053297	0.33063355998907995	0.1
KLF14	79	93	2.7117919640842283	0.012098790120987902	chrX	73164097.0	73164211.0	antisense	0.3452133047564809	0.4619124746283989	0.1
Prrx2	77	85	2.662123506487363	0.08159184081591841	chrX	73164097.0	73164211.0	antisense	0.5228126123557857	0.28165394402483007	0.1
Gata1	73	84	2.659085365156177	0.013598640135986401	chrX	73164097.0	73164211.0	antisense	0.3452133047564809	0.4619124746283989	0.1
FIGLA	77	87	2.6172688765699816	0.03519648035196481	chrX	73164097.0	73164211.0	antisense	0.4566743325667434	0.34039339727823614	0.1
Gata4	72	83	2.6149545085855164	0.015298470152984701	chrX	73164097.0	73164211.0	antisense	0.3452133047564809	0.4619124746283989	0.1
NKX3-2	77	86	2.6029055895494353	0.028697130286971302	chrX	73164097.0	73164211.0	antisense	0.40253542213346233	0.3951958967614075	0.1
RAX2	77	85	2.562943779786711	0.08209179082091791	chrX	73164097.0	73164211.0	antisense	0.5228126123557857	0.28165394402483007	0.1
SPIC	79	93	2.552482592046863	0.0678932106789321	chrX	73164097.0	73164211.0	sense	0.48269282660775015	0.3163291552683591	0.1
UNCX	77	85	2.522967165697324	0.08959104089591041	chrX	73164097.0	73164211.0	antisense	0.5228126123557857	0.28165394402483007	0.1
Mitf	78	88	2.4871207926008787	0.1493850614938506	chrX	73164097.0	73164211.0	antisense	0.5626293485759337	0.24977761736786813	0.1
GSC2	76	86	2.4861107578573844	0.1506849315068493	chrX	73164097.0	73164211.0	sense	0.5626293485759337	0.24977761736786813	0.1
ZBTB7A	78	90	2.4539482559351633	0.05169483051694831	chrX	73164097.0	73164211.0	antisense	0.46705329467053297	0.33063355998907995	0.1
GATA5	75	83	2.4495694303243862	0.047795220477952205	chrX	73164097.0	73164211.0	sense	0.46705329467053297	0.33063355998907995	0.1
TFAP2A	80	91	2.4205549447912027	0.05799420057994201	chrX	73164097.0	73164211.0	antisense	0.46705329467053297	0.33063355998907995	0.1
MZF1(var.2)	80	90	2.412026610739377	0.06179382061793821	chrX	73164097.0	73164211.0	sense	0.47239540751807174	0.3256943331145231	0.1
NFATC1	74	84	2.391520102758393	0.13058694130586943	chrX	73164097.0	73164211.0	antisense	0.5597508951394937	0.25200520323561043	0.1
Dlx1	75	85	2.389757000965322	0.18998100189981001	chrX	73164097.0	73164211.0	sense	0.5718766768741452	0.24269761513615118	0.1
SP8	80	92	2.3896433898634295	0.05449455054494551	chrX	73164097.0	73164211.0	antisense	0.46705329467053297	0.33063355998907995	0.1
MEIS3	82	90	2.3852754715055977	0.04459554044595541	chrX	73164097.0	73164211.0	sense	0.46705329467053297	0.33063355998907995	0.1
SRF	73	89	2.3683708707148385	0.013498650134986502	chrX	73164097.0	73164211.0	sense	0.3452133047564809	0.4619124746283989	0.1
Atoh1	77	87	2.3558266727758834	0.036996300369963	chrX	73164097.0	73164211.0	sense	0.46705329467053297	0.33063355998907995	0.1
INSM1	76	88	2.3488038887203007	0.0207979202079792	chrX	73164097.0	73164211.0	sense	0.3855043067121859	0.4139707658078625	0.1
EGR4	75	91	2.3370643888156573	0.098990100989901	chrX	73164097.0	73164211.0	antisense	0.524714195247142	0.28007718654663605	0.1
KLF13	76	94	2.3296860486261686	0.0206979302069793	chrX	73164097.0	73164211.0	antisense	0.3855043067121859	0.4139707658078625	0.1
CREB1	83	91	2.328174446160552	0.028597140285971403	chrX	73164097.0	73164211.0	antisense	0.40253542213346233	0.3951958967614075	0.1
NFATC3	74	84	2.311546445958906	0.11988801119888011	chrX	73164097.0	73164211.0	antisense	0.5597508951394937	0.25200520323561043	0.1
RUNX2	83	92	2.2829502055080897	0.034396560343965606	chrX	73164097.0	73164211.0	antisense	0.4566743325667434	0.34039339727823614	0.1
CEBPE	82	92	2.2633117347370195	0.0405959404059594	chrX	73164097.0	73164211.0	antisense	0.46705329467053297	0.33063355998907995	0.1
MEOX2	72	82	2.2526700848693757	0.22367763223677634	chrX	73164097.0	73164211.0	sense	0.5718766768741452	0.24269761513615118	0.1
ISL2	73	81	2.233612729608093	0.10848915108489152	chrX	73164097.0	73164211.0	sense	0.5593107355931073	0.25234684460148493	0.1
GATA3	75	83	2.2296210635947036	0.009599040095990401	chrX	73164097.0	73164211.0	sense	0.3452133047564809	0.4619124746283989	0.1
TFAP2A(var.3)	75	88	2.2285414589959354	0.0654934506549345	chrX	73164097.0	73164211.0	sense	0.47426090724260916	0.3239826722457177	0.1
HOXB2	72	82	2.2248534368895143	0.2243775622437756	chrX	73164097.0	73164211.0	sense	0.5718766768741452	0.24269761513615118	0.1
GCM2	78	88	2.200830691863809	0.07849215078492151	chrX	73164097.0	73164211.0	sense	0.5156636235110666	0.28763350397359366	0.1
PROX1	81	93	2.1755162244458632	0.016798320167983202	chrX	73164097.0	73164211.0	antisense	0.3632636736326368	0.4397780294141479	0.1
HOXB3	76	86	2.1528319956691626	0.24417558244175583	chrX	73164097.0	73164211.0	antisense	0.5718766768741452	0.24269761513615118	0.1
ZIC4	75	90	2.143322239433199	0.11348865113488651	chrX	73164097.0	73164211.0	antisense	0.5593107355931073	0.25234684460148493	0.1
SMAD2::SMAD3::SMAD4	80	93	2.1311124815666167	0.08749125087491251	chrX	73164097.0	73164211.0	antisense	0.5228126123557857	0.28165394402483007	0.1
Pparg::Rxra	73	88	2.1098322182879174	0.20657934206579343	chrX	73164097.0	73164211.0	sense	0.5718766768741452	0.24269761513615118	0.1
Gabpa	75	86	2.1025064319756406	0.06189381061893811	chrX	73164097.0	73164211.0	sense	0.47239540751807174	0.3256943331145231	0.1
Hand1::Tcf3	79	89	2.095437252809483	0.12188781121887811	chrX	73164097.0	73164211.0	sense	0.5597508951394937	0.25200520323561043	0.1
Dmbx1	73	90	2.0772291000683274	0.18648135186481352	chrX	73164097.0	73164211.0	antisense	0.5718766768741452	0.24269761513615118	0.1
Hoxd9	73	83	2.071833413084569	0.12908709129087093	chrX	73164097.0	73164211.0	sense	0.5597508951394937	0.25200520323561043	0.1
ELK4	74	85	2.069954766574996	0.05849415058494151	chrX	73164097.0	73164211.0	antisense	0.46705329467053297	0.33063355998907995	0.1
EGR2	78	89	2.0697982583671846	0.033996600339966	chrX	73164097.0	73164211.0	antisense	0.4566743325667434	0.34039339727823614	0.1
ELF5	73	84	2.0646207296166024	0.1317868213178682	chrX	73164097.0	73164211.0	sense	0.5597508951394937	0.25200520323561043	0.1
TBX5	80	88	2.0576521744858662	0.13288671132886712	chrX	73164097.0	73164211.0	sense	0.5597508951394937	0.25200520323561043	0.1
ZBTB7B	78	90	2.0566256297019256	0.06579342065793421	chrX	73164097.0	73164211.0	antisense	0.47426090724260916	0.3239826722457177	0.1
HOXA2	76	86	2.0521018969728915	0.2435756424357564	chrX	73164097.0	73164211.0	antisense	0.5718766768741452	0.24269761513615118	0.1
E2F4	83	94	2.0428848173106737	0.04889511048895111	chrX	73164097.0	73164211.0	sense	0.46705329467053297	0.33063355998907995	0.1
Barhl1	72	82	2.0322500177247966	0.38206179382061795	chrX	73164097.0	73164211.0	antisense	0.6045428993685997	0.21857287545167506	0.1
HOXA10	72	83	2.0288367980917883	0.18708129187081293	chrX	73164097.0	73164211.0	sense	0.5718766768741452	0.24269761513615118	0.1
PITX3	76	85	2.018584394114463	0.1347865213478652	chrX	73164097.0	73164211.0	sense	0.5597508951394937	0.25200520323561043	0.1
Dlx3	77	85	2.010972735871672	0.204979502049795	chrX	73164097.0	73164211.0	antisense	0.5718766768741452	0.24269761513615118	0.1
HMBOX1	72	82	2.0066937456539735	0.1593840615938406	chrX	73164097.0	73164211.0	sense	0.5701368638646339	0.24402087750945922	0.1
Bhlha15	78	86	2.0037723485639525	0.025797420257974202	chrX	73164097.0	73164211.0	antisense	0.401421622543628	0.39639923798090204	0.1
USF1	76	87	1.9911340583841899	0.07089291070892911	chrX	73164097.0	73164211.0	antisense	0.49057894210578945	0.30929109763703827	0.1
KLF5	82	92	1.9890991998120329	0.0402959704029597	chrX	73164097.0	73164211.0	antisense	0.46705329467053297	0.33063355998907995	0.1
LMX1B	73	81	1.9866873012452737	0.2146785321467853	chrX	73164097.0	73164211.0	sense	0.5718766768741452	0.24269761513615118	0.1
NKX2-8	76	85	1.9786876521839984	0.12418758124187582	chrX	73164097.0	73164211.0	antisense	0.5597508951394937	0.25200520323561043	0.1
Nkx3-1	72	81	1.9749815036142158	0.07029297070292971	chrX	73164097.0	73164211.0	sense	0.49057894210578945	0.30929109763703827	0.1
NFIL3	73	84	1.9698710279866323	0.05269473052694731	chrX	73164097.0	73164211.0	sense	0.46705329467053297	0.33063355998907995	0.1
ESR2	74	89	1.966241343135417	0.194980501949805	chrX	73164097.0	73164211.0	sense	0.5718766768741452	0.24269761513615118	0.1
GLIS2	77	91	1.9637001079838508	0.05299470052994701	chrX	73164097.0	73164211.0	antisense	0.46705329467053297	0.33063355998907995	0.1
Znf423	72	87	1.962669366380894	0.022997700229977002	chrX	73164097.0	73164211.0	sense	0.39172211811076957	0.40702190585253467	0.1
SREBF2	82	92	1.952733190948095	0.043695630436956304	chrX	73164097.0	73164211.0	sense	0.46705329467053297	0.33063355998907995	0.1
PBX1	78	90	1.9379833407920637	0.0741925807419258	chrX	73164097.0	73164211.0	antisense	0.5066572290139407	0.2952857564301691	0.1
MIXL1	72	82	1.929096636120276	0.36246375362463756	chrX	73164097.0	73164211.0	sense	0.5945941456011139	0.22577937119170666	0.1
Myb	83	93	1.9074783461168623	0.05319468053194681	chrX	73164097.0	73164211.0	antisense	0.46705329467053297	0.33063355998907995	0.1
E2F6	83	94	1.9071322814747753	0.055694430556944306	chrX	73164097.0	73164211.0	sense	0.46705329467053297	0.33063355998907995	0.1
Nkx2-5	77	84	1.90197845356091	0.07589241075892411	chrX	73164097.0	73164211.0	sense	0.5115345608296313	0.2911250187054063	0.1
Dlx4	77	85	1.8879987430021867	0.208979102089791	chrX	73164097.0	73164211.0	antisense	0.5718766768741452	0.24269761513615118	0.1
SNAI2	77	86	1.883418956844244	0.1456854314568543	chrX	73164097.0	73164211.0	sense	0.5626293485759337	0.24977761736786813	0.1
Hoxd8	72	89	1.877455241914604	0.3066693330666933	chrX	73164097.0	73164211.0	sense	0.5886462448645646	0.23014562211991613	0.1
CENPB	74	89	1.8614524374299457	0.1765823417658234	chrX	73164097.0	73164211.0	antisense	0.5718766768741452	0.24269761513615118	0.1
OLIG2	77	87	1.8586857223449929	0.06429357064293571	chrX	73164097.0	73164211.0	antisense	0.47426090724260916	0.3239826722457177	0.1
MNX1	72	82	1.8434415388988827	0.22747725227477253	chrX	73164097.0	73164211.0	sense	0.5718766768741452	0.24269761513615118	0.1
TFAP2C(var.2)	80	91	1.8257239054985122	0.14128587141285873	chrX	73164097.0	73164211.0	antisense	0.5597508951394937	0.25200520323561043	0.1
POU6F1	72	82	1.8146845361344104	0.1538846115388461	chrX	73164097.0	73164211.0	sense	0.5701368638646339	0.24402087750945922	0.1
EMX1	75	85	1.8105376228531294	0.34466553344665535	chrX	73164097.0	73164211.0	sense	0.5945941456011139	0.22577937119170666	0.1
ZNF740	81	91	1.8058018030186727	0.05449455054494551	chrX	73164097.0	73164211.0	antisense	0.46705329467053297	0.33063355998907995	0.1
GLI2	78	90	1.8047391108504651	0.11308869113088692	chrX	73164097.0	73164211.0	antisense	0.5593107355931073	0.25234684460148493	0.1
ZNF263	72	93	1.8029897720091417	0.1947805219478052	chrX	73164097.0	73164211.0	sense	0.5718766768741452	0.24269761513615118	0.1
NKX6-2	73	81	1.799485224829677	0.24297570242975702	chrX	73164097.0	73164211.0	sense	0.5718766768741452	0.24269761513615118	0.1
mix-a	72	83	1.7988317167080559	0.09269073092690731	chrX	73164097.0	73164211.0	antisense	0.5228126123557857	0.28165394402483007	0.1
RFX4	75	91	1.7847577505486605	0.12858714128587143	chrX	73164097.0	73164211.0	sense	0.5597508951394937	0.25200520323561043	0.1
MEIS1	82	89	1.7753591088648595	0.1583841615838416	chrX	73164097.0	73164211.0	antisense	0.5701368638646339	0.24402087750945922	0.1
DLX6	77	85	1.773031554093359	0.17788221177882213	chrX	73164097.0	73164211.0	antisense	0.5718766768741452	0.24269761513615118	0.1
LBX2	76	86	1.7725742003176876	0.5149485051494851	chrX	73164097.0	73164211.0	antisense	0.68767277118442	0.16261817146787633	0.1
RFX3	75	91	1.7608368721358902	0.09679032096790322	chrX	73164097.0	73164211.0	antisense	0.524714195247142	0.28007718654663605	0.1
RARA::RXRA	74	91	1.7411198704902655	0.21647835216478353	chrX	73164097.0	73164211.0	sense	0.5718766768741452	0.24269761513615118	0.1
NKX2-3	77	87	1.727656599159423	0.148985101489851	chrX	73164097.0	73164211.0	antisense	0.5626293485759337	0.24977761736786813	0.1
KLF16	81	92	1.7273180331089817	0.0872912708729127	chrX	73164097.0	73164211.0	antisense	0.5228126123557857	0.28165394402483007	0.1
VAX1	76	84	1.7258621134543097	0.31566843315668436	chrX	73164097.0	73164211.0	sense	0.590774832551347	0.22857801423497834	0.1
TFAP2B(var.2)	80	91	1.7257310913763837	0.134986501349865	chrX	73164097.0	73164211.0	antisense	0.5597508951394937	0.25200520323561043	0.1
Nr2e1	72	81	1.7131062762116023	0.1156884311568843	chrX	73164097.0	73164211.0	sense	0.5593107355931073	0.25234684460148493	0.1
LHX2	72	82	1.7031939070371545	0.1710828917108289	chrX	73164097.0	73164211.0	sense	0.5718766768741452	0.24269761513615118	0.1
LMX1A	73	81	1.7009599600115677	0.23177682231776822	chrX	73164097.0	73164211.0	sense	0.5718766768741452	0.24269761513615118	0.1
TFEC	77	87	1.6967367568065632	0.16468353164683533	chrX	73164097.0	73164211.0	sense	0.5718766768741452	0.24269761513615118	0.1
Tcf12	83	94	1.6967251286419265	0.09429057094290572	chrX	73164097.0	73164211.0	antisense	0.5228126123557857	0.28165394402483007	0.1
HOXA13	73	83	1.6936171719077593	0.1262873712628737	chrX	73164097.0	73164211.0	sense	0.5597508951394937	0.25200520323561043	0.1
TBX2	82	93	1.6924567265941375	0.28987101289871015	chrX	73164097.0	73164211.0	sense	0.5844154046133848	0.2332783450128685	0.1
TEAD1	78	88	1.6913618179424204	0.21887811218878112	chrX	73164097.0	73164211.0	antisense	0.5718766768741452	0.24269761513615118	0.1
ETV3	74	84	1.6906175539645232	0.1745825417458254	chrX	73164097.0	73164211.0	antisense	0.5718766768741452	0.24269761513615118	0.1
TFAP2A(var.2)	79	91	1.690259887793673	0.2298770122987701	chrX	73164097.0	73164211.0	antisense	0.5718766768741452	0.24269761513615118	0.1
NR2C2	73	88	1.6850640716747272	0.10008999100089991	chrX	73164097.0	73164211.0	sense	0.524714195247142	0.28007718654663605	0.1
Hmx2	73	90	1.6811892720339565	0.251974802519748	chrX	73164097.0	73164211.0	antisense	0.5718766768741452	0.24269761513615118	0.1
NEUROG2	77	87	1.6760733134078274	0.049795020497950204	chrX	73164097.0	73164211.0	sense	0.46705329467053297	0.33063355998907995	0.1
CDX1	78	87	1.6671249165710682	0.1805819418058194	chrX	73164097.0	73164211.0	antisense	0.5718766768741452	0.24269761513615118	0.1
SHOX	73	81	1.664068991321106	0.30186981301869814	chrX	73164097.0	73164211.0	antisense	0.5867806477779188	0.2315242177698823	0.1
Hmx3	73	90	1.662018051031361	0.3087691230876912	chrX	73164097.0	73164211.0	antisense	0.5886462448645646	0.23014562211991613	0.1
DMRT3	82	93	1.6581864576530372	0.21027897210278973	chrX	73164097.0	73164211.0	antisense	0.5718766768741452	0.24269761513615118	0.1
Rfx1	76	90	1.655848846778109	0.18858114188581143	chrX	73164097.0	73164211.0	antisense	0.5718766768741452	0.24269761513615118	0.1
EOMES	79	92	1.654953191154823	0.2606739326067393	chrX	73164097.0	73164211.0	antisense	0.5718766768741452	0.24269761513615118	0.1
Klf4	82	92	1.651483219506697	0.0842915708429157	chrX	73164097.0	73164211.0	sense	0.5228126123557857	0.28165394402483007	0.1
Sox3	72	82	1.639573791636731	0.0648935106489351	chrX	73164097.0	73164211.0	antisense	0.47426090724260916	0.3239826722457177	0.1
RFX2	75	91	1.635731189961168	0.057694230576942306	chrX	73164097.0	73164211.0	antisense	0.46705329467053297	0.33063355998907995	0.1
OTX2	77	85	1.6330895067473168	0.16818318168183183	chrX	73164097.0	73164211.0	sense	0.5718766768741452	0.24269761513615118	0.1
FOXP3	76	83	1.629148412429994	0.14658534146585342	chrX	73164097.0	73164211.0	sense	0.5626293485759337	0.24977761736786813	0.1
PRRX1	73	81	1.619959054034267	0.23707629237076291	chrX	73164097.0	73164211.0	sense	0.5718766768741452	0.24269761513615118	0.1
VAX2	76	84	1.6161396868968476	0.31716828317168283	chrX	73164097.0	73164211.0	sense	0.590774832551347	0.22857801423497834	0.1
Pitx1	77	85	1.6159169977950867	0.23787621237876214	chrX	73164097.0	73164211.0	sense	0.5718766768741452	0.24269761513615118	0.1
BARHL2	77	87	1.6154643712370356	0.34726527347265274	chrX	73164097.0	73164211.0	sense	0.5945941456011139	0.22577937119170666	0.1
RAX	72	82	1.6116666856863775	0.23217678232176783	chrX	73164097.0	73164211.0	sense	0.5718766768741452	0.24269761513615118	0.1
OTX1	77	85	1.6113772369459145	0.1483851614838516	chrX	73164097.0	73164211.0	sense	0.5626293485759337	0.24977761736786813	0.1
POU4F3	72	88	1.59867007779447	0.2993700629937006	chrX	73164097.0	73164211.0	antisense	0.5867806477779188	0.2315242177698823	0.1
NKX6-1	73	81	1.5937376788021598	0.1603839616038396	chrX	73164097.0	73164211.0	sense	0.5701368638646339	0.24402087750945922	0.1
RFX5	75	91	1.591469305675943	0.06109389061093891	chrX	73164097.0	73164211.0	antisense	0.47239540751807174	0.3256943331145231	0.1
Pax2	75	83	1.5834007172600806	0.5798420157984202	chrX	73164097.0	73164211.0	sense	0.7145891044698347	0.1459436098865904	0.1
Ascl2	84	94	1.577931735866134	0.11638836116388361	chrX	73164097.0	73164211.0	antisense	0.5593107355931073	0.25234684460148493	0.1
LHX9	73	81	1.5712368092174227	0.29217078292170784	chrX	73164097.0	73164211.0	sense	0.5844154046133848	0.2332783450128685	0.1
PAX5	75	94	1.5615959022316583	0.29047095290470953	chrX	73164097.0	73164211.0	antisense	0.5844154046133848	0.2332783450128685	0.1
JUND(var.2)	78	93	1.5483220829062876	0.17678232176782321	chrX	73164097.0	73164211.0	sense	0.5718766768741452	0.24269761513615118	0.1
GCM1	78	89	1.5466568897923283	0.16968303169683033	chrX	73164097.0	73164211.0	sense	0.5718766768741452	0.24269761513615118	0.1
GMEB2	73	81	1.537857446922706	0.16148385161483853	chrX	73164097.0	73164211.0	sense	0.5701368638646339	0.24402087750945922	0.1
Lhx4	73	81	1.5372770581344954	0.2450754924507549	chrX	73164097.0	73164211.0	sense	0.5718766768741452	0.24269761513615118	0.1
HOXD13	73	83	1.5228570038614118	0.13958604139586042	chrX	73164097.0	73164211.0	sense	0.5597508951394937	0.25200520323561043	0.1
GBX2	72	82	1.5192001096270895	0.22857714228577142	chrX	73164097.0	73164211.0	sense	0.5718766768741452	0.24269761513615118	0.1
ETV5	74	84	1.5159414185186464	0.31926807319268075	chrX	73164097.0	73164211.0	sense	0.590774832551347	0.22857801423497834	0.1
TCF3	77	87	1.5124029291186065	0.1832816718328167	chrX	73164097.0	73164211.0	antisense	0.5718766768741452	0.24269761513615118	0.1
MZF1	83	89	1.508736323106899	0.10998900109989002	chrX	73164097.0	73164211.0	sense	0.5593107355931073	0.25234684460148493	0.1
ZBTB33	79	94	1.5041031735830077	0.25037496250374963	chrX	73164097.0	73164211.0	antisense	0.5718766768741452	0.24269761513615118	0.1
Mecom	74	88	1.504074056500428	0.11208879112088792	chrX	73164097.0	73164211.0	sense	0.5593107355931073	0.25234684460148493	0.1
Myog	77	88	1.5008688287817722	0.133986601339866	chrX	73164097.0	73164211.0	sense	0.5597508951394937	0.25200520323561043	0.1
SREBF1	82	92	1.4994064299887753	0.09729027097290271	chrX	73164097.0	73164211.0	antisense	0.524714195247142	0.28007718654663605	0.1
Hmx1	73	90	1.4986415438210112	0.38776122387761225	chrX	73164097.0	73164211.0	antisense	0.6116962771807926	0.2134641626356925	0.1
Tcf21	75	89	1.4898548451273628	0.09299070092990701	chrX	73164097.0	73164211.0	antisense	0.5228126123557857	0.28165394402483007	0.1
TFE3	74	84	1.4640786982273215	0.41105889411058893	chrX	73164097.0	73164211.0	antisense	0.6209326893397618	0.20695547588252394	0.1
JUN	79	92	1.453387102004053	0.1586841315868413	chrX	73164097.0	73164211.0	sense	0.5701368638646339	0.24402087750945922	0.1
Shox2	73	81	1.445100570380384	0.2146785321467853	chrX	73164097.0	73164211.0	sense	0.5718766768741452	0.24269761513615118	0.1
Myod1	81	94	1.4384489312082107	0.21627837216278373	chrX	73164097.0	73164211.0	antisense	0.5718766768741452	0.24269761513615118	0.1
Stat6	72	87	1.4376980494732965	0.23537646235376464	chrX	73164097.0	73164211.0	antisense	0.5718766768741452	0.24269761513615118	0.1
POU1F1	72	86	1.4370264366150292	0.26917308269173085	chrX	73164097.0	73164211.0	sense	0.5718766768741452	0.24269761513615118	0.1
TCF4	77	87	1.4306340689165757	0.17628237176282371	chrX	73164097.0	73164211.0	antisense	0.5718766768741452	0.24269761513615118	0.1
Dlx2	73	81	1.419181511245899	0.2596740325967403	chrX	73164097.0	73164211.0	sense	0.5718766768741452	0.24269761513615118	0.1
VSX1	73	81	1.4155942104080037	0.35436456354364565	chrX	73164097.0	73164211.0	antisense	0.5945941456011139	0.22577937119170666	0.1
Atf3	81	89	1.4138464249542502	0.1503849615038496	chrX	73164097.0	73164211.0	sense	0.5626293485759337	0.24977761736786813	0.1
MEOX1	72	82	1.412542157595626	0.35526447355264473	chrX	73164097.0	73164211.0	sense	0.5945941456011139	0.22577937119170666	0.1
CEBPD	82	92	1.411800844482109	0.13878612138786123	chrX	73164097.0	73164211.0	sense	0.5597508951394937	0.25200520323561043	0.1
CEBPB	82	92	1.4014824030552817	0.1613838616138386	chrX	73164097.0	73164211.0	sense	0.5701368638646339	0.24402087750945922	0.1
ELK3	74	84	1.4000229590812294	0.25437456254374563	chrX	73164097.0	73164211.0	sense	0.5718766768741452	0.24269761513615118	0.1
MSC	77	87	1.3994052085841164	0.14088591140885912	chrX	73164097.0	73164211.0	antisense	0.5597508951394937	0.25200520323561043	0.1
ETV4	74	84	1.3972387376892756	0.2793720627937206	chrX	73164097.0	73164211.0	sense	0.5753734150394485	0.24005020843178576	0.1
BSX	73	81	1.3969444335800958	0.26907309269073093	chrX	73164097.0	73164211.0	sense	0.5718766768741452	0.24269761513615118	0.1
HLF	81	93	1.3965214600499483	0.26647335266473354	chrX	73164097.0	73164211.0	antisense	0.5718766768741452	0.24269761513615118	0.1
ELF3	72	85	1.3953874819042316	0.1277872212778722	chrX	73164097.0	73164211.0	sense	0.5597508951394937	0.25200520323561043	0.1
PLAG1	72	86	1.3929516967437006	0.0776922307769223	chrX	73164097.0	73164211.0	sense	0.5156636235110666	0.28763350397359366	0.1
Foxq1	72	83	1.390648579562254	0.14058594140585942	chrX	73164097.0	73164211.0	antisense	0.5597508951394937	0.25200520323561043	0.1
CEBPG	82	92	1.3899125139856092	0.09219078092190781	chrX	73164097.0	73164211.0	sense	0.5228126123557857	0.28165394402483007	0.1
Creb3l2	85	94	1.3872700035763819	0.11488851114888511	chrX	73164097.0	73164211.0	sense	0.5593107355931073	0.25234684460148493	0.1
ETV1	74	84	1.3812725237145442	0.32016798320167983	chrX	73164097.0	73164211.0	sense	0.590774832551347	0.22857801423497834	0.1
Hoxa9	76	87	1.3782751451465283	0.17838216178382163	chrX	73164097.0	73164211.0	antisense	0.5718766768741452	0.24269761513615118	0.1
EHF	72	84	1.375679068216755	0.1927807219278072	chrX	73164097.0	73164211.0	sense	0.5718766768741452	0.24269761513615118	0.1
MAX::MYC	76	87	1.371069146215732	0.2196780321967803	chrX	73164097.0	73164211.0	sense	0.5718766768741452	0.24269761513615118	0.1
PRDM1	72	87	1.3684601856385876	0.27377262273772623	chrX	73164097.0	73164211.0	sense	0.5718766768741452	0.24269761513615118	0.1
Foxo1	75	86	1.3670861746628373	0.1860813918608139	chrX	73164097.0	73164211.0	antisense	0.5718766768741452	0.24269761513615118	0.1
MSX2	73	81	1.366295111826426	0.19838016198380162	chrX	73164097.0	73164211.0	sense	0.5718766768741452	0.24269761513615118	0.1
Msx3	73	81	1.3578520390846378	0.1902809719028097	chrX	73164097.0	73164211.0	sense	0.5718766768741452	0.24269761513615118	0.1
Crem	73	83	1.354918148956809	0.1977802219778022	chrX	73164097.0	73164211.0	antisense	0.5718766768741452	0.24269761513615118	0.1
Nr2f6	72	86	1.347065855059616	0.13088691130886912	chrX	73164097.0	73164211.0	sense	0.5597508951394937	0.25200520323561043	0.1
LBX1	73	81	1.345467647441495	0.20257974202579743	chrX	73164097.0	73164211.0	antisense	0.5718766768741452	0.24269761513615118	0.1
DUXA	73	86	1.3420060344024496	0.3104689531046895	chrX	73164097.0	73164211.0	antisense	0.5886462448645646	0.23014562211991613	0.1
Twist2	77	87	1.339123977670543	0.22567743225677434	chrX	73164097.0	73164211.0	antisense	0.5718766768741452	0.24269761513615118	0.1
POU4F1	74	88	1.3355807438811746	0.3742625737426257	chrX	73164097.0	73164211.0	antisense	0.6023332651254998	0.22016315133795708	0.1
Tcfl5	77	87	1.3354586976506877	0.8245175482451755	chrX	73164097.0	73164211.0	sense	0.8774263967045919	0.05678930431595974	0.1
EN2	72	82	1.331875022795745	0.48025197480251974	chrX	73164097.0	73164211.0	sense	0.6646687331266873	0.17739475051716153	0.1
FEV	74	84	1.3197645198412278	0.27377262273772623	chrX	73164097.0	73164211.0	sense	0.5718766768741452	0.24269761513615118	0.1
ISX	73	81	1.319351151988372	0.15958404159584041	chrX	73164097.0	73164211.0	sense	0.5701368638646339	0.24402087750945922	0.1
GBX1	72	82	1.3177810929069855	0.24837516248375163	chrX	73164097.0	73164211.0	sense	0.5718766768741452	0.24269761513615118	0.1
LHX6	72	82	1.3013759245183996	0.3037696230376962	chrX	73164097.0	73164211.0	sense	0.5882702774498669	0.23042309393042615	0.1
Hoxa11	72	84	1.2976864815158904	0.41275872412758724	chrX	73164097.0	73164211.0	sense	0.6209326893397618	0.20695547588252394	0.1
CEBPA	72	83	1.2955398836463443	0.21877812218778123	chrX	73164097.0	73164211.0	sense	0.5718766768741452	0.24269761513615118	0.1
Foxd3	74	86	1.2846207369589513	0.21297870212978703	chrX	73164097.0	73164211.0	antisense	0.5718766768741452	0.24269761513615118	0.1
Esrra	76	87	1.2820881028708384	0.09109089091090891	chrX	73164097.0	73164211.0	sense	0.5228126123557857	0.28165394402483007	0.1
ATF7	80	94	1.2816761413730131	0.13928607139286073	chrX	73164097.0	73164211.0	sense	0.5597508951394937	0.25200520323561043	0.1
IRF1	73	94	1.279678226418739	0.1334866513348665	chrX	73164097.0	73164211.0	antisense	0.5597508951394937	0.25200520323561043	0.1
Bcl6	74	88	1.2770406415959932	0.3518648135186481	chrX	73164097.0	73164211.0	sense	0.5945941456011139	0.22577937119170666	0.1
Arid3a	75	81	1.275322802447088	0.1262873712628737	chrX	73164097.0	73164211.0	sense	0.5597508951394937	0.25200520323561043	0.1
Hoxd3	73	89	1.273338242418609	0.5592440755924407	chrX	73164097.0	73164211.0	antisense	0.7041610608914896	0.15232799447106884	0.1
Nobox	78	86	1.272350856171197	0.2615738426157384	chrX	73164097.0	73164211.0	sense	0.5718766768741452	0.24269761513615118	0.1
ETV6	84	94	1.2655228686111786	0.25517448255174485	chrX	73164097.0	73164211.0	sense	0.5718766768741452	0.24269761513615118	0.1
BATF3	80	94	1.2650457053453008	0.05599440055994401	chrX	73164097.0	73164211.0	sense	0.46705329467053297	0.33063355998907995	0.1
EVX2	72	82	1.2631263618696527	0.6845315468453155	chrX	73164097.0	73164211.0	sense	0.7840231395362667	0.10567111942702183	0.1
Klf1	79	90	1.2554469495936038	0.20607939206079393	chrX	73164097.0	73164211.0	antisense	0.5718766768741452	0.24269761513615118	0.1
POU2F1	79	91	1.2547194781484095	0.4046595340465953	chrX	73164097.0	73164211.0	sense	0.6209326893397618	0.20695547588252394	0.1
POU3F1	74	86	1.253624433495028	0.42255774422557746	chrX	73164097.0	73164211.0	sense	0.6301938771640078	0.20052582065869115	0.1
TFAP2C	79	91	1.2511298518903264	0.4316568343165683	chrX	73164097.0	73164211.0	antisense	0.6346456005957478	0.19746872615995975	0.1
EVX1	72	82	1.2458734973001613	0.6459354064593541	chrX	73164097.0	73164211.0	sense	0.7623819436238195	0.11782739814806246	0.1
JDP2(var.2)	81	93	1.242436900906813	0.1252874712528747	chrX	73164097.0	73164211.0	sense	0.5597508951394937	0.25200520323561043	0.1
FOSL2	80	91	1.2400702094034444	0.20027997200279973	chrX	73164097.0	73164211.0	sense	0.5718766768741452	0.24269761513615118	0.1
FOXC2	73	85	1.2393313117661218	0.29627037296270375	chrX	73164097.0	73164211.0	sense	0.5867806477779188	0.2315242177698823	0.1
FOXC1	73	84	1.2381111990624039	0.2656734326567343	chrX	73164097.0	73164211.0	sense	0.5718766768741452	0.24269761513615118	0.1
Zfx	72	86	1.2371051556599058	0.3404659534046595	chrX	73164097.0	73164211.0	antisense	0.5945941456011139	0.22577937119170666	0.1
USF2	76	87	1.2354384605598026	0.24847515248475152	chrX	73164097.0	73164211.0	antisense	0.5718766768741452	0.24269761513615118	0.1
TBX19	73	93	1.2301193579653225	0.2662733726627337	chrX	73164097.0	73164211.0	sense	0.5718766768741452	0.24269761513615118	0.1
Nr5a2	72	87	1.2283607193015875	0.35706429357064295	chrX	73164097.0	73164211.0	sense	0.5945941456011139	0.22577937119170666	0.1
SOX10	80	86	1.224724112448089	0.24937506249375063	chrX	73164097.0	73164211.0	antisense	0.5718766768741452	0.24269761513615118	0.1
NRF1	79	90	1.219300817328128	0.22557744225577442	chrX	73164097.0	73164211.0	sense	0.5718766768741452	0.24269761513615118	0.1
HOXB13	73	83	1.211029694926023	0.2405759424057594	chrX	73164097.0	73164211.0	sense	0.5718766768741452	0.24269761513615118	0.1
NHLH1	77	87	1.2063212557940135	0.2927707229277072	chrX	73164097.0	73164211.0	antisense	0.5844154046133848	0.2332783450128685	0.1
TFAP2B	79	91	1.2046554607108901	0.417958204179582	chrX	73164097.0	73164211.0	antisense	0.6251305705164354	0.20402926244424335	0.1
TBX4	83	91	1.2039019838552616	0.34306569343065696	chrX	73164097.0	73164211.0	sense	0.5945941456011139	0.22577937119170666	0.1
FOXF2	72	86	1.2017599438052002	0.2742725727427257	chrX	73164097.0	73164211.0	antisense	0.5718766768741452	0.24269761513615118	0.1
Pou5f1::Sox2	75	90	1.1972105972159306	0.36976302369763026	chrX	73164097.0	73164211.0	sense	0.5997094040595942	0.22205914092515644	0.1
PHOX2A	74	85	1.1969534191717717	0.36546345365463456	chrX	73164097.0	73164211.0	antisense	0.5945941456011139	0.22577937119170666	0.1
MYBL2	72	87	1.1893118241142826	0.26207379262073793	chrX	73164097.0	73164211.0	sense	0.5718766768741452	0.24269761513615118	0.1
ETS1	74	84	1.188064712029529	0.29857014298570145	chrX	73164097.0	73164211.0	sense	0.5867806477779188	0.2315242177698823	0.1
SOX9	74	83	1.1795670752228495	0.5096490350964904	chrX	73164097.0	73164211.0	antisense	0.6834828145092467	0.16527240085860817	0.1
T	75	91	1.177932849478501	0.19738026197380262	chrX	73164097.0	73164211.0	antisense	0.5718766768741452	0.24269761513615118	0.1
MSX1	73	81	1.175617656571707	0.4510548945105489	chrX	73164097.0	73164211.0	sense	0.6524945843365801	0.18542308859121362	0.1
Ar	76	93	1.175481701814535	0.1865813418658134	chrX	73164097.0	73164211.0	sense	0.5718766768741452	0.24269761513615118	0.1
ZBTB18	76	89	1.1658521199903544	0.2233776622337766	chrX	73164097.0	73164211.0	antisense	0.5718766768741452	0.24269761513615118	0.1
Nfe2l2	73	88	1.1625201511151217	0.32556744325567444	chrX	73164097.0	73164211.0	sense	0.590774832551347	0.22857801423497834	0.1
FOS::JUN	73	80	1.1541844633716245	0.33056694330566944	chrX	73164097.0	73164211.0	sense	0.5909254964914467	0.22846727123769975	0.1
CREB3L1	75	89	1.1537012221789729	0.27547245275472454	chrX	73164097.0	73164211.0	antisense	0.5718766768741452	0.24269761513615118	0.1
E2F7	80	94	1.1490898318566043	0.049795020497950204	chrX	73164097.0	73164211.0	antisense	0.46705329467053297	0.33063355998907995	0.1
EMX2	72	82	1.1452237932254088	0.39976002399760024	chrX	73164097.0	73164211.0	sense	0.6209326893397618	0.20695547588252394	0.1
FOXB1	73	84	1.1374609932302466	0.3107689231076892	chrX	73164097.0	73164211.0	sense	0.5886462448645646	0.23014562211991613	0.1
TFAP4	77	87	1.1369205796125113	0.21037896210378962	chrX	73164097.0	73164211.0	antisense	0.5718766768741452	0.24269761513615118	0.1
SCRT1	73	88	1.1340102147098374	0.20377962203779623	chrX	73164097.0	73164211.0	sense	0.5718766768741452	0.24269761513615118	0.1
NOTO	72	82	1.129804521944071	0.45385461453854614	chrX	73164097.0	73164211.0	sense	0.6524945843365801	0.18542308859121362	0.1
E2F8	81	93	1.1128582188098093	0.09989001099890012	chrX	73164097.0	73164211.0	antisense	0.524714195247142	0.28007718654663605	0.1
HESX1	72	82	1.108451404445993	0.37876212378762125	chrX	73164097.0	73164211.0	antisense	0.6045428993685997	0.21857287545167506	0.1
Atf1	72	80	1.1010857727159038	0.30826917308269175	chrX	73164097.0	73164211.0	sense	0.5886462448645646	0.23014562211991613	0.1
Sox6	73	83	1.0979615700995682	0.18388161183881613	chrX	73164097.0	73164211.0	antisense	0.5718766768741452	0.24269761513615118	0.1
Phox2b	74	85	1.0961895477606505	0.33186681331866813	chrX	73164097.0	73164211.0	antisense	0.5909254964914467	0.22846727123769975	0.1
HOXD11	73	83	1.0913997692164117	0.2956704329567043	chrX	73164097.0	73164211.0	sense	0.5867806477779188	0.2315242177698823	0.1
NFATC2	76	83	1.085738887960954	0.3487651234876512	chrX	73164097.0	73164211.0	antisense	0.5945941456011139	0.22577937119170666	0.1
ID4	77	87	1.0856610835104807	0.40235976402359763	chrX	73164097.0	73164211.0	antisense	0.6209326893397618	0.20695547588252394	0.1
TFAP2C(var.3)	75	88	1.085080508708337	0.3277672232776722	chrX	73164097.0	73164211.0	sense	0.590774832551347	0.22857801423497834	0.1
RUNX1	72	83	1.0812896294236782	0.5368463153684632	chrX	73164097.0	73164211.0	antisense	0.6901882293343147	0.16103245156256354	0.1
EN1	73	81	1.0807917919067676	0.40935906409359063	chrX	73164097.0	73164211.0	sense	0.6209326893397618	0.20695547588252394	0.1
NFAT5	74	84	1.08061903748828	0.46425357464253575	chrX	73164097.0	73164211.0	antisense	0.654125716460612	0.18433877657145298	0.1
ELF4	72	84	1.0805670293810326	0.2430756924307569	chrX	73164097.0	73164211.0	sense	0.5718766768741452	0.24269761513615118	0.1
SCRT2	73	86	1.0785255545313563	0.17048295170482952	chrX	73164097.0	73164211.0	sense	0.5718766768741452	0.24269761513615118	0.1
Crx	83	94	1.0782967066769056	0.32896710328967105	chrX	73164097.0	73164211.0	sense	0.590774832551347	0.22857801423497834	0.1
Myc	76	86	1.0762905654425403	0.23867613238676133	chrX	73164097.0	73164211.0	antisense	0.5718766768741452	0.24269761513615118	0.1
SRY	73	82	1.0756979947725136	0.48435156484351566	chrX	73164097.0	73164211.0	sense	0.666786371760702	0.176013285163183	0.1
MGA	83	91	1.0709441673012348	0.3093690630936906	chrX	73164097.0	73164211.0	sense	0.5886462448645646	0.23014562211991613	0.1
BARX1	73	81	1.0675242627454897	0.43315668433156684	chrX	73164097.0	73164211.0	sense	0.6348708791092722	0.19731459312126978	0.1
BHLHE22	77	87	1.0602404500911153	0.25707429257074293	chrX	73164097.0	73164211.0	antisense	0.5718766768741452	0.24269761513615118	0.1
FOXD1	76	84	1.0531395136119401	0.29157084291570845	chrX	73164097.0	73164211.0	sense	0.5844154046133848	0.2332783450128685	0.1
STAT3	74	85	1.0503478701283333	0.34266573342665735	chrX	73164097.0	73164211.0	antisense	0.5945941456011139	0.22577937119170666	0.1
ELF1	72	84	1.0488043616800582	0.2765723427657234	chrX	73164097.0	73164211.0	sense	0.5718766768741452	0.24269761513615118	0.1
HNF4G	73	88	1.0471078678975916	0.47795220477952205	chrX	73164097.0	73164211.0	sense	0.6636707986955315	0.17804729075692086	0.1
GSC	72	82	1.0417220241634577	0.5965403459654035	chrX	73164097.0	73164211.0	antisense	0.7200103245489405	0.1426612759819474	0.1
POU2F2	74	87	1.0314769901094198	0.30116988301169884	chrX	73164097.0	73164211.0	antisense	0.5867806477779188	0.2315242177698823	0.1
SPIB	77	84	1.0245919305102904	0.3538646135386461	chrX	73164097.0	73164211.0	sense	0.5945941456011139	0.22577937119170666	0.1
Pax6	74	88	1.0244743108345848	0.5025497450254974	chrX	73164097.0	73164211.0	antisense	0.6774631627746316	0.16911431468034832	0.1
NR3C2	76	93	1.024341656235046	0.20717928207179281	chrX	73164097.0	73164211.0	antisense	0.5718766768741452	0.24269761513615118	0.1
VSX2	73	81	1.0179985003366172	0.42705729427057293	chrX	73164097.0	73164211.0	antisense	0.6333525738335258	0.19835446021503655	0.1
PDX1	73	81	1.015896007148561	0.3481651834816518	chrX	73164097.0	73164211.0	sense	0.5945941456011139	0.22577937119170666	0.1
Gfi1b	73	84	1.0156748175943322	0.3351664833516648	chrX	73164097.0	73164211.0	sense	0.5936908015683073	0.22643967982427535	0.1
MAF::NFE2	77	92	1.008518774020862	0.3257674232576742	chrX	73164097.0	73164211.0	sense	0.590774832551347	0.22857801423497834	0.1
MAFF	74	92	1.0027272275357655	0.6266373362663734	chrX	73164097.0	73164211.0	antisense	0.7484782556227136	0.1258208120213159	0.1
ZIC1	74	88	0.999279053291494	0.19788021197880212	chrX	73164097.0	73164211.0	antisense	0.5718766768741452	0.24269761513615118	0.1
ETV2	72	83	0.9966146531058446	0.28457154284571545	chrX	73164097.0	73164211.0	sense	0.5837653388811317	0.23376169485595716	0.1
POU3F3	74	87	0.9952686972696849	0.46705329467053297	chrX	73164097.0	73164211.0	antisense	0.654125716460612	0.18433877657145298	0.1
TCF7L2	73	87	0.9839298044770703	0.45935406459354067	chrX	73164097.0	73164211.0	sense	0.654125716460612	0.18433877657145298	0.1
Stat4	74	88	0.982186512981772	0.4022597740225977	chrX	73164097.0	73164211.0	sense	0.6209326893397618	0.20695547588252394	0.1
Spz1	82	93	0.9779243572577356	0.46125387461253875	chrX	73164097.0	73164211.0	sense	0.654125716460612	0.18433877657145298	0.1
NR4A2	82	90	0.9744528885813323	0.43425657434256576	chrX	73164097.0	73164211.0	sense	0.6348708791092722	0.19731459312126978	0.1
Dux	73	81	0.9734922786323571	0.2683731626837316	chrX	73164097.0	73164211.0	sense	0.5718766768741452	0.24269761513615118	0.1
PAX4	73	81	0.9653592495217367	0.45195480451954806	chrX	73164097.0	73164211.0	sense	0.6524945843365801	0.18542308859121362	0.1
HOXC11	74	85	0.9648874361988002	0.37636236376362364	chrX	73164097.0	73164211.0	antisense	0.6028767493621008	0.21977146487979768	0.1
PPARG	72	92	0.9528254113750627	0.32866713328667135	chrX	73164097.0	73164211.0	antisense	0.590774832551347	0.22857801423497834	0.1
Sox2	78	86	0.9521779764436843	0.17278272172782722	chrX	73164097.0	73164211.0	antisense	0.5718766768741452	0.24269761513615118	0.1
POU6F2	73	83	0.9521120878267219	0.42955704429557046	chrX	73164097.0	73164211.0	antisense	0.6333525738335258	0.19835446021503655	0.1
HOXC10	77	87	0.9500592896175483	0.46305369463053697	chrX	73164097.0	73164211.0	antisense	0.654125716460612	0.18433877657145298	0.1
Lhx8	73	81	0.9442941110720459	0.46815318468153183	chrX	73164097.0	73164211.0	sense	0.654125716460612	0.18433877657145298	0.1
MNT	77	87	0.9430532776462723	0.49175082491750827	chrX	73164097.0	73164211.0	antisense	0.67162810034786	0.17287114164251657	0.1
HOXA5	74	82	0.9425695434321741	0.5164483551644835	chrX	73164097.0	73164211.0	antisense	0.68767277118442	0.16261817146787633	0.1
Mafb	76	88	0.9372724978240238	0.67003299670033	chrX	73164097.0	73164211.0	sense	0.7779577746923295	0.10904397462442648	0.1
HOXC12	72	83	0.9304875258412428	0.36506349365063495	chrX	73164097.0	73164211.0	sense	0.5945941456011139	0.22577937119170666	0.1
TGIF2	80	92	0.9231273330529374	0.21877812218778123	chrX	73164097.0	73164211.0	antisense	0.5718766768741452	0.24269761513615118	0.1
RHOXF1	86	94	0.9217686888095179	0.5915408459154085	chrX	73164097.0	73164211.0	antisense	0.7173123809114416	0.144291673116722	0.1
Arntl	78	88	0.9208180498752956	0.5865413458654135	chrX	73164097.0	73164211.0	antisense	0.7145891044698347	0.1459436098865904	0.1
CREB3	80	94	0.9142646221319262	0.41275872412758724	chrX	73164097.0	73164211.0	antisense	0.6209326893397618	0.20695547588252394	0.1
HINFP	82	94	0.9074403158716455	0.5062493750624938	chrX	73164097.0	73164211.0	antisense	0.6806824498897261	0.16705544671331876	0.1
MAFK	73	88	0.9052909781142343	0.6014398560143985	chrX	73164097.0	73164211.0	antisense	0.7242396410010971	0.1401177079132729	0.1
TBR1	72	82	0.8993233518163871	0.49505049495050496	chrX	73164097.0	73164211.0	sense	0.6743601230428138	0.17110811877254006	0.1
Creb5	81	93	0.8928362039627542	0.2693730626937306	chrX	73164097.0	73164211.0	antisense	0.5718766768741452	0.24269761513615118	0.1
EGR3	79	94	0.8912597578359175	0.23697630236976303	chrX	73164097.0	73164211.0	antisense	0.5718766768741452	0.24269761513615118	0.1
TFCP2	79	89	0.8900187632306477	0.5288471152884712	chrX	73164097.0	73164211.0	sense	0.6901882293343147	0.16103245156256354	0.1
DBP	81	93	0.8898223792115127	0.41185881411858816	chrX	73164097.0	73164211.0	sense	0.6209326893397618	0.20695547588252394	0.1
CDX2	72	83	0.8898003800753179	0.3223677632236776	chrX	73164097.0	73164211.0	sense	0.590774832551347	0.22857801423497834	0.1
MEF2C	74	89	0.8845185264590832	0.52004799520048	chrX	73164097.0	73164211.0	antisense	0.6899500889605695	0.16118232502073992	0.1
ERG	74	84	0.8836843975577856	0.46215378462153783	chrX	73164097.0	73164211.0	sense	0.654125716460612	0.18433877657145298	0.1
NFYA	73	91	0.8810326600718209	0.411958804119588	chrX	73164097.0	73164211.0	antisense	0.6209326893397618	0.20695547588252394	0.1
JUN(var.2)	80	94	0.8747744140735787	0.5495450454954505	chrX	73164097.0	73164211.0	sense	0.6990536240493598	0.15548950846679074	0.1
HEY2	77	87	0.8719541098174936	0.5412458754124587	chrX	73164097.0	73164211.0	antisense	0.6901882293343147	0.16103245156256354	0.1
HOXD12	74	85	0.8718525964103887	0.38146185381461856	chrX	73164097.0	73164211.0	antisense	0.6045428993685997	0.21857287545167506	0.1
ZNF354C	82	88	0.8717720978875113	0.3748625137486251	chrX	73164097.0	73164211.0	antisense	0.6023332651254998	0.22016315133795708	0.1
Sox17	72	81	0.8702352157670649	0.5409459054094591	chrX	73164097.0	73164211.0	antisense	0.6901882293343147	0.16103245156256354	0.1
DUX4	80	91	0.8606364821287013	0.3260673932606739	chrX	73164097.0	73164211.0	antisense	0.590774832551347	0.22857801423497834	0.1
GATA1::TAL1	72	90	0.8567635220659681	0.5658434156584341	chrX	73164097.0	73164211.0	sense	0.7093544268761528	0.14913671661397584	0.1
FOXD2	76	83	0.8565448760268384	0.46655334466553344	chrX	73164097.0	73164211.0	sense	0.654125716460612	0.18433877657145298	0.1
VENTX	72	81	0.8540143747009133	0.47825217478252174	chrX	73164097.0	73164211.0	sense	0.6636707986955315	0.17804729075692086	0.1
Ddit3::Cebpa	73	85	0.8538364761940536	0.6842315768423157	chrX	73164097.0	73164211.0	sense	0.7840231395362667	0.10567111942702183	0.1
NR2F1	72	85	0.8461690296184575	0.5731426857314269	chrX	73164097.0	73164211.0	sense	0.7116293155373459	0.1477461694781331	0.1
NR3C1	76	93	0.8460680043355809	0.23557644235576441	chrX	73164097.0	73164211.0	antisense	0.5718766768741452	0.24269761513615118	0.1
ZEB1	74	83	0.8359215642305335	0.34636536346365365	chrX	73164097.0	73164211.0	antisense	0.5945941456011139	0.22577937119170666	0.1
TFAP2B(var.3)	75	88	0.833922634971197	0.41025897410258977	chrX	73164097.0	73164211.0	antisense	0.6209326893397618	0.20695547588252394	0.1
HOXC13	74	85	0.828051099289714	0.41515848415158485	chrX	73164097.0	73164211.0	antisense	0.6227377262273773	0.20569482338077993	0.1
TFEB	77	87	0.8279348870516974	0.5811418858114189	chrX	73164097.0	73164211.0	sense	0.7145891044698347	0.1459436098865904	0.1
Ahr::Arnt	84	90	0.8268033959519728	0.3942605739426057	chrX	73164097.0	73164211.0	sense	0.6200643572006436	0.20756323223306913	0.1
Hoxb5	73	89	0.8248720617189735	0.7553244675532447	chrX	73164097.0	73164211.0	sense	0.8422072139681107	0.0745810429286661	0.1
MYF6	84	94	0.8222113257437629	0.32796720327967205	chrX	73164097.0	73164211.0	antisense	0.590774832551347	0.22857801423497834	0.1
Alx1	73	90	0.8210857009091062	0.5401459854014599	chrX	73164097.0	73164211.0	sense	0.6901882293343147	0.16103245156256354	0.1
FLI1	74	84	0.8183140255662039	0.43685631436856315	chrX	73164097.0	73164211.0	sense	0.6350936334937934	0.19716224083102957	0.1
Stat5a::Stat5b	73	84	0.8151634337329139	0.43665633436656337	chrX	73164097.0	73164211.0	sense	0.6350936334937934	0.19716224083102957	0.1
Gmeb1	73	90	0.8135291097304904	0.9697030296970303	chrX	73164097.0	73164211.0	sense	0.9734542986707132	0.011684432742841751	0.1
ZIC3	73	88	0.8100111550361193	0.35256474352564743	chrX	73164097.0	73164211.0	antisense	0.5945941456011139	0.22577937119170666	0.1
Esrrg	79	89	0.8089660260593801	0.48385161483851613	chrX	73164097.0	73164211.0	sense	0.666786371760702	0.176013285163183	0.1
BHLHE23	73	85	0.8074772259315648	0.35526447355264473	chrX	73164097.0	73164211.0	sense	0.5945941456011139	0.22577937119170666	0.1
ARNT::HIF1A	86	94	0.7969684650775971	0.5167483251674833	chrX	73164097.0	73164211.0	sense	0.68767277118442	0.16261817146787633	0.1
Nkx2-5(var.2)	76	87	0.7825836605601882	0.5514448555144486	chrX	73164097.0	73164211.0	antisense	0.6997552078532978	0.1550538606595372	0.1
FOXL1	76	83	0.7758987074253071	0.35126487351264873	chrX	73164097.0	73164211.0	sense	0.5945941456011139	0.22577937119170666	0.1
Foxj2	76	84	0.7703709416578184	0.36276372362763726	chrX	73164097.0	73164211.0	sense	0.5945941456011139	0.22577937119170666	0.1
FOXO4	76	83	0.7671720719683293	0.36076392360763926	chrX	73164097.0	73164211.0	sense	0.5945941456011139	0.22577937119170666	0.1
ELK1	74	84	0.7645622881578863	0.42795720427957207	chrX	73164097.0	73164211.0	sense	0.6333525738335258	0.19835446021503655	0.1
OLIG1	77	87	0.7546716156143488	0.3244675532446755	chrX	73164097.0	73164211.0	sense	0.590774832551347	0.22857801423497834	0.1
FOXG1	76	84	0.7466656832695387	0.27487251274872515	chrX	73164097.0	73164211.0	sense	0.5718766768741452	0.24269761513615118	0.1
FOXO3	76	84	0.7421183161070729	0.28977102289771023	chrX	73164097.0	73164211.0	sense	0.5844154046133848	0.2332783450128685	0.1
FOS	72	83	0.7403287868034908	0.4978502149785021	chrX	73164097.0	73164211.0	antisense	0.6753082504249576	0.17049794435334872	0.1
Mycn	79	87	0.7403171034479537	0.36506349365063495	chrX	73164097.0	73164211.0	antisense	0.5945941456011139	0.22577937119170666	0.1
TEAD4	72	82	0.7335358359787326	0.6537346265373463	chrX	73164097.0	73164211.0	sense	0.7653315749506131	0.11615036880312078	0.1
Pou2f3	72	88	0.7318411268294419	0.5603439656034397	chrX	73164097.0	73164211.0	antisense	0.7041610608914896	0.15232799447106884	0.1
HEY1	84	94	0.7279256210876364	0.56994300569943	chrX	73164097.0	73164211.0	antisense	0.7110587018221255	0.14809454438265615	0.1
NFYB	79	94	0.7233614344352476	0.5758424157584242	chrX	73164097.0	73164211.0	sense	0.713182967417544	0.1467990374048487	0.1
Hoxc9	72	85	0.7217982724628697	0.5858414158584142	chrX	73164097.0	73164211.0	antisense	0.7145891044698347	0.1459436098865904	0.1
FOXI1	76	83	0.7199002127307682	0.36246375362463756	chrX	73164097.0	73164211.0	sense	0.5945941456011139	0.22577937119170666	0.1
ZNF143	73	89	0.7189220810822118	0.23427657234276572	chrX	73164097.0	73164211.0	antisense	0.5718766768741452	0.24269761513615118	0.1
XBP1	76	90	0.7169507246178766	0.5344465553444655	chrX	73164097.0	73164211.0	antisense	0.6901882293343147	0.16103245156256354	0.1
POU3F2	74	86	0.7100338931676503	0.528047195280472	chrX	73164097.0	73164211.0	antisense	0.6901882293343147	0.16103245156256354	0.1
RXRA::VDR	77	92	0.704859964940532	0.2555744425557444	chrX	73164097.0	73164211.0	antisense	0.5718766768741452	0.24269761513615118	0.1
FOXO6	76	83	0.697706158979775	0.36396360363963604	chrX	73164097.0	73164211.0	sense	0.5945941456011139	0.22577937119170666	0.1
Gfi1	72	82	0.6855412190089143	0.8007199280071993	chrX	73164097.0	73164211.0	sense	0.8730538710834799	0.05895895767763575	0.1
ERF	74	84	0.6789900738492077	0.5562443755624438	chrX	73164097.0	73164211.0	sense	0.7036734282776101	0.15262884824827386	0.1
ATF4	81	94	0.6784080115630421	0.45265473452654736	chrX	73164097.0	73164211.0	antisense	0.6524945843365801	0.18542308859121362	0.1
SOX21	78	93	0.6749758186836557	0.1481851814818518	chrX	73164097.0	73164211.0	sense	0.5626293485759337	0.24977761736786813	0.1
EWSR1-FLI1	76	94	0.6697579060803843	0.047295270472952705	chrX	73164097.0	73164211.0	sense	0.46705329467053297	0.33063355998907995	0.1
RORA(var.2)	76	90	0.662478864424697	0.3808619138086191	chrX	73164097.0	73164211.0	sense	0.6045428993685997	0.21857287545167506	0.1
MAX	77	87	0.6574966194377787	0.6776322367763223	chrX	73164097.0	73164211.0	antisense	0.7832764607726309	0.10608492479170258	0.1
TEAD3	83	91	0.6501367177678904	0.5307469253074693	chrX	73164097.0	73164211.0	antisense	0.6901882293343147	0.16103245156256354	0.1
TBX21	82	92	0.6475329156161465	0.5907409259074092	chrX	73164097.0	73164211.0	sense	0.7173123809114416	0.144291673116722	0.1
MAFG::NFE2L1	78	84	0.6459790599492916	0.694930506949305	chrX	73164097.0	73164211.0	sense	0.7926789738608556	0.10090266149540336	0.1
LIN54	73	82	0.6391387222686004	0.5238476152384761	chrX	73164097.0	73164211.0	antisense	0.6900429246415459	0.16112389280603276	0.1
REL	76	86	0.6364166696378488	0.7918208179182081	chrX	73164097.0	73164211.0	antisense	0.867869542159708	0.061545552909090494	0.1
FOXP2	74	85	0.632224653141971	0.42855714428557146	chrX	73164097.0	73164211.0	sense	0.6333525738335258	0.19835446021503655	0.1
GLIS3	77	91	0.6244922270983403	0.2511748825117488	chrX	73164097.0	73164211.0	antisense	0.5718766768741452	0.24269761513615118	0.1
POU5F1B	76	85	0.6170288844778036	0.716028397160284	chrX	73164097.0	73164211.0	antisense	0.8061143994060465	0.09360332109163594	0.1
Alx4	73	90	0.5946735938012875	0.595040495950405	chrX	73164097.0	73164211.0	sense	0.719874166429511	0.14274341134833454	0.1
RORA	73	83	0.5913366203679813	0.6273372662733727	chrX	73164097.0	73164211.0	antisense	0.7484782556227136	0.1258208120213159	0.1
MEF2B	75	87	0.5630980455376855	0.2882711728827117	chrX	73164097.0	73164211.0	sense	0.5844154046133848	0.2332783450128685	0.1
TP73	76	94	0.5589758786390039	0.49845015498450157	chrX	73164097.0	73164211.0	antisense	0.6753082504249576	0.17049794435334872	0.1
GRHL1	74	86	0.5519656355803223	0.7001299870012999	chrX	73164097.0	73164211.0	sense	0.7951147992421764	0.09957016306924123	0.1
EBF1	73	87	0.5494135990086088	0.5384461553844615	chrX	73164097.0	73164211.0	sense	0.6901882293343147	0.16103245156256354	0.1
Npas2	77	87	0.5362993050923772	0.8086191380861913	chrX	73164097.0	73164211.0	sense	0.8774263967045919	0.05678930431595974	0.1
Arnt	79	85	0.5285424984563964	0.5293470652934706	chrX	73164097.0	73164211.0	sense	0.6901882293343147	0.16103245156256354	0.1
TP53	76	94	0.5083427301472689	0.49965003499650035	chrX	73164097.0	73164211.0	sense	0.6753082504249576	0.17049794435334872	0.1
HSF4	80	93	0.5009313125825832	0.8417158284171583	chrX	73164097.0	73164211.0	sense	0.8863170478084037	0.052410897205985345	0.1
TBX1	83	91	0.49885993305655124	0.626937306269373	chrX	73164097.0	73164211.0	antisense	0.7484782556227136	0.1258208120213159	0.1
Nr2e3	79	86	0.49859052814543925	0.5848415158484151	chrX	73164097.0	73164211.0	antisense	0.7145891044698347	0.1459436098865904	0.1
MEF2D	75	87	0.49664272535371434	0.32896710328967105	chrX	73164097.0	73164211.0	sense	0.590774832551347	0.22857801423497834	0.1
GLIS1	77	93	0.4896911193065849	0.17028297170282972	chrX	73164097.0	73164211.0	antisense	0.5718766768741452	0.24269761513615118	0.1
TBX15	83	91	0.4894711460467522	0.535046495350465	chrX	73164097.0	73164211.0	antisense	0.6901882293343147	0.16103245156256354	0.1
SMAD3	75	85	0.48895113035483645	0.46835316468353166	chrX	73164097.0	73164211.0	antisense	0.654125716460612	0.18433877657145298	0.1
SPI1	79	93	0.4834650157102005	0.3324667533246675	chrX	73164097.0	73164211.0	sense	0.5909254964914467	0.22846727123769975	0.1
RARA(var.2)	74	91	0.47140187287237306	0.2576742325767423	chrX	73164097.0	73164211.0	sense	0.5718766768741452	0.24269761513615118	0.1
CUX1	74	84	0.4702643483181497	0.7578242175782421	chrX	73164097.0	73164211.0	sense	0.8422072139681107	0.0745810429286661	0.1
CUX2	74	84	0.46946779556199364	0.7905209479052094	chrX	73164097.0	73164211.0	sense	0.867869542159708	0.061545552909090494	0.1
FOXH1	72	83	0.4683653895680333	0.6085391460853915	chrX	73164097.0	73164211.0	sense	0.7310921685609217	0.13602786822116858	0.1
NFKB2	81	94	0.466411468771427	0.5333466653334666	chrX	73164097.0	73164211.0	antisense	0.6901882293343147	0.16103245156256354	0.1
PAX1	72	89	0.46393574096370094	0.46885311468853114	chrX	73164097.0	73164211.0	antisense	0.654125716460612	0.18433877657145298	0.1
ESR1	73	90	0.4575899737489483	0.36126387361263873	chrX	73164097.0	73164211.0	sense	0.5945941456011139	0.22577937119170666	0.1
Arx	73	90	0.45541820036611175	0.6463353664633537	chrX	73164097.0	73164211.0	antisense	0.7623819436238195	0.11782739814806246	0.1
MEIS2	73	81	0.45303945478377317	0.8293170682931706	chrX	73164097.0	73164211.0	antisense	0.8783990988656235	0.056308118428919446	0.1
HSF2	72	85	0.43805259183093115	0.5863413658634137	chrX	73164097.0	73164211.0	sense	0.7145891044698347	0.1459436098865904	0.1
Rarb(var.2)	74	91	0.4330077466583928	0.2673732626737326	chrX	73164097.0	73164211.0	sense	0.5718766768741452	0.24269761513615118	0.1
Vdr	72	88	0.43027275502364437	0.40515948405159485	chrX	73164097.0	73164211.0	sense	0.6209326893397618	0.20695547588252394	0.1
TBX20	72	83	0.42634180730580074	0.7141285871412859	chrX	73164097.0	73164211.0	sense	0.8057233407094074	0.09381405525321569	0.1
SPDEF	80	91	0.41288319620565855	0.7019298070192981	chrX	73164097.0	73164211.0	sense	0.7954182747664098	0.09940443530246874	0.1
Tcf7	73	85	0.4085036414989547	0.5304469553044695	chrX	73164097.0	73164211.0	antisense	0.6901882293343147	0.16103245156256354	0.1
FOXP1	72	87	0.40627209776169726	0.6512348765123488	chrX	73164097.0	73164211.0	sense	0.7646852961762648	0.11651726060341418	0.1
CLOCK	77	87	0.3701884843883996	0.8667133286671332	chrX	73164097.0	73164211.0	sense	0.8996484351564843	0.045927171116643295	0.1
Six3	76	93	0.3700980127678407	0.8816118388161184	chrX	73164097.0	73164211.0	sense	0.9114672198118833	0.040258945781149184	0.1
BATF::JUN	73	84	0.3696525961132929	0.7693230676932307	chrX	73164097.0	73164211.0	antisense	0.849529089644227	0.07082174539332561	0.1
LEF1	72	87	0.3661841111637003	0.5771422857714229	chrX	73164097.0	73164211.0	sense	0.713182967417544	0.1467990374048487	0.1
ESRRB	80	91	0.3491712018647621	0.6599340065993401	chrX	73164097.0	73164211.0	sense	0.7696758414046236	0.11369214486746769	0.1
MEF2A	75	87	0.34523698125284413	0.5224477552244775	chrX	73164097.0	73164211.0	sense	0.6899500889605695	0.16118232502073992	0.1
STAT1	74	85	0.3393616516203383	0.7609239076092391	chrX	73164097.0	73164211.0	sense	0.8438451026692203	0.073737265731956	0.1
REST	73	94	0.3348943950336583	0.2745725427457254	chrX	73164097.0	73164211.0	sense	0.5718766768741452	0.24269761513615118	0.1
Sox5	75	82	0.3291018316931068	0.8058194180581941	chrX	73164097.0	73164211.0	antisense	0.8767720712205508	0.05711329269636573	0.1
Sox1	78	93	0.32782069603012615	0.45585441455854414	chrX	73164097.0	73164211.0	antisense	0.6535592297123879	0.1847150477596082	0.1
JUNB	83	94	0.32338948466408113	0.8288171182881712	chrX	73164097.0	73164211.0	sense	0.8783990988656235	0.056308118428919446	0.1
MTF1	79	93	0.3173301996596995	0.48605139486051396	chrX	73164097.0	73164211.0	antisense	0.6673562802449914	0.17564224819108798	0.1
NFKB1	80	93	0.3136361558831627	0.40775922407759224	chrX	73164097.0	73164211.0	antisense	0.6209326893397618	0.20695547588252394	0.1
MYBL1	72	84	0.3011271627893943	0.791920807919208	chrX	73164097.0	73164211.0	antisense	0.867869542159708	0.061545552909090494	0.1
Bach1::Mafk	79	94	0.2987242195870427	0.7108289171082892	chrX	73164097.0	73164211.0	sense	0.8037477298021832	0.09488024073742857	0.1
POU3F4	72	81	0.29218148505671915	0.6645335466453355	chrX	73164097.0	73164211.0	sense	0.7733024903787648	0.11165059119785448	0.1
HNF1A	72	87	0.29141688629853413	0.7926207379262074	chrX	73164097.0	73164211.0	sense	0.867869542159708	0.061545552909090494	0.1
Nr2f6(var.2)	73	88	0.27046747936085686	0.3264673532646735	chrX	73164097.0	73164211.0	sense	0.590774832551347	0.22857801423497834	0.1
BHLHE40	84	94	0.2676159971083709	0.8548145185481452	chrX	73164097.0	73164211.0	antisense	0.892653390596554	0.049317141080490824	0.1
TP63	76	94	0.24867916975549603	0.3638636136386361	chrX	73164097.0	73164211.0	sense	0.5945941456011139	0.22577937119170666	0.1
RARA	74	92	0.24565910871401028	0.23257674232576742	chrX	73164097.0	73164211.0	sense	0.5718766768741452	0.24269761513615118	0.1
Rarb	72	88	0.24231076304268806	0.300969903009699	chrX	73164097.0	73164211.0	sense	0.5867806477779188	0.2315242177698823	0.1
FOSL1	72	83	0.23892958719717858	0.7987201279872013	chrX	73164097.0	73164211.0	sense	0.8727068345796999	0.05913162285460644	0.1
PROP1	73	84	0.23833581782685875	0.6858314168583142	chrX	73164097.0	73164211.0	sense	0.7840231395362667	0.10567111942702183	0.1
MAFG	73	94	0.23463893537987265	0.685031496850315	chrX	73164097.0	73164211.0	sense	0.7840231395362667	0.10567111942702183	0.1
NFIC::TLX1	76	90	0.2225678658769663	0.675032496750325	chrX	73164097.0	73164211.0	sense	0.7820130933335238	0.10678597543772857	0.1
JDP2	72	81	0.21525919086833528	0.6983301669833016	chrX	73164097.0	73164211.0	sense	0.794809992684942	0.0997366813953265	0.1
Rarg(var.2)	74	91	0.18790128294613118	0.3748625137486251	chrX	73164097.0	73164211.0	sense	0.6023332651254998	0.22016315133795708	0.1
RELA	84	94	0.18558549479497002	0.7427257274272573	chrX	73164097.0	73164211.0	sense	0.831882759999862	0.07993787596033192	0.1
Srebf1(var.2)	72	82	0.1843515431835075	0.8484151584841516	chrX	73164097.0	73164211.0	sense	0.8895504388955044	0.05082942170827891	0.1
Rhox11	75	92	0.1807045357618008	0.9539046095390461	chrX	73164097.0	73164211.0	antisense	0.961313577380126	0.017134923765500736	0.1
JUND	72	83	0.17880334112044427	0.8709129087091291	chrX	73164097.0	73164211.0	sense	0.9022031928543672	0.044695640287987344	0.1
ZBED1	80	93	0.1784202552543244	0.6434356564343565	chrX	73164097.0	73164211.0	sense	0.7623819436238195	0.11782739814806246	0.1
Foxa2	74	86	0.15937060399317454	0.8653134686531346	chrX	73164097.0	73164211.0	sense	0.8996484351564843	0.045927171116643295	0.1
Rarg	73	89	0.15285735117429175	0.407959204079592	chrX	73164097.0	73164211.0	sense	0.6209326893397618	0.20695547588252394	0.1
Foxj3	72	89	0.14218025976825335	0.8218178182181782	chrX	73164097.0	73164211.0	sense	0.8774263967045919	0.05678930431595974	0.1
ZNF410	75	92	0.13742811708290284	0.39806019398060194	chrX	73164097.0	73164211.0	antisense	0.6209326893397618	0.20695547588252394	0.1
STAT1::STAT2	78	93	0.13501488703129047	0.6506349365063494	chrX	73164097.0	73164211.0	antisense	0.7646852961762648	0.11651726060341418	0.1
MLXIPL	77	87	0.12649270838551308	0.9579042095790421	chrX	73164097.0	73164211.0	sense	0.9634734200998505	0.016160261977071752	0.1
Mlxip	86	94	0.1181099709860016	0.9279072092790721	chrX	73164097.0	73164211.0	sense	0.9479996882201543	0.023191805493462014	0.1
BHLHE41	72	82	0.11477341790770304	0.814018598140186	chrX	73164097.0	73164211.0	sense	0.8774263967045919	0.05678930431595974	0.1
SREBF2(var.2)	72	82	0.11038329148428326	0.81991800819918	chrX	73164097.0	73164211.0	antisense	0.8774263967045919	0.05678930431595974	0.1
MLX	77	87	0.1018049714633618	0.9236076392360764	chrX	73164097.0	73164211.0	sense	0.9454681750759835	0.024353085138880282	0.1
PKNOX1	76	88	0.09957742801991078	0.5572442755724427	chrX	73164097.0	73164211.0	sense	0.7036734282776101	0.15262884824827386	0.1
TGIF1	76	88	0.09086523269317917	0.5714428557144285	chrX	73164097.0	73164211.0	sense	0.7112202448819867	0.14799588967086177	0.1
Id2	86	94	0.09072195752776714	0.944905509449055	chrX	73164097.0	73164211.0	antisense	0.9559570358753597	0.019561626030958186	0.1
PKNOX2	76	88	0.08853148633501155	0.5676432356764324	chrX	73164097.0	73164211.0	sense	0.7098959983519721	0.1488052719150846	0.1
PAX9	74	91	0.08296334035368434	0.6394360563943605	chrX	73164097.0	73164211.0	sense	0.7594217694935311	0.11951695758415397	0.1
HNF1B	74	87	0.05070971400057454	0.8913108689131087	chrX	73164097.0	73164211.0	sense	0.9196627056976211	0.03637142473417465	0.1
PAX3	74	84	0.01961216958328656	0.7571242875712428	chrX	73164097.0	73164211.0	antisense	0.8422072139681107	0.0745810429286661	0.1
ONECUT1	72	86	0.01772121192245213	0.8632136786321368	chrX	73164097.0	73164211.0	antisense	0.8996142554419257	0.045943671276964686	0.1
ONECUT2	73	87	0.01033565819605039	0.9099090090990901	chrX	73164097.0	73164211.0	sense	0.9332861180285134	0.02998519394711033	0.1
HSF1	76	89	-0.0	0.8481151884811519	chrX	73164097.0	73164211.0	antisense	0.8895504388955044	0.05082942170827891	0.1
IRF7	77	91	-0.0	0.8356164383561644	chrX	73164097.0	73164211.0	antisense	0.8832686996066178	0.05390715938419946	0.1
HES7	74	86	-0.0	0.825017498250175	chrX	73164097.0	73164211.0	sense	0.8774263967045919	0.05678930431595974	0.1
NFE2	73	84	-0.0	0.9358064193580642	chrX	73164097.0	73164211.0	sense	0.9523206502879125	0.02121679825009995	0.1
NR1H2::RXRA	72	89	-0.0	0.48735126487351266	chrX	73164097.0	73164211.0	antisense	0.6673754788109579	0.17562975454777166	0.1
HES5	74	86	-0.0	0.841915808419158	chrX	73164097.0	73164211.0	sense	0.8863170478084037	0.052410897205985345	0.1
ONECUT3	72	86	-0.010684580568729347	0.8232176782321767	chrX	73164097.0	73164211.0	antisense	0.8774263967045919	0.05678930431595974	0.1
PAX7	74	84	-0.013072780461963569	0.8984101589841016	chrX	73164097.0	73164211.0	sense	0.9251485565729142	0.03378852442893747	0.1
Hnf4a	72	88	-0.0222766517214578	0.6798320167983202	chrX	73164097.0	73164211.0	sense	0.7840231395362667	0.10567111942702183	0.1
Rxra	72	86	-0.07856415369864325	0.7437256274372562	chrX	73164097.0	73164211.0	sense	0.831882759999862	0.07993787596033192	0.1
SP4	73	90	-0.07866957700842192	0.6375362463753624	chrX	73164097.0	73164211.0	antisense	0.7589020914422319	0.11981425030893494	0.1
RXRB	72	86	-0.07980644369757788	0.7433256674332567	chrX	73164097.0	73164211.0	sense	0.831882759999862	0.07993787596033192	0.1
RXRG	72	86	-0.0844009297112099	0.7689231076892311	chrX	73164097.0	73164211.0	sense	0.849529089644227	0.07082174539332561	0.1
TEF	73	85	-0.13677672371900138	0.9796020397960205	chrX	73164097.0	73164211.0	sense	0.9796020397960205	0.00895031922797522	0.1
Lhx3	80	93	-0.23757707207905387	0.9503049695030497	chrX	73164097.0	73164211.0	antisense	0.9595491812686435	0.017932760786562238	0.1
E2F2	77	93	-0.30484929607010325	0.8108189181081892	chrX	73164097.0	73164211.0	antisense	0.8774263967045919	0.05678930431595974	0.1
SOX8	72	88	-0.3067464258789354	0.6547345265473453	chrX	73164097.0	73164211.0	antisense	0.7653315749506131	0.11615036880312078	0.1
Foxk1	72	89	-0.31216642972388275	0.9419058094190581	chrX	73164097.0	73164211.0	antisense	0.9559570358753597	0.019561626030958186	0.1
POU4F2	73	89	-0.32760772949025624	0.8524147585241476	chrX	73164097.0	73164211.0	antisense	0.8919420557944205	0.04966335825406696	0.1
RREB1	73	93	-0.3778488924707769	0.5218478152184781	chrX	73164097.0	73164211.0	antisense	0.6899500889605695	0.16118232502073992	0.1
IRF2	72	90	-0.3966956035621033	0.8231176882311769	chrX	73164097.0	73164211.0	sense	0.8774263967045919	0.05678930431595974	0.1
E2F3	76	94	-0.4416879189141369	0.8186181381861813	chrX	73164097.0	73164211.0	sense	0.8774263967045919	0.05678930431595974	0.1
IRF9	75	90	-0.487610350092403	0.930906909309069	chrX	73164097.0	73164211.0	sense	0.949195846623589	0.022644170783820982	0.1
IRF8	76	90	-0.4955959398965869	0.9754024597540246	chrX	73164097.0	73164211.0	sense	0.9772854760855961	0.009978555443100943	0.1
Sox11	78	93	-0.5228101145175849	0.9438056194380562	chrX	73164097.0	73164211.0	antisense	0.9559570358753597	0.019561626030958186	0.1
BCL6B	75	92	-0.5310886552189018	0.8143185681431857	chrX	73164097.0	73164211.0	antisense	0.8774263967045919	0.05678930431595974	0.1
SOX4	78	94	-0.5471103646476546	0.907009299070093	chrX	73164097.0	73164211.0	antisense	0.9321541113215411	0.03051228060357496	0.1
