motif	start	end	score	pval	tile_chr	tile_start	tile_end	strand	padj	neg_log_pval	fdr_cutoff
Barhl1	72	82	5.681277019498649	0.0012998700129987	chrX	73164003.0	73164117.0	antisense	0.33731626837316264	0.47196271278554924	0.15
Zfx	64	78	5.081741937036492	0.00039996000399960006	chrX	73164003.0	73164117.0	sense	0.20757924207579243	0.6828160781004424	0.15
EMX1	72	82	4.621130980217407	0.0030996900309969004	chrX	73164003.0	73164117.0	antisense	0.35677682231776825	0.44760336692610453	0.15
BARHL2	72	82	4.230364663425816	0.0035996400359964	chrX	73164003.0	73164117.0	antisense	0.35677682231776825	0.44760336692610453	0.15
ISL2	73	81	3.7840936488954777	0.004999500049995001	chrX	73164003.0	73164117.0	sense	0.35677682231776825	0.44760336692610453	0.15
TBP	68	83	3.6364587264890345	0.0385961403859614	chrX	73164003.0	73164117.0	antisense	0.5504252853403184	0.25930162377047145	0.15
Nfe2l2	66	81	3.3093077062553795	0.004999500049995001	chrX	73164003.0	73164117.0	antisense	0.35677682231776825	0.44760336692610453	0.15
VAX1	73	81	3.213092245195561	0.024197580241975804	chrX	73164003.0	73164117.0	antisense	0.5504252853403184	0.25930162377047145	0.15
TFAP2A	65	76	3.1664484572311538	0.0105989401059894	chrX	73164003.0	73164117.0	sense	0.5504252853403184	0.25930162377047145	0.15
Hes2	71	84	3.136643674943256	0.1421857814218578	chrX	73164003.0	73164117.0	antisense	0.5504252853403184	0.25930162377047145	0.15
EGR1	66	80	3.1019758976928165	0.014098590140985901	chrX	73164003.0	73164117.0	antisense	0.5504252853403184	0.25930162377047145	0.15
VAX2	73	81	3.0906845246135686	0.021897810218978103	chrX	73164003.0	73164117.0	antisense	0.5504252853403184	0.25930162377047145	0.15
HOXB2	71	81	2.9669953026644116	0.073992600739926	chrX	73164003.0	73164117.0	sense	0.5504252853403184	0.25930162377047145	0.15
Hes1	66	76	2.9449105662853516	0.28217178282171784	chrX	73164003.0	73164117.0	antisense	0.5751166059864603	0.2402440923498201	0.15
Dlx3	73	81	2.925319477502705	0.0390960903909609	chrX	73164003.0	73164117.0	sense	0.5504252853403184	0.25930162377047145	0.15
EGR2	66	77	2.898653029922683	0.0046995300469953	chrX	73164003.0	73164117.0	antisense	0.35677682231776825	0.44760336692610453	0.15
TFAP2C	72	84	2.89836898538144	0.0375962403759624	chrX	73164003.0	73164117.0	antisense	0.5504252853403184	0.25930162377047145	0.15
MAFF	64	82	2.873358392258507	0.05469453054694531	chrX	73164003.0	73164117.0	sense	0.5504252853403184	0.25930162377047145	0.15
Tcfl5	66	76	2.8511168678648753	0.17568243175682433	chrX	73164003.0	73164117.0	sense	0.5504252853403184	0.25930162377047145	0.15
EGR3	64	79	2.8342099657937365	0.005499450054994501	chrX	73164003.0	73164117.0	antisense	0.35677682231776825	0.44760336692610453	0.15
TFAP2B	72	84	2.8253832605695535	0.0352964703529647	chrX	73164003.0	73164117.0	antisense	0.5504252853403184	0.25930162377047145	0.15
Bcl6	71	85	2.8141717595773814	0.027697230276972302	chrX	73164003.0	73164117.0	antisense	0.5504252853403184	0.25930162377047145	0.15
HIC2	68	77	2.7954907761596997	0.0336966303369663	chrX	73164003.0	73164117.0	antisense	0.5504252853403184	0.25930162377047145	0.15
Dlx4	73	81	2.791051449153	0.037196280371962806	chrX	73164003.0	73164117.0	sense	0.5504252853403184	0.25930162377047145	0.15
GSX2	71	81	2.7457215269376785	0.20837916208379162	chrX	73164003.0	73164117.0	sense	0.5648966353364664	0.2480310120209004	0.15
TFAP2C(var.2)	65	76	2.731575745187334	0.024697530246975304	chrX	73164003.0	73164117.0	sense	0.5504252853403184	0.25930162377047145	0.15
LBX2	72	82	2.7282036150225855	0.14038596140385962	chrX	73164003.0	73164117.0	sense	0.5504252853403184	0.25930162377047145	0.15
NRF1	66	77	2.6701893592349704	0.0115988401159884	chrX	73164003.0	73164117.0	antisense	0.5504252853403184	0.25930162377047145	0.15
TFAP2B(var.2)	65	76	2.5827404704853607	0.0225977402259774	chrX	73164003.0	73164117.0	sense	0.5504252853403184	0.25930162377047145	0.15
Hic1	68	77	2.565535014455633	0.039196080391960805	chrX	73164003.0	73164117.0	antisense	0.5504252853403184	0.25930162377047145	0.15
MAFK	65	80	2.5645057346156	0.046795320467953205	chrX	73164003.0	73164117.0	sense	0.5504252853403184	0.25930162377047145	0.15
GSX1	72	82	2.5334650493623143	0.26307369263073693	chrX	73164003.0	73164117.0	sense	0.5680893135176278	0.24558338027735716	0.15
BARX1	73	81	2.5331201077007957	0.025797420257974202	chrX	73164003.0	73164117.0	sense	0.5504252853403184	0.25930162377047145	0.15
HLTF	71	81	2.4977410079852875	0.098990100989901	chrX	73164003.0	73164117.0	sense	0.5504252853403184	0.25930162377047145	0.15
EVX2	72	82	2.4812083068243536	0.1337866213378662	chrX	73164003.0	73164117.0	sense	0.5504252853403184	0.25930162377047145	0.15
Mafb	68	80	2.4637291742635394	0.0580941905809419	chrX	73164003.0	73164117.0	antisense	0.5504252853403184	0.25930162377047145	0.15
EVX1	72	82	2.4586259512586057	0.12378762123787622	chrX	73164003.0	73164117.0	sense	0.5504252853403184	0.25930162377047145	0.15
YY2	69	80	2.4549102139091867	0.043195680431956804	chrX	73164003.0	73164117.0	sense	0.5504252853403184	0.25930162377047145	0.15
Ddit3::Cebpa	67	79	2.4325186766959663	0.053594640535946404	chrX	73164003.0	73164117.0	antisense	0.5504252853403184	0.25930162377047145	0.15
Gmeb1	65	82	2.3995606341652502	0.43645635436456354	chrX	73164003.0	73164117.0	sense	0.6473949290153858	0.18883070670864027	0.15
Bach1::Mafk	65	80	2.3990715804665097	0.015798420157984203	chrX	73164003.0	73164117.0	antisense	0.5504252853403184	0.25930162377047145	0.15
RUNX1	66	77	2.383019952783627	0.07749225077492251	chrX	73164003.0	73164117.0	sense	0.5504252853403184	0.25930162377047145	0.15
GSC2	71	81	2.37016785212882	0.17078292170782922	chrX	73164003.0	73164117.0	antisense	0.5504252853403184	0.25930162377047145	0.15
THAP1	76	85	2.3519272953284367	0.19838016198380162	chrX	73164003.0	73164117.0	antisense	0.5595614351608318	0.2521522246197814	0.15
NRL	69	80	2.3467184062627777	0.20557944205579443	chrX	73164003.0	73164117.0	antisense	0.5645276742167054	0.24831476327841082	0.15
TFAP2A(var.2)	72	84	2.337321553517157	0.08459154084591541	chrX	73164003.0	73164117.0	antisense	0.5504252853403184	0.25930162377047145	0.15
SP3	69	80	2.283421883588267	0.0887911208879112	chrX	73164003.0	73164117.0	antisense	0.5504252853403184	0.25930162377047145	0.15
SPIC	66	80	2.2608767941632832	0.11538846115388461	chrX	73164003.0	73164117.0	antisense	0.5504252853403184	0.25930162377047145	0.15
Nr1h3::Rxra	65	84	2.2582842957795095	0.13018698130186981	chrX	73164003.0	73164117.0	antisense	0.5504252853403184	0.25930162377047145	0.15
PITX3	73	82	2.2273514361655895	0.0948905109489051	chrX	73164003.0	73164117.0	antisense	0.5504252853403184	0.25930162377047145	0.15
YY1	69	81	2.2020153603035015	0.0364963503649635	chrX	73164003.0	73164117.0	antisense	0.5504252853403184	0.25930162377047145	0.15
Myb	71	81	2.1955095248049203	0.018198180181981802	chrX	73164003.0	73164117.0	antisense	0.5504252853403184	0.25930162377047145	0.15
Nr2e1	70	79	2.1898582487129636	0.04279572042795721	chrX	73164003.0	73164117.0	antisense	0.5504252853403184	0.25930162377047145	0.15
EN2	72	82	2.1884265659268602	0.12058794120587941	chrX	73164003.0	73164117.0	sense	0.5504252853403184	0.25930162377047145	0.15
Dlx1	72	82	2.1868928829349485	0.23427657234276572	chrX	73164003.0	73164117.0	sense	0.5680893135176278	0.24558338027735716	0.15
Klf12	66	81	2.1865075585880716	0.023497650234976502	chrX	73164003.0	73164117.0	sense	0.5504252853403184	0.25930162377047145	0.15
REL	71	81	2.166021137106357	0.06919308069193081	chrX	73164003.0	73164117.0	sense	0.5504252853403184	0.25930162377047145	0.15
MEOX2	71	81	2.144320392442559	0.2526747325267473	chrX	73164003.0	73164117.0	sense	0.5680893135176278	0.24558338027735716	0.15
Arid5a	68	82	2.1231915231098575	0.2501749825017498	chrX	73164003.0	73164117.0	antisense	0.5680893135176278	0.24558338027735716	0.15
Nr5a2	69	84	2.12161166239544	0.07879212078792121	chrX	73164003.0	73164117.0	antisense	0.5504252853403184	0.25930162377047145	0.15
HESX1	72	82	2.1204885837034544	0.05679432056794321	chrX	73164003.0	73164117.0	antisense	0.5504252853403184	0.25930162377047145	0.15
STAT3	74	85	2.118425585179145	0.040695930406959305	chrX	73164003.0	73164117.0	sense	0.5504252853403184	0.25930162377047145	0.15
NR2F1	67	80	2.117596926952287	0.07219278072192781	chrX	73164003.0	73164117.0	antisense	0.5504252853403184	0.25930162377047145	0.15
TFAP2B(var.3)	72	85	2.103928656837538	0.0402959704029597	chrX	73164003.0	73164117.0	antisense	0.5504252853403184	0.25930162377047145	0.15
NR4A2	70	78	2.0656442806379127	0.045495450454954504	chrX	73164003.0	73164117.0	antisense	0.5504252853403184	0.25930162377047145	0.15
TFAP2A(var.3)	72	85	2.0477981667236063	0.06769323067693231	chrX	73164003.0	73164117.0	sense	0.5504252853403184	0.25930162377047145	0.15
BATF::JUN	69	80	2.0466126702951186	0.0354964503549645	chrX	73164003.0	73164117.0	antisense	0.5504252853403184	0.25930162377047145	0.15
LMX1B	73	81	2.0415689866002675	0.20187981201879812	chrX	73164003.0	73164117.0	sense	0.5602974461912098	0.2515813570212645	0.15
GBX2	72	82	2.0237373970105574	0.0807919208079192	chrX	73164003.0	73164117.0	sense	0.5504252853403184	0.25930162377047145	0.15
TFAP2C(var.3)	72	85	2.0051226581689208	0.057894210578942104	chrX	73164003.0	73164117.0	sense	0.5504252853403184	0.25930162377047145	0.15
UNCX	77	85	1.9973071036689942	0.20167983201679832	chrX	73164003.0	73164117.0	antisense	0.5602974461912098	0.2515813570212645	0.15
HOXA10	74	85	1.983531004486948	0.19308069193080693	chrX	73164003.0	73164117.0	antisense	0.5504252853403184	0.25930162377047145	0.15
NKX2-8	76	85	1.9815316200686854	0.10038996100389962	chrX	73164003.0	73164117.0	antisense	0.5504252853403184	0.25930162377047145	0.15
MSX1	73	81	1.975179251848147	0.1004899510048995	chrX	73164003.0	73164117.0	sense	0.5504252853403184	0.25930162377047145	0.15
NFIX	64	73	1.9625814502870873	0.18338166183381663	chrX	73164003.0	73164117.0	sense	0.5504252853403184	0.25930162377047145	0.15
GMEB2	77	85	1.9611250353933583	0.059394060593940604	chrX	73164003.0	73164117.0	antisense	0.5504252853403184	0.25930162377047145	0.15
TCF7L2	71	85	1.9595257973130038	0.1085891410858914	chrX	73164003.0	73164117.0	antisense	0.5504252853403184	0.25930162377047145	0.15
HOXB3	71	81	1.9463132752939019	0.3086691330866913	chrX	73164003.0	73164117.0	sense	0.5809962482012669	0.2358266720687878	0.15
NKX6-2	72	80	1.9269184372592396	0.1867813218678132	chrX	73164003.0	73164117.0	sense	0.5504252853403184	0.25930162377047145	0.15
POU2F2	66	79	1.9264238428951743	0.05549445055494451	chrX	73164003.0	73164117.0	sense	0.5504252853403184	0.25930162377047145	0.15
Hoxa11	73	85	1.9134563518982752	0.1464853514648535	chrX	73164003.0	73164117.0	antisense	0.5504252853403184	0.25930162377047145	0.15
KLF16	69	80	1.8932923662324177	0.061493850614938506	chrX	73164003.0	73164117.0	antisense	0.5504252853403184	0.25930162377047145	0.15
RAX	72	82	1.8761092034134035	0.13458654134586542	chrX	73164003.0	73164117.0	sense	0.5504252853403184	0.25930162377047145	0.15
POU5F1B	75	84	1.858895858028588	0.09149085091490851	chrX	73164003.0	73164117.0	antisense	0.5504252853403184	0.25930162377047145	0.15
CREB3	65	79	1.844730865392365	0.0704929507049295	chrX	73164003.0	73164117.0	sense	0.5504252853403184	0.25930162377047145	0.15
HINFP	65	77	1.8253855622141646	0.11598840115988401	chrX	73164003.0	73164117.0	antisense	0.5504252853403184	0.25930162377047145	0.15
JUN(var.2)	68	82	1.8239255347901764	0.1146885311468853	chrX	73164003.0	73164117.0	antisense	0.5504252853403184	0.25930162377047145	0.15
Dlx2	73	81	1.8211450369703646	0.10648935106489352	chrX	73164003.0	73164117.0	sense	0.5504252853403184	0.25930162377047145	0.15
ESX1	72	82	1.8049958734419247	0.3477652234776522	chrX	73164003.0	73164117.0	sense	0.5992413787937168	0.22239820538650593	0.15
GSC	72	82	1.7971252178821482	0.1822817718228177	chrX	73164003.0	73164117.0	antisense	0.5504252853403184	0.25930162377047145	0.15
NFIC::TLX1	70	84	1.7852982371781796	0.031096890310968902	chrX	73164003.0	73164117.0	antisense	0.5504252853403184	0.25930162377047145	0.15
Hoxd3	68	84	1.7826697936095428	0.2943705629437056	chrX	73164003.0	73164117.0	sense	0.5809962482012669	0.2358266720687878	0.15
Gabpa	72	83	1.7798167107941412	0.0898910108989101	chrX	73164003.0	73164117.0	antisense	0.5504252853403184	0.25930162377047145	0.15
Rhox11	68	85	1.7744994616555079	0.30896910308969106	chrX	73164003.0	73164117.0	sense	0.5809962482012669	0.2358266720687878	0.15
Lhx4	73	81	1.771209070592405	0.16008399160083991	chrX	73164003.0	73164117.0	sense	0.5504252853403184	0.25930162377047145	0.15
HOXC10	74	84	1.7695032026897546	0.10678932106789321	chrX	73164003.0	73164117.0	antisense	0.5504252853403184	0.25930162377047145	0.15
KLF13	64	82	1.7637698838972964	0.0400959904009599	chrX	73164003.0	73164117.0	sense	0.5504252853403184	0.25930162377047145	0.15
MNX1	72	82	1.751808455041666	0.23757624237576241	chrX	73164003.0	73164117.0	sense	0.5680893135176278	0.24558338027735716	0.15
HES5	65	77	1.7401877068503586	0.0192980701929807	chrX	73164003.0	73164117.0	sense	0.5504252853403184	0.25930162377047145	0.15
XBP1	64	78	1.731111933242581	0.08549145085491451	chrX	73164003.0	73164117.0	sense	0.5504252853403184	0.25930162377047145	0.15
NKX3-2	72	81	1.7287205805465693	0.1316868313168683	chrX	73164003.0	73164117.0	sense	0.5504252853403184	0.25930162377047145	0.15
Esrrg	70	80	1.7245120863640258	0.0765923407659234	chrX	73164003.0	73164117.0	antisense	0.5504252853403184	0.25930162377047145	0.15
BSX	73	81	1.722218039773583	0.1252874712528747	chrX	73164003.0	73164117.0	sense	0.5504252853403184	0.25930162377047145	0.15
TEAD3	71	79	1.717780589896631	0.0466953304669533	chrX	73164003.0	73164117.0	antisense	0.5504252853403184	0.25930162377047145	0.15
NFIC	70	76	1.7127909149820948	0.1141885811418858	chrX	73164003.0	73164117.0	sense	0.5504252853403184	0.25930162377047145	0.15
Dmbx1	66	83	1.7127367712068866	0.23867613238676133	chrX	73164003.0	73164117.0	sense	0.5680893135176278	0.24558338027735716	0.15
TBX2	70	81	1.7066909288002599	0.2652734726527347	chrX	73164003.0	73164117.0	sense	0.5680893135176278	0.24558338027735716	0.15
HOXC11	74	85	1.6897275088790051	0.09409059094090591	chrX	73164003.0	73164117.0	antisense	0.5504252853403184	0.25930162377047145	0.15
MIXL1	71	81	1.6880177022007312	0.4587541245875412	chrX	73164003.0	73164117.0	sense	0.6487558328635801	0.18791872445126412	0.15
Prrx2	72	80	1.6866573172712112	0.35126487351264873	chrX	73164003.0	73164117.0	sense	0.5992413787937168	0.22239820538650593	0.15
LBX1	77	85	1.683439385156078	0.0861913808619138	chrX	73164003.0	73164117.0	sense	0.5504252853403184	0.25930162377047145	0.15
CREB3L1	65	79	1.6741898957962567	0.08299170082991701	chrX	73164003.0	73164117.0	sense	0.5504252853403184	0.25930162377047145	0.15
EMX2	72	82	1.6724795176573444	0.14828517148285172	chrX	73164003.0	73164117.0	sense	0.5504252853403184	0.25930162377047145	0.15
FOXD2	74	81	1.6689495887795305	0.10738926107389261	chrX	73164003.0	73164117.0	antisense	0.5504252853403184	0.25930162377047145	0.15
ZNF143	69	85	1.6604963262234873	0.027597240275972403	chrX	73164003.0	73164117.0	antisense	0.5504252853403184	0.25930162377047145	0.15
RAX2	77	85	1.6529520625535086	0.3371662833716628	chrX	73164003.0	73164117.0	antisense	0.5992413787937168	0.22239820538650593	0.15
RHOXF1	71	79	1.6372602046410216	0.17198280171982802	chrX	73164003.0	73164117.0	antisense	0.5504252853403184	0.25930162377047145	0.15
PDX1	73	81	1.6367662716201479	0.08949105089491051	chrX	73164003.0	73164117.0	sense	0.5504252853403184	0.25930162377047145	0.15
HOXA5	74	82	1.6324092158019914	0.1312868713128687	chrX	73164003.0	73164117.0	antisense	0.5504252853403184	0.25930162377047145	0.15
VENTX	72	81	1.6262241401076618	0.10468953104689531	chrX	73164003.0	73164117.0	sense	0.5504252853403184	0.25930162377047145	0.15
NKX6-1	77	85	1.6248588040405558	0.13088691130886912	chrX	73164003.0	73164117.0	antisense	0.5504252853403184	0.25930162377047145	0.15
HOXD11	74	84	1.6239182736396551	0.09809019098090191	chrX	73164003.0	73164117.0	antisense	0.5504252853403184	0.25930162377047145	0.15
POU3F1	73	85	1.6211542450027052	0.22977702229777022	chrX	73164003.0	73164117.0	antisense	0.5680893135176278	0.24558338027735716	0.15
ALX3	71	81	1.6161811263957957	0.46135386461353867	chrX	73164003.0	73164117.0	sense	0.6493179950297653	0.18754256103632405	0.15
Pax2	68	76	1.61317262507575	0.5635436456354365	chrX	73164003.0	73164117.0	antisense	0.6786059213104212	0.1683823551518176	0.15
HOXC13	74	85	1.612654157627719	0.08999100089991001	chrX	73164003.0	73164117.0	antisense	0.5504252853403184	0.25930162377047145	0.15
CDX1	75	84	1.6082080720878356	0.19368063193680632	chrX	73164003.0	73164117.0	antisense	0.5504252853403184	0.25930162377047145	0.15
SHOX	72	80	1.6076629625756742	0.3057694230576942	chrX	73164003.0	73164117.0	antisense	0.5809962482012669	0.2358266720687878	0.15
SMAD2::SMAD3::SMAD4	64	77	1.6023596495758377	0.17468253174682533	chrX	73164003.0	73164117.0	sense	0.5504252853403184	0.25930162377047145	0.15
SP2	67	82	1.6005893602504866	0.15458454154584542	chrX	73164003.0	73164117.0	sense	0.5504252853403184	0.25930162377047145	0.15
NFATC3	74	84	1.584338357555552	0.30556944305569445	chrX	73164003.0	73164117.0	sense	0.5809962482012669	0.2358266720687878	0.15
CTCF	65	84	1.5785021692371928	0.11388861113888611	chrX	73164003.0	73164117.0	antisense	0.5504252853403184	0.25930162377047145	0.15
Nobox	72	80	1.5753216431003543	0.13288671132886712	chrX	73164003.0	73164117.0	antisense	0.5504252853403184	0.25930162377047145	0.15
Myog	66	77	1.570519788530332	0.0913908609139086	chrX	73164003.0	73164117.0	sense	0.5504252853403184	0.25930162377047145	0.15
Nkx3-1	72	81	1.5615812357813152	0.1334866513348665	chrX	73164003.0	73164117.0	sense	0.5504252853403184	0.25930162377047145	0.15
DLX6	73	81	1.5532971755586453	0.23077692230776922	chrX	73164003.0	73164117.0	sense	0.5680893135176278	0.24558338027735716	0.15
MEOX1	72	82	1.5524514259070457	0.25547445255474455	chrX	73164003.0	73164117.0	antisense	0.5680893135176278	0.24558338027735716	0.15
FOXP3	74	81	1.5514461361607312	0.16008399160083991	chrX	73164003.0	73164117.0	antisense	0.5504252853403184	0.25930162377047145	0.15
RORA	71	81	1.5489270727979554	0.096990300969903	chrX	73164003.0	73164117.0	antisense	0.5504252853403184	0.25930162377047145	0.15
Msx3	73	81	1.5489126892471397	0.10788921107889211	chrX	73164003.0	73164117.0	sense	0.5504252853403184	0.25930162377047145	0.15
E2F4	65	76	1.5481096136505137	0.10488951104889511	chrX	73164003.0	73164117.0	sense	0.5504252853403184	0.25930162377047145	0.15
Pax6	66	80	1.5443652806972716	0.20117988201179882	chrX	73164003.0	73164117.0	antisense	0.5602974461912098	0.2515813570212645	0.15
POU4F1	71	85	1.541130511765486	0.26687331266873315	chrX	73164003.0	73164117.0	sense	0.5680893135176278	0.24558338027735716	0.15
Arid3b	74	85	1.5400620941338072	0.25447455254474555	chrX	73164003.0	73164117.0	sense	0.5680893135176278	0.24558338027735716	0.15
Hoxb5	68	84	1.5384478795645788	0.3544645535446455	chrX	73164003.0	73164117.0	antisense	0.5992413787937168	0.22239820538650593	0.15
Neurog1	72	82	1.5381470124424483	0.6398360163983602	chrX	73164003.0	73164117.0	antisense	0.7187768236163397	0.14340593481543915	0.15
MSX2	73	81	1.5353383065015196	0.11998800119988001	chrX	73164003.0	73164117.0	sense	0.5504252853403184	0.25930162377047145	0.15
HOXD12	74	85	1.5343924631729795	0.09349065093490651	chrX	73164003.0	73164117.0	antisense	0.5504252853403184	0.25930162377047145	0.15
HNF4G	64	79	1.5330323124453664	0.2151784821517848	chrX	73164003.0	73164117.0	antisense	0.566911490669115	0.24648474025084444	0.15
Pparg::Rxra	65	80	1.5307533762691121	0.36166383361663834	chrX	73164003.0	73164117.0	antisense	0.6028419522265025	0.2197965324249235	0.15
Pou2f3	65	81	1.5235348173598071	0.18248175182481752	chrX	73164003.0	73164117.0	antisense	0.5504252853403184	0.25930162377047145	0.15
LHX9	73	81	1.522355157666734	0.29847015298470153	chrX	73164003.0	73164117.0	sense	0.5809962482012669	0.2358266720687878	0.15
Myod1	66	79	1.5111765846397136	0.15178482151784822	chrX	73164003.0	73164117.0	sense	0.5504252853403184	0.25930162377047145	0.15
HOXC12	74	85	1.509356742556896	0.10988901109889011	chrX	73164003.0	73164117.0	antisense	0.5504252853403184	0.25930162377047145	0.15
FOS	67	78	1.5054219236371493	0.10998900109989002	chrX	73164003.0	73164117.0	sense	0.5504252853403184	0.25930162377047145	0.15
GLI2	65	77	1.5045711203439172	0.15948405159484053	chrX	73164003.0	73164117.0	antisense	0.5504252853403184	0.25930162377047145	0.15
LHX2	72	82	1.5031678393007075	0.208979102089791	chrX	73164003.0	73164117.0	antisense	0.5648966353364664	0.2480310120209004	0.15
GBX1	72	82	1.4999140823582862	0.14708529147085292	chrX	73164003.0	73164117.0	sense	0.5504252853403184	0.25930162377047145	0.15
NEUROD2	72	82	1.4978901143434304	0.21127887211278873	chrX	73164003.0	73164117.0	sense	0.5652254362192647	0.24777830230631745	0.15
HOXD13	75	85	1.4940283734278745	0.13308669133086692	chrX	73164003.0	73164117.0	antisense	0.5504252853403184	0.25930162377047145	0.15
Hoxd9	75	85	1.4927058058230926	0.2976702329767023	chrX	73164003.0	73164117.0	antisense	0.5809962482012669	0.2358266720687878	0.15
SPI1	66	80	1.4792057200568365	0.036196380361963806	chrX	73164003.0	73164117.0	antisense	0.5504252853403184	0.25930162377047145	0.15
POU2F1	68	80	1.4737121376321607	0.2673732626737326	chrX	73164003.0	73164117.0	antisense	0.5680893135176278	0.24558338027735716	0.15
Sox3	74	84	1.466805719823783	0.08689131086891311	chrX	73164003.0	73164117.0	sense	0.5504252853403184	0.25930162377047145	0.15
POU3F2	73	85	1.4656158262818997	0.15848415158484153	chrX	73164003.0	73164117.0	antisense	0.5504252853403184	0.25930162377047145	0.15
NFATC1	74	84	1.4629115888927418	0.38516148385161486	chrX	73164003.0	73164117.0	sense	0.609961192330615	0.21469779530531366	0.15
ZBTB7A	66	78	1.4551885014418777	0.23227677232276772	chrX	73164003.0	73164117.0	sense	0.5680893135176278	0.24558338027735716	0.15
ETV3	74	84	1.4548823351131963	0.2313768623137686	chrX	73164003.0	73164117.0	antisense	0.5680893135176278	0.24558338027735716	0.15
TBX5	71	79	1.4530327231040623	0.34496550344965504	chrX	73164003.0	73164117.0	sense	0.5992413787937168	0.22239820538650593	0.15
PRRX1	77	85	1.449158148865462	0.28757124287571245	chrX	73164003.0	73164117.0	antisense	0.5802966215006407	0.23634995789988472	0.15
HOXA13	75	85	1.449064141583534	0.17048295170482952	chrX	73164003.0	73164117.0	antisense	0.5504252853403184	0.25930162377047145	0.15
DUXA	68	81	1.444100976569541	0.22707729227077292	chrX	73164003.0	73164117.0	antisense	0.5680893135176278	0.24558338027735716	0.15
NHLH1	66	76	1.436801056431958	0.15878412158784122	chrX	73164003.0	73164117.0	antisense	0.5504252853403184	0.25930162377047145	0.15
HOXB13	75	85	1.4334708736802744	0.15328467153284672	chrX	73164003.0	73164117.0	antisense	0.5504252853403184	0.25930162377047145	0.15
HES7	65	77	1.4237057135444673	0.0316968303169683	chrX	73164003.0	73164117.0	sense	0.5504252853403184	0.25930162377047145	0.15
PROX1	69	81	1.4136981276478913	0.06869313068693131	chrX	73164003.0	73164117.0	antisense	0.5504252853403184	0.25930162377047145	0.15
NFIA	68	78	1.408691600140991	0.1366863313668633	chrX	73164003.0	73164117.0	antisense	0.5504252853403184	0.25930162377047145	0.15
MAFG::NFE2L1	72	78	1.4052505849562271	0.16418358164183583	chrX	73164003.0	73164117.0	antisense	0.5504252853403184	0.25930162377047145	0.15
ELK4	73	84	1.3986744085699523	0.15278472152784722	chrX	73164003.0	73164117.0	sense	0.5504252853403184	0.25930162377047145	0.15
Arntl	65	75	1.396303475240611	0.250974902509749	chrX	73164003.0	73164117.0	sense	0.5680893135176278	0.24558338027735716	0.15
Pou5f1::Sox2	68	83	1.379249143420727	0.257974202579742	chrX	73164003.0	73164117.0	sense	0.5680893135176278	0.24558338027735716	0.15
NOTO	72	82	1.3785831447970216	0.28147185281471854	chrX	73164003.0	73164117.0	antisense	0.5751166059864603	0.2402440923498201	0.15
POU1F1	66	80	1.375708236195813	0.2725727427257274	chrX	73164003.0	73164117.0	antisense	0.5750620059945225	0.24028532503312916	0.15
JUNB	68	79	1.3752549394522964	0.1347865213478652	chrX	73164003.0	73164117.0	antisense	0.5504252853403184	0.25930162377047145	0.15
FOSL2	68	79	1.3699350956835046	0.12288771122887711	chrX	73164003.0	73164117.0	antisense	0.5504252853403184	0.25930162377047145	0.15
Crx	68	79	1.3692911402280161	0.1693830616938306	chrX	73164003.0	73164117.0	sense	0.5504252853403184	0.25930162377047145	0.15
EN1	73	81	1.3626678805286598	0.2206779322067793	chrX	73164003.0	73164117.0	sense	0.5680893135176278	0.24558338027735716	0.15
GCM1	67	78	1.3582501376816551	0.19268073192680732	chrX	73164003.0	73164117.0	antisense	0.5504252853403184	0.25930162377047145	0.15
HOXA2	72	82	1.3513206440488317	0.5461453854614539	chrX	73164003.0	73164117.0	sense	0.6742679362040376	0.17116749205218149	0.15
ERG	74	84	1.345641294569447	0.17788221177882213	chrX	73164003.0	73164117.0	antisense	0.5504252853403184	0.25930162377047145	0.15
Shox2	77	85	1.3391603272177353	0.22647735226477353	chrX	73164003.0	73164117.0	antisense	0.5680893135176278	0.24558338027735716	0.15
ETV5	74	84	1.332732200903247	0.35256474352564743	chrX	73164003.0	73164117.0	antisense	0.5992413787937168	0.22239820538650593	0.15
Ascl2	66	76	1.326888042767535	0.15808419158084192	chrX	73164003.0	73164117.0	antisense	0.5504252853403184	0.25930162377047145	0.15
LIN54	75	84	1.3261538771742225	0.14338566143385661	chrX	73164003.0	73164117.0	sense	0.5504252853403184	0.25930162377047145	0.15
Mitf	65	75	1.324982645565838	0.628937106289371	chrX	73164003.0	73164117.0	sense	0.7164868295779118	0.14479178837090448	0.15
VSX1	73	81	1.3180719878936862	0.37646235376462356	chrX	73164003.0	73164117.0	antisense	0.609961192330615	0.21469779530531366	0.15
LHX6	72	82	1.3117438822902532	0.25637436256374363	chrX	73164003.0	73164117.0	antisense	0.5680893135176278	0.24558338027735716	0.15
NFAT5	75	85	1.3113056109684968	0.3227677232276772	chrX	73164003.0	73164117.0	sense	0.5940299587062571	0.22619165169773306	0.15
Atf1	76	84	1.308460797218908	0.1718828117188281	chrX	73164003.0	73164117.0	sense	0.5504252853403184	0.25930162377047145	0.15
CEBPE	75	85	1.3082899041032916	0.208979102089791	chrX	73164003.0	73164117.0	antisense	0.5648966353364664	0.2480310120209004	0.15
Six3	64	81	1.3050153361013448	0.3635636436356364	chrX	73164003.0	73164117.0	sense	0.6028419522265025	0.2197965324249235	0.15
ID4	66	76	1.3011952428190883	0.24047595240475952	chrX	73164003.0	73164117.0	antisense	0.5680893135176278	0.24558338027735716	0.15
OTX2	71	79	1.3004942567897866	0.2772722727727227	chrX	73164003.0	73164117.0	antisense	0.5751166059864603	0.2402440923498201	0.15
GATA2	71	85	1.2923288140912066	0.25147485251474855	chrX	73164003.0	73164117.0	sense	0.5680893135176278	0.24558338027735716	0.15
FLI1	74	84	1.290637592736595	0.1481851814818518	chrX	73164003.0	73164117.0	antisense	0.5504252853403184	0.25930162377047145	0.15
ETS1	74	84	1.2859238383816696	0.20527947205279473	chrX	73164003.0	73164117.0	antisense	0.5645276742167054	0.24831476327841082	0.15
CEBPA	74	85	1.2838764413100234	0.1847815218478152	chrX	73164003.0	73164117.0	antisense	0.5504252853403184	0.25930162377047145	0.15
SRY	76	85	1.2772250040125042	0.3481651834816518	chrX	73164003.0	73164117.0	antisense	0.5992413787937168	0.22239820538650593	0.15
Crem	75	85	1.2748572097584971	0.19158084191580843	chrX	73164003.0	73164117.0	sense	0.5504252853403184	0.25930162377047145	0.15
PAX5	65	84	1.2747656469331654	0.29527047295270475	chrX	73164003.0	73164117.0	sense	0.5809962482012669	0.2358266720687878	0.15
Alx4	68	85	1.273533997480709	0.26677332266773324	chrX	73164003.0	73164117.0	antisense	0.5680893135176278	0.24558338027735716	0.15
TCF4	66	76	1.269944750445339	0.1857814218578142	chrX	73164003.0	73164117.0	antisense	0.5504252853403184	0.25930162377047145	0.15
FEV	74	84	1.2572808908892394	0.25507449255074494	chrX	73164003.0	73164117.0	antisense	0.5680893135176278	0.24558338027735716	0.15
ETV6	74	84	1.257141246952689	0.21497850214978503	chrX	73164003.0	73164117.0	antisense	0.566911490669115	0.24648474025084444	0.15
NKX2-3	72	82	1.2551046128023493	0.27717228277172284	chrX	73164003.0	73164117.0	sense	0.5751166059864603	0.2402440923498201	0.15
ESRRB	67	78	1.2529388158797703	0.09809019098090191	chrX	73164003.0	73164117.0	sense	0.5504252853403184	0.25930162377047145	0.15
Tcf12	66	77	1.249986322918857	0.1648835116488351	chrX	73164003.0	73164117.0	sense	0.5504252853403184	0.25930162377047145	0.15
ISX	77	85	1.2476690398795496	0.1441855814418558	chrX	73164003.0	73164117.0	antisense	0.5504252853403184	0.25930162377047145	0.15
ESR2	70	85	1.2450940957921457	0.43285671432856715	chrX	73164003.0	73164117.0	sense	0.6473949290153858	0.18883070670864027	0.15
Tcf21	67	81	1.2414218333441591	0.10598940105989402	chrX	73164003.0	73164117.0	sense	0.5504252853403184	0.25930162377047145	0.15
LMX1A	77	85	1.2413130060473918	0.42105789421057893	chrX	73164003.0	73164117.0	antisense	0.6371109244760654	0.1957849480509103	0.15
POU3F4	75	84	1.2312056434530116	0.11258874112588742	chrX	73164003.0	73164117.0	antisense	0.5504252853403184	0.25930162377047145	0.15
TBX4	71	79	1.2289129263761982	0.29917008299170084	chrX	73164003.0	73164117.0	sense	0.5809962482012669	0.2358266720687878	0.15
Nr2f6	71	85	1.226707082371268	0.12768723127687232	chrX	73164003.0	73164117.0	antisense	0.5504252853403184	0.25930162377047145	0.15
Sox2	74	82	1.2133358280616773	0.08049195080491951	chrX	73164003.0	73164117.0	sense	0.5504252853403184	0.25930162377047145	0.15
MZF1(var.2)	69	79	1.2107452751198244	0.37036296370362964	chrX	73164003.0	73164117.0	sense	0.6091071272619574	0.21530631871819847	0.15
CEBPB	75	85	1.2070647121590494	0.1852814718528147	chrX	73164003.0	73164117.0	antisense	0.5504252853403184	0.25930162377047145	0.15
KLF14	66	80	1.2046067967094691	0.14708529147085292	chrX	73164003.0	73164117.0	sense	0.5504252853403184	0.25930162377047145	0.15
HEY2	66	76	1.1999958470476608	0.2813718628137186	chrX	73164003.0	73164117.0	sense	0.5751166059864603	0.2402440923498201	0.15
SP8	67	79	1.198792139734233	0.274972502749725	chrX	73164003.0	73164117.0	sense	0.5751166059864603	0.2402440923498201	0.15
SNAI2	76	85	1.1941995399935814	0.3862613738626137	chrX	73164003.0	73164117.0	sense	0.609961192330615	0.21469779530531366	0.15
KLF5	64	74	1.1937869102923089	0.1596840315968403	chrX	73164003.0	73164117.0	antisense	0.5504252853403184	0.25930162377047145	0.15
OLIG3	72	82	1.1919323705638638	0.3267673232676732	chrX	73164003.0	73164117.0	antisense	0.5975212337921137	0.22364665681515644	0.15
Nkx2-5	74	81	1.1890292486046756	0.26817318268173185	chrX	73164003.0	73164117.0	antisense	0.5680893135176278	0.24558338027735716	0.15
JUND	67	78	1.1824720944910252	0.15608439156084392	chrX	73164003.0	73164117.0	sense	0.5504252853403184	0.25930162377047145	0.15
Npas2	72	82	1.1817469212214788	0.28847115288471153	chrX	73164003.0	73164117.0	antisense	0.5802966215006407	0.23634995789988472	0.15
VSX2	73	81	1.1804706283030628	0.2883711628837116	chrX	73164003.0	73164117.0	antisense	0.5802966215006407	0.23634995789988472	0.15
SPIB	77	84	1.1768251903124622	0.24567543245675433	chrX	73164003.0	73164117.0	sense	0.5680893135176278	0.24558338027735716	0.15
STAT1::STAT2	67	82	1.1719356736020332	0.16148385161483853	chrX	73164003.0	73164117.0	sense	0.5504252853403184	0.25930162377047145	0.15
Lhx8	73	81	1.1696056958470928	0.28257174282571745	chrX	73164003.0	73164117.0	antisense	0.5751166059864603	0.2402440923498201	0.15
IRF7	67	81	1.1631910250164912	0.1513848615138486	chrX	73164003.0	73164117.0	antisense	0.5504252853403184	0.25930162377047145	0.15
CEBPD	75	85	1.158332339856112	0.1792820717928207	chrX	73164003.0	73164117.0	antisense	0.5504252853403184	0.25930162377047145	0.15
INSM1	65	77	1.1573559750761517	0.1740825917408259	chrX	73164003.0	73164117.0	sense	0.5504252853403184	0.25930162377047145	0.15
ETV2	74	85	1.154995665036537	0.1755824417558244	chrX	73164003.0	73164117.0	antisense	0.5504252853403184	0.25930162377047145	0.15
BHLHE22	72	82	1.1484385859528412	0.1770822917708229	chrX	73164003.0	73164117.0	antisense	0.5504252853403184	0.25930162377047145	0.15
Arid3a	76	82	1.1472433912203357	0.1521847815218478	chrX	73164003.0	73164117.0	antisense	0.5504252853403184	0.25930162377047145	0.15
ATF4	66	79	1.1289215647108006	0.1810818918108189	chrX	73164003.0	73164117.0	sense	0.5504252853403184	0.25930162377047145	0.15
TFE3	66	76	1.1241556606826368	0.5700429957004299	chrX	73164003.0	73164117.0	antisense	0.6838609441596255	0.16503219846071274	0.15
HEY1	66	76	1.1235044859268577	0.2628737126287371	chrX	73164003.0	73164117.0	antisense	0.5680893135176278	0.24558338027735716	0.15
FOS::JUN	69	76	1.1224036802191424	0.3060693930606939	chrX	73164003.0	73164117.0	antisense	0.5809962482012669	0.2358266720687878	0.15
Twist2	72	82	1.122297363353686	0.28057194280571945	chrX	73164003.0	73164117.0	antisense	0.5751166059864603	0.2402440923498201	0.15
PLAG1	70	84	1.1195584937541234	0.10878912108789121	chrX	73164003.0	73164117.0	sense	0.5504252853403184	0.25930162377047145	0.15
Alx1	68	85	1.1175861227368729	0.3605639436056394	chrX	73164003.0	73164117.0	antisense	0.6028419522265025	0.2197965324249235	0.15
MEIS1	64	71	1.1175541857107136	0.44755524447555245	chrX	73164003.0	73164117.0	antisense	0.6473949290153858	0.18883070670864027	0.15
ZBTB7C	64	76	1.11578359861005	0.48135186481351866	chrX	73164003.0	73164117.0	sense	0.6581388372790627	0.1816824803923496	0.15
ELK3	74	84	1.1123203571169276	0.35366463353664634	chrX	73164003.0	73164117.0	antisense	0.5992413787937168	0.22239820538650593	0.15
Spz1	73	84	1.1061303435649967	0.33836616338366166	chrX	73164003.0	73164117.0	antisense	0.5992413787937168	0.22239820538650593	0.15
LEF1	70	85	1.105013745261748	0.1603839616038396	chrX	73164003.0	73164117.0	antisense	0.5504252853403184	0.25930162377047145	0.15
ERF	74	84	1.102456860007776	0.23347665233476653	chrX	73164003.0	73164117.0	antisense	0.5680893135176278	0.24558338027735716	0.15
Klf1	66	77	1.0954947267731558	0.22367763223677634	chrX	73164003.0	73164117.0	sense	0.5680893135176278	0.24558338027735716	0.15
TEAD4	72	82	1.0924365190311702	0.3842615738426157	chrX	73164003.0	73164117.0	sense	0.609961192330615	0.21469779530531366	0.15
PRDM1	67	82	1.0913731642583433	0.34556544345565443	chrX	73164003.0	73164117.0	antisense	0.5992413787937168	0.22239820538650593	0.15
POU4F3	69	85	1.0889687448609187	0.47225277472252775	chrX	73164003.0	73164117.0	antisense	0.6533529186763863	0.18485216446687266	0.15
POU6F1	71	81	1.0874995123293236	0.41755824417558246	chrX	73164003.0	73164117.0	sense	0.6355211986132765	0.19686995842669677	0.15
ELF5	74	85	1.0843424485445599	0.44995500449955006	chrX	73164003.0	73164117.0	antisense	0.6473949290153858	0.18883070670864027	0.15
SOX9	74	83	1.079305722394816	0.533946605339466	chrX	73164003.0	73164117.0	sense	0.6742679362040376	0.17116749205218149	0.15
OLIG2	72	82	1.077440299274867	0.26607339266073393	chrX	73164003.0	73164117.0	antisense	0.5680893135176278	0.24558338027735716	0.15
Pitx1	71	79	1.0753329373481495	0.5149485051494851	chrX	73164003.0	73164117.0	antisense	0.6684361414604808	0.17494007641402168	0.15
Bhlha15	73	81	1.0746341703611821	0.17528247175282471	chrX	73164003.0	73164117.0	antisense	0.5504252853403184	0.25930162377047145	0.15
FOSL1	67	78	1.0707828386333618	0.1862813718628137	chrX	73164003.0	73164117.0	sense	0.5504252853403184	0.25930162377047145	0.15
SP4	64	81	1.068981525489965	0.1044895510448955	chrX	73164003.0	73164117.0	sense	0.5504252853403184	0.25930162377047145	0.15
DUX4	69	80	1.0666927449003647	0.17648235176482352	chrX	73164003.0	73164117.0	antisense	0.5504252853403184	0.25930162377047145	0.15
PAX4	77	85	1.0610730262564994	0.3424657534246575	chrX	73164003.0	73164117.0	antisense	0.5992413787937168	0.22239820538650593	0.15
OTX1	65	73	1.0589079255729263	0.33926607339266074	chrX	73164003.0	73164117.0	antisense	0.5992413787937168	0.22239820538650593	0.15
ETV1	66	76	1.0585623003957698	0.44075592440755923	chrX	73164003.0	73164117.0	sense	0.6473949290153858	0.18883070670864027	0.15
Nr2e3	71	78	1.0534620147219886	0.15758424157584242	chrX	73164003.0	73164117.0	antisense	0.5504252853403184	0.25930162377047145	0.15
Hand1::Tcf3	75	85	1.0529352571479083	0.541045895410459	chrX	73164003.0	73164117.0	sense	0.6742679362040376	0.17116749205218149	0.15
POU3F3	67	80	1.049505879688841	0.39646035396460355	chrX	73164003.0	73164117.0	antisense	0.6235240112352401	0.20514681765266968	0.15
ZIC4	64	79	1.0467105562644157	0.41015898410158985	chrX	73164003.0	73164117.0	antisense	0.6334851721928398	0.19826354606892682	0.15
SMAD3	74	84	1.0430894585704773	0.12218778122187782	chrX	73164003.0	73164117.0	sense	0.5504252853403184	0.25930162377047145	0.15
SP1	67	78	1.0425308304860066	0.19408059194080593	chrX	73164003.0	73164117.0	sense	0.5504252853403184	0.25930162377047145	0.15
ELK1	74	84	1.0377323749408383	0.21627837216278373	chrX	73164003.0	73164117.0	antisense	0.566911490669115	0.24648474025084444	0.15
ETV4	66	76	1.0376795123842069	0.39986001399860016	chrX	73164003.0	73164117.0	sense	0.6269708376594365	0.2027526590706019	0.15
GCM2	74	84	1.0229820153833336	0.44575542445755423	chrX	73164003.0	73164117.0	sense	0.6473949290153858	0.18883070670864027	0.15
FOXF2	64	78	1.0208085817782964	0.29187081291870814	chrX	73164003.0	73164117.0	sense	0.5809962482012669	0.2358266720687878	0.15
EOMES	65	78	1.0126193063436113	0.5162483751624838	chrX	73164003.0	73164117.0	antisense	0.6684361414604808	0.17494007641402168	0.15
Klf4	64	74	1.010157676917124	0.21127887211278873	chrX	73164003.0	73164117.0	sense	0.5652254362192647	0.24777830230631745	0.15
MNT	66	76	1.0084857177915187	0.37916208379162086	chrX	73164003.0	73164117.0	antisense	0.609961192330615	0.21469779530531366	0.15
RARA::RXRA	64	81	1.0067533908862392	0.4891510848915108	chrX	73164003.0	73164117.0	sense	0.6581388372790627	0.1816824803923496	0.15
Hoxc9	72	85	1.002406206976795	0.37336266373362664	chrX	73164003.0	73164117.0	antisense	0.609961192330615	0.21469779530531366	0.15
FOXB1	70	81	0.9974701778955574	0.33066693330666935	chrX	73164003.0	73164117.0	sense	0.5992413787937168	0.22239820538650593	0.15
MSC	69	79	0.9973216165718372	0.26007399260073993	chrX	73164003.0	73164117.0	sense	0.5680893135176278	0.24558338027735716	0.15
Atoh1	72	82	0.9909490562291235	0.41515848415158485	chrX	73164003.0	73164117.0	antisense	0.6355211986132765	0.19686995842669677	0.15
Atf3	70	78	0.986734939731782	0.30056994300569945	chrX	73164003.0	73164117.0	antisense	0.5809962482012669	0.2358266720687878	0.15
RUNX3	67	77	0.9858071165780129	0.36706329367063295	chrX	73164003.0	73164117.0	antisense	0.6067065267995494	0.21702133299763293	0.15
STAT1	74	85	0.9844428087050067	0.2555744425557444	chrX	73164003.0	73164117.0	sense	0.5680893135176278	0.24558338027735716	0.15
RUNX2	71	80	0.983394664193409	0.34736526347365265	chrX	73164003.0	73164117.0	antisense	0.5992413787937168	0.22239820538650593	0.15
TCF3	66	76	0.9782618362325126	0.3755624437556244	chrX	73164003.0	73164117.0	antisense	0.609961192330615	0.21469779530531366	0.15
MEIS3	70	78	0.9703450746746037	0.519048095190481	chrX	73164003.0	73164117.0	sense	0.6684515171311654	0.17493008669066495	0.15
MYBL1	72	84	0.9673942765957019	0.254974502549745	chrX	73164003.0	73164117.0	sense	0.5680893135176278	0.24558338027735716	0.15
ZBTB33	66	81	0.9533045677698995	0.45155484451554845	chrX	73164003.0	73164117.0	sense	0.6473949290153858	0.18883070670864027	0.15
DMRT3	67	78	0.9519602129375344	0.49505049495050496	chrX	73164003.0	73164117.0	antisense	0.6604915343941185	0.18013274442262847	0.15
EGR4	65	81	0.947620520220261	0.45395460453954606	chrX	73164003.0	73164117.0	sense	0.6478297225222533	0.1885391303744983	0.15
Tcf7	73	85	0.9419198753344215	0.18708129187081293	chrX	73164003.0	73164117.0	antisense	0.5504252853403184	0.25930162377047145	0.15
Sox1	66	81	0.9379700050859423	0.12038796120387961	chrX	73164003.0	73164117.0	antisense	0.5504252853403184	0.25930162377047145	0.15
TFEB	66	76	0.9297494907526708	0.44425557444255576	chrX	73164003.0	73164117.0	antisense	0.6473949290153858	0.18883070670864027	0.15
Myc	67	77	0.9262248086323395	0.2633736626337366	chrX	73164003.0	73164117.0	sense	0.5680893135176278	0.24558338027735716	0.15
SOX10	75	81	0.9230291740132732	0.4082591740825917	chrX	73164003.0	73164117.0	sense	0.6334851721928398	0.19826354606892682	0.15
Esrra	70	81	0.9217340896808948	0.15608439156084392	chrX	73164003.0	73164117.0	antisense	0.5504252853403184	0.25930162377047145	0.15
BHLHE23	71	83	0.9202190313495847	0.24217578242175783	chrX	73164003.0	73164117.0	antisense	0.5680893135176278	0.24558338027735716	0.15
PHOX2A	69	80	0.9156009950668929	0.48265173482651735	chrX	73164003.0	73164117.0	antisense	0.6581388372790627	0.1816824803923496	0.15
Rxra	71	85	0.9147537914633398	0.08489151084891511	chrX	73164003.0	73164117.0	antisense	0.5504252853403184	0.25930162377047145	0.15
NFATC2	75	82	0.9111394524448889	0.4316568343165683	chrX	73164003.0	73164117.0	sense	0.6473949290153858	0.18883070670864027	0.15
E2F1	66	78	0.9061987069062498	0.5225477452254774	chrX	73164003.0	73164117.0	sense	0.6696352586963525	0.17416168725176656	0.15
NEUROG2	72	82	0.905366984217506	0.19198080191980801	chrX	73164003.0	73164117.0	antisense	0.5504252853403184	0.25930162377047145	0.15
RXRG	71	85	0.9028839822534644	0.096990300969903	chrX	73164003.0	73164117.0	antisense	0.5504252853403184	0.25930162377047145	0.15
Hmx1	68	85	0.889376057811885	0.6162383761623837	chrX	73164003.0	73164117.0	sense	0.7133821860104738	0.14667773970462591	0.15
RXRB	71	85	0.8892801206772158	0.08789121087891211	chrX	73164003.0	73164117.0	antisense	0.5504252853403184	0.25930162377047145	0.15
USF2	72	83	0.8870304201617942	0.38136186381361864	chrX	73164003.0	73164117.0	sense	0.609961192330615	0.21469779530531366	0.15
EHF	66	78	0.8856854306700032	0.35296470352964704	chrX	73164003.0	73164117.0	antisense	0.5992413787937168	0.22239820538650593	0.15
Phox2b	69	80	0.8765669814265078	0.40645935406459355	chrX	73164003.0	73164117.0	antisense	0.6334851721928398	0.19826354606892682	0.15
GATA1::TAL1	64	82	0.8764192496132513	0.49005099490050996	chrX	73164003.0	73164117.0	antisense	0.6581388372790627	0.1816824803923496	0.15
Sox17	66	75	0.8760934544531308	0.4981501849815019	chrX	73164003.0	73164117.0	sense	0.6629229384753833	0.17853695325441626	0.15
Gata1	74	85	0.8744175411430486	0.3200679932006799	chrX	73164003.0	73164117.0	sense	0.5911576102176258	0.22829671518935246	0.15
MAX	72	82	0.8705454157294302	0.45155484451554845	chrX	73164003.0	73164117.0	antisense	0.6473949290153858	0.18883070670864027	0.15
MZF1	78	84	0.8695813305920912	0.3524647535246475	chrX	73164003.0	73164117.0	sense	0.5992413787937168	0.22239820538650593	0.15
TEAD1	72	82	0.8690624503142053	0.5538446155384461	chrX	73164003.0	73164117.0	sense	0.6742679362040376	0.17116749205218149	0.15
PROP1	69	80	0.8681916023523735	0.2566743325667433	chrX	73164003.0	73164117.0	antisense	0.5680893135176278	0.24558338027735716	0.15
EBF1	71	85	0.8657437082401761	0.3040695930406959	chrX	73164003.0	73164117.0	antisense	0.5809962482012669	0.2358266720687878	0.15
CENPB	69	84	0.8646859105498601	0.5412458754124587	chrX	73164003.0	73164117.0	antisense	0.6742679362040376	0.17116749205218149	0.15
HMBOX1	75	85	0.857211283887741	0.7003299670032996	chrX	73164003.0	73164117.0	antisense	0.7556574903840177	0.12167500839082805	0.15
ELF1	66	78	0.8564578258544295	0.3114688531146885	chrX	73164003.0	73164117.0	antisense	0.5835824359802287	0.2338977874976649	0.15
ELF4	66	78	0.8429856730960328	0.30086991300869914	chrX	73164003.0	73164117.0	antisense	0.5809962482012669	0.2358266720687878	0.15
GATA5	75	83	0.8406242164899187	0.6375362463753624	chrX	73164003.0	73164117.0	antisense	0.7177468804095729	0.14402868642999703	0.15
Stat4	71	85	0.8320833856842197	0.41255874412558746	chrX	73164003.0	73164117.0	antisense	0.6334851721928398	0.19826354606892682	0.15
Nkx2-5(var.2)	71	82	0.8316251066153427	0.44385561443855615	chrX	73164003.0	73164117.0	sense	0.6473949290153858	0.18883070670864027	0.15
HSF4	72	85	0.8255767838967748	0.55994400559944	chrX	73164003.0	73164117.0	antisense	0.6786059213104212	0.1683823551518176	0.15
Creb5	66	78	0.8252484192377189	0.24037596240375964	chrX	73164003.0	73164117.0	antisense	0.5680893135176278	0.24558338027735716	0.15
E2F6	65	76	0.8229713901674052	0.29357064293570645	chrX	73164003.0	73164117.0	sense	0.5809962482012669	0.2358266720687878	0.15
Gfi1	71	81	0.8180862104834532	0.6774322567743226	chrX	73164003.0	73164117.0	antisense	0.7433136178982526	0.12882791061977297	0.15
TBX21	68	78	0.8145778901300417	0.40345965403459655	chrX	73164003.0	73164117.0	antisense	0.6307095194095048	0.2001706140743519	0.15
ATF7	65	79	0.8127219966840549	0.24857514248575144	chrX	73164003.0	73164117.0	antisense	0.5680893135176278	0.24558338027735716	0.15
Ahr::Arnt	66	72	0.8103165263294451	0.3628637136286371	chrX	73164003.0	73164117.0	sense	0.6028419522265025	0.2197965324249235	0.15
CLOCK	72	82	0.8019455051647754	0.4677532246775322	chrX	73164003.0	73164117.0	antisense	0.6525911924936538	0.1853587918371681	0.15
NR2C2	64	79	0.7981793311271733	0.31696830316968305	chrX	73164003.0	73164117.0	antisense	0.5893767766080535	0.2296069807861913	0.15
CREB1	71	79	0.7808222337592879	0.5402459754024598	chrX	73164003.0	73164117.0	sense	0.6742679362040376	0.17116749205218149	0.15
Sox6	74	84	0.7805339436955595	0.2742725727427257	chrX	73164003.0	73164117.0	sense	0.5751166059864603	0.2402440923498201	0.15
SCRT2	64	77	0.7772872827584192	0.23577642235776422	chrX	73164003.0	73164117.0	antisense	0.5680893135176278	0.24558338027735716	0.15
HNF1A	67	82	0.7756313961684594	0.46165383461653836	chrX	73164003.0	73164117.0	antisense	0.6493179950297653	0.18754256103632405	0.15
BHLHE40	66	76	0.76969814839922	0.38576142385761425	chrX	73164003.0	73164117.0	antisense	0.609961192330615	0.21469779530531366	0.15
Hmx3	67	84	0.7673901156188655	0.654934506549345	chrX	73164003.0	73164117.0	sense	0.724756948612175	0.13980761215170504	0.15
POU6F2	70	80	0.7667888292931764	0.49075092490750927	chrX	73164003.0	73164117.0	sense	0.6581388372790627	0.1816824803923496	0.15
GATA3	75	83	0.7626157500220314	0.2156784321567843	chrX	73164003.0	73164117.0	antisense	0.566911490669115	0.24648474025084444	0.15
FOXA1	64	79	0.7621113228688319	0.5012498750124987	chrX	73164003.0	73164117.0	sense	0.6644389132515319	0.17754494076680516	0.15
TFEC	72	82	0.7607962450020554	0.5773422657734226	chrX	73164003.0	73164117.0	antisense	0.6888290481296698	0.16188854683834042	0.15
ARNT::HIF1A	65	73	0.75460943424223	0.47585241475852413	chrX	73164003.0	73164117.0	sense	0.6533529186763863	0.18485216446687266	0.15
ZNF263	64	85	0.7464093872538425	0.3775622437756224	chrX	73164003.0	73164117.0	sense	0.609961192330615	0.21469779530531366	0.15
Hmx2	67	84	0.7196713795313271	0.5996400359964004	chrX	73164003.0	73164117.0	sense	0.7055111230958352	0.15149613476425805	0.15
MEIS2	69	77	0.7174639712514795	0.5367463253674633	chrX	73164003.0	73164117.0	antisense	0.6742679362040376	0.17116749205218149	0.15
TBR1	71	81	0.7131054014651037	0.5802419758024198	chrX	73164003.0	73164117.0	sense	0.6907008840400364	0.16070998813246046	0.15
FOXC1	73	84	0.7064737801954319	0.49505049495050496	chrX	73164003.0	73164117.0	antisense	0.6604915343941185	0.18013274442262847	0.15
Foxd3	67	79	0.6912133345753879	0.4253574642535746	chrX	73164003.0	73164117.0	antisense	0.6417457091500152	0.19263702643322478	0.15
NFYA	67	85	0.6671683523906878	0.4420557944205579	chrX	73164003.0	73164117.0	sense	0.6473949290153858	0.18883070670864027	0.15
FOXC2	72	84	0.6647278329605336	0.5293470652934706	chrX	73164003.0	73164117.0	antisense	0.673360605115959	0.17175229555295538	0.15
MTF1	70	84	0.6543690222477614	0.22547745225477453	chrX	73164003.0	73164117.0	antisense	0.5680893135176278	0.24558338027735716	0.15
RELA	71	81	0.6484043390608948	0.30616938306169383	chrX	73164003.0	73164117.0	sense	0.5809962482012669	0.2358266720687878	0.15
ZBTB7B	67	79	0.6462428688698999	0.46685331466853314	chrX	73164003.0	73164117.0	sense	0.6525911924936538	0.1853587918371681	0.15
Vdr	69	85	0.645509199682815	0.2328767123287671	chrX	73164003.0	73164117.0	sense	0.5680893135176278	0.24558338027735716	0.15
Mecom	68	82	0.6390738020653606	0.40955904409559046	chrX	73164003.0	73164117.0	antisense	0.6334851721928398	0.19826354606892682	0.15
JUND(var.2)	66	81	0.6355688536392362	0.5222477752224778	chrX	73164003.0	73164117.0	antisense	0.6696352586963525	0.17416168725176656	0.15
RORA(var.2)	68	82	0.6344047116033286	0.31796820317968205	chrX	73164003.0	73164117.0	antisense	0.5893767766080535	0.2296069807861913	0.15
MAX::MYC	66	77	0.6308744389128814	0.6521347865213478	chrX	73164003.0	73164117.0	antisense	0.7232007568473922	0.1407411280325907	0.15
JDP2(var.2)	66	78	0.6287632139132215	0.33586641335866413	chrX	73164003.0	73164117.0	antisense	0.5992413787937168	0.22239820538650593	0.15
JUN	64	77	0.6217691380354723	0.48885111488851113	chrX	73164003.0	73164117.0	antisense	0.6581388372790627	0.1816824803923496	0.15
Foxk1	64	81	0.6186431940860865	0.5053494650534947	chrX	73164003.0	73164117.0	sense	0.66567607198671	0.176737053670083	0.15
Gfi1b	66	77	0.6122301646773802	0.5445455454454554	chrX	73164003.0	73164117.0	antisense	0.6742679362040376	0.17116749205218149	0.15
Stat5a::Stat5b	73	84	0.6109700629364567	0.5131486851314868	chrX	73164003.0	73164117.0	sense	0.6684361414604808	0.17494007641402168	0.15
CDX2	74	85	0.6075982810136779	0.41675832416758324	chrX	73164003.0	73164117.0	antisense	0.6355211986132765	0.19686995842669677	0.15
TGIF2	65	77	0.6074448732004093	0.32696730326967305	chrX	73164003.0	73164117.0	sense	0.5975212337921137	0.22364665681515644	0.15
Foxj3	64	81	0.6048684788995128	0.571942805719428	chrX	73164003.0	73164117.0	sense	0.6839592538442009	0.1649697701478913	0.15
NFE2	67	78	0.6045025137578184	0.30816918308169183	chrX	73164003.0	73164117.0	antisense	0.5809962482012669	0.2358266720687878	0.15
OLIG1	72	82	0.6023046050919931	0.3524647535246475	chrX	73164003.0	73164117.0	antisense	0.5992413787937168	0.22239820538650593	0.15
TBX19	65	85	0.5986203556053814	0.42695730426957307	chrX	73164003.0	73164117.0	sense	0.6422922925098795	0.19226728947665503	0.15
FOXP1	70	85	0.5867750040016863	0.5167483251674833	chrX	73164003.0	73164117.0	antisense	0.6684361414604808	0.17494007641402168	0.15
Id2	67	75	0.5844472669638757	0.4410558944105589	chrX	73164003.0	73164117.0	antisense	0.6473949290153858	0.18883070670864027	0.15
Arx	68	85	0.5797481167520303	0.5382461753824618	chrX	73164003.0	73164117.0	sense	0.6742679362040376	0.17116749205218149	0.15
NFYB	66	81	0.5767932717590423	0.5942405759424058	chrX	73164003.0	73164117.0	antisense	0.7025304303282656	0.1533348594123167	0.15
FIGLA	69	79	0.5747722435638478	0.7688231176882312	chrX	73164003.0	73164117.0	sense	0.8028555293364025	0.09536259725783043	0.15
Mlxip	67	75	0.5640735530455699	0.45625437456254375	chrX	73164003.0	73164117.0	antisense	0.64783439688818	0.18853599676711047	0.15
BHLHE41	66	76	0.5627068220346833	0.33826617338266174	chrX	73164003.0	73164117.0	antisense	0.5992413787937168	0.22239820538650593	0.15
FOXD1	73	81	0.5495353571287381	0.6196380361963804	chrX	73164003.0	73164117.0	antisense	0.7133821860104738	0.14667773970462591	0.15
ELF3	65	78	0.5416822558348456	0.4353564643535646	chrX	73164003.0	73164117.0	antisense	0.6473949290153858	0.18883070670864027	0.15
Rfx1	64	78	0.5410975670370569	0.7494250574942506	chrX	73164003.0	73164117.0	sense	0.7920786868681553	0.10123167248227768	0.15
Ar	65	82	0.5369115920865785	0.3618638136186381	chrX	73164003.0	73164117.0	sense	0.6028419522265025	0.2197965324249235	0.15
Foxq1	68	79	0.5352939909154419	0.47555244475552444	chrX	73164003.0	73164117.0	antisense	0.6533529186763863	0.18485216446687266	0.15
Hnf4a	68	84	0.5350437460674832	0.22227777222277773	chrX	73164003.0	73164117.0	antisense	0.5680893135176278	0.24558338027735716	0.15
RREB1	65	85	0.5294464225370089	0.11538846115388461	chrX	73164003.0	73164117.0	antisense	0.5504252853403184	0.25930162377047145	0.15
Mycn	74	82	0.5292181979426678	0.45685431456854314	chrX	73164003.0	73164117.0	antisense	0.64783439688818	0.18853599676711047	0.15
USF1	71	82	0.5231582001941744	0.6948305169483052	chrX	73164003.0	73164117.0	antisense	0.7544289504103984	0.12238165436107279	0.15
PPARG	65	85	0.5214216431732105	0.41135886411358863	chrX	73164003.0	73164117.0	antisense	0.6334851721928398	0.19826354606892682	0.15
MGA	71	79	0.5212259740238422	0.6240375962403759	chrX	73164003.0	73164117.0	sense	0.7133821860104738	0.14667773970462591	0.15
ZNF740	64	74	0.50620850547608	0.38666133386661333	chrX	73164003.0	73164117.0	antisense	0.609961192330615	0.21469779530531366	0.15
TFAP4	69	79	0.48842410146059717	0.553944605539446	chrX	73164003.0	73164117.0	antisense	0.6742679362040376	0.17116749205218149	0.15
Sox5	71	78	0.48734575297397104	0.6196380361963804	chrX	73164003.0	73164117.0	antisense	0.7133821860104738	0.14667773970462591	0.15
Znf423	70	85	0.48464620073642445	0.25647435256474355	chrX	73164003.0	73164117.0	antisense	0.5680893135176278	0.24558338027735716	0.15
Creb3l2	67	76	0.48135633886588847	0.5078492150784921	chrX	73164003.0	73164117.0	sense	0.6658523541585236	0.1766220604436214	0.15
ZBTB18	71	84	0.47918690111651024	0.528047195280472	chrX	73164003.0	73164117.0	antisense	0.673360605115959	0.17175229555295538	0.15
Hoxd8	67	84	0.47236271937427704	0.8006199380061993	chrX	73164003.0	73164117.0	antisense	0.8277325653888794	0.08210995806625407	0.15
MAFG	64	85	0.4705460480676282	0.35676432356764326	chrX	73164003.0	73164117.0	antisense	0.6011710517259963	0.22100194022476358	0.15
GLIS2	67	81	0.45298148914862046	0.45435456454354567	chrX	73164003.0	73164117.0	sense	0.6478297225222533	0.1885391303744983	0.15
ZEB1	68	77	0.45255974485843925	0.5500449955004499	chrX	73164003.0	73164117.0	antisense	0.6742679362040376	0.17116749205218149	0.15
NR3C2	65	82	0.45108356569322744	0.3708629137086291	chrX	73164003.0	73164117.0	sense	0.6091071272619574	0.21530631871819847	0.15
CEBPG	75	85	0.4492003068208739	0.4844515548445156	chrX	73164003.0	73164117.0	antisense	0.6581388372790627	0.1816824803923496	0.15
RXRA::VDR	70	85	0.4419626172352567	0.3301669833016698	chrX	73164003.0	73164117.0	sense	0.5992413787937168	0.22239820538650593	0.15
MAF::NFE2	65	80	0.4294941392773466	0.6342365763423657	chrX	73164003.0	73164117.0	sense	0.7164868295779118	0.14479178837090448	0.15
PBX1	66	78	0.42636854893963383	0.7165283471652835	chrX	73164003.0	73164117.0	sense	0.763610291948218	0.11712822681294734	0.15
TFCP2	70	80	0.42317963646062845	0.8231176882311769	chrX	73164003.0	73164117.0	antisense	0.8425997636922699	0.07437866700736427	0.15
MEF2C	70	85	0.4186628194624031	0.7117288271172882	chrX	73164003.0	73164117.0	antisense	0.7616232191213869	0.11825982436284135	0.15
MYF6	69	79	0.4145964670435081	0.5547445255474452	chrX	73164003.0	73164117.0	sense	0.6742679362040376	0.17116749205218149	0.15
Foxo1	73	84	0.41067911338042806	0.6463353664633537	chrX	73164003.0	73164117.0	sense	0.7213936670849044	0.141827674551829	0.15
HNF1B	72	85	0.4082781550263265	0.6172382761723828	chrX	73164003.0	73164117.0	antisense	0.7133821860104738	0.14667773970462591	0.15
TAL1::TCF3	70	82	0.40787513635729544	0.6994300569943006	chrX	73164003.0	73164117.0	sense	0.7556574903840177	0.12167500839082805	0.15
Gata4	73	84	0.40633973973427895	0.615038496150385	chrX	73164003.0	73164117.0	sense	0.7133821860104738	0.14667773970462591	0.15
FOXG1	73	81	0.3968820900686109	0.44545545445455453	chrX	73164003.0	73164117.0	antisense	0.6473949290153858	0.18883070670864027	0.15
TP73	66	84	0.3929967504136665	0.508049195080492	chrX	73164003.0	73164117.0	sense	0.6658523541585236	0.1766220604436214	0.15
SOX21	66	81	0.3875023383457996	0.1825817418258174	chrX	73164003.0	73164117.0	antisense	0.5504252853403184	0.25930162377047145	0.15
NFIL3	73	84	0.38616683731867174	0.6635336466353364	chrX	73164003.0	73164117.0	antisense	0.7327105587313608	0.13506755001179924	0.15
MLXIPL	66	76	0.37149033140761856	0.7504249575042495	chrX	73164003.0	73164117.0	sense	0.7920786868681553	0.10123167248227768	0.15
Hoxa9	73	84	0.37119259774697144	0.6892310768923108	chrX	73164003.0	73164117.0	antisense	0.7514935481241791	0.12407474365471124	0.15
TBX20	67	78	0.3692537719270278	0.6798320167983202	chrX	73164003.0	73164117.0	antisense	0.7443730310513252	0.12820936992837886	0.15
PAX7	70	80	0.36914953351828916	0.3782621737826217	chrX	73164003.0	73164117.0	sense	0.609961192330615	0.21469779530531366	0.15
RFX3	69	85	0.36859832785438956	0.593940605939406	chrX	73164003.0	73164117.0	sense	0.7025304303282656	0.1533348594123167	0.15
FOXP2	72	83	0.36521762931929797	0.532046795320468	chrX	73164003.0	73164117.0	antisense	0.6742679362040376	0.17116749205218149	0.15
CUX2	75	85	0.35237275318288447	0.8117188281171883	chrX	73164003.0	73164117.0	antisense	0.835877126573057	0.07785755889266348	0.15
FOXL1	74	81	0.35045720607356207	0.6071392860713929	chrX	73164003.0	73164117.0	antisense	0.7112986218308193	0.14794803276405039	0.15
Dux	77	85	0.35043544298983015	0.6494350564943505	chrX	73164003.0	73164117.0	antisense	0.7232007568473922	0.1407411280325907	0.15
FOXI1	74	81	0.34723608509271014	0.5884411558844116	chrX	73164003.0	73164117.0	antisense	0.6988580318169556	0.15561103921937317	0.15
IRF2	64	82	0.3369509473340649	0.29957004299570045	chrX	73164003.0	73164117.0	antisense	0.5809962482012669	0.2358266720687878	0.15
Rarg	69	85	0.33510714856794366	0.2221777822217778	chrX	73164003.0	73164117.0	antisense	0.5680893135176278	0.24558338027735716	0.15
Foxj2	73	81	0.3276494576344237	0.6325367463253675	chrX	73164003.0	73164117.0	antisense	0.7164868295779118	0.14479178837090448	0.15
TBX1	71	79	0.32247460729811417	0.7111288871112889	chrX	73164003.0	73164117.0	antisense	0.7616232191213869	0.11825982436284135	0.15
FOXO6	74	81	0.31881120184627054	0.6095390460953904	chrX	73164003.0	73164117.0	antisense	0.7125017228006929	0.14721408121148055	0.15
Nr2f6(var.2)	70	85	0.3115232719230012	0.22967703229677033	chrX	73164003.0	73164117.0	antisense	0.5680893135176278	0.24558338027735716	0.15
FOXO4	74	81	0.3071453868723421	0.646035396460354	chrX	73164003.0	73164117.0	antisense	0.7213936670849044	0.141827674551829	0.15
PAX3	70	80	0.30713599686740767	0.44845515448455153	chrX	73164003.0	73164117.0	sense	0.6473949290153858	0.18883070670864027	0.15
HSF2	70	83	0.30699561229466454	0.6138386161383862	chrX	73164003.0	73164117.0	antisense	0.7133821860104738	0.14667773970462591	0.15
mix-a	74	85	0.3025706946388072	0.6839316068393161	chrX	73164003.0	73164117.0	sense	0.7472852714728527	0.12651357733315516	0.15
TBX15	71	79	0.30159947065763554	0.6218378162183782	chrX	73164003.0	73164117.0	antisense	0.7133821860104738	0.14667773970462591	0.15
ZNF354C	69	75	0.2912174235664586	0.782021797820218	chrX	73164003.0	73164117.0	antisense	0.8117386261373862	0.0905837878764323	0.15
MEF2A	73	85	0.2874498966683362	0.5018498150184981	chrX	73164003.0	73164117.0	antisense	0.6644389132515319	0.17754494076680516	0.15
MLX	66	76	0.28613849012371856	0.7093290670932907	chrX	73164003.0	73164117.0	sense	0.7616232191213869	0.11825982436284135	0.15
Arnt	72	78	0.2808057522293892	0.7134286571342866	chrX	73164003.0	73164117.0	antisense	0.7618713437298246	0.11811836124003242	0.15
T	69	85	0.27985582588007746	0.6233376662333766	chrX	73164003.0	73164117.0	sense	0.7133821860104738	0.14667773970462591	0.15
ZBED1	67	80	0.27448788588740214	0.4901509849015098	chrX	73164003.0	73164117.0	antisense	0.6581388372790627	0.1816824803923496	0.15
ONECUT3	67	81	0.2670689229959	0.5475452454754525	chrX	73164003.0	73164117.0	antisense	0.6742679362040376	0.17116749205218149	0.15
SCRT1	69	84	0.25404127136855464	0.6008399160083991	chrX	73164003.0	73164117.0	antisense	0.7055111230958352	0.15149613476425805	0.15
ONECUT1	67	81	0.24905897690091167	0.6719328067193281	chrX	73164003.0	73164117.0	antisense	0.7388413701002782	0.1314487950086673	0.15
PAX1	65	82	0.24868868433033167	0.5501449855014499	chrX	73164003.0	73164117.0	sense	0.6742679362040376	0.17116749205218149	0.15
Foxa2	68	80	0.24698856829366325	0.7724227577242275	chrX	73164003.0	73164117.0	sense	0.8049948017246468	0.09420692409125013	0.15
IRF8	67	81	0.2371326809998241	0.35066493350664935	chrX	73164003.0	73164117.0	antisense	0.5992413787937168	0.22239820538650593	0.15
NR1H2::RXRA	68	85	0.2369840837782461	0.22867713228677133	chrX	73164003.0	73164117.0	antisense	0.5680893135176278	0.24558338027735716	0.15
ONECUT2	67	81	0.23570976176040642	0.752024797520248	chrX	73164003.0	73164117.0	antisense	0.7920786868681553	0.10123167248227768	0.15
SREBF2	64	74	0.23376187362411063	0.8047195280471953	chrX	73164003.0	73164117.0	sense	0.8303169683031696	0.08075608677248008	0.15
HSF1	71	84	0.23314502248538485	0.5177482251774822	chrX	73164003.0	73164117.0	antisense	0.6684361414604808	0.17494007641402168	0.15
RFX4	69	85	0.22983036005868646	0.7675232476752325	chrX	73164003.0	73164117.0	antisense	0.8028555293364025	0.09536259725783043	0.15
ZIC1	65	79	0.22809614808935708	0.5283471652834717	chrX	73164003.0	73164117.0	sense	0.673360605115959	0.17175229555295538	0.15
GRHL1	69	81	0.22796571069078486	0.8744125587441256	chrX	73164003.0	73164117.0	antisense	0.8863674179457055	0.05238621658954021	0.15
ZIC3	65	80	0.22437090835702825	0.633036696330367	chrX	73164003.0	73164117.0	antisense	0.7164868295779118	0.14479178837090448	0.15
SREBF1	64	74	0.2192581132484332	0.7341265873412659	chrX	73164003.0	73164117.0	antisense	0.7807616779305676	0.10748151126314745	0.15
Srebf1(var.2)	68	78	0.21793270569660383	0.7539246075392461	chrX	73164003.0	73164117.0	sense	0.7920786868681553	0.10123167248227768	0.15
CUX1	73	83	0.20754368533543666	0.8684131586841316	chrX	73164003.0	73164117.0	antisense	0.8837380967785575	0.0536764227432237	0.15
FOXH1	69	80	0.18648160027370378	0.7373262673732627	chrX	73164003.0	73164117.0	antisense	0.7825610077029107	0.10648179528192733	0.15
RFX5	69	85	0.17435261804026217	0.5047495250474953	chrX	73164003.0	73164117.0	sense	0.66567607198671	0.176737053670083	0.15
JDP2	68	77	0.1643922264672113	0.6516348365163483	chrX	73164003.0	73164117.0	antisense	0.7232007568473922	0.1407411280325907	0.15
RARA	67	85	0.16144140037796706	0.1927807219278072	chrX	73164003.0	73164117.0	antisense	0.5504252853403184	0.25930162377047145	0.15
NFKB2	69	82	0.15289576945944536	0.6928307169283072	chrX	73164003.0	73164117.0	antisense	0.7538346794251393	0.12272388713510969	0.15
FOXO3	69	77	0.14975451637833165	0.6682331766823317	chrX	73164003.0	73164117.0	sense	0.7363333730321234	0.13292551543360775	0.15
IRF9	69	84	0.14612595330213862	0.3170682931706829	chrX	73164003.0	73164117.0	antisense	0.5893767766080535	0.2296069807861913	0.15
E2F2	64	80	0.13958847972231983	0.3384661533846615	chrX	73164003.0	73164117.0	sense	0.5992413787937168	0.22239820538650593	0.15
BATF3	65	79	0.11229860543339427	0.47585241475852413	chrX	73164003.0	73164117.0	antisense	0.6533529186763863	0.18485216446687266	0.15
SPDEF	72	83	0.10817910420191891	0.8713128687131287	chrX	73164003.0	73164117.0	antisense	0.8849537746812404	0.05307941396338241	0.15
NFKB1	64	77	0.0962278614224865	0.4844515548445156	chrX	73164003.0	73164117.0	antisense	0.6581388372790627	0.1816824803923496	0.15
POU4F2	69	85	0.08594130872933331	0.5358464153584641	chrX	73164003.0	73164117.0	antisense	0.6742679362040376	0.17116749205218149	0.15
IRF1	64	85	0.07373129464091152	0.3341665833416658	chrX	73164003.0	73164117.0	sense	0.5992413787937168	0.22239820538650593	0.15
MEF2B	73	85	0.06844025304149202	0.543045695430457	chrX	73164003.0	73164117.0	antisense	0.6742679362040376	0.17116749205218149	0.15
HLF	73	85	0.02667402079146159	0.9669033096690332	chrX	73164003.0	73164117.0	antisense	0.9706437480043099	0.012940138439345631	0.15
TP53	66	84	0.024737451633866408	0.7662233776622338	chrX	73164003.0	73164117.0	antisense	0.8028555293364025	0.09536259725783043	0.15
SREBF2(var.2)	70	80	0.024303182468934117	0.833016698330167	chrX	73164003.0	73164117.0	antisense	0.8510544614829856	0.07004264724240404	0.15
Lhx3	67	80	0.01883635463169987	0.7539246075392461	chrX	73164003.0	73164117.0	sense	0.7920786868681553	0.10123167248227768	0.15
MEF2D	73	85	0.016608326430121532	0.5983401659834017	chrX	73164003.0	73164117.0	antisense	0.7055111230958352	0.15149613476425805	0.15
PKNOX2	71	83	0.009693301354647023	0.5538446155384461	chrX	73164003.0	73164117.0	sense	0.6742679362040376	0.17116749205218149	0.15
TGIF1	71	83	0.008272933113134515	0.5705429457054294	chrX	73164003.0	73164117.0	sense	0.6838609441596255	0.16503219846071274	0.15
PKNOX1	71	83	0.004406442370732774	0.5622437756224378	chrX	73164003.0	73164117.0	sense	0.6786059213104212	0.1683823551518176	0.15
TEF	65	77	-0.0	0.9253074692530747	chrX	73164003.0	73164117.0	sense	0.9306871638417554	0.03119627589173788	0.15
DBP	65	77	-0.0	0.9748025197480252	chrX	73164003.0	73164117.0	sense	0.9748025197480252	0.011083356886524617	0.15
E2F8	71	83	-0.0	0.7753224677532247	chrX	73164003.0	73164117.0	antisense	0.8063975165609691	0.09345081838060353	0.15
GLIS3	67	81	-0.004556440392999911	0.6455354464553544	chrX	73164003.0	73164117.0	sense	0.7213936670849044	0.141827674551829	0.15
Stat6	70	85	-0.013013548743372162	0.9198080191980802	chrX	73164003.0	73164117.0	antisense	0.9287555680229642	0.03209856956579646	0.15
Sox11	66	81	-0.10142613710694184	0.47125287471252875	chrX	73164003.0	73164117.0	sense	0.6533529186763863	0.18485216446687266	0.15
NR3C1	64	81	-0.10969068002023517	0.708929107089291	chrX	73164003.0	73164117.0	antisense	0.7616232191213869	0.11825982436284135	0.15
SOX4	65	81	-0.11255297037408639	0.41915808419158085	chrX	73164003.0	73164117.0	sense	0.6360907768872236	0.19648090150886957	0.15
MYBL2	64	79	-0.13195466438915796	0.9698030196980302	chrX	73164003.0	73164117.0	antisense	0.9716752262997639	0.012478869842419306	0.15
GLIS1	64	80	-0.14725374242601838	0.46305369463053697	chrX	73164003.0	73164117.0	sense	0.6495266689547261	0.18740301250150648	0.15
E2F3	64	82	-0.16529024740116266	0.5627437256274372	chrX	73164003.0	73164117.0	antisense	0.6786059213104212	0.1683823551518176	0.15
Rarb(var.2)	65	82	-0.18342681175782444	0.6332366763323668	chrX	73164003.0	73164117.0	antisense	0.7164868295779118	0.14479178837090448	0.15
RFX2	68	84	-0.18377726767645053	0.8196180381961804	chrX	73164003.0	73164117.0	sense	0.8423401224234013	0.0745125124604462	0.15
PAX9	64	81	-0.19633594395367662	0.8213178682131786	chrX	73164003.0	73164117.0	antisense	0.8424189201633197	0.0744718877505703	0.15
Rarb	68	84	-0.19691105033986947	0.5500449955004499	chrX	73164003.0	73164117.0	sense	0.6742679362040376	0.17116749205218149	0.15
RARA(var.2)	67	84	-0.20983951765727196	0.6240375962403759	chrX	73164003.0	73164117.0	antisense	0.7133821860104738	0.14667773970462591	0.15
SRF	68	84	-0.21016752741128303	0.8496150384961504	chrX	73164003.0	73164117.0	antisense	0.8663068860108095	0.06232823351209803	0.15
TP63	66	84	-0.21217817091364516	0.635036496350365	chrX	73164003.0	73164117.0	antisense	0.7164868295779118	0.14479178837090448	0.15
SOX8	69	85	-0.2615213630899225	0.511948805119488	chrX	73164003.0	73164117.0	antisense	0.6684361414604808	0.17494007641402168	0.15
BCL6B	65	82	-0.30109090841983177	0.4737526247375263	chrX	73164003.0	73164117.0	antisense	0.6533529186763863	0.18485216446687266	0.15
ZNF410	67	84	-0.3093502475442234	0.6996300369963003	chrX	73164003.0	73164117.0	sense	0.7556574903840177	0.12167500839082805	0.15
REST	64	85	-0.31662616034850294	0.43895610438956106	chrX	73164003.0	73164117.0	sense	0.6473949290153858	0.18883070670864027	0.15
Rarg(var.2)	68	85	-0.3566491238860457	0.7887211278872113	chrX	73164003.0	73164117.0	antisense	0.8170584139190871	0.08774689336249578	0.15
ESR1	66	83	-0.38673883154804434	0.9238076192380762	chrX	73164003.0	73164117.0	sense	0.9306871638417554	0.03119627589173788	0.15
E2F7	68	82	-0.41508464144439294	0.9091090890910909	chrX	73164003.0	73164117.0	sense	0.9197419439342616	0.03633400748728787	0.15
EWSR1-FLI1	66	84	-0.42054888458984874	0.3842615738426157	chrX	73164003.0	73164117.0	antisense	0.609961192330615	0.21469779530531366	0.15
