motif	start	end	score	pval	tile_chr	tile_start	tile_end	strand	padj	neg_log_pval	fdr_cutoff
Klf4	47	57	3.755111634824198	9.999000099990002e-05	chr14	101292375.0	101292489.0	antisense	0.051894810518948106	1.2848760694284047	0.1
RUNX1	45	56	3.307546293377446	0.0006999300069993001	chr14	101292375.0	101292489.0	antisense	0.12108789121087893	0.9168992841338104	0.1
EGR4	44	60	3.190599901490652	0.0015998400159984002	chr14	101292375.0	101292489.0	sense	0.13344379847729512	0.8747016043393556	0.1
Klf1	46	57	3.149076744926939	0.00019998000199980003	chr14	101292375.0	101292489.0	sense	0.051894810518948106	1.2848760694284047	0.1
KLF5	47	57	2.8649653369171686	0.000999900009999	chr14	101292375.0	101292489.0	sense	0.12973702629737027	0.8869360607563672	0.1
SP2	47	62	2.852320010226821	0.0221977802219778	chr14	101292375.0	101292489.0	sense	0.29540122910785843	0.5295877020042654	0.1
RREB1	37	57	2.733817145790553	0.009299070092990702	chr14	101292375.0	101292489.0	sense	0.23229105660862484	0.6339675105626255	0.1
Hes1	49	59	2.712962914001179	0.046795320467953205	chr14	101292375.0	101292489.0	sense	0.36208424612084245	0.4411903704374058	0.1
EGR1	47	61	2.6988546721248277	0.026097390260973904	chr14	101292375.0	101292489.0	sense	0.3184916802437403	0.49690190797989275	0.1
HIC2	46	55	2.6667174390912516	0.0017998200179982	chr14	101292375.0	101292489.0	sense	0.13344379847729512	0.8747016043393556	0.1
SP3	49	60	2.622632545831366	0.0164983501649835	chr14	101292375.0	101292489.0	sense	0.2675826167383262	0.5725421035344045	0.1
SP1	47	58	2.5736238537975566	0.006199380061993801	chr14	101292375.0	101292489.0	sense	0.21082266773322667	0.676082695441474	0.1
SP8	47	59	2.545586599818231	0.007499250074992501	chr14	101292375.0	101292489.0	sense	0.22894769346594754	0.6402637274149787	0.1
TBP	39	54	2.50328765766094	0.031296870312968704	chr14	101292375.0	101292489.0	sense	0.3184916802437403	0.49690190797989275	0.1
ZNF263	38	59	2.4596296685270915	0.1568843115688431	chr14	101292375.0	101292489.0	antisense	0.5246788204615122	0.28010646647126564	0.1
ZNF740	48	58	2.390504385122894	0.012898710128987101	chr14	101292375.0	101292489.0	sense	0.24094019169511618	0.6180907484637873	0.1
ZBTB7C	46	58	2.316679677424316	0.021497850214978503	chr14	101292375.0	101292489.0	sense	0.2936153753045748	0.5322212061296097	0.1
Dmbx1	40	57	2.2527749710987726	0.027797220277972202	chr14	101292375.0	101292489.0	antisense	0.3184916802437403	0.49690190797989275	0.1
Hic1	47	56	2.2030450613285915	0.0033996600339966003	chr14	101292375.0	101292489.0	sense	0.18682131786821318	0.7285735686611176	0.1
GSC2	42	52	2.1554730253054672	0.018598140185981403	chr14	101292375.0	101292489.0	sense	0.27578385018640994	0.5594311695607641	0.1
RHOXF1	43	51	2.1549032155774115	0.0017998200179982	chr14	101292375.0	101292489.0	sense	0.13344379847729512	0.8747016043393556	0.1
Gmeb1	39	56	2.153712132060129	0.19968003199680032	chr14	101292375.0	101292489.0	antisense	0.528710495287105	0.2767820684486144	0.1
GSC	42	52	2.1305718733179013	0.0058994100589941	chr14	101292375.0	101292489.0	sense	0.21082266773322667	0.676082695441474	0.1
KLF16	49	60	2.1101729573311623	0.023297670232976703	chr14	101292375.0	101292489.0	sense	0.30228727127287275	0.5195801397303482	0.1
ZIC4	46	61	2.102443666557957	0.045995400459954004	chr14	101292375.0	101292489.0	sense	0.36208424612084245	0.4411903704374058	0.1
RUNX3	45	55	2.0805318282025254	0.0093990600939906	chr14	101292375.0	101292489.0	sense	0.23229105660862484	0.6339675105626255	0.1
GATA1::TAL1	40	58	2.0712996440491342	0.0201979802019798	chr14	101292375.0	101292489.0	sense	0.2833176141845275	0.547726424048776	0.1
TBX5	48	56	2.0709841875834862	0.009299070092990702	chr14	101292375.0	101292489.0	antisense	0.23229105660862484	0.6339675105626255	0.1
Klf12	46	61	2.0666012879923588	0.008799120087991202	chr14	101292375.0	101292489.0	sense	0.23229105660862484	0.6339675105626255	0.1
Rhox11	38	55	2.0482238293350314	0.05649435056494351	chr14	101292375.0	101292489.0	antisense	0.36208424612084245	0.4411903704374058	0.1
RUNX2	45	54	2.03451081581889	0.0053994600539946005	chr14	101292375.0	101292489.0	sense	0.21082266773322667	0.676082695441474	0.1
Hoxb5	38	54	2.03036116805208	0.0476952304769523	chr14	101292375.0	101292489.0	sense	0.36208424612084245	0.4411903704374058	0.1
SP4	44	61	2.0137413559720905	0.0143985601439856	chr14	101292375.0	101292489.0	sense	0.2576845763699492	0.5889115752321112	0.1
PITX3	42	51	1.9993728305247962	0.011398860113988602	chr14	101292375.0	101292489.0	sense	0.24094019169511618	0.6180907484637873	0.1
GLIS1	43	59	1.9783935554471501	0.0027997200279972004	chr14	101292375.0	101292489.0	sense	0.18163183681631836	0.7408080250781293	0.1
Six3	38	55	1.9615851195632081	0.0282971702829717	chr14	101292375.0	101292489.0	antisense	0.3184916802437403	0.49690190797989275	0.1
MZF1	47	53	1.9360519422586702	0.0035996400359964	chr14	101292375.0	101292489.0	antisense	0.18682131786821318	0.7285735686611176	0.1
HLTF	37	47	1.9256245277590194	0.035896410358964105	chr14	101292375.0	101292489.0	sense	0.33868192128155605	0.4702079852189987	0.1
SREBF1	44	54	1.9240780298943279	0.0059994000599940004	chr14	101292375.0	101292489.0	sense	0.21082266773322667	0.676082695441474	0.1
Neurog1	38	48	1.9106278148425981	0.0415958404159584	chr14	101292375.0	101292489.0	antisense	0.3539055930472526	0.4511125738124292	0.1
GLIS2	46	60	1.853459624834331	0.026797320267973202	chr14	101292375.0	101292489.0	sense	0.3184916802437403	0.49690190797989275	0.1
CENPB	47	62	1.8368051119635518	0.050794920507949204	chr14	101292375.0	101292489.0	sense	0.36208424612084245	0.4411903704374058	0.1
EGR2	46	57	1.8186974049523001	0.0124987501249875	chr14	101292375.0	101292489.0	sense	0.24094019169511618	0.6180907484637873	0.1
ESR2	41	56	1.8072956814106378	0.030596940305969402	chr14	101292375.0	101292489.0	sense	0.3184916802437403	0.49690190797989275	0.1
Pitx1	43	51	1.8061540328122156	0.012998700129987	chr14	101292375.0	101292489.0	sense	0.24094019169511618	0.6180907484637873	0.1
Hoxd9	38	48	1.8028453936552329	0.09619038096190381	chr14	101292375.0	101292489.0	sense	0.445739354635965	0.35091902006077347	0.1
Hoxd3	38	54	1.7913741097864315	0.13988601139886012	chr14	101292375.0	101292489.0	antisense	0.5075739001442322	0.29450071777268627	0.1
Pparg::Rxra	39	54	1.7532858373931908	0.1411858814118588	chr14	101292375.0	101292489.0	antisense	0.5075739001442322	0.29450071777268627	0.1
Ddit3::Cebpa	39	51	1.7459958780752503	0.015798420157984203	chr14	101292375.0	101292489.0	sense	0.2644961310320581	0.5775806763082548	0.1
GSX1	36	46	1.737449761383107	0.23217678232176783	chr14	101292375.0	101292489.0	sense	0.5307837637288902	0.27508237034188215	0.1
HOXA10	37	48	1.724607755847843	0.135986401359864	chr14	101292375.0	101292489.0	sense	0.5075739001442322	0.29450071777268627	0.1
CDX1	38	47	1.7238228770097659	0.060193980601939805	chr14	101292375.0	101292489.0	sense	0.36208424612084245	0.4411903704374058	0.1
EMX1	40	50	1.719193786550514	0.08809119088091191	chr14	101292375.0	101292489.0	sense	0.44387697152614836	0.35273738572152913	0.1
Bcl6	37	51	1.7176049596341267	0.026697330266973303	chr14	101292375.0	101292489.0	sense	0.3184916802437403	0.49690190797989275	0.1
CTCF	42	61	1.715251688967884	0.0760923907609239	chr14	101292375.0	101292489.0	antisense	0.4113744875512449	0.3857626456974004	0.1
HOXA13	38	48	1.6858179388024292	0.0613938606139386	chr14	101292375.0	101292489.0	sense	0.36208424612084245	0.4411903704374058	0.1
GLIS3	44	58	1.684200151463295	0.0103989601039896	chr14	101292375.0	101292489.0	sense	0.24094019169511618	0.6180907484637873	0.1
REL	42	52	1.6772871552748698	0.019498050194980503	chr14	101292375.0	101292489.0	antisense	0.28109689031096896	0.5511439588331739	0.1
EGR3	44	59	1.6629956257379646	0.0405959404059594	chr14	101292375.0	101292489.0	sense	0.35115488451154886	0.4545012862348543	0.1
SREBF2	44	54	1.6587027187611147	0.0108989101089891	chr14	101292375.0	101292489.0	antisense	0.24094019169511618	0.6180907484637873	0.1
TFAP2A	46	57	1.6548306493134992	0.0522947705229477	chr14	101292375.0	101292489.0	sense	0.36208424612084245	0.4411903704374058	0.1
ZIC3	44	59	1.6521885186626968	0.06329367063293671	chr14	101292375.0	101292489.0	sense	0.362123128346506	0.44114373645752275	0.1
FOXH1	42	53	1.648298911533714	0.0178982101789821	chr14	101292375.0	101292489.0	sense	0.27578385018640994	0.5594311695607641	0.1
GCM2	45	55	1.6480606817233328	0.030396960303969604	chr14	101292375.0	101292489.0	antisense	0.3184916802437403	0.49690190797989275	0.1
ZEB1	48	57	1.6404711470987303	0.0064993500649935	chr14	101292375.0	101292489.0	sense	0.21082266773322667	0.676082695441474	0.1
MZF1(var.2)	46	56	1.6294784022927895	0.10648935106489352	chr14	101292375.0	101292489.0	antisense	0.47237583933914307	0.3257123233998099	0.1
ZNF354C	48	54	1.611444127390706	0.0064993500649935	chr14	101292375.0	101292489.0	sense	0.21082266773322667	0.676082695441474	0.1
INSM1	45	57	1.608467324348665	0.03849615038496151	chr14	101292375.0	101292489.0	antisense	0.34447417327232793	0.46284333348284146	0.1
FOXA1	38	53	1.5961676736663613	0.11598840115988401	chr14	101292375.0	101292489.0	sense	0.49555290372602084	0.30490997474111525	0.1
Crx	43	54	1.595845573071611	0.027697230276972302	chr14	101292375.0	101292489.0	antisense	0.3184916802437403	0.49690190797989275	0.1
HOXD13	38	48	1.592371321155098	0.059694030596940305	chr14	101292375.0	101292489.0	sense	0.36208424612084245	0.4411903704374058	0.1
Zfx	44	58	1.5708668937233075	0.10308969103089691	chr14	101292375.0	101292489.0	antisense	0.46524825778291734	0.3323152444985	0.1
EOMES	41	54	1.5669038156912969	0.0877912208779122	chr14	101292375.0	101292489.0	antisense	0.44387697152614836	0.35273738572152913	0.1
THAP1	50	59	1.5572871622288904	0.20577942205779423	chr14	101292375.0	101292489.0	sense	0.528710495287105	0.2767820684486144	0.1
MEF2C	37	52	1.555359398852676	0.1638836116388361	chr14	101292375.0	101292489.0	antisense	0.5246788204615122	0.28010646647126564	0.1
RARA::RXRA	45	62	1.5517854172106662	0.12108789121087891	chr14	101292375.0	101292489.0	antisense	0.5068114156326303	0.2951536114475876	0.1
ZBTB7A	45	57	1.5494615263038112	0.07539246075392461	chr14	101292375.0	101292489.0	sense	0.4113744875512449	0.3857626456974004	0.1
Hes2	45	58	1.5305913842887569	0.3294670532946705	chr14	101292375.0	101292489.0	sense	0.5624408987672662	0.24992310643929047	0.1
ESX1	39	49	1.5294802558075906	0.20287971202879712	chr14	101292375.0	101292489.0	sense	0.528710495287105	0.2767820684486144	0.1
Foxj3	38	55	1.513607473346503	0.24997500249975002	chr14	101292375.0	101292489.0	sense	0.5451745148065839	0.26346445426356685	0.1
Nkx2-5(var.2)	48	59	1.5063186199104097	0.030896910308969103	chr14	101292375.0	101292489.0	sense	0.3184916802437403	0.49690190797989275	0.1
TFAP2C(var.2)	46	57	1.5008067714349338	0.052894710528947106	chr14	101292375.0	101292489.0	sense	0.36208424612084245	0.4411903704374058	0.1
Foxk1	38	55	1.4956418449697368	0.20877912208779123	chr14	101292375.0	101292489.0	sense	0.5305626580199122	0.2752633197260755	0.1
EN2	49	59	1.4888720564265878	0.0791920807919208	chr14	101292375.0	101292489.0	sense	0.4193947952143561	0.3773769635314062	0.1
TFAP2A(var.2)	45	57	1.483219701346859	0.16378362163783622	chr14	101292375.0	101292489.0	sense	0.5246788204615122	0.28010646647126564	0.1
TFAP2B(var.2)	46	57	1.4815187208588527	0.0397960203979602	chr14	101292375.0	101292489.0	sense	0.3500700777379889	0.45584500899686115	0.1
E2F6	45	56	1.4735328245651458	0.0958904109589041	chr14	101292375.0	101292489.0	antisense	0.445739354635965	0.35091902006077347	0.1
GLI2	46	58	1.4721515495771174	0.0522947705229477	chr14	101292375.0	101292489.0	sense	0.36208424612084245	0.4411903704374058	0.1
ZBTB7B	46	58	1.464933546090754	0.072992700729927	chr14	101292375.0	101292489.0	sense	0.40734636213797976	0.39003615786188406	0.1
HOXB13	40	50	1.4599501933787824	0.08549145085491451	chr14	101292375.0	101292489.0	sense	0.4437006299370063	0.3529099547002322	0.1
MIXL1	39	49	1.4551075984599364	0.25747425257474255	chr14	101292375.0	101292489.0	sense	0.5451745148065839	0.26346445426356685	0.1
GSX2	38	48	1.4530214523163103	0.3621637836216378	chr14	101292375.0	101292489.0	sense	0.5678819505436844	0.245741934633764	0.1
Nr1h3::Rxra	36	55	1.4292401009039366	0.2856714328567143	chr14	101292375.0	101292489.0	sense	0.5451745148065839	0.26346445426356685	0.1
Foxo1	42	53	1.4291520686454964	0.049595040495950406	chr14	101292375.0	101292489.0	antisense	0.36208424612084245	0.4411903704374058	0.1
TBX4	48	56	1.4152354862234338	0.043795620437956206	chr14	101292375.0	101292489.0	antisense	0.36079249217935355	0.4427425083778869	0.1
Ahr::Arnt	51	57	1.405220254843016	0.011698830116988301	chr14	101292375.0	101292489.0	antisense	0.24094019169511618	0.6180907484637873	0.1
TFAP2A(var.3)	47	60	1.4036256526585924	0.09379062093790622	chr14	101292375.0	101292489.0	antisense	0.445739354635965	0.35091902006077347	0.1
TBX2	46	57	1.4013153594537429	0.14808519148085192	chr14	101292375.0	101292489.0	antisense	0.515813519319209	0.28750727931947034	0.1
Dlx1	36	46	1.400827424942732	0.27247275272472754	chr14	101292375.0	101292489.0	sense	0.5451745148065839	0.26346445426356685	0.1
EVX1	40	50	1.4006582793073656	0.17018298170182983	chr14	101292375.0	101292489.0	antisense	0.52574385418601	0.2792257954056986	0.1
EVX2	40	50	1.39445717327904	0.1852814718528147	chr14	101292375.0	101292489.0	antisense	0.528710495287105	0.2767820684486144	0.1
Mitf	50	60	1.3886375014220642	0.1812818718128187	chr14	101292375.0	101292489.0	antisense	0.528710495287105	0.2767820684486144	0.1
Hoxc9	37	50	1.3744315546981853	0.0877912208779122	chr14	101292375.0	101292489.0	sense	0.44387697152614836	0.35273738572152913	0.1
PBX1	50	62	1.3604859340243225	0.07699230076992301	chr14	101292375.0	101292489.0	sense	0.4119484958720623	0.3851570785221678	0.1
FIGLA	49	59	1.3587103824763682	0.05749425057494251	chr14	101292375.0	101292489.0	sense	0.36208424612084245	0.4411903704374058	0.1
LBX2	49	59	1.3490431699348318	0.2625737426257374	chr14	101292375.0	101292489.0	sense	0.5451745148065839	0.26346445426356685	0.1
CDX2	36	47	1.348588269631599	0.09099090090990901	chr14	101292375.0	101292489.0	sense	0.44543045695430455	0.3512200907708575	0.1
Gfi1b	45	56	1.339990930847222	0.05909409059094091	chr14	101292375.0	101292489.0	sense	0.36208424612084245	0.4411903704374058	0.1
NEUROD2	38	48	1.3353588982428284	0.036096390360963904	chr14	101292375.0	101292489.0	sense	0.33868192128155605	0.4702079852189987	0.1
KLF14	46	60	1.3341721905016268	0.13088691130886912	chr14	101292375.0	101292489.0	sense	0.5075739001442322	0.29450071777268627	0.1
NFYB	46	61	1.326444956072165	0.12488751124887511	chr14	101292375.0	101292489.0	sense	0.5075739001442322	0.29450071777268627	0.1
OTX2	43	51	1.3259331541209751	0.05929407059294071	chr14	101292375.0	101292489.0	sense	0.36208424612084245	0.4411903704374058	0.1
TFAP2C(var.3)	47	60	1.322912961322406	0.10268973102689731	chr14	101292375.0	101292489.0	antisense	0.46524825778291734	0.3323152444985	0.1
Hand1::Tcf3	47	57	1.3213937677922458	0.10078992100789921	chr14	101292375.0	101292489.0	antisense	0.46292007967344856	0.33449398080231807	0.1
MTF1	42	56	1.3185905546786618	0.018098190180981903	chr14	101292375.0	101292489.0	sense	0.27578385018640994	0.5594311695607641	0.1
OTX1	43	51	1.3106024112201704	0.0357964203579642	chr14	101292375.0	101292489.0	sense	0.33868192128155605	0.4702079852189987	0.1
NR2C2	44	59	1.3036612151401834	0.1294870512948705	chr14	101292375.0	101292489.0	antisense	0.5075739001442322	0.29450071777268627	0.1
OLIG3	38	48	1.2995920721140308	0.049795020497950204	chr14	101292375.0	101292489.0	sense	0.36208424612084245	0.4411903704374058	0.1
Arid5a	40	54	1.289745292393182	0.38096190380961903	chr14	101292375.0	101292489.0	sense	0.5711420212445614	0.24325588584596072	0.1
PLAG1	37	51	1.289530124520907	0.11158884111588842	chr14	101292375.0	101292489.0	antisense	0.4866773826818999	0.3127588362193756	0.1
E2F4	45	56	1.2850650270068997	0.14808519148085192	chr14	101292375.0	101292489.0	antisense	0.515813519319209	0.28750727931947034	0.1
Twist2	38	48	1.2845284165971282	0.0367963203679632	chr14	101292375.0	101292489.0	sense	0.33868192128155605	0.4702079852189987	0.1
TCF4	49	59	1.2705796907962608	0.05349465053494651	chr14	101292375.0	101292489.0	sense	0.36208424612084245	0.4411903704374058	0.1
ID4	49	59	1.2617551462758265	0.057394260573942604	chr14	101292375.0	101292489.0	sense	0.36208424612084245	0.4411903704374058	0.1
HOXA2	40	50	1.2596862814908876	0.2616738326167383	chr14	101292375.0	101292489.0	sense	0.5451745148065839	0.26346445426356685	0.1
PAX5	41	60	1.2577900349242506	0.37566243375662434	chr14	101292375.0	101292489.0	sense	0.5700842196482107	0.24406098042115518	0.1
MAFF	41	59	1.2570506335829523	0.34136586341365865	chr14	101292375.0	101292489.0	antisense	0.5624408987672662	0.24992310643929047	0.1
Tcfl5	49	59	1.25296000768131	0.44275572442755723	chr14	101292375.0	101292489.0	sense	0.6054840392249435	0.21789730052735976	0.1
Pax2	48	56	1.2438973691396111	0.2243775622437756	chr14	101292375.0	101292489.0	sense	0.5307837637288902	0.27508237034188215	0.1
NKX3-2	49	58	1.240413638067851	0.09109089091090891	chr14	101292375.0	101292489.0	sense	0.44543045695430455	0.3512200907708575	0.1
USF1	49	60	1.2273202164352548	0.0547945205479452	chr14	101292375.0	101292489.0	sense	0.36208424612084245	0.4411903704374058	0.1
SRF	36	52	1.2189628193262603	0.035396460353964605	chr14	101292375.0	101292489.0	sense	0.33868192128155605	0.4702079852189987	0.1
ALX3	39	49	1.2162769432451281	0.37416258374162586	chr14	101292375.0	101292489.0	sense	0.5700842196482107	0.24406098042115518	0.1
Nkx3-1	49	58	1.2070908062192272	0.073992600739926	chr14	101292375.0	101292489.0	sense	0.408533614723634	0.38877220329712736	0.1
MNX1	40	50	1.2012294559816805	0.25407459254074594	chr14	101292375.0	101292489.0	antisense	0.5451745148065839	0.26346445426356685	0.1
GATA2	37	51	1.2006684153543465	0.21007899210078992	chr14	101292375.0	101292489.0	antisense	0.5305626580199122	0.2752633197260755	0.1
ZIC1	44	58	1.194390829859451	0.09219078092190781	chr14	101292375.0	101292489.0	sense	0.44543045695430455	0.3512200907708575	0.1
OLIG2	38	48	1.192256071163921	0.037196280371962806	chr14	101292375.0	101292489.0	sense	0.33868192128155605	0.4702079852189987	0.1
TFE3	49	59	1.1908159775919207	0.16098390160983903	chr14	101292375.0	101292489.0	sense	0.5246788204615122	0.28010646647126564	0.1
Barhl1	42	52	1.183281934008502	0.41315868413158685	chr14	101292375.0	101292489.0	sense	0.591657867180315	0.22792935636536807	0.1
Bhlha15	39	47	1.1784336137557792	0.0150984901509849	chr14	101292375.0	101292489.0	sense	0.2612038796120388	0.5830203768548978	0.1
FOXB1	41	52	1.1723705607123711	0.16598340165983402	chr14	101292375.0	101292489.0	antisense	0.5252767406186211	0.2796118294360476	0.1
TFAP2C	46	58	1.1575690016316733	0.29057094290570945	chr14	101292375.0	101292489.0	sense	0.5451745148065839	0.26346445426356685	0.1
ETV5	49	59	1.1573789216693195	0.19038096190380963	chr14	101292375.0	101292489.0	antisense	0.528710495287105	0.2767820684486144	0.1
HOXB3	39	49	1.155510771814625	0.3615638436156384	chr14	101292375.0	101292489.0	sense	0.5678819505436844	0.245741934633764	0.1
Pou2f3	37	53	1.153400458551649	0.25437456254374563	chr14	101292375.0	101292489.0	sense	0.5451745148065839	0.26346445426356685	0.1
Spz1	40	51	1.1480375694182825	0.14188581141885812	chr14	101292375.0	101292489.0	antisense	0.5075739001442322	0.29450071777268627	0.1
Myog	48	59	1.141279230508696	0.0634936506349365	chr14	101292375.0	101292489.0	antisense	0.362123128346506	0.44114373645752275	0.1
LMX1B	38	46	1.1384177579791237	0.32466753324667535	chr14	101292375.0	101292489.0	sense	0.5624408987672662	0.24992310643929047	0.1
TFAP2B	46	58	1.1372445681023517	0.27717228277172284	chr14	101292375.0	101292489.0	sense	0.5451745148065839	0.26346445426356685	0.1
FOXP1	38	53	1.1349652742130603	0.27857214278572145	chr14	101292375.0	101292489.0	sense	0.5451745148065839	0.26346445426356685	0.1
NKX6-2	40	48	1.1226986877536362	0.2743725627437256	chr14	101292375.0	101292489.0	sense	0.5451745148065839	0.26346445426356685	0.1
NFAT5	40	50	1.1141236381682595	0.252974702529747	chr14	101292375.0	101292489.0	antisense	0.5451745148065839	0.26346445426356685	0.1
Gfi1	44	54	1.1132409809182995	0.22957704229577042	chr14	101292375.0	101292489.0	sense	0.5307837637288902	0.27508237034188215	0.1
SNAI2	50	59	1.107767377576565	0.1312868713128687	chr14	101292375.0	101292489.0	antisense	0.5075739001442322	0.29450071777268627	0.1
BHLHE22	38	48	1.1050751113110506	0.0481951804819518	chr14	101292375.0	101292489.0	sense	0.36208424612084245	0.4411903704374058	0.1
TBX20	46	57	1.103575168661502	0.13878612138786123	chr14	101292375.0	101292489.0	antisense	0.5075739001442322	0.29450071777268627	0.1
Hoxd8	36	53	1.1024640453265402	0.47605239476052397	chr14	101292375.0	101292489.0	sense	0.6093824441085303	0.21511006166013943	0.1
Atoh1	38	48	1.1013344101810112	0.10538946105389461	chr14	101292375.0	101292489.0	sense	0.47152698523251124	0.32649344777879546	0.1
GCM1	44	55	1.1002494333276458	0.11868813118688132	chr14	101292375.0	101292489.0	antisense	0.5008060169592797	0.3003304619132115	0.1
Gata4	39	50	1.0987015917144751	0.1556844315568443	chr14	101292375.0	101292489.0	sense	0.5246788204615122	0.28010646647126564	0.1
NFATC1	43	53	1.09842383140265	0.35326467353264673	chr14	101292375.0	101292489.0	sense	0.5678819505436844	0.245741934633764	0.1
Prrx2	38	46	1.0969847733846454	0.3271672832716728	chr14	101292375.0	101292489.0	sense	0.5624408987672662	0.24992310643929047	0.1
TCF7L2	38	52	1.0962540191445902	0.2927707229277072	chr14	101292375.0	101292489.0	antisense	0.5451745148065839	0.26346445426356685	0.1
ESR1	40	57	1.090741390584131	0.043795620437956206	chr14	101292375.0	101292489.0	antisense	0.36079249217935355	0.4427425083778869	0.1
Vdr	44	60	1.090373875011599	0.050994900509949	chr14	101292375.0	101292489.0	antisense	0.36208424612084245	0.4411903704374058	0.1
FOXC2	40	52	1.0811368589885524	0.2752724727527247	chr14	101292375.0	101292489.0	sense	0.5451745148065839	0.26346445426356685	0.1
MGA	48	56	1.073076882219436	0.09269073092690731	chr14	101292375.0	101292489.0	antisense	0.44543045695430455	0.3512200907708575	0.1
YY2	45	56	1.0706853347709497	0.18958104189581043	chr14	101292375.0	101292489.0	sense	0.528710495287105	0.2767820684486144	0.1
Myod1	49	62	1.0704821502409159	0.17968203179682032	chr14	101292375.0	101292489.0	sense	0.528710495287105	0.2767820684486144	0.1
Foxa2	38	50	1.0688188566465633	0.19568043195680432	chr14	101292375.0	101292489.0	antisense	0.528710495287105	0.2767820684486144	0.1
FOXC1	41	52	1.0665640905121987	0.22277772222777723	chr14	101292375.0	101292489.0	antisense	0.5307837637288902	0.27508237034188215	0.1
POU4F3	37	53	1.0614814305881668	0.4116588341165883	chr14	101292375.0	101292489.0	sense	0.591657867180315	0.22792935636536807	0.1
FOXP2	41	52	1.0566257908997518	0.19488051194880512	chr14	101292375.0	101292489.0	sense	0.528710495287105	0.2767820684486144	0.1
HOXC10	38	48	1.0564413620862962	0.1638836116388361	chr14	101292375.0	101292489.0	sense	0.5246788204615122	0.28010646647126564	0.1
MEOX2	40	50	1.0563555478638176	0.44735526447355267	chr14	101292375.0	101292489.0	antisense	0.6054840392249435	0.21789730052735976	0.1
Nr5a2	40	55	1.055134634003193	0.23247675232476753	chr14	101292375.0	101292489.0	sense	0.5307837637288902	0.27508237034188215	0.1
XBP1	41	55	1.0544759164816038	0.1421857814218578	chr14	101292375.0	101292489.0	sense	0.5075739001442322	0.29450071777268627	0.1
FOXF2	36	50	1.0500565388487018	0.25837416258374163	chr14	101292375.0	101292489.0	sense	0.5451745148065839	0.26346445426356685	0.1
Nr2f6(var.2)	37	52	1.0497753496063376	0.029197080291970802	chr14	101292375.0	101292489.0	antisense	0.3184916802437403	0.49690190797989275	0.1
RXRA::VDR	44	59	1.049209876098621	0.060193980601939805	chr14	101292375.0	101292489.0	antisense	0.36208424612084245	0.4411903704374058	0.1
UNCX	40	48	1.0466392356234835	0.3408659134086591	chr14	101292375.0	101292489.0	sense	0.5624408987672662	0.24992310643929047	0.1
LIN54	41	50	1.043615730551293	0.1424857514248575	chr14	101292375.0	101292489.0	sense	0.5075739001442322	0.29450071777268627	0.1
TFAP2B(var.3)	47	60	1.0416342923657431	0.19508049195080493	chr14	101292375.0	101292489.0	antisense	0.528710495287105	0.2767820684486144	0.1
KLF13	41	59	1.040679582850398	0.15998400159984003	chr14	101292375.0	101292489.0	sense	0.5246788204615122	0.28010646647126564	0.1
SHOX	40	48	1.0361191469672872	0.30126987301269875	chr14	101292375.0	101292489.0	antisense	0.5542579762642292	0.25628804828543544	0.1
RAX2	38	46	1.0358784897988582	0.3384661533846615	chr14	101292375.0	101292489.0	sense	0.5624408987672662	0.24992310643929047	0.1
BARHL2	38	48	1.0357144318155507	0.32586741325867413	chr14	101292375.0	101292489.0	antisense	0.5624408987672662	0.24992310643929047	0.1
NKX2-3	49	59	1.0329100170574275	0.16478352164783522	chr14	101292375.0	101292489.0	sense	0.5246788204615122	0.28010646647126564	0.1
Pax6	47	61	1.0298485325073525	0.24867513248675133	chr14	101292375.0	101292489.0	antisense	0.5451745148065839	0.26346445426356685	0.1
TEAD1	42	52	1.0293144765513116	0.28177182281771823	chr14	101292375.0	101292489.0	sense	0.5451745148065839	0.26346445426356685	0.1
NKX2-8	50	59	1.0291979739840889	0.20517948205179481	chr14	101292375.0	101292489.0	sense	0.528710495287105	0.2767820684486144	0.1
HOXB2	40	50	1.0278851272910368	0.45095490450954906	chr14	101292375.0	101292489.0	antisense	0.6054840392249435	0.21789730052735976	0.1
Arid3b	41	52	1.0278692853168263	0.3498650134986501	chr14	101292375.0	101292489.0	sense	0.5678819505436844	0.245741934633764	0.1
Hoxa11	37	49	1.0270516942342551	0.2920707929207079	chr14	101292375.0	101292489.0	sense	0.5451745148065839	0.26346445426356685	0.1
Foxq1	42	53	1.0268007263415735	0.22107789221077892	chr14	101292375.0	101292489.0	antisense	0.5307837637288902	0.27508237034188215	0.1
E2F1	43	55	1.0232194423118182	0.19458054194580543	chr14	101292375.0	101292489.0	antisense	0.528710495287105	0.2767820684486144	0.1
Hoxa9	38	49	1.0219734341345863	0.1586841315868413	chr14	101292375.0	101292489.0	sense	0.5246788204615122	0.28010646647126564	0.1
DMRT3	37	48	1.0197270076168765	0.23317668233176683	chr14	101292375.0	101292489.0	antisense	0.5307837637288902	0.27508237034188215	0.1
Hmx1	36	53	1.0189420413071872	0.46665333466653336	chr14	101292375.0	101292489.0	antisense	0.6093824441085303	0.21511006166013943	0.1
HNF4G	38	53	1.0135238146323222	0.31596840315968405	chr14	101292375.0	101292489.0	sense	0.5572974905899241	0.2539129124891119	0.1
TCF3	49	59	1.0111070268892746	0.1401859814018598	chr14	101292375.0	101292489.0	sense	0.5075739001442322	0.29450071777268627	0.1
GATA5	39	47	1.0097524400373257	0.24197580241975802	chr14	101292375.0	101292489.0	sense	0.5424349806398671	0.265652311381022	0.1
TP53	42	60	1.0070020654942458	0.14438556144385561	chr14	101292375.0	101292489.0	sense	0.5097694312201433	0.2926262109429606	0.1
HOXD11	38	48	1.0007645932953624	0.15378462153784622	chr14	101292375.0	101292489.0	sense	0.5246788204615122	0.28010646647126564	0.1
ISL2	39	47	0.997266044477154	0.2846715328467153	chr14	101292375.0	101292489.0	sense	0.5451745148065839	0.26346445426356685	0.1
JUND(var.2)	40	55	0.9941287017339071	0.22697730226977303	chr14	101292375.0	101292489.0	sense	0.5307837637288902	0.27508237034188215	0.1
FOXD1	41	49	0.9851468680856559	0.12418758124187582	chr14	101292375.0	101292489.0	antisense	0.5075739001442322	0.29450071777268627	0.1
NFATC3	43	53	0.9848455584767268	0.3818618138186181	chr14	101292375.0	101292489.0	sense	0.5711420212445614	0.24325588584596072	0.1
POU5F1B	40	49	0.9830682546359969	0.20037996200379962	chr14	101292375.0	101292489.0	sense	0.528710495287105	0.2767820684486144	0.1
TEAD4	42	52	0.9812587664538045	0.28077192280771923	chr14	101292375.0	101292489.0	sense	0.5451745148065839	0.26346445426356685	0.1
HLF	37	49	0.9805296242610251	0.23997600239976002	chr14	101292375.0	101292489.0	sense	0.5415110662846759	0.2663926637343916	0.1
FOXP3	42	49	0.9785037017317286	0.20007999200079993	chr14	101292375.0	101292489.0	antisense	0.528710495287105	0.2767820684486144	0.1
LHX9	40	48	0.978476429244068	0.300969903009699	chr14	101292375.0	101292489.0	sense	0.5542579762642292	0.25628804828543544	0.1
LMX1A	38	46	0.973350726302746	0.33326667333266674	chr14	101292375.0	101292489.0	sense	0.5624408987672662	0.24992310643929047	0.1
ZNF143	47	63	0.972761839530015	0.09119088091190881	chr14	101292375.0	101292489.0	sense	0.44543045695430455	0.3512200907708575	0.1
VAX1	41	49	0.9726471220705245	0.39836016398360163	chr14	101292375.0	101292489.0	sense	0.5820673550622465	0.2350267572069425	0.1
POU3F3	41	54	0.9704070350562832	0.33626637336266374	chr14	101292375.0	101292489.0	antisense	0.5624408987672662	0.24992310643929047	0.1
NFYA	39	57	0.9663135532591677	0.36276372362763726	chr14	101292375.0	101292489.0	antisense	0.5678819505436844	0.245741934633764	0.1
Nr2f6	37	51	0.965349891288579	0.14258574142585742	chr14	101292375.0	101292489.0	antisense	0.5075739001442322	0.29450071777268627	0.1
POU6F2	41	51	0.9651143886793098	0.1917808219178082	chr14	101292375.0	101292489.0	antisense	0.528710495287105	0.2767820684486144	0.1
HOXD12	37	48	0.9569960342904712	0.1576842315768423	chr14	101292375.0	101292489.0	sense	0.5246788204615122	0.28010646647126564	0.1
POU2F1	38	50	0.9505113006339221	0.3558644135586441	chr14	101292375.0	101292489.0	sense	0.5678819505436844	0.245741934633764	0.1
SMAD2::SMAD3::SMAD4	43	56	0.9485601939210703	0.28947105289471053	chr14	101292375.0	101292489.0	sense	0.5451745148065839	0.26346445426356685	0.1
POU3F1	39	51	0.9482181553963717	0.3732626737326267	chr14	101292375.0	101292489.0	sense	0.5700842196482107	0.24406098042115518	0.1
Alx1	37	54	0.9478989326417405	0.45265473452654736	chr14	101292375.0	101292489.0	sense	0.6054840392249435	0.21789730052735976	0.1
TBX1	48	56	0.9474211738599646	0.0948905109489051	chr14	101292375.0	101292489.0	antisense	0.445739354635965	0.35091902006077347	0.1
TBX15	48	56	0.9448765800462409	0.08099190080991901	chr14	101292375.0	101292489.0	antisense	0.42459390424593907	0.372026245147305	0.1
TBR1	46	56	0.9444196587097633	0.21077892210778923	chr14	101292375.0	101292489.0	antisense	0.5305626580199122	0.2752633197260755	0.1
RXRG	37	51	0.941710007835839	0.06269373062693731	chr14	101292375.0	101292489.0	antisense	0.362123128346506	0.44114373645752275	0.1
RXRB	37	51	0.9358280444185352	0.056894310568943104	chr14	101292375.0	101292489.0	antisense	0.36208424612084245	0.4411903704374058	0.1
SCRT1	48	63	0.9315431065455213	0.16948305169483052	chr14	101292375.0	101292489.0	antisense	0.52574385418601	0.2792257954056986	0.1
VAX2	41	49	0.9312405968250883	0.37866213378662134	chr14	101292375.0	101292489.0	sense	0.5711420212445614	0.24325588584596072	0.1
FOXD2	42	49	0.9297410167013496	0.2141785821417858	chr14	101292375.0	101292489.0	antisense	0.5305626580199122	0.2752633197260755	0.1
TBX19	42	62	0.9283988658242044	0.46835316468353166	chr14	101292375.0	101292489.0	antisense	0.6093824441085303	0.21511006166013943	0.1
Rxra	37	51	0.9270915478036853	0.06079392060793921	chr14	101292375.0	101292489.0	antisense	0.36208424612084245	0.4411903704374058	0.1
TBX21	47	57	0.9266954865627042	0.18998100189981001	chr14	101292375.0	101292489.0	antisense	0.528710495287105	0.2767820684486144	0.1
MYBL2	37	52	0.9262102383667926	0.20407959204079593	chr14	101292375.0	101292489.0	sense	0.528710495287105	0.2767820684486144	0.1
NR2F1	41	54	0.9188808925475054	0.3107689231076892	chr14	101292375.0	101292489.0	antisense	0.5542579762642292	0.25628804828543544	0.1
HOXC13	37	48	0.9128714777707331	0.1630836916308369	chr14	101292375.0	101292489.0	sense	0.5246788204615122	0.28010646647126564	0.1
RELA	43	53	0.9120358685793511	0.0660933906609339	chr14	101292375.0	101292489.0	antisense	0.3728529320980945	0.4284624372883199	0.1
CREB3L1	47	61	0.9102946438658341	0.20417958204179582	chr14	101292375.0	101292489.0	sense	0.528710495287105	0.2767820684486144	0.1
HMBOX1	40	50	0.90836935052513	0.37336266373362664	chr14	101292375.0	101292489.0	sense	0.5700842196482107	0.24406098042115518	0.1
HEY2	49	59	0.9005111860349004	0.22447755224477553	chr14	101292375.0	101292489.0	sense	0.5307837637288902	0.27508237034188215	0.1
TP73	42	60	0.8981221246939547	0.2880711928807119	chr14	101292375.0	101292489.0	antisense	0.5451745148065839	0.26346445426356685	0.1
HOXC12	37	48	0.8939162345229354	0.18848115188481152	chr14	101292375.0	101292489.0	sense	0.528710495287105	0.2767820684486144	0.1
Hmx3	36	53	0.8934098738694778	0.513948605139486	chr14	101292375.0	101292489.0	antisense	0.6224963550156611	0.2058631872060727	0.1
YY1	46	58	0.8899214821480229	0.2288771122887711	chr14	101292375.0	101292489.0	antisense	0.5307837637288902	0.27508237034188215	0.1
Gata1	38	49	0.8894929685930599	0.2638736126387361	chr14	101292375.0	101292489.0	sense	0.5451745148065839	0.26346445426356685	0.1
Tcf12	48	59	0.8864539122657862	0.1603839616038396	chr14	101292375.0	101292489.0	antisense	0.5246788204615122	0.28010646647126564	0.1
HNF1A	36	51	0.8855166966247244	0.36406359364063595	chr14	101292375.0	101292489.0	sense	0.5678819505436844	0.245741934633764	0.1
HNF1B	36	49	0.8851877807853159	0.263973602639736	chr14	101292375.0	101292489.0	antisense	0.5451745148065839	0.26346445426356685	0.1
Stat5a::Stat5b	38	49	0.8840884904544876	0.1750824917508249	chr14	101292375.0	101292489.0	antisense	0.528710495287105	0.2767820684486144	0.1
Arx	37	54	0.8814986956912497	0.4470552944705529	chr14	101292375.0	101292489.0	antisense	0.6054840392249435	0.21789730052735976	0.1
SMAD3	40	50	0.8797822284552892	0.055094490550944904	chr14	101292375.0	101292489.0	sense	0.36208424612084245	0.4411903704374058	0.1
PRDM1	38	53	0.8719042378570537	0.41345865413458655	chr14	101292375.0	101292489.0	antisense	0.591657867180315	0.22792935636536807	0.1
HINFP	42	54	0.8716059429514293	0.36176382361763826	chr14	101292375.0	101292489.0	sense	0.5678819505436844	0.245741934633764	0.1
IRF9	41	56	0.8714592708273744	0.10778922107789221	chr14	101292375.0	101292489.0	sense	0.4740898791476785	0.3241393158838103	0.1
JUN	44	57	0.8679407187437154	0.2238776122387761	chr14	101292375.0	101292489.0	antisense	0.5307837637288902	0.27508237034188215	0.1
BHLHE23	37	49	0.8645766066280975	0.17918208179182082	chr14	101292375.0	101292489.0	antisense	0.528710495287105	0.2767820684486144	0.1
MEOX1	40	50	0.863364817614773	0.38006199380061995	chr14	101292375.0	101292489.0	antisense	0.5711420212445614	0.24325588584596072	0.1
MNT	49	59	0.8618702469621781	0.24247575242475752	chr14	101292375.0	101292489.0	sense	0.5424349806398671	0.265652311381022	0.1
Rfx1	49	63	0.8596087436944828	0.35406459354064596	chr14	101292375.0	101292489.0	sense	0.5678819505436844	0.245741934633764	0.1
TAL1::TCF3	36	48	0.8495141291738321	0.197980201979802	chr14	101292375.0	101292489.0	sense	0.528710495287105	0.2767820684486144	0.1
MAX::MYC	48	59	0.8485495957843286	0.2034796520347965	chr14	101292375.0	101292489.0	sense	0.528710495287105	0.2767820684486144	0.1
USF2	38	49	0.844930352585205	0.18498150184981502	chr14	101292375.0	101292489.0	sense	0.528710495287105	0.2767820684486144	0.1
MEF2A	36	48	0.8444369320185064	0.22137786221377861	chr14	101292375.0	101292489.0	sense	0.5307837637288902	0.27508237034188215	0.1
NFIX	50	59	0.8434565761019864	0.47895210478952105	chr14	101292375.0	101292489.0	sense	0.6093824441085303	0.21511006166013943	0.1
FEV	49	59	0.8430839157702018	0.2843715628437156	chr14	101292375.0	101292489.0	antisense	0.5451745148065839	0.26346445426356685	0.1
MEF2B	38	50	0.8404596420891409	0.12208779122087791	chr14	101292375.0	101292489.0	antisense	0.5069085091490851	0.2950704184915787	0.1
DUXA	44	57	0.839269207596572	0.41045895410458955	chr14	101292375.0	101292489.0	sense	0.591657867180315	0.22792935636536807	0.1
HEY1	49	59	0.8369085998928599	0.23577642235776422	chr14	101292375.0	101292489.0	sense	0.5343579179199983	0.2721677510092225	0.1
TFEC	49	59	0.8361979880701748	0.29187081291870814	chr14	101292375.0	101292489.0	sense	0.5451745148065839	0.26346445426356685	0.1
OLIG1	38	48	0.8360031008451342	0.11478852114788521	chr14	101292375.0	101292489.0	antisense	0.49555290372602084	0.30490997474111525	0.1
ELK4	48	59	0.8340469671176622	0.29257074292570745	chr14	101292375.0	101292489.0	sense	0.5451745148065839	0.26346445426356685	0.1
Lhx4	38	46	0.8319932151729895	0.3755624437556244	chr14	101292375.0	101292489.0	antisense	0.5700842196482107	0.24406098042115518	0.1
Alx4	37	54	0.8316340748697251	0.5136486351364864	chr14	101292375.0	101292489.0	sense	0.6224963550156611	0.2058631872060727	0.1
MEIS3	40	48	0.8297930736251358	0.288971102889711	chr14	101292375.0	101292489.0	antisense	0.5451745148065839	0.26346445426356685	0.1
MEF2D	38	50	0.8281477790284366	0.1700829917008299	chr14	101292375.0	101292489.0	antisense	0.52574385418601	0.2792257954056986	0.1
MSX1	50	58	0.8280307979353924	0.33296670332966705	chr14	101292375.0	101292489.0	sense	0.5624408987672662	0.24992310643929047	0.1
Atf3	47	55	0.8279336228266342	0.13998600139986	chr14	101292375.0	101292489.0	antisense	0.5075739001442322	0.29450071777268627	0.1
ETS1	49	59	0.8226373216975923	0.2683731626837316	chr14	101292375.0	101292489.0	antisense	0.5451745148065839	0.26346445426356685	0.1
PPARG	40	60	0.8199850253305384	0.47485251474852513	chr14	101292375.0	101292489.0	antisense	0.6093824441085303	0.21511006166013943	0.1
ZBTB33	47	62	0.8186595905637902	0.4851514848515148	chr14	101292375.0	101292489.0	sense	0.6138991940222036	0.21190293679715708	0.1
CREB1	45	53	0.8155691357786131	0.17948205179482052	chr14	101292375.0	101292489.0	antisense	0.528710495287105	0.2767820684486144	0.1
LEF1	37	52	0.8122018911483564	0.3087691230876912	chr14	101292375.0	101292489.0	antisense	0.5542579762642292	0.25628804828543544	0.1
CREB3	42	56	0.8083229542261455	0.30886911308869114	chr14	101292375.0	101292489.0	sense	0.5542579762642292	0.25628804828543544	0.1
HOXC11	37	48	0.8072639780126113	0.26977302269773024	chr14	101292375.0	101292489.0	sense	0.5451745148065839	0.26346445426356685	0.1
Znf423	45	60	0.8065463696251503	0.17738226177382263	chr14	101292375.0	101292489.0	antisense	0.528710495287105	0.2767820684486144	0.1
ERG	49	59	0.8061476971558494	0.27947205279472054	chr14	101292375.0	101292489.0	antisense	0.5451745148065839	0.26346445426356685	0.1
SOX9	39	48	0.8058939759789054	0.42285771422857715	chr14	101292375.0	101292489.0	sense	0.597992244372293	0.22330444853359377	0.1
FOSL2	45	56	0.8047520243133454	0.1720827917208279	chr14	101292375.0	101292489.0	antisense	0.5284672716160336	0.2769819037145182	0.1
Creb5	43	55	0.8045987539024304	0.13338666133386662	chr14	101292375.0	101292489.0	sense	0.5075739001442322	0.29450071777268627	0.1
VSX1	37	45	0.8035594857792534	0.42895710428957107	chr14	101292375.0	101292489.0	sense	0.6004970931478282	0.22148909056401184	0.1
Dlx3	40	48	0.8030119255729086	0.5226477352264773	chr14	101292375.0	101292489.0	sense	0.6264530590820825	0.20311146568401972	0.1
Rarg	36	52	0.8024331510765146	0.11648835116488351	chr14	101292375.0	101292489.0	antisense	0.49555290372602084	0.30490997474111525	0.1
NKX6-1	41	49	0.8006247546329635	0.30546945305469453	chr14	101292375.0	101292489.0	antisense	0.5542579762642292	0.25628804828543544	0.1
FOXO4	42	49	0.7996401217333725	0.19818018198180182	chr14	101292375.0	101292489.0	antisense	0.528710495287105	0.2767820684486144	0.1
EMX2	40	50	0.7979835106227084	0.36436356364363565	chr14	101292375.0	101292489.0	antisense	0.5678819505436844	0.245741934633764	0.1
Hmx2	36	53	0.7954155869900532	0.5373462653734626	chr14	101292375.0	101292489.0	antisense	0.6273608719306243	0.20248257144402854	0.1
NRL	43	54	0.7916618178624488	0.804019598040196	chr14	101292375.0	101292489.0	antisense	0.8295947741209974	0.08113399236824677	0.1
Arid3a	41	47	0.7907110778588838	0.21007899210078992	chr14	101292375.0	101292489.0	sense	0.5305626580199122	0.2752633197260755	0.1
SPIB	46	53	0.7901682523629681	0.2906709329067093	chr14	101292375.0	101292489.0	antisense	0.5451745148065839	0.26346445426356685	0.1
Hnf4a	36	52	0.7896479893319319	0.14278572142785723	chr14	101292375.0	101292489.0	antisense	0.5075739001442322	0.29450071777268627	0.1
NFIL3	39	50	0.7895500318340132	0.27777222277772223	chr14	101292375.0	101292489.0	sense	0.5451745148065839	0.26346445426356685	0.1
NHLH1	49	59	0.7887858539125999	0.27447255274472554	chr14	101292375.0	101292489.0	sense	0.5451745148065839	0.26346445426356685	0.1
POU4F1	37	51	0.7827454584726999	0.5065493450654934	chr14	101292375.0	101292489.0	sense	0.6222469951586401	0.2060371919297709	0.1
Stat6	36	51	0.7813399291245428	0.46565343465653436	chr14	101292375.0	101292489.0	antisense	0.6093824441085303	0.21511006166013943	0.1
IRF8	42	56	0.7742962071675079	0.1336866313368663	chr14	101292375.0	101292489.0	sense	0.5075739001442322	0.29450071777268627	0.1
FOXI1	42	49	0.7725586122248201	0.16968303169683033	chr14	101292375.0	101292489.0	antisense	0.52574385418601	0.2792257954056986	0.1
EBF1	45	59	0.7708265334312128	0.29227077292270776	chr14	101292375.0	101292489.0	sense	0.5451745148065839	0.26346445426356685	0.1
SRY	40	49	0.7696901920867865	0.42145785421457854	chr14	101292375.0	101292489.0	antisense	0.5976410555665745	0.22355957586205433	0.1
ERF	49	59	0.7673715437836983	0.2665733426657334	chr14	101292375.0	101292489.0	antisense	0.5451745148065839	0.26346445426356685	0.1
STAT1	37	48	0.7659242290553282	0.22197780221977803	chr14	101292375.0	101292489.0	antisense	0.5307837637288902	0.27508237034188215	0.1
E2F8	46	58	0.7657300229233223	0.12588741125887412	chr14	101292375.0	101292489.0	sense	0.5075739001442322	0.29450071777268627	0.1
NEUROG2	38	48	0.7649613030144384	0.12858714128587143	chr14	101292375.0	101292489.0	antisense	0.5075739001442322	0.29450071777268627	0.1
NFKB2	40	53	0.7648659162307561	0.22617738226177383	chr14	101292375.0	101292489.0	antisense	0.5307837637288902	0.27508237034188215	0.1
REST	41	62	0.7637453715373395	0.3388661133886611	chr14	101292375.0	101292489.0	sense	0.5624408987672662	0.24992310643929047	0.1
Dux	50	58	0.7621957015926452	0.2146785321467853	chr14	101292375.0	101292489.0	sense	0.5305626580199122	0.2752633197260755	0.1
ETV4	49	59	0.7618695213405622	0.40855914408559146	chr14	101292375.0	101292489.0	antisense	0.591657867180315	0.22792935636536807	0.1
FOXL1	41	48	0.7611061648981721	0.21777822217778223	chr14	101292375.0	101292489.0	sense	0.5307837637288902	0.27508237034188215	0.1
HSF4	41	54	0.759420750208809	0.46785321467853214	chr14	101292375.0	101292489.0	sense	0.6093824441085303	0.21511006166013943	0.1
Gabpa	51	62	0.7577514902155384	0.36936306369363064	chr14	101292375.0	101292489.0	antisense	0.5700842196482107	0.24406098042115518	0.1
Shox2	40	48	0.7539761829634093	0.36036396360363965	chr14	101292375.0	101292489.0	sense	0.5678819505436844	0.245741934633764	0.1
ETV1	49	59	0.7511439553746723	0.44285571442855715	chr14	101292375.0	101292489.0	antisense	0.6054840392249435	0.21789730052735976	0.1
Arntl	50	60	0.7495059149715542	0.3982601739826017	chr14	101292375.0	101292489.0	antisense	0.5820673550622465	0.2350267572069425	0.1
EHF	51	63	0.7437798920184964	0.33396660333966605	chr14	101292375.0	101292489.0	sense	0.5624408987672662	0.24992310643929047	0.1
NRF1	50	61	0.7411692566089206	0.3361663833616638	chr14	101292375.0	101292489.0	sense	0.5624408987672662	0.24992310643929047	0.1
Stat4	37	51	0.7398707107282285	0.45515448455154484	chr14	101292375.0	101292489.0	sense	0.6059717105212556	0.21754765017577998	0.1
Dlx4	40	48	0.7397258200026958	0.5414458554144586	chr14	101292375.0	101292489.0	sense	0.6273608719306243	0.20248257144402854	0.1
SPDEF	52	63	0.7353667668949438	0.22947705229477053	chr14	101292375.0	101292489.0	sense	0.5307837637288902	0.27508237034188215	0.1
ELF5	49	60	0.7312928821248612	0.5371462853714628	chr14	101292375.0	101292489.0	antisense	0.6273608719306243	0.20248257144402854	0.1
RARA(var.2)	45	62	0.728898796007573	0.19318068193180682	chr14	101292375.0	101292489.0	antisense	0.528710495287105	0.2767820684486144	0.1
FOXO6	42	49	0.7235935060804408	0.1882811718828117	chr14	101292375.0	101292489.0	antisense	0.528710495287105	0.2767820684486144	0.1
Foxj2	43	51	0.7230028850679122	0.2695730426957304	chr14	101292375.0	101292489.0	sense	0.5451745148065839	0.26346445426356685	0.1
MAX	49	59	0.7180463605133999	0.36136386361363865	chr14	101292375.0	101292489.0	sense	0.5678819505436844	0.245741934633764	0.1
ARNT::HIF1A	50	58	0.716339986569453	0.3087691230876912	chr14	101292375.0	101292489.0	antisense	0.5542579762642292	0.25628804828543544	0.1
NR4A2	46	54	0.7157582595913673	0.3167683231676832	chr14	101292375.0	101292489.0	sense	0.5572974905899241	0.2539129124891119	0.1
STAT3	37	48	0.7133458937156482	0.34096590340965904	chr14	101292375.0	101292489.0	sense	0.5624408987672662	0.24992310643929047	0.1
Sox17	37	46	0.7120972660674592	0.39116088391160886	chr14	101292375.0	101292489.0	antisense	0.5800357107146428	0.23654526766311668	0.1
PDX1	41	49	0.7116261588644666	0.3100689931006899	chr14	101292375.0	101292489.0	antisense	0.5542579762642292	0.25628804828543544	0.1
Bach1::Mafk	37	52	0.7112003253300235	0.32636736326367366	chr14	101292375.0	101292489.0	antisense	0.5624408987672662	0.24992310643929047	0.1
Creb3l2	50	59	0.7036311041182531	0.18638136186381363	chr14	101292375.0	101292489.0	antisense	0.528710495287105	0.2767820684486144	0.1
NFIC	47	53	0.7033646763472611	0.34126587341265874	chr14	101292375.0	101292489.0	antisense	0.5624408987672662	0.24992310643929047	0.1
ELF1	51	63	0.7029328596282978	0.3066693330666933	chr14	101292375.0	101292489.0	sense	0.5542579762642292	0.25628804828543544	0.1
RORA	44	54	0.7018548740470467	0.2722727727227277	chr14	101292375.0	101292489.0	antisense	0.5451745148065839	0.26346445426356685	0.1
JUN(var.2)	43	57	0.700425503585895	0.5451454854514548	chr14	101292375.0	101292489.0	antisense	0.6287344598873446	0.20153273604111258	0.1
Npas2	49	59	0.6970676882970271	0.38396160383961603	chr14	101292375.0	101292489.0	sense	0.5726323919332205	0.2421240890074549	0.1
FLI1	49	59	0.6963625218162124	0.31286871312868714	chr14	101292375.0	101292489.0	antisense	0.556091993540372	0.2548533577306298	0.1
LHX6	40	50	0.6940882861779545	0.43915608439156084	chr14	101292375.0	101292489.0	sense	0.6054840392249435	0.21789730052735976	0.1
Mecom	37	51	0.6934717407079889	0.3581641835816418	chr14	101292375.0	101292489.0	antisense	0.5678819505436844	0.245741934633764	0.1
STAT1::STAT2	37	52	0.6925829720818234	0.37246275372462756	chr14	101292375.0	101292489.0	antisense	0.5700842196482107	0.24406098042115518	0.1
POU2F2	39	52	0.6912428997367789	0.39306069393060694	chr14	101292375.0	101292489.0	antisense	0.5810154779976549	0.2358122980409327	0.1
ELF4	51	63	0.6877635873064942	0.3060693930606939	chr14	101292375.0	101292489.0	sense	0.5542579762642292	0.25628804828543544	0.1
FOXG1	41	49	0.6865693016774664	0.23277672232776722	chr14	101292375.0	101292489.0	sense	0.5307837637288902	0.27508237034188215	0.1
NFIC::TLX1	44	58	0.6850678898464642	0.24867513248675133	chr14	101292375.0	101292489.0	sense	0.5451745148065839	0.26346445426356685	0.1
PRRX1	38	46	0.6820021671488913	0.49365063493650635	chr14	101292375.0	101292489.0	sense	0.6158766334904971	0.21050627283561638	0.1
SPIC	43	57	0.6808110774758307	0.551944805519448	chr14	101292375.0	101292489.0	sense	0.6295809979441616	0.20094838835631837	0.1
Rarb	37	53	0.6797662361955072	0.15978402159784022	chr14	101292375.0	101292489.0	antisense	0.5246788204615122	0.28010646647126564	0.1
Nfe2l2	47	62	0.678643837477406	0.5502449755024498	chr14	101292375.0	101292489.0	antisense	0.6290245424796728	0.2013324094743522	0.1
Rarg(var.2)	45	62	0.6784048526767594	0.1947805219478052	chr14	101292375.0	101292489.0	antisense	0.528710495287105	0.2767820684486144	0.1
TP63	42	60	0.6758508676453174	0.21237876212378762	chr14	101292375.0	101292489.0	antisense	0.5305626580199122	0.2752633197260755	0.1
Mycn	49	57	0.6753108659838394	0.17488251174882513	chr14	101292375.0	101292489.0	sense	0.528710495287105	0.2767820684486144	0.1
Pou5f1::Sox2	39	54	0.6717581741937497	0.5487451254874512	chr14	101292375.0	101292489.0	sense	0.6290245424796728	0.2013324094743522	0.1
SCRT2	50	63	0.6696656145992622	0.26037396260373963	chr14	101292375.0	101292489.0	antisense	0.5451745148065839	0.26346445426356685	0.1
MAFK	43	58	0.6692334442115493	0.6886311368863114	chr14	101292375.0	101292489.0	antisense	0.7323761476311386	0.13526580844579528	0.1
Dlx2	38	46	0.6654135174052378	0.43695630436956306	chr14	101292375.0	101292489.0	sense	0.6054840392249435	0.21789730052735976	0.1
TFEB	49	59	0.6617260198835747	0.44925507449255075	chr14	101292375.0	101292489.0	sense	0.6054840392249435	0.21789730052735976	0.1
BSX	38	46	0.6612689484648866	0.44315568443155684	chr14	101292375.0	101292489.0	sense	0.6054840392249435	0.21789730052735976	0.1
Myc	39	49	0.6601268120831518	0.2930706929307069	chr14	101292375.0	101292489.0	sense	0.5451745148065839	0.26346445426356685	0.1
CEBPE	44	54	0.6577855878948947	0.42925707429257076	chr14	101292375.0	101292489.0	sense	0.6004970931478282	0.22148909056401184	0.1
GMEB2	37	45	0.6560995329790934	0.3514648535146485	chr14	101292375.0	101292489.0	antisense	0.5678819505436844	0.245741934633764	0.1
ELK3	49	59	0.6523223682609867	0.49235076492350766	chr14	101292375.0	101292489.0	antisense	0.6158766334904971	0.21050627283561638	0.1
NOTO	36	46	0.6484344106218202	0.567043295670433	chr14	101292375.0	101292489.0	sense	0.6397727618542495	0.19397425382398012	0.1
Esrrg	43	53	0.6482150758279103	0.35606439356064395	chr14	101292375.0	101292489.0	antisense	0.5678819505436844	0.245741934633764	0.1
BARX1	43	51	0.6468077565868761	0.45135486451354867	chr14	101292375.0	101292489.0	antisense	0.6054840392249435	0.21789730052735976	0.1
LHX2	40	50	0.6435274631209975	0.5157484251574842	chr14	101292375.0	101292489.0	sense	0.6224963550156611	0.2058631872060727	0.1
MEIS1	41	48	0.6394006181625324	0.5050494950504949	chr14	101292375.0	101292489.0	antisense	0.6222469951586401	0.2060371919297709	0.1
RAX	37	47	0.6387433309584721	0.5401459854014599	chr14	101292375.0	101292489.0	sense	0.6273608719306243	0.20248257144402854	0.1
DLX6	40	48	0.6366662248360287	0.5496450354964504	chr14	101292375.0	101292489.0	sense	0.6290245424796728	0.2013324094743522	0.1
Nkx2-5	41	48	0.6351649493654042	0.3992600739926007	chr14	101292375.0	101292489.0	antisense	0.5820673550622465	0.2350267572069425	0.1
ATF7	42	56	0.6331611818106991	0.3294670532946705	chr14	101292375.0	101292489.0	sense	0.5624408987672662	0.24992310643929047	0.1
BATF3	42	56	0.6328668036005223	0.14188581141885812	chr14	101292375.0	101292489.0	sense	0.5075739001442322	0.29450071777268627	0.1
LBX1	37	45	0.6301706102106187	0.39406059394060594	chr14	101292375.0	101292489.0	antisense	0.5810154779976549	0.2358122980409327	0.1
POU3F4	36	45	0.6292211641906938	0.3010698930106989	chr14	101292375.0	101292489.0	sense	0.5542579762642292	0.25628804828543544	0.1
FOXO3	41	49	0.6260864677179948	0.260973902609739	chr14	101292375.0	101292489.0	antisense	0.5451745148065839	0.26346445426356685	0.1
TFCP2	45	55	0.6191395330125706	0.49365063493650635	chr14	101292375.0	101292489.0	sense	0.6158766334904971	0.21050627283561638	0.1
DUX4	45	56	0.6184989774413976	0.37066293370662934	chr14	101292375.0	101292489.0	sense	0.5700842196482107	0.24406098042115518	0.1
SOX10	52	58	0.6171702362189793	0.39776022397760225	chr14	101292375.0	101292489.0	antisense	0.5820673550622465	0.2350267572069425	0.1
ETV3	49	59	0.6147576755727228	0.58994100589941	chr14	101292375.0	101292489.0	antisense	0.6570373005617893	0.18240997447626078	0.1
Atf1	46	54	0.6091200075420218	0.35996400359964004	chr14	101292375.0	101292489.0	antisense	0.5678819505436844	0.245741934633764	0.1
GBX1	40	50	0.6056265220907552	0.4861513848615138	chr14	101292375.0	101292489.0	sense	0.6138991940222036	0.21190293679715708	0.1
CUX1	39	49	0.6006410708666798	0.47905209479052097	chr14	101292375.0	101292489.0	sense	0.6093824441085303	0.21511006166013943	0.1
Rarb(var.2)	36	53	0.6001904044621195	0.2565743425657434	chr14	101292375.0	101292489.0	sense	0.5451745148065839	0.26346445426356685	0.1
CEBPA	36	47	0.5966921265779425	0.4767523247675233	chr14	101292375.0	101292489.0	sense	0.6093824441085303	0.21511006166013943	0.1
GATA3	39	47	0.5899813789469859	0.28247175282471754	chr14	101292375.0	101292489.0	sense	0.5451745148065839	0.26346445426356685	0.1
BHLHE40	49	59	0.5898879819267275	0.38976102389761025	chr14	101292375.0	101292489.0	sense	0.5796159639050421	0.23685966160598212	0.1
TEAD3	39	47	0.5897320868258745	0.34036596340365965	chr14	101292375.0	101292489.0	sense	0.5624408987672662	0.24992310643929047	0.1
PHOX2A	39	50	0.5888876232499969	0.5427457254274572	chr14	101292375.0	101292489.0	antisense	0.6273608719306243	0.20248257144402854	0.1
ATF4	40	53	0.588838830672416	0.45535446455354467	chr14	101292375.0	101292489.0	antisense	0.6059717105212556	0.21754765017577998	0.1
Myb	50	60	0.5847042936825093	0.41155884411558846	chr14	101292375.0	101292489.0	sense	0.591657867180315	0.22792935636536807	0.1
ZBTB18	37	50	0.5824143383297631	0.47325267473252675	chr14	101292375.0	101292489.0	antisense	0.6093824441085303	0.21511006166013943	0.1
MSX2	38	46	0.5799743396302527	0.44555544445555445	chr14	101292375.0	101292489.0	sense	0.6054840392249435	0.21789730052735976	0.1
JUNB	45	56	0.5769051967866542	0.4460553944605539	chr14	101292375.0	101292489.0	antisense	0.6054840392249435	0.21789730052735976	0.1
MEIS2	40	48	0.5743061976631529	0.41405859414058593	chr14	101292375.0	101292489.0	antisense	0.591657867180315	0.22792935636536807	0.1
EN1	37	45	0.572597703624513	0.5121487851214879	chr14	101292375.0	101292489.0	antisense	0.6224963550156611	0.2058631872060727	0.1
VSX2	37	45	0.5724500833309353	0.5145485451454854	chr14	101292375.0	101292489.0	sense	0.6224963550156611	0.2058631872060727	0.1
NFKB1	40	53	0.571568008972855	0.23097690230976903	chr14	101292375.0	101292489.0	sense	0.5307837637288902	0.27508237034188215	0.1
Ar	39	56	0.5704242106483212	0.5367463253674633	chr14	101292375.0	101292489.0	antisense	0.6273608719306243	0.20248257144402854	0.1
MAFG::NFE2L1	38	44	0.568051184828152	0.414958504149585	chr14	101292375.0	101292489.0	antisense	0.591657867180315	0.22792935636536807	0.1
Crem	45	55	0.5666594559496199	0.5014498550144986	chr14	101292375.0	101292489.0	antisense	0.6196487494107732	0.20785442246986835	0.1
RFX4	40	56	0.56607451275308	0.7192280771922808	chr14	101292375.0	101292489.0	sense	0.7526840057929691	0.12338731243610995	0.1
NFATC2	44	51	0.5651476856703413	0.46225377462253775	chr14	101292375.0	101292489.0	sense	0.6093824441085303	0.21511006166013943	0.1
POU3F2	39	51	0.5620882355409803	0.5338466153384661	chr14	101292375.0	101292489.0	sense	0.6273608719306243	0.20248257144402854	0.1
T	37	53	0.5617808968127926	0.5712428757124287	chr14	101292375.0	101292489.0	antisense	0.6419455457051697	0.1925018102532298	0.1
JDP2(var.2)	43	55	0.5607110978854772	0.3190680931906809	chr14	101292375.0	101292489.0	sense	0.5594470958309574	0.25224097629383296	0.1
IRF1	39	60	0.5585835540751667	0.517948205179482	chr14	101292375.0	101292489.0	antisense	0.6237009709701883	0.20502357984390346	0.1
Srebf1(var.2)	49	59	0.5578897135032831	0.31556844315568444	chr14	101292375.0	101292489.0	sense	0.5572974905899241	0.2539129124891119	0.1
POU1F1	38	52	0.5578762297532678	0.6251374862513749	chr14	101292375.0	101292489.0	sense	0.6844859817815687	0.16463544175534053	0.1
VENTX	52	61	0.555085453406701	0.4921507849215078	chr14	101292375.0	101292489.0	sense	0.6158766334904971	0.21050627283561638	0.1
ZNF410	44	61	0.5544049818343133	0.3327667233276672	chr14	101292375.0	101292489.0	sense	0.5624408987672662	0.24992310643929047	0.1
FOS	42	53	0.5541966159647502	0.4774522547745225	chr14	101292375.0	101292489.0	antisense	0.6093824441085303	0.21511006166013943	0.1
CUX2	39	49	0.5530720462027447	0.5402459754024598	chr14	101292375.0	101292489.0	sense	0.6273608719306243	0.20248257144402854	0.1
POU6F1	40	50	0.5486483777306732	0.5865413458654135	chr14	101292375.0	101292489.0	sense	0.6546558247401066	0.1839869636738254	0.1
mix-a	36	47	0.5447126930472957	0.5071492850714928	chr14	101292375.0	101292489.0	antisense	0.6222469951586401	0.2060371919297709	0.1
PAX1	38	55	0.544418797700779	0.52994700529947	chr14	101292375.0	101292489.0	antisense	0.6273608719306243	0.20248257144402854	0.1
SREBF2(var.2)	49	59	0.5401567981177788	0.28577142285771423	chr14	101292375.0	101292489.0	sense	0.5451745148065839	0.26346445426356685	0.1
ESRRB	42	53	0.5400637476936536	0.3568643135686431	chr14	101292375.0	101292489.0	antisense	0.5678819505436844	0.245741934633764	0.1
HESX1	40	50	0.5399855710825103	0.5944405559444056	chr14	101292375.0	101292489.0	sense	0.6592193344768088	0.18097006354781842	0.1
Arnt	51	57	0.5396798738954565	0.21337866213378662	chr14	101292375.0	101292489.0	antisense	0.5305626580199122	0.2752633197260755	0.1
Msx3	38	46	0.5396325810366144	0.4627537246275372	chr14	101292375.0	101292489.0	sense	0.6093824441085303	0.21511006166013943	0.1
CLOCK	49	59	0.5395298726685797	0.57994200579942	chr14	101292375.0	101292489.0	antisense	0.6486851314868513	0.18796605642034844	0.1
RORA(var.2)	40	54	0.5378054107013865	0.47285271472852713	chr14	101292375.0	101292489.0	sense	0.6093824441085303	0.21511006166013943	0.1
FOSL1	44	55	0.5364797091771006	0.43465653434656537	chr14	101292375.0	101292489.0	antisense	0.6054840392249435	0.21789730052735976	0.1
PAX9	38	55	0.5288537929550089	0.4243575642435756	chr14	101292375.0	101292489.0	antisense	0.5984825430500428	0.22294851287261944	0.1
PAX4	37	45	0.5226507387530254	0.5553444655534446	chr14	101292375.0	101292489.0	antisense	0.6317086015687271	0.1994832095574271	0.1
ISX	37	45	0.5200878601513471	0.43695630436956306	chr14	101292375.0	101292489.0	sense	0.6054840392249435	0.21789730052735976	0.1
ZBED1	44	57	0.5169872975804276	0.34336566343365665	chr14	101292375.0	101292489.0	sense	0.5639455041837589	0.24876286122191088	0.1
Ascl2	49	59	0.5146214230093215	0.5193480651934806	chr14	101292375.0	101292489.0	sense	0.6239389949893899	0.20485787095003308	0.1
IRF2	42	60	0.5134596243722963	0.42915708429157085	chr14	101292375.0	101292489.0	sense	0.6004970931478282	0.22148909056401184	0.1
E2F2	41	57	0.5029686356266733	0.30556944305569445	chr14	101292375.0	101292489.0	sense	0.5542579762642292	0.25628804828543544	0.1
ONECUT1	41	55	0.5019164911914957	0.49965003499650035	chr14	101292375.0	101292489.0	sense	0.6188982533727534	0.2083807429521133	0.1
MAFG	39	60	0.5015998220975934	0.9499050094990501	chr14	101292375.0	101292489.0	antisense	0.9517388029536815	0.021482223884790052	0.1
Mafb	43	55	0.5013220199495094	0.8723127687231277	chr14	101292375.0	101292489.0	sense	0.8807983014928079	0.05512353151701789	0.1
Nr2e1	45	54	0.5004360133262064	0.531046895310469	chr14	101292375.0	101292489.0	sense	0.6273608719306243	0.20248257144402854	0.1
Nobox	37	45	0.496078762661969	0.5638436156384361	chr14	101292375.0	101292489.0	antisense	0.63894069108373	0.1945394528439209	0.1
TEF	39	51	0.4949019482066327	0.5328467153284672	chr14	101292375.0	101292489.0	sense	0.6273608719306243	0.20248257144402854	0.1
GRHL1	50	62	0.4920535508992595	0.6728327167283271	chr14	101292375.0	101292489.0	antisense	0.720000371096911	0.14266727972803828	0.1
NR3C1	39	56	0.49046684412874697	0.565943405659434	chr14	101292375.0	101292489.0	antisense	0.6397727618542495	0.19397425382398012	0.1
JUND	44	55	0.4899868864020571	0.5126487351264873	chr14	101292375.0	101292489.0	antisense	0.6224963550156611	0.2058631872060727	0.1
POU4F2	38	54	0.4876908645370949	0.47905209479052097	chr14	101292375.0	101292489.0	antisense	0.6093824441085303	0.21511006166013943	0.1
DBP	37	49	0.4875984004403952	0.6063393660633937	chr14	101292375.0	101292489.0	antisense	0.6681319129233573	0.1751377839333039	0.1
NFE2	44	55	0.4831031450322578	0.37276272372762725	chr14	101292375.0	101292489.0	sense	0.5700842196482107	0.24406098042115518	0.1
MAF::NFE2	43	58	0.48195357229082647	0.7165283471652835	chr14	101292375.0	101292489.0	antisense	0.7526840057929691	0.12338731243610995	0.1
ONECUT2	41	55	0.478952292732418	0.5469453054694531	chr14	101292375.0	101292489.0	sense	0.6290245424796728	0.2013324094743522	0.1
Foxd3	39	51	0.47755769233039247	0.49505049495050496	chr14	101292375.0	101292489.0	sense	0.6161419829240098	0.21031919807067823	0.1
ETV6	42	52	0.4743909435350227	0.6000399960003999	chr14	101292375.0	101292489.0	antisense	0.662597357285548	0.1787503005980258	0.1
ELK1	49	59	0.47356359921763	0.5362463753624638	chr14	101292375.0	101292489.0	antisense	0.6273608719306243	0.20248257144402854	0.1
Sox5	41	48	0.47185769810033834	0.44025597440255976	chr14	101292375.0	101292489.0	antisense	0.6054840392249435	0.21789730052735976	0.1
Lhx8	37	45	0.46989872679070194	0.6197380261973803	chr14	101292375.0	101292489.0	antisense	0.6800085319163645	0.16748563826295212	0.1
ONECUT3	41	55	0.46932357393009994	0.4520547945205479	chr14	101292375.0	101292489.0	sense	0.6054840392249435	0.21789730052735976	0.1
BATF::JUN	42	53	0.46566969194686464	0.5929407059294071	chr14	101292375.0	101292489.0	sense	0.658964082178506	0.18113825663025432	0.1
E2F7	42	56	0.4647680155084996	0.27107289271072893	chr14	101292375.0	101292489.0	sense	0.5451745148065839	0.26346445426356685	0.1
RFX5	39	55	0.45133076084518076	0.5388461153884612	chr14	101292375.0	101292489.0	antisense	0.6273608719306243	0.20248257144402854	0.1
E2F3	40	58	0.45111589786065337	0.49235076492350766	chr14	101292375.0	101292489.0	sense	0.6158766334904971	0.21050627283561638	0.1
NFIA	40	50	0.44904802868563454	0.6719328067193281	chr14	101292375.0	101292489.0	antisense	0.720000371096911	0.14266727972803828	0.1
MYBL1	40	52	0.43966138060529475	0.6686331366863314	chr14	101292375.0	101292489.0	antisense	0.7199597467639128	0.14269178446735423	0.1
Mlxip	52	60	0.43692885533456327	0.46785321467853214	chr14	101292375.0	101292489.0	antisense	0.6093824441085303	0.21511006166013943	0.1
Tcf7	37	49	0.43163293975978917	0.47125287471252875	chr14	101292375.0	101292489.0	sense	0.6093824441085303	0.21511006166013943	0.1
GBX2	40	50	0.43071667890269305	0.7193280671932807	chr14	101292375.0	101292489.0	sense	0.7526840057929691	0.12338731243610995	0.1
Phox2b	39	50	0.4295541928905437	0.5997400259974003	chr14	101292375.0	101292489.0	sense	0.662597357285548	0.1787503005980258	0.1
RFX3	39	55	0.42857345099574295	0.8142185781421858	chr14	101292375.0	101292489.0	antisense	0.8358551496628993	0.07786897752822733	0.1
FOS::JUN	46	53	0.4192962995756808	0.7324267573242675	chr14	101292375.0	101292489.0	sense	0.7648480624774545	0.11642482913558984	0.1
Lhx3	37	50	0.41066266952300395	0.5371462853714628	chr14	101292375.0	101292489.0	sense	0.6273608719306243	0.20248257144402854	0.1
Tcf21	47	61	0.4073547884610696	0.6537346265373463	chr14	101292375.0	101292489.0	antisense	0.7053810211494443	0.15157622955788635	0.1
MLXIPL	49	59	0.4040575447998911	0.7418258174182581	chr14	101292375.0	101292489.0	antisense	0.7731076289961365	0.11176004110716264	0.1
Esrra	43	54	0.4040038885486611	0.48425157484251574	chr14	101292375.0	101292489.0	antisense	0.6138991940222036	0.21190293679715708	0.1
SOX21	46	61	0.40114066216283517	0.37706229377062295	chr14	101292375.0	101292489.0	antisense	0.5705403220610884	0.24371365706555506	0.1
MSC	49	59	0.39882935805967995	0.692930706929307	chr14	101292375.0	101292489.0	antisense	0.7354417932439884	0.13345169394021836	0.1
Id2	50	58	0.3987040896238259	0.5367463253674633	chr14	101292375.0	101292489.0	antisense	0.6273608719306243	0.20248257144402854	0.1
RFX2	39	55	0.3967243386586898	0.6387361263873612	chr14	101292375.0	101292489.0	antisense	0.6949770431761855	0.15802954100207345	0.1
Nr2e3	51	58	0.3963367954125212	0.49925007499250074	chr14	101292375.0	101292489.0	sense	0.6188982533727534	0.2083807429521133	0.1
HOXA5	40	48	0.39561649115064573	0.7491250874912508	chr14	101292375.0	101292489.0	antisense	0.7791501410981146	0.10837884634859497	0.1
NR3C2	39	56	0.38946361823147374	0.7564243575642435	chr14	101292375.0	101292489.0	antisense	0.7851684831516847	0.10503714140521815	0.1
Sox6	39	49	0.37834583011952183	0.5146485351464853	chr14	101292375.0	101292489.0	sense	0.6224963550156611	0.2058631872060727	0.1
IRF7	42	56	0.37370337645599805	0.5562443755624438	chr14	101292375.0	101292489.0	sense	0.6317086015687271	0.1994832095574271	0.1
ETV2	46	57	0.36302658980877633	0.6365363463653635	chr14	101292375.0	101292489.0	sense	0.6940385793353437	0.1586163878639137	0.1
TFAP4	49	59	0.36043872134820726	0.718028197180282	chr14	101292375.0	101292489.0	sense	0.7526840057929691	0.12338731243610995	0.1
HSF2	46	59	0.3462733702651195	0.7164283571642835	chr14	101292375.0	101292489.0	sense	0.7526840057929691	0.12338731243610995	0.1
HSF1	46	59	0.33979487356942417	0.6348365163483651	chr14	101292375.0	101292489.0	sense	0.693642425231161	0.15886435197891935	0.1
RARA	39	57	0.33183427175385	0.47405259474052597	chr14	101292375.0	101292489.0	antisense	0.6093824441085303	0.21511006166013943	0.1
JDP2	45	54	0.3302826663746498	0.5427457254274572	chr14	101292375.0	101292489.0	sense	0.6273608719306243	0.20248257144402854	0.1
CEBPB	36	46	0.3222102903088555	0.8480151984801519	chr14	101292375.0	101292489.0	antisense	0.8596091562718727	0.0656989671950536	0.1
CEBPD	36	46	0.3130762195154729	0.8169183081691831	chr14	101292375.0	101292489.0	antisense	0.8362536527412348	0.0776619722293253	0.1
BHLHE41	49	59	0.29668217996403634	0.676932306769323	chr14	101292375.0	101292489.0	sense	0.7228968461178573	0.1409236700055539	0.1
PROX1	43	55	0.28263391195939097	0.7886211378862114	chr14	101292375.0	101292489.0	sense	0.8153274314002862	0.08866794574739903	0.1
PROP1	36	47	0.28195984118143347	0.6114388561143885	chr14	101292375.0	101292489.0	antisense	0.672323657464762	0.17242160669018833	0.1
Sox3	36	46	0.2810432148799933	0.5714428557144285	chr14	101292375.0	101292489.0	sense	0.6419455457051697	0.1925018102532298	0.1
CEBPG	44	54	0.2808659843561709	0.78002199780022	chr14	101292375.0	101292489.0	antisense	0.808046740236156	0.09256351739428649	0.1
HES5	48	60	0.267963214540617	0.6492350764923508	chr14	101292375.0	101292489.0	sense	0.70345094926833	0.15276617997021205	0.1
MYF6	49	59	0.2667766494152264	0.8348165183481652	chr14	101292375.0	101292489.0	sense	0.8495485745543093	0.07081178447263575	0.1
Sox2	39	47	0.2611851727465566	0.5763423657634237	chr14	101292375.0	101292489.0	sense	0.6460511616224986	0.18973308830440627	0.1
Sox1	37	52	0.2588526575244539	0.6985301469853015	chr14	101292375.0	101292489.0	sense	0.739871727113003	0.13084356815529055	0.1
ELF3	41	54	0.23907538853905627	0.8237176282371763	chr14	101292375.0	101292489.0	antisense	0.8399006857663939	0.07577206414476483	0.1
MLX	49	59	0.20710214000184204	0.9414058594140586	chr14	101292375.0	101292489.0	antisense	0.9450476615781362	0.024546288169663682	0.1
TGIF2	48	60	0.20070278924549192	0.9193080691930807	chr14	101292375.0	101292489.0	antisense	0.9246528835488544	0.034021271641325346	0.1
PAX3	39	49	0.1998142332798163	0.6713328667133287	chr14	101292375.0	101292489.0	antisense	0.720000371096911	0.14266727972803828	0.1
NR1H2::RXRA	36	53	0.1949638353291002	0.6788321167883211	chr14	101292375.0	101292489.0	antisense	0.7234371018750281	0.14059922196864813	0.1
SPI1	43	57	0.18871129923742522	0.6523347665233477	chr14	101292375.0	101292489.0	antisense	0.7053369663033696	0.15160335443575387	0.1
EWSR1-FLI1	36	54	0.16207728234024787	0.418958104189581	chr14	101292375.0	101292489.0	antisense	0.5957239892449111	0.22495491091858422	0.1
PKNOX2	48	60	0.15191979943540174	0.8145185481451854	chr14	101292375.0	101292489.0	antisense	0.8358551496628993	0.07786897752822733	0.1
HES7	48	60	0.15007127111258328	0.8149185081491851	chr14	101292375.0	101292489.0	sense	0.8358551496628993	0.07786897752822733	0.1
SOX8	44	60	0.13873989334792514	0.646035396460354	chr14	101292375.0	101292489.0	antisense	0.701448474399422	0.15400422500035477	0.1
PKNOX1	48	60	0.1236237681667304	0.8702129787021298	chr14	101292375.0	101292489.0	antisense	0.8803909082775933	0.05532445101789456	0.1
BCL6B	43	60	0.10431245248473958	0.7099290070992901	chr14	101292375.0	101292489.0	antisense	0.7504137569949726	0.12469921283229801	0.1
PAX7	39	49	0.06662988720325629	0.8203179682031797	chr14	101292375.0	101292489.0	antisense	0.8380807588532485	0.0767141300159954	0.1
TGIF1	48	60	0.057179344279647396	0.967003299670033	chr14	101292375.0	101292489.0	antisense	0.967003299670033	0.01457204398727498	0.1
SOX4	42	58	0.029671266052805834	0.8476152384761524	chr14	101292375.0	101292489.0	sense	0.8596091562718727	0.0656989671950536	0.1
Sox11	43	58	0.0012143262165528468	0.8799120087991201	chr14	101292375.0	101292489.0	sense	0.8867462768286278	0.05220062631942719	0.1
