motif	start	end	score	pval	tile_chr	tile_start	tile_end	strand	padj	neg_log_pval	fdr_cutoff
ELK4	18	29	6.579606927439832	9.999000099990002e-05	chr3	169482906.0	169483020.0	antisense	0.0032434256574342566	2.4889960520843295	0.05
ETV5	18	28	6.4732317116016205	9.999000099990002e-05	chr3	169482906.0	169483020.0	sense	0.0032434256574342566	2.4889960520843295	0.05
ERG	18	28	5.879063727765285	9.999000099990002e-05	chr3	169482906.0	169483020.0	sense	0.0032434256574342566	2.4889960520843295	0.05
Gabpa	19	30	5.815849945241651	9.999000099990002e-05	chr3	169482906.0	169483020.0	sense	0.0032434256574342566	2.4889960520843295	0.05
FEV	18	28	5.8123032258572795	9.999000099990002e-05	chr3	169482906.0	169483020.0	sense	0.0032434256574342566	2.4889960520843295	0.05
ETS1	18	28	5.666086478894855	9.999000099990002e-05	chr3	169482906.0	169483020.0	sense	0.0032434256574342566	2.4889960520843295	0.05
ETV3	18	28	5.641534430552196	9.999000099990002e-05	chr3	169482906.0	169483020.0	sense	0.0032434256574342566	2.4889960520843295	0.05
FLI1	18	28	5.405867945578554	9.999000099990002e-05	chr3	169482906.0	169483020.0	sense	0.0032434256574342566	2.4889960520843295	0.05
ETV4	18	28	5.379842162011115	0.00019998000199980003	chr3	169482906.0	169483020.0	sense	0.0043245675432456755	2.3640573154760296	0.05
ELF5	17	28	5.370896444866015	9.999000099990002e-05	chr3	169482906.0	169483020.0	sense	0.0032434256574342566	2.4889960520843295	0.05
ERF	18	28	5.360761834374072	9.999000099990002e-05	chr3	169482906.0	169483020.0	sense	0.0032434256574342566	2.4889960520843295	0.05
ETV1	18	28	5.31262536209726	0.00019998000199980003	chr3	169482906.0	169483020.0	sense	0.0043245675432456755	2.3640573154760296	0.05
ETV2	17	28	5.107845139435893	9.999000099990002e-05	chr3	169482906.0	169483020.0	sense	0.0032434256574342566	2.4889960520843295	0.05
ELK3	18	28	5.017662144997648	9.999000099990002e-05	chr3	169482906.0	169483020.0	sense	0.0032434256574342566	2.4889960520843295	0.05
Stat4	15	29	5.004200977728934	9.999000099990002e-05	chr3	169482906.0	169483020.0	sense	0.0032434256574342566	2.4889960520843295	0.05
ELK1	18	28	4.884460883005576	9.999000099990002e-05	chr3	169482906.0	169483020.0	sense	0.0032434256574342566	2.4889960520843295	0.05
NFATC1	18	28	4.739350958769374	0.0004999500049995	chr3	169482906.0	169483020.0	antisense	0.008649135086491351	2.0630273198120483	0.05
ETV6	18	28	4.6349873724806425	0.00019998000199980003	chr3	169482906.0	169483020.0	sense	0.0043245675432456755	2.3640573154760296	0.05
Stat6	13	28	4.492657340474013	0.00019998000199980003	chr3	169482906.0	169483020.0	antisense	0.0043245675432456755	2.3640573154760296	0.05
ELF1	16	28	4.413673903407411	9.999000099990002e-05	chr3	169482906.0	169483020.0	sense	0.0032434256574342566	2.4889960520843295	0.05
NFATC3	18	28	4.369055729428064	0.0007999200079992001	chr3	169482906.0	169483020.0	antisense	0.012580560125805603	1.9003000223143487	0.05
ELF4	16	28	4.32314672467928	9.999000099990002e-05	chr3	169482906.0	169483020.0	sense	0.0032434256574342566	2.4889960520843295	0.05
MEF2C	16	31	4.266755773454952	0.00039996000399960006	chr3	169482906.0	169483020.0	sense	0.007157904899165256	2.1452140759993985	0.05
EHF	16	28	4.117306203625058	0.00019998000199980003	chr3	169482906.0	169483020.0	sense	0.0043245675432456755	2.3640573154760296	0.05
REL	21	31	4.067201287007047	0.0005999400059994001	chr3	169482906.0	169483020.0	antisense	0.00973027697230277	2.011874797364667	0.05
NFATC2	20	27	3.787897267540642	0.00039996000399960006	chr3	169482906.0	169483020.0	antisense	0.007157904899165256	2.1452140759993985	0.05
ELF3	16	29	3.5430906375512694	0.0005999400059994001	chr3	169482906.0	169483020.0	sense	0.00973027697230277	2.011874797364667	0.05
THAP1	17	26	3.5129888751672547	0.0122987701229877	chr3	169482906.0	169483020.0	antisense	0.13876221073544817	0.857728789670581	0.05
STAT1	15	26	3.4302386925857538	0.00039996000399960006	chr3	169482906.0	169483020.0	antisense	0.007157904899165256	2.1452140759993985	0.05
MEOX2	21	31	3.4282429314550176	0.015798420157984203	chr3	169482906.0	169483020.0	sense	0.1500231795002318	0.8238416346021972	0.05
E2F4	16	27	3.415027319728817	0.00019998000199980003	chr3	169482906.0	169483020.0	sense	0.0043245675432456755	2.3640573154760296	0.05
GSX2	21	31	3.382569837002608	0.031096890310968902	chr3	169482906.0	169483020.0	sense	0.22108611056702548	0.6554385405220232	0.05
Stat5a::Stat5b	16	27	3.367910137955154	0.0008999100089991	chr3	169482906.0	169483020.0	antisense	0.013736861607956851	1.862112477031335	0.05
E2F7	13	27	3.3608860149128654	0.00039996000399960006	chr3	169482906.0	169483020.0	antisense	0.007157904899165256	2.1452140759993985	0.05
Barhl1	21	31	3.3295123490778735	0.029197080291970802	chr3	169482906.0	169483020.0	sense	0.2104622871046229	0.6768257144112549	0.05
GSC2	19	29	3.322328335760621	0.014498550144985502	chr3	169482906.0	169483020.0	antisense	0.1500231795002318	0.8238416346021972	0.05
E2F6	16	27	3.320588490117555	0.00019998000199980003	chr3	169482906.0	169483020.0	sense	0.0043245675432456755	2.3640573154760296	0.05
RELA	21	31	3.306050828195017	0.00039996000399960006	chr3	169482906.0	169483020.0	antisense	0.007157904899165256	2.1452140759993985	0.05
MIXL1	21	31	3.2982637454136814	0.020897910208979104	chr3	169482906.0	169483020.0	antisense	0.1719015598440156	0.7647201824835406	0.05
ESX1	21	31	3.277788725438311	0.0202979702029797	chr3	169482906.0	169483020.0	antisense	0.170750666868797	0.7676375915007599	0.05
NFAT5	18	28	3.2665302613004736	0.004399560043995601	chr3	169482906.0	169483020.0	antisense	0.057084291570842924	1.2434833842701798	0.05
E2F8	14	26	3.262452508528374	0.00019998000199980003	chr3	169482906.0	169483020.0	antisense	0.0043245675432456755	2.3640573154760296	0.05
Hoxd9	22	32	3.238143098352952	0.003999600039996	chr3	169482906.0	169483020.0	sense	0.056102497858322276	1.2510178021674374	0.05
HOXA2	21	31	3.217269996743113	0.015598440155984402	chr3	169482906.0	169483020.0	antisense	0.1500231795002318	0.8238416346021972	0.05
SPDEF	17	28	3.1983461673688365	0.0010998900109989002	chr3	169482906.0	169483020.0	sense	0.016309797591669405	1.7875514286204555	0.05
HOXB2	21	31	3.18887748978465	0.022997700229977002	chr3	169482906.0	169483020.0	sense	0.17892091387876136	0.7473388922370869	0.05
GSX1	21	31	3.1384146279177716	0.0463953604639536	chr3	169482906.0	169483020.0	sense	0.27362718273627185	0.5628407610236925	0.05
Hoxd8	16	33	3.119656269075091	0.020397960203979604	chr3	169482906.0	169483020.0	antisense	0.170750666868797	0.7676375915007599	0.05
SPIC	14	28	3.0938640316371493	0.005499450054994501	chr3	169482906.0	169483020.0	sense	0.06961498972054014	1.1572972366538965	0.05
Bcl6	12	26	3.0657566809825827	0.007399260073992601	chr3	169482906.0	169483020.0	antisense	0.08930734833493394	1.0491128052770153	0.05
LBX2	21	31	3.0531647830411903	0.038196180381961806	chr3	169482906.0	169483020.0	antisense	0.2522481929022288	0.5981719363513154	0.05
CDX1	22	31	3.02462900876836	0.004399560043995601	chr3	169482906.0	169483020.0	sense	0.057084291570842924	1.2434833842701798	0.05
EMX1	21	31	3.017980884014187	0.024297570242975703	chr3	169482906.0	169483020.0	antisense	0.1854476317074175	0.731778708536329	0.05
EVX1	21	31	3.0062363224841278	0.024697530246975304	chr3	169482906.0	169483020.0	sense	0.18576837968377077	0.7310282069059943	0.05
Dlx3	22	30	2.9799600868949954	0.0164983501649835	chr3	169482906.0	169483020.0	antisense	0.15290435242190067	0.8155801522206989	0.05
EVX2	21	31	2.9609126837239477	0.027997200279972004	chr3	169482906.0	169483020.0	sense	0.2046555907789503	0.6889763868052609	0.05
ALX3	21	31	2.9512381147478246	0.0336966303369663	chr3	169482906.0	169483020.0	sense	0.230112515064283	0.6380597608378576	0.05
SPIB	18	25	2.91775243444633	0.0016998300169983002	chr3	169482906.0	169483020.0	sense	0.02450588274505883	1.610729648817418	0.05
STAT3	15	26	2.8741159574719783	0.004299570042995701	chr3	169482906.0	169483020.0	antisense	0.057084291570842924	1.2434833842701798	0.05
Dlx4	22	30	2.8335991908234166	0.015898410158984102	chr3	169482906.0	169483020.0	antisense	0.1500231795002318	0.8238416346021972	0.05
Pax2	19	27	2.826111268608833	0.0390960903909609	chr3	169482906.0	169483020.0	antisense	0.25363588641135887	0.5957892990244815	0.05
Dlx1	21	31	2.742904212486403	0.0524947505249475	chr3	169482906.0	169483020.0	antisense	0.2842733425772467	0.5462638638917066	0.05
RAX	21	31	2.7025716653168144	0.017998200179982	chr3	169482906.0	169483020.0	sense	0.15654934506549348	0.8053487449428639	0.05
HOXA5	20	28	2.6715870756529796	0.0072992700729927005	chr3	169482906.0	169483020.0	sense	0.08930734833493394	1.0491128052770153	0.05
DLX6	22	30	2.6428277393984643	0.014898510148985102	chr3	169482906.0	169483020.0	antisense	0.1500231795002318	0.8238416346021972	0.05
HOXA10	21	32	2.6361885967096503	0.03189681031896811	chr3	169482906.0	169483020.0	sense	0.22141785821417856	0.654787354500199	0.05
Arid5a	18	32	2.5815811455761417	0.07079292070792921	chr3	169482906.0	169483020.0	antisense	0.2962499025687982	0.528341783813368	0.05
LMX1B	22	30	2.5165907356032684	0.043195680431956804	chr3	169482906.0	169483020.0	sense	0.26863196033337844	0.5708423186565101	0.05
POU5F1B	18	27	2.4763063366870663	0.013898610138986101	chr3	169482906.0	169483020.0	sense	0.1500231795002318	0.8238416346021972	0.05
Dlx2	22	30	2.469252720228793	0.014598540145985401	chr3	169482906.0	169483020.0	sense	0.1500231795002318	0.8238416346021972	0.05
HOXB3	21	31	2.4489711262066716	0.0801919808019198	chr3	169482906.0	169483020.0	antisense	0.3128951810701283	0.5046011254149056	0.05
Prrx2	22	30	2.3947351058770763	0.060193980601939805	chr3	169482906.0	169483020.0	antisense	0.2842733425772467	0.5462638638917066	0.05
MNX1	21	31	2.3941119135151623	0.0446955304469553	chr3	169482906.0	169483020.0	sense	0.2697323290926721	0.5690669975400362	0.05
Hand1::Tcf3	16	26	2.391877891687238	0.031996800319968	chr3	169482906.0	169483020.0	sense	0.22141785821417856	0.654787354500199	0.05
VAX1	22	30	2.373845648080823	0.05499450054994501	chr3	169482906.0	169483020.0	antisense	0.2842733425772467	0.5462638638917066	0.05
HESX1	21	31	2.366754146702877	0.0211978802119788	chr3	169482906.0	169483020.0	sense	0.1719015598440156	0.7647201824835406	0.05
TP53	12	30	2.358614230867294	0.011398860113988602	chr3	169482906.0	169483020.0	antisense	0.13146685331466854	0.8811837318672759	0.05
HLTF	21	31	2.3387304276311704	0.06979302069793021	chr3	169482906.0	169483020.0	antisense	0.2962499025687982	0.528341783813368	0.05
RAX2	22	30	2.3022266741215343	0.0603939606039396	chr3	169482906.0	169483020.0	antisense	0.2842733425772467	0.5462638638917066	0.05
UNCX	22	30	2.290180338309705	0.0613938606139386	chr3	169482906.0	169483020.0	sense	0.2842733425772467	0.5462638638917066	0.05
Hes2	18	31	2.2852617776231905	0.22577742225777422	chr3	169482906.0	169483020.0	sense	0.5480479989384239	0.2611814036301947	0.05
TP73	12	30	2.25895430070339	0.022897710228977103	chr3	169482906.0	169483020.0	antisense	0.17892091387876136	0.7473388922370869	0.05
POU2F1	16	28	2.248342881473124	0.0403959604039596	chr3	169482906.0	169483020.0	sense	0.25883337592166705	0.5869797231964498	0.05
Pou5f1::Sox2	18	33	2.24300794704097	0.038396160383961604	chr3	169482906.0	169483020.0	sense	0.2522481929022288	0.5981719363513154	0.05
BATF::JUN	22	33	2.2157515680283377	0.017598240175982403	chr3	169482906.0	169483020.0	sense	0.15654934506549348	0.8053487449428639	0.05
SHOX	22	30	2.2145792509767275	0.0603939606039396	chr3	169482906.0	169483020.0	sense	0.2842733425772467	0.5462638638917066	0.05
HOXB13	22	32	2.2102843408885744	0.015898410158984102	chr3	169482906.0	169483020.0	sense	0.1500231795002318	0.8238416346021972	0.05
Gfi1	22	32	2.2038472363706836	0.058894110588941104	chr3	169482906.0	169483020.0	sense	0.2842733425772467	0.5462638638917066	0.05
NKX6-2	22	30	2.182896968882323	0.06569343065693431	chr3	169482906.0	169483020.0	sense	0.2920182558015385	0.5345899973665127	0.05
Hes1	17	27	2.1726337917296092	0.3802619738026197	chr3	169482906.0	169483020.0	sense	0.6949153676181677	0.15806808406386003	0.05
LMX1A	22	30	2.1665475523961217	0.051794820517948204	chr3	169482906.0	169483020.0	sense	0.2842733425772467	0.5462638638917066	0.05
TEAD4	19	29	2.1532298102577636	0.05729427057294271	chr3	169482906.0	169483020.0	antisense	0.2842733425772467	0.5462638638917066	0.05
Ddit3::Cebpa	21	33	2.134336669465149	0.06189381061893811	chr3	169482906.0	169483020.0	antisense	0.2842733425772467	0.5462638638917066	0.05
NOTO	21	31	2.134009499364571	0.054394560543945605	chr3	169482906.0	169483020.0	antisense	0.2842733425772467	0.5462638638917066	0.05
LHX9	22	30	2.116164660112669	0.058394160583941604	chr3	169482906.0	169483020.0	sense	0.2842733425772467	0.5462638638917066	0.05
Hoxd3	17	33	2.0984936946268062	0.13258674132586742	chr3	169482906.0	169483020.0	sense	0.42508897258422307	0.37152016110660024	0.05
PRRX1	22	30	2.0762238272990907	0.05069493050694931	chr3	169482906.0	169483020.0	sense	0.2842733425772467	0.5462638638917066	0.05
TEAD1	19	29	2.0438668255772887	0.0724927507249275	chr3	169482906.0	169483020.0	antisense	0.2962499025687982	0.528341783813368	0.05
Hoxc9	17	30	2.0332544574954405	0.05089491050894911	chr3	169482906.0	169483020.0	sense	0.2842733425772467	0.5462638638917066	0.05
Arid3b	22	33	2.0134634227702413	0.0660933906609339	chr3	169482906.0	169483020.0	antisense	0.2920182558015385	0.5345899973665127	0.05
Lhx4	22	30	1.9876804723340262	0.058194180581941805	chr3	169482906.0	169483020.0	antisense	0.2842733425772467	0.5462638638917066	0.05
TBP	18	33	1.9839568956177362	0.1867813218678132	chr3	169482906.0	169483020.0	antisense	0.505974402559744	0.29587145372986795	0.05
RFX4	12	28	1.9771752520042083	0.054094590540945904	chr3	169482906.0	169483020.0	sense	0.2842733425772467	0.5462638638917066	0.05
POU3F1	17	29	1.9455306542025101	0.0790920907909209	chr3	169482906.0	169483020.0	sense	0.3109757206097572	0.5072735171365781	0.05
MZF1(var.2)	16	26	1.9251775318469688	0.0724927507249275	chr3	169482906.0	169483020.0	sense	0.2962499025687982	0.528341783813368	0.05
Foxo1	20	31	1.9187516312649393	0.0354964503549645	chr3	169482906.0	169483020.0	antisense	0.2392552952496958	0.6211384415457926	0.05
POU1F1	16	30	1.8991864289586484	0.06629337066293371	chr3	169482906.0	169483020.0	sense	0.2920182558015385	0.5345899973665127	0.05
SPI1	14	28	1.8984471751019467	0.009099090090990901	chr3	169482906.0	169483020.0	sense	0.10732790357327905	0.9692873535934986	0.05
GCM2	15	25	1.8945086707554943	0.0688931106889311	chr3	169482906.0	169483020.0	sense	0.2962499025687982	0.528341783813368	0.05
NRL	22	33	1.8927529471919988	0.26177382261773824	chr3	169482906.0	169483020.0	antisense	0.5856060945629575	0.23239441210456746	0.05
BARHL2	21	31	1.8881268310404244	0.146985301469853	chr3	169482906.0	169483020.0	sense	0.4487374791932571	0.34800765605850265	0.05
Shox2	22	30	1.8567936444974407	0.0514948505149485	chr3	169482906.0	169483020.0	sense	0.2842733425772467	0.5462638638917066	0.05
YY2	14	25	1.8548954968897684	0.0882911708829117	chr3	169482906.0	169483020.0	antisense	0.3268268917789072	0.4856822163051837	0.05
Pax6	12	26	1.8462457188155392	0.10028997100289971	chr3	169482906.0	169483020.0	antisense	0.34700329967003296	0.459666395463668	0.05
IRF7	19	33	1.8378703252847353	0.027097290270972903	chr3	169482906.0	169483020.0	sense	0.20090705215192767	0.6970048185682559	0.05
PRDM1	15	30	1.8303608771496218	0.07639236076392361	chr3	169482906.0	169483020.0	sense	0.3046344220539778	0.516221025282738	0.05
Msx3	22	30	1.8268502778094347	0.043995600439956005	chr3	169482906.0	169483020.0	sense	0.26863196033337844	0.5708423186565101	0.05
POU3F4	18	27	1.8132465435061074	0.0230976902309769	chr3	169482906.0	169483020.0	sense	0.17892091387876136	0.7473388922370869	0.05
TFCP2	16	26	1.7965997917588925	0.06929307069293071	chr3	169482906.0	169483020.0	sense	0.2962499025687982	0.528341783813368	0.05
STAT1::STAT2	15	30	1.788713436170703	0.0453954604539546	chr3	169482906.0	169483020.0	antisense	0.27080740201841885	0.5673394691899194	0.05
POU3F2	17	29	1.781913631650788	0.0570942905709429	chr3	169482906.0	169483020.0	sense	0.2842733425772467	0.5462638638917066	0.05
GSC	21	31	1.7717917806650587	0.14008599140085992	chr3	169482906.0	169483020.0	antisense	0.44332091181125793	0.3532817821903281	0.05
POU6F1	21	31	1.771523492850088	0.09669033096690331	chr3	169482906.0	169483020.0	sense	0.3390694714312353	0.46971131074036054	0.05
BARX1	22	30	1.7518687890547797	0.08199180081991801	chr3	169482906.0	169483020.0	sense	0.3128951810701283	0.5046011254149056	0.05
SRY	21	30	1.749995789316198	0.1080891910808919	chr3	169482906.0	169483020.0	sense	0.36292886840348226	0.44017848539632815	0.05
RARA::RXRA	16	33	1.7441827058757011	0.1136886311368863	chr3	169482906.0	169483020.0	antisense	0.37443091133924583	0.42662830504635485	0.05
LIN54	24	33	1.7367364800536709	0.0428957104289571	chr3	169482906.0	169483020.0	antisense	0.26863196033337844	0.5708423186565101	0.05
Hoxa11	17	29	1.713432969485521	0.14528547145285473	chr3	169482906.0	169483020.0	sense	0.44862910158688274	0.3481125581077816	0.05
CENPB	18	33	1.7123639425364319	0.13438656134386562	chr3	169482906.0	169483020.0	sense	0.4278934069783206	0.3686644051145561	0.05
TFAP2C	13	25	1.7101399687601004	0.16778322167783222	chr3	169482906.0	169483020.0	sense	0.47098046952061545	0.3269971016933699	0.05
BSX	22	30	1.7028410475544205	0.09519048095190481	chr3	169482906.0	169483020.0	sense	0.33608067764652105	0.4735564557921066	0.05
PDX1	22	30	1.686939760394652	0.057694230576942306	chr3	169482906.0	169483020.0	sense	0.2842733425772467	0.5462638638917066	0.05
TP63	12	30	1.6819488573336523	0.018098190180981903	chr3	169482906.0	169483020.0	sense	0.15654934506549348	0.8053487449428639	0.05
NFIX	18	27	1.6805967925175567	0.2131786821317868	chr3	169482906.0	169483020.0	antisense	0.531921807819218	0.2741522040366317	0.05
FOXP1	17	32	1.6701621867617553	0.09399060093990601	chr3	169482906.0	169483020.0	sense	0.33608067764652105	0.4735564557921066	0.05
HSF4	17	30	1.6699381042688586	0.11858814118588142	chr3	169482906.0	169483020.0	sense	0.38708959292749967	0.4121885047206125	0.05
EGR1	12	26	1.6665558330987282	0.0740925907409259	chr3	169482906.0	169483020.0	antisense	0.2997025878807468	0.523309506979361	0.05
CEBPA	16	27	1.6639774532754799	0.06999300069993	chr3	169482906.0	169483020.0	antisense	0.2962499025687982	0.528341783813368	0.05
NFIC	19	25	1.6612301882103022	0.10028997100289971	chr3	169482906.0	169483020.0	sense	0.34700329967003296	0.459666395463668	0.05
RUNX1	16	27	1.6549345695168445	0.16728327167283272	chr3	169482906.0	169483020.0	antisense	0.47098046952061545	0.3269971016933699	0.05
EN2	21	31	1.6383871051629766	0.21577842215778423	chr3	169482906.0	169483020.0	antisense	0.5358325411477991	0.27097091519256694	0.05
Tcfl5	16	26	1.6205466542761968	0.523047695230477	chr3	169482906.0	169483020.0	sense	0.8055244920611797	0.0939212502723074	0.05
NFKB2	19	32	1.6201845125239422	0.05349465053494651	chr3	169482906.0	169483020.0	antisense	0.2842733425772467	0.5462638638917066	0.05
Pitx1	22	30	1.6073053960180659	0.15808419158084192	chr3	169482906.0	169483020.0	antisense	0.46093087320481435	0.33636420180508975	0.05
VSX1	22	30	1.5955400256200571	0.1678832116788321	chr3	169482906.0	169483020.0	antisense	0.47098046952061545	0.3269971016933699	0.05
Nr2e1	21	30	1.595413314034396	0.08309169083091691	chr3	169482906.0	169483020.0	sense	0.3147780112499699	0.5019956128007006	0.05
Nkx2-5	23	30	1.594637114029442	0.07689231076892311	chr3	169482906.0	169483020.0	antisense	0.3046344220539778	0.516221025282738	0.05
SP1	15	26	1.5647995134191894	0.043695630436956304	chr3	169482906.0	169483020.0	antisense	0.26863196033337844	0.5708423186565101	0.05
MEOX1	21	31	1.5647433491847251	0.18718128187181282	chr3	169482906.0	169483020.0	sense	0.505974402559744	0.29587145372986795	0.05
CUX1	23	33	1.5614760878914222	0.10218978102189781	chr3	169482906.0	169483020.0	sense	0.34892431809450636	0.45726876157448343	0.05
E2F1	14	26	1.5591930416701691	0.15248475152484753	chr3	169482906.0	169483020.0	antisense	0.4521005526565987	0.3447649620752733	0.05
PITX3	22	31	1.5583879648201915	0.19438056194380562	chr3	169482906.0	169483020.0	antisense	0.5153866966244551	0.287866795830042	0.05
Gata4	20	31	1.5559207835314708	0.0744925507449255	chr3	169482906.0	169483020.0	antisense	0.2997025878807468	0.523309506979361	0.05
VAX2	22	30	1.5525175069547195	0.22397760223977603	chr3	169482906.0	169483020.0	sense	0.5480479989384239	0.2611814036301947	0.05
ZBTB18	13	26	1.5518901336997588	0.0862913708629137	chr3	169482906.0	169483020.0	antisense	0.3221958379701598	0.4918800739672903	0.05
EBF1	12	26	1.5403740735658358	0.09419058094190581	chr3	169482906.0	169483020.0	sense	0.33608067764652105	0.4735564557921066	0.05
CUX2	23	33	1.5389910848728134	0.11118888111188881	chr3	169482906.0	169483020.0	sense	0.3699168544683993	0.4318958805368278	0.05
ZBTB7C	13	25	1.5260595545842905	0.2400759924007599	chr3	169482906.0	169483020.0	sense	0.5612587389909657	0.2508368838220162	0.05
Mitf	16	26	1.5114503202825489	0.3915608439156084	chr3	169482906.0	169483020.0	antisense	0.7105597132594432	0.14839941942634766	0.05
Hoxa9	22	33	1.5074092752896286	0.0887911208879112	chr3	169482906.0	169483020.0	sense	0.3268268917789072	0.4856822163051837	0.05
GATA1::TAL1	14	32	1.501477461222148	0.19688031196880312	chr3	169482906.0	169483020.0	sense	0.5153866966244551	0.287866795830042	0.05
FOXP2	20	31	1.4956103768986067	0.06129387061293871	chr3	169482906.0	169483020.0	sense	0.2842733425772467	0.5462638638917066	0.05
Pparg::Rxra	18	33	1.484773001634423	0.30796920307969206	chr3	169482906.0	169483020.0	sense	0.6351032865463454	0.1971556398585492	0.05
Hoxb5	17	33	1.4823466023438758	0.30216978302169784	chr3	169482906.0	169483020.0	antisense	0.6302105789421059	0.2005143108769996	0.05
FOXC2	19	31	1.479339189877209	0.14308569143085692	chr3	169482906.0	169483020.0	sense	0.44735827622057067	0.34934452370868363	0.05
HOXD12	17	28	1.4782447423752143	0.0861913808619138	chr3	169482906.0	169483020.0	sense	0.3221958379701598	0.4918800739672903	0.05
RFX3	12	28	1.471512588118276	0.10768923107689231	chr3	169482906.0	169483020.0	antisense	0.36292886840348226	0.44017848539632815	0.05
HINFP	13	25	1.4702742934595503	0.15378462153784622	chr3	169482906.0	169483020.0	sense	0.4521005526565987	0.3447649620752733	0.05
TEAD3	20	28	1.4702166910301493	0.0724927507249275	chr3	169482906.0	169483020.0	antisense	0.2962499025687982	0.528341783813368	0.05
ZNF263	12	33	1.457817522320021	0.10838916108389161	chr3	169482906.0	169483020.0	sense	0.36292886840348226	0.44017848539632815	0.05
HIC2	15	24	1.432869709009416	0.2552744725527447	chr3	169482906.0	169483020.0	sense	0.5810405858977421	0.235793530921513	0.05
EN1	22	30	1.4163573717868676	0.15028497150284972	chr3	169482906.0	169483020.0	sense	0.4508549145085492	0.345963191970292	0.05
FOXH1	21	32	1.4092085692622942	0.10168983101689831	chr3	169482906.0	169483020.0	sense	0.34892431809450636	0.45726876157448343	0.05
VSX2	22	30	1.4054890102797029	0.16428357164283572	chr3	169482906.0	169483020.0	antisense	0.47098046952061545	0.3269971016933699	0.05
Spz1	19	30	1.4044060312846949	0.1693830616938306	chr3	169482906.0	169483020.0	sense	0.472633381823108	0.325475607651633	0.05
Rfx1	13	27	1.390027698552779	0.20087991200879912	chr3	169482906.0	169483020.0	antisense	0.5153866966244551	0.287866795830042	0.05
GBX2	21	31	1.3803520847683846	0.201979802019798	chr3	169482906.0	169483020.0	antisense	0.5153866966244551	0.287866795830042	0.05
HOXC12	17	28	1.3758643970343176	0.11398860113988601	chr3	169482906.0	169483020.0	sense	0.37443091133924583	0.42662830504635485	0.05
CDX2	20	31	1.3755438030923473	0.09249075092490751	chr3	169482906.0	169483020.0	sense	0.33608067764652105	0.4735564557921066	0.05
HOXC11	17	28	1.3739917869333262	0.14608539146085392	chr3	169482906.0	169483020.0	sense	0.44862910158688274	0.3481125581077816	0.05
PAX3	23	33	1.3730658260100086	0.052594740525947405	chr3	169482906.0	169483020.0	sense	0.2842733425772467	0.5462638638917066	0.05
POU3F3	16	29	1.3728343290960283	0.19238076192380762	chr3	169482906.0	169483020.0	sense	0.5153866966244551	0.287866795830042	0.05
GRHL1	15	27	1.370244114970959	0.1533846615338466	chr3	169482906.0	169483020.0	sense	0.4521005526565987	0.3447649620752733	0.05
PAX5	14	33	1.356695783121117	0.23817618238176183	chr3	169482906.0	169483020.0	sense	0.5612587389909657	0.2508368838220162	0.05
RUNX3	16	26	1.3561170742206372	0.15948405159484053	chr3	169482906.0	169483020.0	sense	0.46241465238950974	0.33496841301509794	0.05
HOXC10	18	28	1.3556566095405576	0.17838216178382163	chr3	169482906.0	169483020.0	sense	0.49244862747767776	0.30763906865198043	0.05
PAX4	22	30	1.353346823059051	0.1713828617138286	chr3	169482906.0	169483020.0	sense	0.4756561776977382	0.32270685837772445	0.05
SOX8	15	31	1.3414949248442167	0.014198580141985802	chr3	169482906.0	169483020.0	antisense	0.1500231795002318	0.8238416346021972	0.05
NR4A2	24	32	1.3411900537111343	0.1541845815418458	chr3	169482906.0	169483020.0	sense	0.4521005526565987	0.3447649620752733	0.05
HSF2	17	30	1.3375327230791392	0.09419058094190581	chr3	169482906.0	169483020.0	sense	0.33608067764652105	0.4735564557921066	0.05
ISL2	22	30	1.332639535311445	0.3170682931706829	chr3	169482906.0	169483020.0	antisense	0.6390302830182099	0.19447856056448748	0.05
Arid3a	25	31	1.3315271760057314	0.0663933606639336	chr3	169482906.0	169483020.0	sense	0.2920182558015385	0.5345899973665127	0.05
RFX5	12	28	1.3083607020775658	0.07089291070892911	chr3	169482906.0	169483020.0	antisense	0.2962499025687982	0.528341783813368	0.05
ESR2	12	27	1.3068536403093234	0.3424657534246575	chr3	169482906.0	169483020.0	sense	0.6674411210564337	0.1755870399680823	0.05
PAX7	23	33	1.2814665903299214	0.05749425057494251	chr3	169482906.0	169483020.0	sense	0.2842733425772467	0.5462638638917066	0.05
RHOXF1	22	30	1.2789187839442737	0.2585741425857414	chr3	169482906.0	169483020.0	sense	0.5834781739217383	0.23397538490162242	0.05
OTX1	22	30	1.2787784166872378	0.20157984201579843	chr3	169482906.0	169483020.0	sense	0.5153866966244551	0.287866795830042	0.05
Zfx	14	28	1.266009451466941	0.25637436256374363	chr3	169482906.0	169483020.0	antisense	0.5810405858977421	0.235793530921513	0.05
Pou2f3	15	31	1.264595965650198	0.22597740225977403	chr3	169482906.0	169483020.0	sense	0.5480479989384239	0.2611814036301947	0.05
KLF5	16	26	1.2615980208216864	0.09499050094990501	chr3	169482906.0	169483020.0	antisense	0.33608067764652105	0.4735564557921066	0.05
OTX2	22	30	1.2557379863764664	0.22967703229677033	chr3	169482906.0	169483020.0	sense	0.5514720417359186	0.25847650031825414	0.05
Hic1	17	26	1.232536102701776	0.3124687531246875	chr3	169482906.0	169483020.0	antisense	0.6351032865463454	0.1971556398585492	0.05
BCL6B	12	29	1.2296567323026182	0.0168983101689831	chr3	169482906.0	169483020.0	antisense	0.15386356101231982	0.8128642204872227	0.05
HSF1	17	30	1.226671565777019	0.0816918308169183	chr3	169482906.0	169483020.0	sense	0.3128951810701283	0.5046011254149056	0.05
SOX9	23	32	1.2211283911386606	0.3598640135986401	chr3	169482906.0	169483020.0	sense	0.6859550408595504	0.16370434806361084	0.05
ZBTB7B	12	24	1.2190551548322817	0.18638136186381363	chr3	169482906.0	169483020.0	sense	0.505974402559744	0.29587145372986795	0.05
POU2F2	17	30	1.1954151498251584	0.1678832116788321	chr3	169482906.0	169483020.0	antisense	0.47098046952061545	0.3269971016933699	0.05
NKX2-8	20	29	1.1941947841899363	0.35036496350364965	chr3	169482906.0	169483020.0	antisense	0.6734793187347933	0.17167573609134895	0.05
CEBPE	17	27	1.1882764483287982	0.24647535246475352	chr3	169482906.0	169483020.0	antisense	0.5685364796853648	0.24524166392651847	0.05
TBX19	13	33	1.186007753641619	0.1625837416258374	chr3	169482906.0	169483020.0	sense	0.4687831216878312	0.32902803327366154	0.05
MZF1	18	24	1.1810438391096756	0.1493850614938506	chr3	169482906.0	169483020.0	sense	0.4508549145085492	0.345963191970292	0.05
Foxj3	16	33	1.1657512325256225	0.30356964303569645	chr3	169482906.0	169483020.0	sense	0.6302105789421059	0.2005143108769996	0.05
ZIC4	13	28	1.1642481090723928	0.31186881311868814	chr3	169482906.0	169483020.0	antisense	0.6351032865463454	0.1971556398585492	0.05
Rhox11	13	30	1.1640375076449159	0.49795020497950204	chr3	169482906.0	169483020.0	sense	0.8045307270515185	0.09445736444986812	0.05
HOXD11	18	28	1.1610150019878298	0.1987801219878012	chr3	169482906.0	169483020.0	sense	0.5153866966244551	0.287866795830042	0.05
Tcf12	14	25	1.1595198828293813	0.19558044195580443	chr3	169482906.0	169483020.0	sense	0.5153866966244551	0.287866795830042	0.05
MSX1	21	29	1.1586626779197184	0.34526547345265474	chr3	169482906.0	169483020.0	antisense	0.6686297788131634	0.17481428510773941	0.05
Myog	14	25	1.1497128209848608	0.20257974202579743	chr3	169482906.0	169483020.0	sense	0.5153866966244551	0.287866795830042	0.05
Nr1h3::Rxra	13	32	1.148233413056964	0.3524647535246475	chr3	169482906.0	169483020.0	sense	0.6750155242778305	0.17068623897539303	0.05
GATA5	21	29	1.1412703386121161	0.36206379362063795	chr3	169482906.0	169483020.0	sense	0.6859550408595504	0.16370434806361084	0.05
EMX2	21	31	1.1336817072910885	0.32116788321167883	chr3	169482906.0	169483020.0	sense	0.6435757968604684	0.1914002969030133	0.05
PHOX2A	22	33	1.133672281956319	0.29687031296870314	chr3	169482906.0	169483020.0	sense	0.630151270587227	0.20055518372836892	0.05
HOXC13	17	28	1.1324247224404946	0.19318068193180682	chr3	169482906.0	169483020.0	sense	0.5153866966244551	0.287866795830042	0.05
Rarg(var.2)	14	31	1.1270436844057476	0.052594740525947405	chr3	169482906.0	169483020.0	sense	0.2842733425772467	0.5462638638917066	0.05
FOXC1	18	29	1.1246109808416926	0.23987601239876014	chr3	169482906.0	169483020.0	sense	0.5612587389909657	0.2508368838220162	0.05
GBX1	21	31	1.124100763534663	0.2652734726527347	chr3	169482906.0	169483020.0	antisense	0.5908881214882803	0.22849474047209467	0.05
FOXF2	16	30	1.105368420732341	0.24497550244975502	chr3	169482906.0	169483020.0	sense	0.5675994900509949	0.24595800339803517	0.05
TFAP2A(var.2)	13	25	1.0959443426289464	0.3935606439356064	chr3	169482906.0	169483020.0	antisense	0.711700258545574	0.14770287640309326	0.05
NKX6-1	22	30	1.089808188671908	0.28087191280871915	chr3	169482906.0	169483020.0	sense	0.6108451654834517	0.21406885898455347	0.05
NFYB	12	27	1.0839829260158897	0.3007699230076992	chr3	169482906.0	169483020.0	antisense	0.6302105789421059	0.2005143108769996	0.05
TFE3	15	25	1.0738612424897342	0.5281471852814719	chr3	169482906.0	169483020.0	antisense	0.8078800943435068	0.09265309247939207	0.05
HOXD13	22	32	1.0732531110845462	0.21197880211978803	chr3	169482906.0	169483020.0	sense	0.531921807819218	0.2741522040366317	0.05
NKX2-3	20	30	1.0709828046341578	0.34826517348265174	chr3	169482906.0	169483020.0	antisense	0.6719316915892055	0.17267487497257644	0.05
HOXA13	22	32	1.0650276481072998	0.2548745125487451	chr3	169482906.0	169483020.0	sense	0.5810405858977421	0.235793530921513	0.05
FOXD2	21	28	1.0572119929753563	0.2725727427257274	chr3	169482906.0	169483020.0	sense	0.601979802019798	0.2204180802014864	0.05
TFAP2B(var.3)	17	30	1.0559266394341675	0.24847515248475152	chr3	169482906.0	169483020.0	antisense	0.5706132926530355	0.24365811550645486	0.05
LHX2	21	31	1.0510771772344911	0.3752624737526247	chr3	169482906.0	169483020.0	antisense	0.6922364300672407	0.159745548987488	0.05
Foxk1	16	33	1.0415034787255744	0.29287071292870714	chr3	169482906.0	169483020.0	sense	0.6263682273747935	0.2031702800461648	0.05
Foxa2	21	33	1.0374445085226032	0.2673732626737326	chr3	169482906.0	169483020.0	antisense	0.5930201851609711	0.2269305239125821	0.05
MEIS1	20	27	1.028352629962958	0.4400559944005599	chr3	169482906.0	169483020.0	sense	0.7562551691850683	0.1213316438226103	0.05
MYBL1	12	24	1.0267334790425042	0.23597640235976403	chr3	169482906.0	169483020.0	antisense	0.5612587389909657	0.2508368838220162	0.05
NKX3-2	21	30	1.014556626851628	0.388961103889611	chr3	169482906.0	169483020.0	antisense	0.7083186418200285	0.14977132811120733	0.05
MEIS3	15	23	1.0026775301070265	0.44325567443255676	chr3	169482906.0	169483020.0	sense	0.7592399175923992	0.11962096663137534	0.05
TFAP2A	14	25	1.0019426168052716	0.403959604039596	chr3	169482906.0	169483020.0	sense	0.7254499463548455	0.1393925470743477	0.05
HMBOX1	21	31	0.9797547348712584	0.555044495550445	chr3	169482906.0	169483020.0	antisense	0.82659957499952	0.08270482234902478	0.05
RUNX2	23	32	0.977440994426603	0.31326867313268675	chr3	169482906.0	169483020.0	sense	0.6351032865463454	0.1971556398585492	0.05
FOXP3	22	29	0.9576822442264192	0.37696230376962303	chr3	169482906.0	169483020.0	sense	0.6922364300672407	0.159745548987488	0.05
RFX2	12	28	0.9521619552587778	0.14538546145385461	chr3	169482906.0	169483020.0	antisense	0.44862910158688274	0.3481125581077816	0.05
Sox3	22	32	0.9500175534511104	0.19928007199280073	chr3	169482906.0	169483020.0	antisense	0.5153866966244551	0.287866795830042	0.05
GCM1	15	26	0.9462223632958306	0.36606339366063395	chr3	169482906.0	169483020.0	sense	0.6883583380792356	0.1621854226120914	0.05
TFAP2A(var.3)	17	30	0.9445075992079544	0.37376262373762625	chr3	169482906.0	169483020.0	antisense	0.6922364300672407	0.159745548987488	0.05
FOXI1	21	28	0.9421326570577374	0.1845815418458154	chr3	169482906.0	169483020.0	sense	0.505974402559744	0.29587145372986795	0.05
LHX6	21	31	0.9417418714419128	0.42825717428257176	chr3	169482906.0	169483020.0	antisense	0.7433627874670727	0.12879918335626508	0.05
Foxj2	22	30	0.9413394112115272	0.21227877212278773	chr3	169482906.0	169483020.0	sense	0.531921807819218	0.2741522040366317	0.05
Nkx3-1	21	30	0.939892075707757	0.3758624137586241	chr3	169482906.0	169483020.0	antisense	0.6922364300672407	0.159745548987488	0.05
TBX2	14	25	0.9379490127378267	0.5905409459054095	chr3	169482906.0	169483020.0	sense	0.8540237898215749	0.06853003136681211	0.05
JUN	14	27	0.9325015797099279	0.29747025297470253	chr3	169482906.0	169483020.0	sense	0.630151270587227	0.20055518372836892	0.05
MSX2	22	30	0.9286409527530001	0.32726727327267274	chr3	169482906.0	169483020.0	sense	0.6513693458240383	0.18617268367830492	0.05
XBP1	13	27	0.9268756980166923	0.3364663533646635	chr3	169482906.0	169483020.0	antisense	0.665983401659834	0.17653659463956656	0.05
mix-a	21	32	0.9261350300895462	0.30856914308569144	chr3	169482906.0	169483020.0	antisense	0.6351032865463454	0.1971556398585492	0.05
EGR2	12	23	0.9226197721577392	0.23057694230576942	chr3	169482906.0	169483020.0	antisense	0.5514720417359186	0.25847650031825414	0.05
TFAP2C(var.3)	17	30	0.9213989887889046	0.3377662233776622	chr3	169482906.0	169483020.0	antisense	0.665983401659834	0.17653659463956656	0.05
Atoh1	22	32	0.916277010881741	0.42995700429957007	chr3	169482906.0	169483020.0	sense	0.7438256174382561	0.12852886856848075	0.05
Gata1	21	32	0.913179569987096	0.2842715728427157	chr3	169482906.0	169483020.0	antisense	0.6121864991924043	0.21311625231283113	0.05
SOX4	15	31	0.9065210947695614	0.05549445055494451	chr3	169482906.0	169483020.0	antisense	0.2842733425772467	0.5462638638917066	0.05
ZBTB7A	12	24	0.8911720972498758	0.46055394460553944	chr3	169482906.0	169483020.0	antisense	0.7785911962549674	0.10869051127737893	0.05
FIGLA	14	24	0.8892354021511724	0.5136486351364864	chr3	169482906.0	169483020.0	antisense	0.8055244920611797	0.0939212502723074	0.05
ZIC3	13	28	0.8878370805412894	0.2612738726127387	chr3	169482906.0	169483020.0	antisense	0.5856060945629575	0.23239441210456746	0.05
FOXO4	21	28	0.887006764284996	0.2445755424457554	chr3	169482906.0	169483020.0	sense	0.5675994900509949	0.24595800339803517	0.05
Tcf7	21	33	0.8818695749794178	0.21747825217478253	chr3	169482906.0	169483020.0	sense	0.5374819660891054	0.26963610287166795	0.05
TFAP2B	13	25	0.8785413747599385	0.5178482151784821	chr3	169482906.0	169483020.0	sense	0.8055244920611797	0.0939212502723074	0.05
ZNF740	15	25	0.8777724571182645	0.1962803719628037	chr3	169482906.0	169483020.0	antisense	0.5153866966244551	0.287866795830042	0.05
PPARG	13	33	0.8771023182283859	0.21877812218778123	chr3	169482906.0	169483020.0	sense	0.538131968793642	0.26911120706470426	0.05
FOXB1	18	29	0.8742724840330308	0.37066293370662934	chr3	169482906.0	169483020.0	sense	0.6922364300672407	0.159745548987488	0.05
MAFG::NFE2L1	24	30	0.8708865637336415	0.41045895410458955	chr3	169482906.0	169483020.0	sense	0.7270586934480613	0.13843052832705474	0.05
Sox11	15	30	0.8707887543113008	0.06429357064293571	chr3	169482906.0	169483020.0	antisense	0.2920182558015385	0.5345899973665127	0.05
Six3	16	33	0.8675209023701075	0.522047795220478	chr3	169482906.0	169483020.0	antisense	0.8055244920611797	0.0939212502723074	0.05
TFEB	15	25	0.8619292109214676	0.47825217478252174	chr3	169482906.0	169483020.0	antisense	0.7930123920515296	0.10072002610288917	0.05
INSM1	13	25	0.86146043850777	0.29327067293270676	chr3	169482906.0	169483020.0	sense	0.6263682273747935	0.2031702800461648	0.05
HNF4G	13	28	0.8571116951502595	0.4991500849915009	chr3	169482906.0	169483020.0	antisense	0.8045307270515185	0.09445736444986812	0.05
FOXD1	21	29	0.8570286122595335	0.3387661233876612	chr3	169482906.0	169483020.0	sense	0.665983401659834	0.17653659463956656	0.05
ISX	22	30	0.8549663677241551	0.3013698630136986	chr3	169482906.0	169483020.0	sense	0.6302105789421059	0.2005143108769996	0.05
Dux	22	30	0.8524302727538993	0.28247175282471754	chr3	169482906.0	169483020.0	sense	0.6108451654834517	0.21406885898455347	0.05
MEIS2	15	23	0.8511857330134694	0.4096590340965903	chr3	169482906.0	169483020.0	sense	0.7270586934480613	0.13843052832705474	0.05
NEUROD2	22	32	0.8499589244617395	0.5508449155084492	chr3	169482906.0	169483020.0	antisense	0.8262673732626737	0.08287939584786003	0.05
HEY2	22	32	0.849924265883077	0.46815318468153183	chr3	169482906.0	169483020.0	sense	0.7837790414506937	0.10580635390207194	0.05
Neurog1	22	32	0.8477353814483436	0.914008599140086	chr3	169482906.0	169483020.0	antisense	0.9992000799920008	0.0003475398660234406	0.05
SP8	12	24	0.8474151505755587	0.41455854414558546	chr3	169482906.0	169483020.0	sense	0.7318227360937375	0.13559410208272013	0.05
SP3	15	26	0.8428905293390286	0.4714528547145285	chr3	169482906.0	169483020.0	antisense	0.7852416681408783	0.10499666301559268	0.05
Gfi1b	13	24	0.8427814589699629	0.37676232376762325	chr3	169482906.0	169483020.0	sense	0.6922364300672407	0.159745548987488	0.05
NFKB1	19	32	0.8403545976674857	0.1326867313268673	chr3	169482906.0	169483020.0	sense	0.42508897258422307	0.37152016110660024	0.05
FOXO6	21	28	0.8306870971182839	0.22977702229777022	chr3	169482906.0	169483020.0	sense	0.5514720417359186	0.25847650031825414	0.05
TBX5	17	25	0.8284368329995828	0.6457354264573543	chr3	169482906.0	169483020.0	sense	0.9021605903925737	0.04471614836318555	0.05
Sox5	23	30	0.8240390913313028	0.32756724327567244	chr3	169482906.0	169483020.0	antisense	0.6513693458240383	0.18617268367830492	0.05
Nobox	21	29	0.8202814415138677	0.44575542445755423	chr3	169482906.0	169483020.0	antisense	0.7610100832022061	0.11860958889293963	0.05
FOXL1	21	28	0.8192391622369127	0.274972502749725	chr3	169482906.0	169483020.0	sense	0.604706478504692	0.2184553785682487	0.05
Gmeb1	13	30	0.8177892067630649	0.9228077192280771	chr3	169482906.0	169483020.0	sense	0.9992000799920008	0.0003475398660234406	0.05
TEF	21	33	0.8031212599618629	0.34336566343365665	chr3	169482906.0	169483020.0	antisense	0.6674411210564337	0.1755870399680823	0.05
OLIG3	22	32	0.7963140944487235	0.5616438356164384	chr3	169482906.0	169483020.0	antisense	0.828111806383101	0.08191102358087662	0.05
MAFK	13	28	0.7936284268696931	0.5792420757924207	chr3	169482906.0	169483020.0	sense	0.8444568464501864	0.07342253890222288	0.05
GATA2	13	27	0.7864304859698236	0.48075192480751927	chr3	169482906.0	169483020.0	antisense	0.7946186273092437	0.09984125850693658	0.05
Sox17	22	31	0.786188013620127	0.5357464253574643	chr3	169482906.0	169483020.0	sense	0.8154029171862873	0.08862773914871243	0.05
TFAP2B(var.2)	14	25	0.7825510237865065	0.4941505849415059	chr3	169482906.0	169483020.0	sense	0.8014504799520049	0.09612330668225014	0.05
TAL1::TCF3	14	26	0.7763151414026206	0.42275772422757724	chr3	169482906.0	169483020.0	antisense	0.7412542529530831	0.1300328018519547	0.05
VENTX	15	24	0.769748438650247	0.47205279472052797	chr3	169482906.0	169483020.0	antisense	0.7852416681408783	0.10499666301559268	0.05
TFAP2C(var.2)	14	25	0.7687596392132359	0.5469453054694531	chr3	169482906.0	169483020.0	sense	0.8227959812714382	0.08470783816824812	0.05
IRF8	19	33	0.7630304618738804	0.14188581141885812	chr3	169482906.0	169483020.0	sense	0.4462953704629537	0.3503776181848371	0.05
POU6F2	22	32	0.7522739229801285	0.5093490650934906	chr3	169482906.0	169483020.0	antisense	0.8055244920611797	0.0939212502723074	0.05
MAFF	12	30	0.7480480248810556	0.6325367463253675	chr3	169482906.0	169483020.0	sense	0.889665504994216	0.05077324800776114	0.05
FOXA1	17	32	0.7458725336132357	0.5042495750424958	chr3	169482906.0	169483020.0	antisense	0.8055244920611797	0.0939212502723074	0.05
FOS::JUN	17	24	0.7455679978724806	0.5526447355264473	chr3	169482906.0	169483020.0	sense	0.8265781491015164	0.08271607963750338	0.05
USF1	21	32	0.7421828316035639	0.5196480351964804	chr3	169482906.0	169483020.0	antisense	0.8055244920611797	0.0939212502723074	0.05
Dmbx1	15	32	0.7394683527437879	0.6036396360363964	chr3	169482906.0	169483020.0	sense	0.8639127822754914	0.06353010021606094	0.05
Arntl	23	33	0.7298438290053602	0.6584341565843416	chr3	169482906.0	169483020.0	antisense	0.9129945273189216	0.03953182571029791	0.05
RORA	15	25	0.7211322497271956	0.46425357464253575	chr3	169482906.0	169483020.0	antisense	0.7811092677140054	0.10728820934172295	0.05
Nkx2-5(var.2)	14	25	0.7208675647317916	0.5384461553844615	chr3	169482906.0	169483020.0	antisense	0.817115656855367	0.08771646785053949	0.05
RARA(var.2)	14	31	0.7196037091864962	0.14958504149585042	chr3	169482906.0	169483020.0	sense	0.4508549145085492	0.345963191970292	0.05
TCF4	14	24	0.7164051786414044	0.48885111488851113	chr3	169482906.0	169483020.0	sense	0.7978419139218152	0.09808315214900197	0.05
NRF1	12	23	0.7152601592680559	0.42715728427157285	chr3	169482906.0	169483020.0	antisense	0.7433627874670727	0.12879918335626508	0.05
TCF3	14	24	0.7058034137405256	0.5654434556544345	chr3	169482906.0	169483020.0	sense	0.8285627775250644	0.08167458090807614	0.05
EGR4	12	28	0.6988161929198108	0.5587441255874412	chr3	169482906.0	169483020.0	antisense	0.828111806383101	0.08191102358087662	0.05
YY1	12	24	0.6948517656356906	0.52004799520048	chr3	169482906.0	169483020.0	sense	0.8055244920611797	0.0939212502723074	0.05
Esrrg	22	32	0.6804135071525413	0.5192480751924807	chr3	169482906.0	169483020.0	sense	0.8055244920611797	0.0939212502723074	0.05
IRF9	18	33	0.6639688294873001	0.12868713128687131	chr3	169482906.0	169483020.0	sense	0.41742888211178886	0.3794175051799429	0.05
ZEB1	14	23	0.6629586651301954	0.42215778422157785	chr3	169482906.0	169483020.0	antisense	0.7412542529530831	0.1300328018519547	0.05
GATA3	23	31	0.6585219862192772	0.28087191280871915	chr3	169482906.0	169483020.0	sense	0.6108451654834517	0.21406885898455347	0.05
Lhx8	22	30	0.6514538996140371	0.6303369663033697	chr3	169482906.0	169483020.0	antisense	0.8889806671506763	0.05110768362042357	0.05
KLF16	14	25	0.6407812507718689	0.37746225377462256	chr3	169482906.0	169483020.0	antisense	0.6922364300672407	0.159745548987488	0.05
ID4	14	24	0.6364166942752124	0.6634336566343366	chr3	169482906.0	169483020.0	sense	0.9129945273189216	0.03953182571029791	0.05
Lhx3	20	33	0.6306143014319728	0.36346365363463656	chr3	169482906.0	169483020.0	antisense	0.6859550408595504	0.16370434806361084	0.05
POU4F3	14	30	0.6303814868238684	0.6684331566843316	chr3	169482906.0	169483020.0	sense	0.9129945273189216	0.03953182571029791	0.05
NHLH1	14	24	0.625439039227745	0.6255374462553744	chr3	169482906.0	169483020.0	sense	0.8846156256308974	0.05324539362870259	0.05
SNAI2	15	24	0.6144762678685917	0.7751224877512248	chr3	169482906.0	169483020.0	antisense	0.9705698494898711	0.012973204060870764	0.05
ZNF354C	19	25	0.6137456358641774	0.5086491350864913	chr3	169482906.0	169483020.0	antisense	0.8055244920611797	0.0939212502723074	0.05
EOMES	15	28	0.6128720428764015	0.7541245875412459	chr3	169482906.0	169483020.0	sense	0.9569453812564954	0.019112849366145223	0.05
Sox6	22	32	0.6127674588031942	0.39566043395660433	chr3	169482906.0	169483020.0	antisense	0.7130130736926308	0.14690250692160792	0.05
USF2	22	33	0.6123944524606333	0.5937406259374063	chr3	169482906.0	169483020.0	sense	0.8559760690597608	0.06753837693566621	0.05
NR2F1	12	25	0.6050006195021763	0.6801319868013199	chr3	169482906.0	169483020.0	sense	0.9216409951694127	0.03543821580032418	0.05
GLIS3	13	27	0.6040278198444697	0.23847615238476152	chr3	169482906.0	169483020.0	sense	0.5612587389909657	0.2508368838220162	0.05
TFAP4	14	24	0.603481002013053	0.4874512548745126	chr3	169482906.0	169483020.0	sense	0.7978419139218152	0.09808315214900197	0.05
LBX1	22	30	0.6019292627182049	0.6042395760423958	chr3	169482906.0	169483020.0	antisense	0.8639127822754914	0.06353010021606094	0.05
CREB1	21	29	0.5956203416544437	0.6863313668633136	chr3	169482906.0	169483020.0	sense	0.9252103361092462	0.03375952409625648	0.05
POU4F1	14	28	0.5876422295921715	0.7087291270872913	chr3	169482906.0	169483020.0	sense	0.9337124515396561	0.029786849612437556	0.05
NEUROG2	22	32	0.5805253147080222	0.42645735426457354	chr3	169482906.0	169483020.0	antisense	0.7433627874670727	0.12879918335626508	0.05
Atf3	24	32	0.5785962627991232	0.6111388861113889	chr3	169482906.0	169483020.0	sense	0.868989265457016	0.06098558831724595	0.05
Bhlha15	15	23	0.5707933419599074	0.5292470752924707	chr3	169482906.0	169483020.0	antisense	0.8078800943435068	0.09265309247939207	0.05
ZBTB33	14	29	0.5701562414052511	0.6647335266473353	chr3	169482906.0	169483020.0	sense	0.9129945273189216	0.03953182571029791	0.05
Nr5a2	13	28	0.5561524473583992	0.6948305169483052	chr3	169482906.0	169483020.0	antisense	0.9275697108952343	0.03265344136849685	0.05
Foxd3	21	33	0.5538731034292714	0.5196480351964804	chr3	169482906.0	169483020.0	antisense	0.8055244920611797	0.0939212502723074	0.05
MAX::MYC	21	32	0.5535946067285726	0.7091290870912909	chr3	169482906.0	169483020.0	sense	0.9337124515396561	0.029786849612437556	0.05
CREB3	12	26	0.5521258395209785	0.5961403859614038	chr3	169482906.0	169483020.0	antisense	0.8570550147201346	0.0669912996374508	0.05
MSC	14	24	0.551050533343358	0.5904409559044096	chr3	169482906.0	169483020.0	antisense	0.8540237898215749	0.06853003136681211	0.05
MAF::NFE2	14	29	0.5467700211893657	0.5558444155584441	chr3	169482906.0	169483020.0	sense	0.82659957499952	0.08270482234902478	0.05
Sox1	15	30	0.5417526341732606	0.3023697630236976	chr3	169482906.0	169483020.0	antisense	0.6302105789421059	0.2005143108769996	0.05
NFIA	17	27	0.5380088031627906	0.6466353364663534	chr3	169482906.0	169483020.0	antisense	0.9021605903925737	0.04471614836318555	0.05
SMAD2::SMAD3::SMAD4	20	33	0.5290584750321857	0.7397260273972602	chr3	169482906.0	169483020.0	antisense	0.9486780386000809	0.022881152992834622	0.05
NR2C2	16	31	0.528713074181594	0.48565143485651435	chr3	169482906.0	169483020.0	sense	0.7978419139218152	0.09808315214900197	0.05
FOXO3	21	29	0.5282301697573174	0.40815918408159185	chr3	169482906.0	169483020.0	sense	0.7270586934480613	0.13843052832705474	0.05
Myb	22	32	0.5274832357608024	0.5907409259074092	chr3	169482906.0	169483020.0	sense	0.8540237898215749	0.06853003136681211	0.05
Rarb(var.2)	14	31	0.5226691528275834	0.20637936206379362	chr3	169482906.0	169483020.0	sense	0.5224921410297995	0.2819202375289854	0.05
GMEB2	23	31	0.49763344617012034	0.7697230276972302	chr3	169482906.0	169483020.0	sense	0.9696268237253943	0.013395378702967333	0.05
Mafb	21	33	0.496125387905379	0.8882111788821118	chr3	169482906.0	169483020.0	sense	0.9992000799920008	0.0003475398660234406	0.05
Ascl2	14	24	0.4893305571531354	0.6702329767023297	chr3	169482906.0	169483020.0	sense	0.9129945273189216	0.03953182571029791	0.05
Sox2	15	23	0.484004351212752	0.4373562643735626	chr3	169482906.0	169483020.0	antisense	0.7541126286042492	0.1225637863206299	0.05
DMRT3	19	30	0.4702867451008717	0.833016698330167	chr3	169482906.0	169483020.0	antisense	0.9981642460753924	0.0007979904809756871	0.05
Mecom	19	33	0.4646628943150272	0.5443455654434557	chr3	169482906.0	169483020.0	sense	0.8212655478638182	0.08551639546863787	0.05
SCRT1	13	28	0.4627791324942123	0.49375062493750627	chr3	169482906.0	169483020.0	sense	0.8014504799520049	0.09612330668225014	0.05
CTCF	13	32	0.460417795361894	0.46055394460553944	chr3	169482906.0	169483020.0	sense	0.7785911962549674	0.10869051127737893	0.05
OLIG2	22	32	0.4578551128279388	0.7315268473152685	chr3	169482906.0	169483020.0	antisense	0.948083246538189	0.023153527720061056	0.05
Crx	19	30	0.45171427010174925	0.6651334866513349	chr3	169482906.0	169483020.0	sense	0.9129945273189216	0.03953182571029791	0.05
Twist2	14	24	0.44554646316069063	0.778022197780222	chr3	169482906.0	169483020.0	antisense	0.9705698494898711	0.012973204060870764	0.05
Klf4	14	24	0.44131721611098057	0.5228477152284772	chr3	169482906.0	169483020.0	sense	0.8055244920611797	0.0939212502723074	0.05
NFIC::TLX1	19	33	0.44012292672157	0.48595140485951405	chr3	169482906.0	169483020.0	antisense	0.7978419139218152	0.09808315214900197	0.05
TBR1	16	26	0.43168134981502215	0.805019498050195	chr3	169482906.0	169483020.0	sense	0.9801814211102255	0.008693533598310413	0.05
GLIS2	13	27	0.42867201647417064	0.5068493150684932	chr3	169482906.0	169483020.0	sense	0.8055244920611797	0.0939212502723074	0.05
ARNT::HIF1A	13	21	0.4163926434545456	0.791020897910209	chr3	169482906.0	169483020.0	antisense	0.9732121574572401	0.01179247446006973	0.05
PLAG1	16	30	0.4158504303836404	0.41045895410458955	chr3	169482906.0	169483020.0	sense	0.7270586934480613	0.13843052832705474	0.05
CEBPD	16	26	0.40940685109246927	0.7159284071592841	chr3	169482906.0	169483020.0	antisense	0.9383001093830011	0.027658233046061548	0.05
CEBPB	16	26	0.4064280874419423	0.7626237376262374	chr3	169482906.0	169483020.0	antisense	0.9653700483610176	0.015306179759426343	0.05
MGA	13	21	0.3919032508768152	0.7753224677532247	chr3	169482906.0	169483020.0	antisense	0.9705698494898711	0.012973204060870764	0.05
Creb3l2	15	24	0.3829166603872817	0.6696330366963303	chr3	169482906.0	169483020.0	antisense	0.9129945273189216	0.03953182571029791	0.05
FOXG1	21	29	0.376397091497601	0.5284471552844715	chr3	169482906.0	169483020.0	sense	0.8078800943435068	0.09265309247939207	0.05
TBX4	13	21	0.3729739101572012	0.8837116288371163	chr3	169482906.0	169483020.0	antisense	0.9992000799920008	0.0003475398660234406	0.05
BHLHE23	21	33	0.3618391942127916	0.6523347665233477	chr3	169482906.0	169483020.0	sense	0.9076722354574194	0.04207094886885424	0.05
Atf1	25	33	0.3552998744068695	0.8526147385261473	chr3	169482906.0	169483020.0	sense	0.9981642460753924	0.0007979904809756871	0.05
TFEC	15	25	0.35111685065083076	0.8899110088991101	chr3	169482906.0	169483020.0	sense	0.9992000799920008	0.0003475398660234406	0.05
MTF1	12	26	0.3371518010656678	0.46505349465053497	chr3	169482906.0	169483020.0	antisense	0.7811092677140054	0.10728820934172295	0.05
TBX15	13	21	0.33453303731439776	0.6779322067793221	chr3	169482906.0	169483020.0	antisense	0.9210649615666705	0.03570973847305022	0.05
JUN(var.2)	13	27	0.33308369276073324	0.843015698430157	chr3	169482906.0	169483020.0	antisense	0.9981642460753924	0.0007979904809756871	0.05
Crem	23	33	0.33238215852917846	0.8554144585541446	chr3	169482906.0	169483020.0	antisense	0.9981642460753924	0.0007979904809756871	0.05
EWSR1-FLI1	13	31	0.3297341655068781	0.08149185081491851	chr3	169482906.0	169483020.0	sense	0.3128951810701283	0.5046011254149056	0.05
IRF2	15	33	0.3291731348882751	0.34156584341565843	chr3	169482906.0	169483020.0	sense	0.6674411210564337	0.1755870399680823	0.05
SOX21	15	30	0.3285502777307437	0.28187181281871815	chr3	169482906.0	169483020.0	antisense	0.6108451654834517	0.21406885898455347	0.05
TBX21	12	22	0.326797867533552	0.8083191680831917	chr3	169482906.0	169483020.0	antisense	0.9801814211102255	0.008693533598310413	0.05
DUX4	22	33	0.3263991563872959	0.6842315768423157	chr3	169482906.0	169483020.0	sense	0.9247817405759424	0.033960753799624606	0.05
Phox2b	17	28	0.3253561634984738	0.7995200479952005	chr3	169482906.0	169483020.0	sense	0.9794077062881946	0.009036483138637943	0.05
DUXA	17	30	0.32417769538373664	0.8738126187381262	chr3	169482906.0	169483020.0	sense	0.9992000799920008	0.0003475398660234406	0.05
TBX1	13	21	0.3178268006772662	0.7762223777622238	chr3	169482906.0	169483020.0	antisense	0.9705698494898711	0.012973204060870764	0.05
HLF	15	27	0.3127337736295918	0.8743125687431257	chr3	169482906.0	169483020.0	antisense	0.9992000799920008	0.0003475398660234406	0.05
Mycn	16	24	0.3098921840331986	0.7368263173682632	chr3	169482906.0	169483020.0	antisense	0.9486780386000809	0.022881152992834622	0.05
TBX20	22	33	0.305656954106232	0.7478252174782521	chr3	169482906.0	169483020.0	sense	0.9536149579145279	0.020626945430189024	0.05
MNT	22	32	0.30338559639622953	0.9139086091390861	chr3	169482906.0	169483020.0	sense	0.9992000799920008	0.0003475398660234406	0.05
Nr2e3	23	30	0.3015519257411348	0.7695230476952305	chr3	169482906.0	169483020.0	sense	0.9696268237253943	0.013395378702967333	0.05
Npas2	22	32	0.29928218823344166	0.9275072492750724	chr3	169482906.0	169483020.0	antisense	0.9992000799920008	0.0003475398660234406	0.05
JUND(var.2)	13	28	0.29843741740030655	0.782021797820218	chr3	169482906.0	169483020.0	sense	0.9709792178676869	0.012790065315448665	0.05
E2F3	12	30	0.2966079192139083	0.3110688931106889	chr3	169482906.0	169483020.0	sense	0.6351032865463454	0.1971556398585492	0.05
SCRT2	13	26	0.2887892339418315	0.6182381761823817	chr3	169482906.0	169483020.0	sense	0.8766820039307545	0.057157908323940174	0.05
PBX1	15	27	0.27027311343803767	0.8545145485451455	chr3	169482906.0	169483020.0	antisense	0.9981642460753924	0.0007979904809756871	0.05
CLOCK	14	24	0.2624552350074861	0.907009299070093	chr3	169482906.0	169483020.0	antisense	0.9992000799920008	0.0003475398660234406	0.05
HEY1	14	24	0.25856611725306217	0.8936106389361064	chr3	169482906.0	169483020.0	sense	0.9992000799920008	0.0003475398660234406	0.05
Myc	13	23	0.24656489544191246	0.8074192580741926	chr3	169482906.0	169483020.0	antisense	0.9801814211102255	0.008693533598310413	0.05
Foxq1	22	33	0.2461118035152809	0.7421257874212579	chr3	169482906.0	169483020.0	sense	0.9486780386000809	0.022881152992834622	0.05
ATF4	15	28	0.24308728384144815	0.7798220177982201	chr3	169482906.0	169483020.0	sense	0.9705698494898711	0.012973204060870764	0.05
MYBL2	17	32	0.2421066818473497	0.7913208679132087	chr3	169482906.0	169483020.0	sense	0.9732121574572401	0.01179247446006973	0.05
TCF7L2	19	33	0.24050777326101513	0.8461153884611539	chr3	169482906.0	169483020.0	sense	0.9981642460753924	0.0007979904809756871	0.05
GLI2	12	24	0.2384990699456962	0.836016398360164	chr3	169482906.0	169483020.0	sense	0.9981642460753924	0.0007979904809756871	0.05
PROP1	17	28	0.23549913693475305	0.6941305869413059	chr3	169482906.0	169483020.0	sense	0.9275697108952343	0.03265344136849685	0.05
SMAD3	12	22	0.22901233914777228	0.7226277372262774	chr3	169482906.0	169483020.0	sense	0.9446946992958135	0.02470852147351406	0.05
MAX	14	24	0.2290076558625867	0.9418058194180582	chr3	169482906.0	169483020.0	antisense	0.9992000799920008	0.0003475398660234406	0.05
SREBF2	15	25	0.22749010644679943	0.8533146685331466	chr3	169482906.0	169483020.0	sense	0.9981642460753924	0.0007979904809756871	0.05
CREB3L1	12	26	0.2257023128161213	0.8395160483951605	chr3	169482906.0	169483020.0	antisense	0.9981642460753924	0.0007979904809756871	0.05
SOX10	27	33	0.22210639209140476	0.9228077192280771	chr3	169482906.0	169483020.0	antisense	0.9992000799920008	0.0003475398660234406	0.05
BHLHE22	22	32	0.21874424942501858	0.8608139186081392	chr3	169482906.0	169483020.0	antisense	0.9981642460753924	0.0007979904809756871	0.05
Myod1	19	32	0.21307899190434743	0.8571142885711429	chr3	169482906.0	169483020.0	antisense	0.9981642460753924	0.0007979904809756871	0.05
Esrra	14	25	0.21095612378030978	0.7277272272772722	chr3	169482906.0	169483020.0	antisense	0.948083246538189	0.023153527720061056	0.05
Vdr	14	30	0.19914685190416734	0.5429457054294571	chr3	169482906.0	169483020.0	sense	0.8212655478638182	0.08551639546863787	0.05
OLIG1	22	32	0.18733412783469966	0.7875212478752125	chr3	169482906.0	169483020.0	sense	0.9732121574572401	0.01179247446006973	0.05
FOSL1	12	23	0.17729431028314724	0.8431156884311569	chr3	169482906.0	169483020.0	sense	0.9981642460753924	0.0007979904809756871	0.05
Ahr::Arnt	15	21	0.17668221366940753	0.9266073392660734	chr3	169482906.0	169483020.0	antisense	0.9992000799920008	0.0003475398660234406	0.05
Tcf21	12	26	0.16231000260484293	0.7106289371062894	chr3	169482906.0	169483020.0	sense	0.9337124515396561	0.029786849612437556	0.05
KLF14	13	27	0.15345465894852203	0.6950304969503049	chr3	169482906.0	169483020.0	antisense	0.9275697108952343	0.03265344136849685	0.05
SREBF1	12	22	0.15203475350709136	0.8616138386161384	chr3	169482906.0	169483020.0	sense	0.9981642460753924	0.0007979904809756871	0.05
ZBED1	15	28	0.14846911532444224	0.702029797020298	chr3	169482906.0	169483020.0	sense	0.9337124515396561	0.029786849612437556	0.05
ZIC1	14	28	0.14370187360619288	0.66003399660034	chr3	169482906.0	169483020.0	antisense	0.9129945273189216	0.03953182571029791	0.05
Mlxip	15	23	0.14316659520874125	0.9211078892110789	chr3	169482906.0	169483020.0	antisense	0.9992000799920008	0.0003475398660234406	0.05
ESRRB	21	32	0.13359712197276524	0.8529147085291471	chr3	169482906.0	169483020.0	sense	0.9981642460753924	0.0007979904809756871	0.05
RXRA::VDR	14	29	0.11804863739682737	0.6415358464153584	chr3	169482906.0	169483020.0	antisense	0.8998840656474892	0.045813438219292756	0.05
BHLHE40	12	22	0.1119065734209515	0.9504049595040496	chr3	169482906.0	169483020.0	antisense	0.9992000799920008	0.0003475398660234406	0.05
Klf1	13	24	0.10883851438558202	0.8612138786121388	chr3	169482906.0	169483020.0	antisense	0.9981642460753924	0.0007979904809756871	0.05
Nr2f6	14	28	0.10041583554318295	0.8006199380061993	chr3	169482906.0	169483020.0	antisense	0.9794077062881946	0.009036483138637943	0.05
JUNB	13	24	0.0939571009440337	0.9538046195380462	chr3	169482906.0	169483020.0	antisense	0.9992000799920008	0.0003475398660234406	0.05
NFIL3	12	23	0.09266184441135195	0.9118088191180882	chr3	169482906.0	169483020.0	sense	0.9992000799920008	0.0003475398660234406	0.05
NFYA	12	30	0.08036273936168088	0.7413258674132587	chr3	169482906.0	169483020.0	antisense	0.9486780386000809	0.022881152992834622	0.05
Id2	15	23	0.07220104412334663	0.9641035896410359	chr3	169482906.0	169483020.0	sense	0.9992000799920008	0.0003475398660234406	0.05
MLXIPL	14	24	0.07177142861755136	0.9773022697730227	chr3	169482906.0	169483020.0	sense	0.9992000799920008	0.0003475398660234406	0.05
Arnt	16	22	0.07123484184523787	0.9727027297270273	chr3	169482906.0	169483020.0	antisense	0.9992000799920008	0.0003475398660234406	0.05
HES5	21	33	0.062470637030574885	0.7499250074992501	chr3	169482906.0	169483020.0	antisense	0.9539487227747813	0.020474969126584756	0.05
FOSL2	12	23	0.057264982536339715	0.9619038096190381	chr3	169482906.0	169483020.0	antisense	0.9992000799920008	0.0003475398660234406	0.05
FOS	12	23	0.05160628970107953	0.9606039396060394	chr3	169482906.0	169483020.0	sense	0.9992000799920008	0.0003475398660234406	0.05
T	15	31	0.05062807322506285	0.8314168583141686	chr3	169482906.0	169483020.0	sense	0.9981642460753924	0.0007979904809756871	0.05
JUND	12	23	0.04957891665439545	0.9444055594440556	chr3	169482906.0	169483020.0	sense	0.9992000799920008	0.0003475398660234406	0.05
MLX	14	24	0.04733904838843163	0.9652034796520348	chr3	169482906.0	169483020.0	sense	0.9992000799920008	0.0003475398660234406	0.05
LEF1	16	31	0.026814123634229383	0.802019798020198	chr3	169482906.0	169483020.0	sense	0.9794077062881946	0.009036483138637943	0.05
BHLHE41	12	22	0.006965568527605512	0.9314068593140686	chr3	169482906.0	169483020.0	antisense	0.9992000799920008	0.0003475398660234406	0.05
E2F2	12	28	0.0020341787792484316	0.5185481451854814	chr3	169482906.0	169483020.0	sense	0.8055244920611797	0.0939212502723074	0.05
RXRG	12	26	-0.0	0.7289271072892711	chr3	169482906.0	169483020.0	antisense	0.948083246538189	0.023153527720061056	0.05
Rarg	13	29	-0.0	0.5667433256674332	chr3	169482906.0	169483020.0	sense	0.8285627775250644	0.08167458090807614	0.05
Rarb	12	28	-0.0	0.5098490150984901	chr3	169482906.0	169483020.0	sense	0.8055244920611797	0.0939212502723074	0.05
JDP2(var.2)	13	25	-0.0	0.9559044095590441	chr3	169482906.0	169483020.0	sense	0.9992000799920008	0.0003475398660234406	0.05
RXRB	12	26	-0.0	0.7101289871012899	chr3	169482906.0	169483020.0	antisense	0.9337124515396561	0.029786849612437556	0.05
Srebf1(var.2)	19	29	-0.0	0.9853014698530147	chr3	169482906.0	169483020.0	sense	0.9992000799920008	0.0003475398660234406	0.05
MYF6	16	26	-0.0	0.9807019298070193	chr3	169482906.0	169483020.0	sense	0.9992000799920008	0.0003475398660234406	0.05
NR3C1	12	29	-0.0	0.6952304769523048	chr3	169482906.0	169483020.0	sense	0.9275697108952343	0.03265344136849685	0.05
Nr2f6(var.2)	13	28	-0.0	0.6088391160883911	chr3	169482906.0	169483020.0	sense	0.8680975309062501	0.06143147902293821	0.05
RARA	13	31	-0.0	0.36326367363263673	chr3	169482906.0	169483020.0	sense	0.6859550408595504	0.16370434806361084	0.05
RORA(var.2)	15	29	-0.0	0.8600139986001399	chr3	169482906.0	169483020.0	sense	0.9981642460753924	0.0007979904809756871	0.05
PROX1	20	32	-0.0	0.9205079492050795	chr3	169482906.0	169483020.0	antisense	0.9992000799920008	0.0003475398660234406	0.05
TGIF1	15	27	-0.0	0.8122187781221878	chr3	169482906.0	169483020.0	sense	0.9826143259799894	0.007616908378784443	0.05
TGIF2	15	27	-0.0	0.9403059694030597	chr3	169482906.0	169483020.0	sense	0.9992000799920008	0.0003475398660234406	0.05
SREBF2(var.2)	19	29	-0.0	0.9624037596240376	chr3	169482906.0	169483020.0	sense	0.9992000799920008	0.0003475398660234406	0.05
SRF	12	28	-0.0	0.7325267473252675	chr3	169482906.0	169483020.0	sense	0.948083246538189	0.023153527720061056	0.05
CEBPG	20	30	-0.0	0.9754024597540246	chr3	169482906.0	169483020.0	sense	0.9992000799920008	0.0003475398660234406	0.05
Creb5	13	25	-0.0	0.9482051794820517	chr3	169482906.0	169483020.0	sense	0.9992000799920008	0.0003475398660234406	0.05
Rxra	12	26	-0.0	0.7079292070792921	chr3	169482906.0	169483020.0	antisense	0.9337124515396561	0.029786849612437556	0.05
JDP2	12	21	-0.04190223023289362	0.9844015598440156	chr3	169482906.0	169483020.0	sense	0.9992000799920008	0.0003475398660234406	0.05
DBP	21	33	-0.06997580101052034	0.9934006599340066	chr3	169482906.0	169483020.0	sense	0.9992000799920008	0.0003475398660234406	0.05
HNF1B	20	33	-0.08337118115562228	0.9665033496650335	chr3	169482906.0	169483020.0	sense	0.9992000799920008	0.0003475398660234406	0.05
MAFG	12	33	-0.08610037891889667	0.5625437456254374	chr3	169482906.0	169483020.0	antisense	0.828111806383101	0.08191102358087662	0.05
ZNF143	15	31	-0.09365401349592532	0.7894210578942106	chr3	169482906.0	169483020.0	sense	0.9732121574572401	0.01179247446006973	0.05
HNF1A	12	27	-0.0964285493960741	0.9513048695130487	chr3	169482906.0	169483020.0	sense	0.9992000799920008	0.0003475398660234406	0.05
REST	12	33	-0.10256622047294041	0.31766823317668236	chr3	169482906.0	169483020.0	sense	0.6390302830182099	0.19447856056448748	0.05
SP2	18	33	-0.1103451735329837	0.9241075892410759	chr3	169482906.0	169483020.0	antisense	0.9992000799920008	0.0003475398660234406	0.05
PKNOX1	21	33	-0.11278847460592513	0.9079092090790921	chr3	169482906.0	169483020.0	antisense	0.9992000799920008	0.0003475398660234406	0.05
HES7	20	32	-0.1170752515716823	0.9308069193080692	chr3	169482906.0	169483020.0	antisense	0.9992000799920008	0.0003475398660234406	0.05
EGR3	12	27	-0.12263443831495824	0.8148185181481852	chr3	169482906.0	169483020.0	sense	0.9834670021369956	0.0072402072039553815	0.05
PKNOX2	21	33	-0.126332222939739	0.9132086791320868	chr3	169482906.0	169483020.0	antisense	0.9992000799920008	0.0003475398660234406	0.05
Bach1::Mafk	14	29	-0.1418582804090425	0.9677032296770323	chr3	169482906.0	169483020.0	sense	0.9992000799920008	0.0003475398660234406	0.05
Nfe2l2	18	33	-0.16799052469283193	0.9933006699330067	chr3	169482906.0	169483020.0	sense	0.9992000799920008	0.0003475398660234406	0.05
PAX1	15	32	-0.18038867530002548	0.9133086691330867	chr3	169482906.0	169483020.0	sense	0.9992000799920008	0.0003475398660234406	0.05
Ar	14	31	-0.22564522547085655	0.9213078692130787	chr3	169482906.0	169483020.0	antisense	0.9992000799920008	0.0003475398660234406	0.05
NR3C2	14	31	-0.229053970120666	0.9099090090990901	chr3	169482906.0	169483020.0	antisense	0.9992000799920008	0.0003475398660234406	0.05
MEF2D	21	33	-0.22991431098115725	0.9441055894410559	chr3	169482906.0	169483020.0	sense	0.9992000799920008	0.0003475398660234406	0.05
PAX9	15	32	-0.25432370096745754	0.9113088691130887	chr3	169482906.0	169483020.0	sense	0.9992000799920008	0.0003475398660234406	0.05
Hnf4a	17	33	-0.25515161936726016	0.8829117088291171	chr3	169482906.0	169483020.0	sense	0.9992000799920008	0.0003475398660234406	0.05
ZNF410	12	29	-0.25531769123280496	0.7349265073492651	chr3	169482906.0	169483020.0	antisense	0.9486780386000809	0.022881152992834622	0.05
NFE2	12	23	-0.2932981523336355	0.9992000799920008	chr3	169482906.0	169483020.0	sense	0.9992000799920008	0.0003475398660234406	0.05
MEF2B	21	33	-0.297807342413936	0.9671032896710329	chr3	169482906.0	169483020.0	sense	0.9992000799920008	0.0003475398660234406	0.05
ESR1	13	30	-0.3009206922925745	0.9159084091590841	chr3	169482906.0	169483020.0	antisense	0.9992000799920008	0.0003475398660234406	0.05
NR1H2::RXRA	12	29	-0.3151777382804391	0.8289171082891711	chr3	169482906.0	169483020.0	antisense	0.9981623647380041	0.000798809038862879	0.05
MEF2A	18	30	-0.3173818219508866	0.985001499850015	chr3	169482906.0	169483020.0	sense	0.9992000799920008	0.0003475398660234406	0.05
Klf12	18	33	-0.32715314682672	0.9253074692530747	chr3	169482906.0	169483020.0	antisense	0.9992000799920008	0.0003475398660234406	0.05
RREB1	13	33	-0.3445898309937226	0.45585441455854414	chr3	169482906.0	169483020.0	antisense	0.7756998070684734	0.11030631657322838	0.05
BATF3	12	26	-0.3687533859999944	0.9882011798820118	chr3	169482906.0	169483020.0	sense	0.9992000799920008	0.0003475398660234406	0.05
ONECUT3	13	27	-0.3692577596035334	0.9843015698430156	chr3	169482906.0	169483020.0	antisense	0.9992000799920008	0.0003475398660234406	0.05
ONECUT1	13	27	-0.386321103720887	0.9935006499350065	chr3	169482906.0	169483020.0	antisense	0.9992000799920008	0.0003475398660234406	0.05
ONECUT2	13	27	-0.3955361989448229	0.9972002799720028	chr3	169482906.0	169483020.0	antisense	0.9992000799920008	0.0003475398660234406	0.05
Znf423	12	27	-0.4106547512326739	0.9511048895110489	chr3	169482906.0	169483020.0	antisense	0.9992000799920008	0.0003475398660234406	0.05
IRF1	12	33	-0.4260867982313053	0.5632436756324367	chr3	169482906.0	169483020.0	antisense	0.828111806383101	0.08191102358087662	0.05
ATF7	14	28	-0.4649501759925175	0.9986001399860014	chr3	169482906.0	169483020.0	antisense	0.9992000799920008	0.0003475398660234406	0.05
POU4F2	13	29	-0.4751720289912026	0.9601039896010399	chr3	169482906.0	169483020.0	antisense	0.9992000799920008	0.0003475398660234406	0.05
Hmx3	14	31	-0.5260393238527071	0.9977002299770023	chr3	169482906.0	169483020.0	antisense	0.9992000799920008	0.0003475398660234406	0.05
Hmx1	14	31	-0.535940269943386	0.998000199980002	chr3	169482906.0	169483020.0	antisense	0.9992000799920008	0.0003475398660234406	0.05
GLIS1	14	30	-0.5780308109667511	0.9435056494350565	chr3	169482906.0	169483020.0	antisense	0.9992000799920008	0.0003475398660234406	0.05
KLF13	14	32	-0.588786475858892	0.9315068493150684	chr3	169482906.0	169483020.0	sense	0.9992000799920008	0.0003475398660234406	0.05
SP4	13	30	-0.680341198029933	0.9603039696030397	chr3	169482906.0	169483020.0	sense	0.9992000799920008	0.0003475398660234406	0.05
Alx4	15	32	-0.681790026698778	0.9838016198380162	chr3	169482906.0	169483020.0	antisense	0.9992000799920008	0.0003475398660234406	0.05
Hmx2	14	31	-0.6995770219121624	0.9981001899810019	chr3	169482906.0	169483020.0	antisense	0.9992000799920008	0.0003475398660234406	0.05
Arx	12	29	-0.7818442118024248	0.9919008099190081	chr3	169482906.0	169483020.0	antisense	0.9992000799920008	0.0003475398660234406	0.05
Alx1	12	29	-0.7936772273706008	0.9924007599240076	chr3	169482906.0	169483020.0	sense	0.9992000799920008	0.0003475398660234406	0.05
