motif	start	end	score	pval	tile_chr	tile_start	tile_end	strand	padj	neg_log_pval	fdr_cutoff
Gmeb1	43	60	5.368601990733427	0.05779422057794221	chr20	47895005.0	47895119.0	sense	0.7282122437106939	0.13774202338162653	0.15
NFAT5	51	61	5.360155413286552	0.000999900009999	chr20	47895005.0	47895119.0	sense	0.41515848415158485	0.3817860824364612	0.15
THAP1	52	61	5.156166476828763	0.0093990600939906	chr20	47895005.0	47895119.0	sense	0.44346474443464745	0.3531409009869312	0.15
NFATC1	50	60	4.856604204047276	0.008099190080991902	chr20	47895005.0	47895119.0	sense	0.44346474443464745	0.3531409009869312	0.15
Hes2	44	57	4.699050753388246	0.049795020497950204	chr20	47895005.0	47895119.0	sense	0.7282122437106939	0.13774202338162653	0.15
ELF5	50	61	4.5534523836506	0.006099390060993901	chr20	47895005.0	47895119.0	antisense	0.44346474443464745	0.3531409009869312	0.15
HOXA2	47	57	4.500595418575353	0.016298370162983702	chr20	47895005.0	47895119.0	sense	0.5677902797955499	0.2458120465887624	0.15
NFATC3	50	60	4.454377732762425	0.0093990600939906	chr20	47895005.0	47895119.0	sense	0.44346474443464745	0.3531409009869312	0.15
REL	47	57	4.445946391201152	0.0033996600339966003	chr20	47895005.0	47895119.0	sense	0.4411058894110589	0.3554571437141121	0.15
Ddit3::Cebpa	43	55	4.172597812710841	0.007499250074992501	chr20	47895005.0	47895119.0	antisense	0.44346474443464745	0.3531409009869312	0.15
NFATC2	51	58	4.055554206996935	0.0022997700229977	chr20	47895005.0	47895119.0	sense	0.41515848415158485	0.3817860824364612	0.15
Dlx1	47	57	3.981349436873035	0.048995100489951	chr20	47895005.0	47895119.0	sense	0.7282122437106939	0.13774202338162653	0.15
ETV6	50	60	3.9483632618619713	0.0023997600239976003	chr20	47895005.0	47895119.0	antisense	0.41515848415158485	0.3817860824364612	0.15
MEOX2	47	57	3.9449740106437985	0.04689531046895311	chr20	47895005.0	47895119.0	antisense	0.7282122437106939	0.13774202338162653	0.15
Arid5a	47	61	3.8598480619766447	0.0608939106089391	chr20	47895005.0	47895119.0	sense	0.7282122437106939	0.13774202338162653	0.15
DUXA	43	56	3.6048484538945136	0.016998300169983	chr20	47895005.0	47895119.0	antisense	0.5677902797955499	0.2458120465887624	0.15
GSX2	46	56	3.4692427305235385	0.16198380161983802	chr20	47895005.0	47895119.0	sense	0.7282122437106939	0.13774202338162653	0.15
GSX1	42	52	3.412148761505691	0.16968303169683033	chr20	47895005.0	47895119.0	sense	0.7282122437106939	0.13774202338162653	0.15
Hes1	46	56	3.3762523243111597	0.3204679532046795	chr20	47895005.0	47895119.0	sense	0.737219959322749	0.13240291530539108	0.15
NFIX	51	60	3.321826787407986	0.0527947205279472	chr20	47895005.0	47895119.0	sense	0.7282122437106939	0.13774202338162653	0.15
TEAD1	48	58	3.3183771616203046	0.032596740325967405	chr20	47895005.0	47895119.0	sense	0.7282122437106939	0.13774202338162653	0.15
Pax2	41	49	3.197693677372435	0.11548845115488451	chr20	47895005.0	47895119.0	antisense	0.7282122437106939	0.13774202338162653	0.15
EMX1	47	57	3.196248507718712	0.10308969103089691	chr20	47895005.0	47895119.0	sense	0.7282122437106939	0.13774202338162653	0.15
TEAD4	48	58	3.1848898934916834	0.0344965503449655	chr20	47895005.0	47895119.0	sense	0.7282122437106939	0.13774202338162653	0.15
CEBPE	51	61	3.154569839389699	0.0174982501749825	chr20	47895005.0	47895119.0	sense	0.5677902797955499	0.2458120465887624	0.15
HMBOX1	46	56	3.113913227515959	0.0537946205379462	chr20	47895005.0	47895119.0	sense	0.7282122437106939	0.13774202338162653	0.15
MZF1	54	60	3.0855652728099625	0.008999100089991	chr20	47895005.0	47895119.0	antisense	0.44346474443464745	0.3531409009869312	0.15
Barhl1	47	57	3.0632486099025513	0.19338066193380662	chr20	47895005.0	47895119.0	antisense	0.7282122437106939	0.13774202338162653	0.15
HOXB2	47	57	3.0387097039581428	0.14228577142285773	chr20	47895005.0	47895119.0	sense	0.7282122437106939	0.13774202338162653	0.15
LBX2	46	56	3.028138118520354	0.1924807519248075	chr20	47895005.0	47895119.0	antisense	0.7282122437106939	0.13774202338162653	0.15
HOXB3	46	56	2.9990429693087775	0.1426857314268573	chr20	47895005.0	47895119.0	sense	0.7282122437106939	0.13774202338162653	0.15
MIXL1	47	57	2.9725243532108876	0.17868213178682132	chr20	47895005.0	47895119.0	sense	0.7282122437106939	0.13774202338162653	0.15
LMX1B	48	56	2.9521218335773596	0.097990200979902	chr20	47895005.0	47895119.0	antisense	0.7282122437106939	0.13774202338162653	0.15
SPIB	53	60	2.9411156672975722	0.018098190180981903	chr20	47895005.0	47895119.0	antisense	0.5677902797955499	0.2458120465887624	0.15
ESX1	47	57	2.9351924155109956	0.1488851114888511	chr20	47895005.0	47895119.0	sense	0.7282122437106939	0.13774202338162653	0.15
DUX4	44	55	2.9333463657784278	0.0082991700829917	chr20	47895005.0	47895119.0	antisense	0.44346474443464745	0.3531409009869312	0.15
EVX2	46	56	2.9285638426033045	0.1538846115388461	chr20	47895005.0	47895119.0	antisense	0.7282122437106939	0.13774202338162653	0.15
EVX1	46	56	2.895643303410969	0.1426857314268573	chr20	47895005.0	47895119.0	antisense	0.7282122437106939	0.13774202338162653	0.15
GSC2	49	59	2.8190618688289404	0.19008099190080993	chr20	47895005.0	47895119.0	sense	0.7282122437106939	0.13774202338162653	0.15
PHOX2A	44	55	2.8035456065909607	0.0476952304769523	chr20	47895005.0	47895119.0	antisense	0.7282122437106939	0.13774202338162653	0.15
PROP1	44	55	2.80191828167158	0.011998800119988001	chr20	47895005.0	47895119.0	antisense	0.5189481051894811	0.28487606942840477	0.15
VAX1	48	56	2.756112546163161	0.13018698130186981	chr20	47895005.0	47895119.0	sense	0.7282122437106939	0.13774202338162653	0.15
Hoxd9	46	56	2.754049492403179	0.07539246075392461	chr20	47895005.0	47895119.0	antisense	0.7282122437106939	0.13774202338162653	0.15
Rhox11	42	59	2.7447063746495357	0.17398260173982602	chr20	47895005.0	47895119.0	antisense	0.7282122437106939	0.13774202338162653	0.15
Spz1	48	59	2.715063219624325	0.04839516048395161	chr20	47895005.0	47895119.0	antisense	0.7282122437106939	0.13774202338162653	0.15
STAT1::STAT2	43	58	2.6957209997628526	0.024697530246975304	chr20	47895005.0	47895119.0	sense	0.7121121221211213	0.1474516212720451	0.15
Dlx2	48	56	2.6587252670733723	0.05089491050894911	chr20	47895005.0	47895119.0	antisense	0.7282122437106939	0.13774202338162653	0.15
NFIC	53	59	2.652696697807494	0.05039496050394961	chr20	47895005.0	47895119.0	antisense	0.7282122437106939	0.13774202338162653	0.15
Prrx2	48	56	2.6332759677544053	0.17128287171282872	chr20	47895005.0	47895119.0	antisense	0.7282122437106939	0.13774202338162653	0.15
DMRT3	43	54	2.6331673850153563	0.0744925507449255	chr20	47895005.0	47895119.0	antisense	0.7282122437106939	0.13774202338162653	0.15
HLTF	47	57	2.621858490575263	0.15608439156084392	chr20	47895005.0	47895119.0	sense	0.7282122437106939	0.13774202338162653	0.15
Phox2b	44	55	2.6090226870468247	0.039996000399960006	chr20	47895005.0	47895119.0	antisense	0.7282122437106939	0.13774202338162653	0.15
NOTO	47	57	2.6056352997439793	0.08039196080391961	chr20	47895005.0	47895119.0	sense	0.7282122437106939	0.13774202338162653	0.15
Dlx3	48	56	2.5844371317844486	0.15548445155484453	chr20	47895005.0	47895119.0	sense	0.7282122437106939	0.13774202338162653	0.15
GLI2	43	55	2.5787735654136714	0.0481951804819518	chr20	47895005.0	47895119.0	sense	0.7282122437106939	0.13774202338162653	0.15
UNCX	48	56	2.5773872850048134	0.1588841115888411	chr20	47895005.0	47895119.0	antisense	0.7282122437106939	0.13774202338162653	0.15
RAX2	48	56	2.5519705669929467	0.16518348165183483	chr20	47895005.0	47895119.0	antisense	0.7282122437106939	0.13774202338162653	0.15
MNX1	42	52	2.519047257686879	0.141985801419858	chr20	47895005.0	47895119.0	sense	0.7282122437106939	0.13774202338162653	0.15
LMX1A	48	56	2.5178693806533285	0.11478852114788521	chr20	47895005.0	47895119.0	antisense	0.7282122437106939	0.13774202338162653	0.15
HIC2	52	61	2.4947340564360334	0.12338766123387661	chr20	47895005.0	47895119.0	sense	0.7282122437106939	0.13774202338162653	0.15
SHOX	48	56	2.4615543731537284	0.1561843815618438	chr20	47895005.0	47895119.0	sense	0.7282122437106939	0.13774202338162653	0.15
Hoxd3	43	59	2.4503545097817643	0.2181781821817818	chr20	47895005.0	47895119.0	sense	0.7305450100151275	0.13635302134637325	0.15
Dlx4	48	56	2.4327262867699857	0.15728427157284272	chr20	47895005.0	47895119.0	sense	0.7282122437106939	0.13774202338162653	0.15
Mitf	39	49	2.4316013706015926	0.281971802819718	chr20	47895005.0	47895119.0	antisense	0.737219959322749	0.13240291530539108	0.15
Foxk1	39	56	2.4229861423734014	0.08739126087391261	chr20	47895005.0	47895119.0	antisense	0.7282122437106939	0.13774202338162653	0.15
RELA	47	57	2.416350060601688	0.018598140185981403	chr20	47895005.0	47895119.0	sense	0.5677902797955499	0.2458120465887624	0.15
LHX9	48	56	2.4054647960099436	0.1356864313568643	chr20	47895005.0	47895119.0	antisense	0.7282122437106939	0.13774202338162653	0.15
RAX	47	57	2.3703852797141933	0.11178882111788821	chr20	47895005.0	47895119.0	antisense	0.7282122437106939	0.13774202338162653	0.15
CDX1	47	56	2.3504310627380103	0.09759024097590241	chr20	47895005.0	47895119.0	antisense	0.7282122437106939	0.13774202338162653	0.15
Tcfl5	46	56	2.331269703297378	0.513948605139486	chr20	47895005.0	47895119.0	sense	0.737219959322749	0.13240291530539108	0.15
ETV5	50	60	2.3129290289065754	0.14608539146085392	chr20	47895005.0	47895119.0	antisense	0.7282122437106939	0.13774202338162653	0.15
PRRX1	48	56	2.309773210206528	0.12838716128387162	chr20	47895005.0	47895119.0	antisense	0.7282122437106939	0.13774202338162653	0.15
ERG	50	60	2.3082108445658114	0.05779422057794221	chr20	47895005.0	47895119.0	antisense	0.7282122437106939	0.13774202338162653	0.15
TBP	45	60	2.305343342477724	0.28987101289871015	chr20	47895005.0	47895119.0	sense	0.737219959322749	0.13240291530539108	0.15
Pparg::Rxra	46	61	2.283501073687277	0.23767623237676233	chr20	47895005.0	47895119.0	antisense	0.737219959322749	0.13240291530539108	0.15
Arntl	39	49	2.281864061433213	0.11128887111288871	chr20	47895005.0	47895119.0	antisense	0.7282122437106939	0.13774202338162653	0.15
Gabpa	48	59	2.2785102145213627	0.0658934106589341	chr20	47895005.0	47895119.0	antisense	0.7282122437106939	0.13774202338162653	0.15
Lhx4	48	56	2.2673983334815153	0.12668733126687332	chr20	47895005.0	47895119.0	sense	0.7282122437106939	0.13774202338162653	0.15
DLX6	48	56	2.2563121355505484	0.13708629137086292	chr20	47895005.0	47895119.0	sense	0.7282122437106939	0.13774202338162653	0.15
ESR2	44	59	2.239028176047833	0.19968003199680032	chr20	47895005.0	47895119.0	antisense	0.7282122437106939	0.13774202338162653	0.15
NKX3-2	46	55	2.23759930961353	0.10578942105789421	chr20	47895005.0	47895119.0	sense	0.7282122437106939	0.13774202338162653	0.15
NR3C2	42	59	2.228295496212093	0.0332966703329667	chr20	47895005.0	47895119.0	sense	0.7282122437106939	0.13774202338162653	0.15
ETS1	50	60	2.221188935414063	0.0660933906609339	chr20	47895005.0	47895119.0	antisense	0.7282122437106939	0.13774202338162653	0.15
ELK4	49	60	2.2206250666964547	0.06329367063293671	chr20	47895005.0	47895119.0	sense	0.7282122437106939	0.13774202338162653	0.15
ALX3	47	57	2.2146290512379494	0.36206379362063795	chr20	47895005.0	47895119.0	sense	0.737219959322749	0.13240291530539108	0.15
FEV	50	60	2.201861215824306	0.0857914208579142	chr20	47895005.0	47895119.0	antisense	0.7282122437106939	0.13774202338162653	0.15
Hoxd8	41	58	2.1961835505897374	0.30316968303169683	chr20	47895005.0	47895119.0	sense	0.737219959322749	0.13240291530539108	0.15
Foxj3	39	56	2.17717459002329	0.15978402159784022	chr20	47895005.0	47895119.0	antisense	0.7282122437106939	0.13774202338162653	0.15
Ar	42	59	2.1642227359670736	0.042995700429957005	chr20	47895005.0	47895119.0	antisense	0.7282122437106939	0.13774202338162653	0.15
FLI1	50	60	2.149708387896954	0.0527947205279472	chr20	47895005.0	47895119.0	antisense	0.7282122437106939	0.13774202338162653	0.15
ETV3	50	60	2.123275687758947	0.13108689131086892	chr20	47895005.0	47895119.0	antisense	0.7282122437106939	0.13774202338162653	0.15
NR3C1	42	59	2.1229240342886215	0.032096790320967905	chr20	47895005.0	47895119.0	sense	0.7282122437106939	0.13774202338162653	0.15
ERF	50	60	2.116940882242762	0.06459354064593541	chr20	47895005.0	47895119.0	antisense	0.7282122437106939	0.13774202338162653	0.15
Nkx3-1	46	55	2.1089607935026984	0.0948905109489051	chr20	47895005.0	47895119.0	sense	0.7282122437106939	0.13774202338162653	0.15
ZNF263	39	60	2.1079973176500824	0.17598240175982402	chr20	47895005.0	47895119.0	antisense	0.7282122437106939	0.13774202338162653	0.15
ETV2	50	61	2.09548771230653	0.051794820517948204	chr20	47895005.0	47895119.0	antisense	0.7282122437106939	0.13774202338162653	0.15
MEF2C	45	60	2.0764361573296632	0.1573842615738426	chr20	47895005.0	47895119.0	antisense	0.7282122437106939	0.13774202338162653	0.15
Hoxc9	43	56	2.0692045558469063	0.11918808119188082	chr20	47895005.0	47895119.0	sense	0.7282122437106939	0.13774202338162653	0.15
Shox2	48	56	2.0504114656436663	0.11778822117788221	chr20	47895005.0	47895119.0	antisense	0.7282122437106939	0.13774202338162653	0.15
CREB3	44	58	2.0395232945046535	0.0888911108889111	chr20	47895005.0	47895119.0	antisense	0.7282122437106939	0.13774202338162653	0.15
HOXA10	46	57	2.0353880677607155	0.27507249275072493	chr20	47895005.0	47895119.0	antisense	0.737219959322749	0.13240291530539108	0.15
MAF::NFE2	41	56	2.030227504959719	0.07389261073892611	chr20	47895005.0	47895119.0	sense	0.7282122437106939	0.13774202338162653	0.15
POU6F1	47	57	2.0251855194272252	0.17318268173182683	chr20	47895005.0	47895119.0	sense	0.7282122437106939	0.13774202338162653	0.15
Lhx3	44	57	2.0235818877970786	0.051294870512948704	chr20	47895005.0	47895119.0	sense	0.7282122437106939	0.13774202338162653	0.15
PITX3	43	52	2.0158290476355	0.22457754224577542	chr20	47895005.0	47895119.0	antisense	0.737219959322749	0.13240291530539108	0.15
SNAI2	47	56	2.012642938961732	0.18738126187381263	chr20	47895005.0	47895119.0	antisense	0.7282122437106939	0.13774202338162653	0.15
NRL	45	56	2.0113714174678248	0.508049195080492	chr20	47895005.0	47895119.0	antisense	0.737219959322749	0.13240291530539108	0.15
PAX5	41	60	2.0006503261330444	0.20007999200079993	chr20	47895005.0	47895119.0	antisense	0.7282122437106939	0.13774202338162653	0.15
PPARG	40	60	1.9996312818580013	0.09859014098590141	chr20	47895005.0	47895119.0	antisense	0.7282122437106939	0.13774202338162653	0.15
Pitx1	43	51	1.9793419792488618	0.21307869213078692	chr20	47895005.0	47895119.0	antisense	0.7282122437106939	0.13774202338162653	0.15
GSC	42	52	1.9623153883728393	0.23667633236676333	chr20	47895005.0	47895119.0	antisense	0.737219959322749	0.13240291530539108	0.15
SP3	48	59	1.9458820658079004	0.18548145185481452	chr20	47895005.0	47895119.0	sense	0.7282122437106939	0.13774202338162653	0.15
POU2F1	44	56	1.9435257509219739	0.202979702029797	chr20	47895005.0	47895119.0	antisense	0.7282122437106939	0.13774202338162653	0.15
GATA1::TAL1	42	60	1.9354465288862683	0.2081791820817918	chr20	47895005.0	47895119.0	sense	0.7282122437106939	0.13774202338162653	0.15
Neurog1	44	54	1.931462993228669	0.6146385361463854	chr20	47895005.0	47895119.0	sense	0.7900537532453651	0.10234335941377354	0.15
Hoxb5	43	59	1.92832519790875	0.32726727327267274	chr20	47895005.0	47895119.0	antisense	0.737219959322749	0.13240291530539108	0.15
NKX6-2	48	56	1.9171424388630989	0.31226877312268775	chr20	47895005.0	47895119.0	sense	0.737219959322749	0.13240291530539108	0.15
Alx1	42	59	1.9094552193513095	0.20487951204879512	chr20	47895005.0	47895119.0	antisense	0.7282122437106939	0.13774202338162653	0.15
FOXP1	41	56	1.9090837234075289	0.14208579142085792	chr20	47895005.0	47895119.0	antisense	0.7282122437106939	0.13774202338162653	0.15
ETV4	50	60	1.8731773071713878	0.17418258174182583	chr20	47895005.0	47895119.0	antisense	0.7282122437106939	0.13774202338162653	0.15
MZF1(var.2)	41	51	1.865934705990066	0.23737626237376264	chr20	47895005.0	47895119.0	antisense	0.737219959322749	0.13240291530539108	0.15
BARHL2	46	56	1.8575399297474455	0.34826517348265174	chr20	47895005.0	47895119.0	sense	0.737219959322749	0.13240291530539108	0.15
HNF4G	42	57	1.8473876402399805	0.20617938206179381	chr20	47895005.0	47895119.0	sense	0.7282122437106939	0.13774202338162653	0.15
ETV1	50	60	1.8455847583686766	0.21187881211878812	chr20	47895005.0	47895119.0	antisense	0.7282122437106939	0.13774202338162653	0.15
Gfi1	46	56	1.8324904874662495	0.29047095290470953	chr20	47895005.0	47895119.0	antisense	0.737219959322749	0.13240291530539108	0.15
ELK1	50	60	1.8320421005106216	0.0760923907609239	chr20	47895005.0	47895119.0	antisense	0.7282122437106939	0.13774202338162653	0.15
NEUROD2	48	58	1.8314712297617721	0.2104789521047895	chr20	47895005.0	47895119.0	antisense	0.7282122437106939	0.13774202338162653	0.15
Dmbx1	40	57	1.8284760236052575	0.31226877312268775	chr20	47895005.0	47895119.0	antisense	0.737219959322749	0.13240291530539108	0.15
GMEB2	47	55	1.8156726071991556	0.14858514148585142	chr20	47895005.0	47895119.0	antisense	0.7282122437106939	0.13774202338162653	0.15
POU1F1	42	56	1.814958610460383	0.2104789521047895	chr20	47895005.0	47895119.0	antisense	0.7282122437106939	0.13774202338162653	0.15
NKX2-8	47	56	1.8112640621303921	0.2542745725427457	chr20	47895005.0	47895119.0	sense	0.737219959322749	0.13240291530539108	0.15
TEF	45	57	1.8078457167244661	0.08859114088591141	chr20	47895005.0	47895119.0	sense	0.7282122437106939	0.13774202338162653	0.15
Nr1h3::Rxra	42	61	1.7996584742529749	0.3227677232276772	chr20	47895005.0	47895119.0	sense	0.737219959322749	0.13240291530539108	0.15
VSX1	48	56	1.779241018840599	0.30386961303869614	chr20	47895005.0	47895119.0	sense	0.737219959322749	0.13240291530539108	0.15
NFIL3	44	55	1.7744982463696195	0.10968903109689031	chr20	47895005.0	47895119.0	antisense	0.7282122437106939	0.13774202338162653	0.15
TBX5	52	60	1.7695941166640838	0.32156784321567844	chr20	47895005.0	47895119.0	antisense	0.737219959322749	0.13240291530539108	0.15
ELK3	50	60	1.768854742371251	0.18888111188881113	chr20	47895005.0	47895119.0	antisense	0.7282122437106939	0.13774202338162653	0.15
FOXB1	43	54	1.7679231095915375	0.15148485151484853	chr20	47895005.0	47895119.0	antisense	0.7282122437106939	0.13774202338162653	0.15
POU3F1	49	61	1.7610602963590756	0.2753724627537246	chr20	47895005.0	47895119.0	antisense	0.737219959322749	0.13240291530539108	0.15
MAX::MYC	46	57	1.7575662068492761	0.1523847615238476	chr20	47895005.0	47895119.0	antisense	0.7282122437106939	0.13774202338162653	0.15
Bcl6	43	57	1.7558713964508923	0.23597640235976403	chr20	47895005.0	47895119.0	sense	0.737219959322749	0.13240291530539108	0.15
GRHL1	43	55	1.749621324941105	0.15928407159284072	chr20	47895005.0	47895119.0	antisense	0.7282122437106939	0.13774202338162653	0.15
FOXA1	40	55	1.7418986955323923	0.20177982201779823	chr20	47895005.0	47895119.0	sense	0.7282122437106939	0.13774202338162653	0.15
RARA::RXRA	42	59	1.720953528635714	0.27977202279772023	chr20	47895005.0	47895119.0	antisense	0.737219959322749	0.13240291530539108	0.15
ZBTB7C	43	55	1.7016797071156118	0.34926507349265073	chr20	47895005.0	47895119.0	sense	0.737219959322749	0.13240291530539108	0.15
Alx4	40	57	1.6940438460483875	0.21487851214878512	chr20	47895005.0	47895119.0	sense	0.7282122437106939	0.13774202338162653	0.15
Pou5f1::Sox2	45	60	1.6686719258749463	0.2333766623337666	chr20	47895005.0	47895119.0	antisense	0.737219959322749	0.13240291530539108	0.15
POU4F3	40	56	1.6565767280315793	0.33666633336666335	chr20	47895005.0	47895119.0	sense	0.737219959322749	0.13240291530539108	0.15
POU3F2	49	61	1.620242211323215	0.17448255174482552	chr20	47895005.0	47895119.0	antisense	0.7282122437106939	0.13774202338162653	0.15
RHOXF1	50	58	1.6127643808657401	0.29077092290770923	chr20	47895005.0	47895119.0	sense	0.737219959322749	0.13240291530539108	0.15
BARX1	43	51	1.6120037421266777	0.24717528247175283	chr20	47895005.0	47895119.0	sense	0.737219959322749	0.13240291530539108	0.15
JUND(var.2)	42	57	1.5967147625636786	0.18638136186381363	chr20	47895005.0	47895119.0	antisense	0.7282122437106939	0.13774202338162653	0.15
ISL2	47	55	1.5957202990991983	0.393960603939606	chr20	47895005.0	47895119.0	sense	0.737219959322749	0.13240291530539108	0.15
FOXF2	42	56	1.5849486576960454	0.1797820217978202	chr20	47895005.0	47895119.0	antisense	0.7282122437106939	0.13774202338162653	0.15
HSF4	48	61	1.581307602151806	0.2562743725627437	chr20	47895005.0	47895119.0	antisense	0.737219959322749	0.13240291530539108	0.15
HNF1A	43	58	1.5750261202030829	0.21397860213978603	chr20	47895005.0	47895119.0	antisense	0.7282122437106939	0.13774202338162653	0.15
Atf3	45	53	1.5733202660966843	0.1685831416858314	chr20	47895005.0	47895119.0	sense	0.7282122437106939	0.13774202338162653	0.15
Hmx1	43	60	1.5714648069323498	0.414958504149585	chr20	47895005.0	47895119.0	antisense	0.737219959322749	0.13240291530539108	0.15
PRDM1	42	57	1.5507501041478777	0.25547445255474455	chr20	47895005.0	47895119.0	antisense	0.737219959322749	0.13240291530539108	0.15
TFCP2	44	54	1.5493090683223596	0.23997600239976002	chr20	47895005.0	47895119.0	antisense	0.737219959322749	0.13240291530539108	0.15
SP2	43	58	1.5432638763642672	0.20927907209279073	chr20	47895005.0	47895119.0	sense	0.7282122437106939	0.13774202338162653	0.15
VAX2	43	51	1.541177208219668	0.48135186481351866	chr20	47895005.0	47895119.0	antisense	0.737219959322749	0.13240291530539108	0.15
MEIS3	50	58	1.5342622028191044	0.32666733326667335	chr20	47895005.0	47895119.0	antisense	0.737219959322749	0.13240291530539108	0.15
CREB3L1	44	58	1.5289993117522498	0.1693830616938306	chr20	47895005.0	47895119.0	antisense	0.7282122437106939	0.13774202338162653	0.15
ZBTB7A	42	54	1.5251226035885967	0.29517048295170484	chr20	47895005.0	47895119.0	sense	0.737219959322749	0.13240291530539108	0.15
HNF1B	44	57	1.522998658583705	0.1628837116288371	chr20	47895005.0	47895119.0	antisense	0.7282122437106939	0.13774202338162653	0.15
RUNX1	44	55	1.5219538442843894	0.40875912408759124	chr20	47895005.0	47895119.0	antisense	0.737219959322749	0.13240291530539108	0.15
EN1	48	56	1.5179552103436027	0.2683731626837316	chr20	47895005.0	47895119.0	antisense	0.737219959322749	0.13240291530539108	0.15
CENPB	39	54	1.4995755364385328	0.32886711328867113	chr20	47895005.0	47895119.0	sense	0.737219959322749	0.13240291530539108	0.15
OTX1	43	51	1.4710693952828213	0.2588741125887411	chr20	47895005.0	47895119.0	antisense	0.737219959322749	0.13240291530539108	0.15
HOXA5	45	53	1.4628105924240073	0.29927007299270075	chr20	47895005.0	47895119.0	antisense	0.737219959322749	0.13240291530539108	0.15
Pou2f3	41	57	1.4620122226823706	0.2542745725427457	chr20	47895005.0	47895119.0	antisense	0.737219959322749	0.13240291530539108	0.15
EGR1	47	61	1.4607981773781804	0.2323767623237676	chr20	47895005.0	47895119.0	sense	0.737219959322749	0.13240291530539108	0.15
EN2	42	52	1.4600292974781068	0.48705129487051296	chr20	47895005.0	47895119.0	sense	0.737219959322749	0.13240291530539108	0.15
Foxo1	47	58	1.4597837617094744	0.1964803519648035	chr20	47895005.0	47895119.0	sense	0.7282122437106939	0.13774202338162653	0.15
Hmx3	39	56	1.4542250687814269	0.44495550444955506	chr20	47895005.0	47895119.0	sense	0.737219959322749	0.13240291530539108	0.15
OTX2	43	51	1.4506292992535237	0.32396760323967605	chr20	47895005.0	47895119.0	antisense	0.737219959322749	0.13240291530539108	0.15
XBP1	45	59	1.4499546608391065	0.19708029197080293	chr20	47895005.0	47895119.0	antisense	0.7282122437106939	0.13774202338162653	0.15
Sox17	43	52	1.4475833179026372	0.29327067293270676	chr20	47895005.0	47895119.0	antisense	0.737219959322749	0.13240291530539108	0.15
Foxd3	43	55	1.444275483834155	0.19538046195380462	chr20	47895005.0	47895119.0	antisense	0.7282122437106939	0.13774202338162653	0.15
Arid3b	46	57	1.44270026070996	0.36906309369063095	chr20	47895005.0	47895119.0	sense	0.737219959322749	0.13240291530539108	0.15
ONECUT1	44	58	1.4414107233986013	0.16098390160983903	chr20	47895005.0	47895119.0	antisense	0.7282122437106939	0.13774202338162653	0.15
POU4F1	40	54	1.431885828107129	0.39276072392760725	chr20	47895005.0	47895119.0	sense	0.737219959322749	0.13240291530539108	0.15
ONECUT2	44	58	1.430673008516152	0.19838016198380162	chr20	47895005.0	47895119.0	antisense	0.7282122437106939	0.13774202338162653	0.15
GATA5	49	57	1.4067895347837849	0.43115688431156884	chr20	47895005.0	47895119.0	antisense	0.737219959322749	0.13240291530539108	0.15
Hoxa11	43	55	1.4039390597806867	0.418958104189581	chr20	47895005.0	47895119.0	sense	0.737219959322749	0.13240291530539108	0.15
RORA(var.2)	42	56	1.4015884329921355	0.11088891110888911	chr20	47895005.0	47895119.0	antisense	0.7282122437106939	0.13774202338162653	0.15
YY2	39	50	1.4013041602329037	0.36096390360963904	chr20	47895005.0	47895119.0	sense	0.737219959322749	0.13240291530539108	0.15
PDX1	43	51	1.396473312672001	0.23567643235676433	chr20	47895005.0	47895119.0	sense	0.737219959322749	0.13240291530539108	0.15
NKX2-3	48	58	1.3945268073164698	0.3184681531846815	chr20	47895005.0	47895119.0	sense	0.737219959322749	0.13240291530539108	0.15
CEBPB	51	61	1.3895548744010557	0.204979502049795	chr20	47895005.0	47895119.0	sense	0.7282122437106939	0.13774202338162653	0.15
Npas2	48	58	1.389530783866771	0.30326967303269675	chr20	47895005.0	47895119.0	antisense	0.737219959322749	0.13240291530539108	0.15
Hic1	52	61	1.3870917774711429	0.4246575342465753	chr20	47895005.0	47895119.0	sense	0.737219959322749	0.13240291530539108	0.15
NFIA	39	49	1.3859207447578934	0.21427857214278573	chr20	47895005.0	47895119.0	antisense	0.7282122437106939	0.13774202338162653	0.15
IRF1	39	60	1.372303563003509	0.10978902109789021	chr20	47895005.0	47895119.0	sense	0.7282122437106939	0.13774202338162653	0.15
CEBPD	51	61	1.3674834721051994	0.18368163183681632	chr20	47895005.0	47895119.0	sense	0.7282122437106939	0.13774202338162653	0.15
NKX6-1	43	51	1.3590565132607557	0.30756924307569244	chr20	47895005.0	47895119.0	sense	0.737219959322749	0.13240291530539108	0.15
SREBF2	43	53	1.3579505916154495	0.1902809719028097	chr20	47895005.0	47895119.0	antisense	0.7282122437106939	0.13774202338162653	0.15
JUN	43	56	1.3518189559011138	0.20277972202779723	chr20	47895005.0	47895119.0	antisense	0.7282122437106939	0.13774202338162653	0.15
RXRA::VDR	43	58	1.3469430866509375	0.0745925407459254	chr20	47895005.0	47895119.0	antisense	0.7282122437106939	0.13774202338162653	0.15
Nkx2-5(var.2)	42	53	1.3383633312311625	0.2712728727127287	chr20	47895005.0	47895119.0	sense	0.737219959322749	0.13240291530539108	0.15
IRF7	41	55	1.330025775671744	0.1456854314568543	chr20	47895005.0	47895119.0	sense	0.7282122437106939	0.13774202338162653	0.15
FIGLA	46	56	1.3151965020535148	0.40935906409359063	chr20	47895005.0	47895119.0	sense	0.737219959322749	0.13240291530539108	0.15
ONECUT3	44	58	1.3108185502837197	0.145985401459854	chr20	47895005.0	47895119.0	antisense	0.7282122437106939	0.13774202338162653	0.15
HESX1	46	56	1.3031759071643116	0.3247675232476752	chr20	47895005.0	47895119.0	antisense	0.737219959322749	0.13240291530539108	0.15
Hmx2	39	56	1.301643316908675	0.4163583641635836	chr20	47895005.0	47895119.0	sense	0.737219959322749	0.13240291530539108	0.15
Nr2e1	47	56	1.293592782392865	0.32856714328567144	chr20	47895005.0	47895119.0	antisense	0.737219959322749	0.13240291530539108	0.15
VSX2	47	55	1.2887198565207516	0.3467653234676532	chr20	47895005.0	47895119.0	sense	0.737219959322749	0.13240291530539108	0.15
Six3	40	57	1.2837647919974666	0.47555244475552444	chr20	47895005.0	47895119.0	antisense	0.737219959322749	0.13240291530539108	0.15
Creb5	42	54	1.2778398445487729	0.14138586141385862	chr20	47895005.0	47895119.0	antisense	0.7282122437106939	0.13774202338162653	0.15
KLF5	49	59	1.2720871882234117	0.1743825617438256	chr20	47895005.0	47895119.0	sense	0.7282122437106939	0.13774202338162653	0.15
MAFG::NFE2L1	42	48	1.2637795527251727	0.3468653134686531	chr20	47895005.0	47895119.0	sense	0.737219959322749	0.13240291530539108	0.15
MEIS1	41	48	1.2593735473222698	0.5125487451254874	chr20	47895005.0	47895119.0	sense	0.737219959322749	0.13240291530539108	0.15
Hand1::Tcf3	44	54	1.2578607596618898	0.5305469453054694	chr20	47895005.0	47895119.0	sense	0.7460229652710404	0.1272478031748196	0.15
Foxa2	44	56	1.2471770407135283	0.2783721627837216	chr20	47895005.0	47895119.0	sense	0.737219959322749	0.13240291530539108	0.15
JUN(var.2)	39	53	1.245640218994363	0.36576342365763426	chr20	47895005.0	47895119.0	antisense	0.737219959322749	0.13240291530539108	0.15
MSX1	49	57	1.2392744783928042	0.506049395060494	chr20	47895005.0	47895119.0	sense	0.737219959322749	0.13240291530539108	0.15
POU5F1B	51	60	1.227602826907548	0.36726327367263273	chr20	47895005.0	47895119.0	antisense	0.737219959322749	0.13240291530539108	0.15
BSX	43	51	1.2214047367417271	0.41775822417758224	chr20	47895005.0	47895119.0	sense	0.737219959322749	0.13240291530539108	0.15
Hoxa9	45	56	1.2180932710841785	0.2685731426857314	chr20	47895005.0	47895119.0	antisense	0.737219959322749	0.13240291530539108	0.15
POU2F2	42	55	1.212287407868414	0.2400759924007599	chr20	47895005.0	47895119.0	sense	0.737219959322749	0.13240291530539108	0.15
MNT	46	56	1.2053369021747493	0.3681631836816318	chr20	47895005.0	47895119.0	sense	0.737219959322749	0.13240291530539108	0.15
SPIC	45	59	1.2039257412870608	0.5768423157684232	chr20	47895005.0	47895119.0	antisense	0.7755988649839679	0.1103628351420175	0.15
NR4A2	43	51	1.1942521305317906	0.3732626737326267	chr20	47895005.0	47895119.0	sense	0.737219959322749	0.13240291530539108	0.15
Crem	45	55	1.1910770052895276	0.30386961303869614	chr20	47895005.0	47895119.0	sense	0.737219959322749	0.13240291530539108	0.15
mix-a	42	53	1.1779520980815894	0.27417258274172585	chr20	47895005.0	47895119.0	antisense	0.737219959322749	0.13240291530539108	0.15
TBX2	40	51	1.1774175719306743	0.6173382661733826	chr20	47895005.0	47895119.0	antisense	0.7900537532453651	0.10234335941377354	0.15
SPDEF	50	61	1.1668468931352471	0.22147785221477853	chr20	47895005.0	47895119.0	antisense	0.7368397775607055	0.13262693722377802	0.15
ZNF143	39	55	1.1546673657089634	0.0913908609139086	chr20	47895005.0	47895119.0	sense	0.7282122437106939	0.13774202338162653	0.15
FOXP3	43	50	1.1496076547404357	0.4567543245675432	chr20	47895005.0	47895119.0	sense	0.737219959322749	0.13240291530539108	0.15
PAX4	47	55	1.149064902613943	0.40235976402359763	chr20	47895005.0	47895119.0	antisense	0.737219959322749	0.13240291530539108	0.15
LBX1	43	51	1.145853335049693	0.3457654234576542	chr20	47895005.0	47895119.0	sense	0.737219959322749	0.13240291530539108	0.15
IRF2	39	57	1.1441304710816325	0.09819018098190181	chr20	47895005.0	47895119.0	antisense	0.7282122437106939	0.13774202338162653	0.15
OLIG3	44	54	1.1410744753048931	0.47935206479352066	chr20	47895005.0	47895119.0	sense	0.737219959322749	0.13240291530539108	0.15
HEY2	46	56	1.1312937809632795	0.4186581341865813	chr20	47895005.0	47895119.0	antisense	0.737219959322749	0.13240291530539108	0.15
MAFF	43	61	1.1186441875809512	0.5749425057494251	chr20	47895005.0	47895119.0	antisense	0.7750523648933808	0.11066895424727499	0.15
MEOX1	42	52	1.118240044551228	0.5901409859014098	chr20	47895005.0	47895119.0	sense	0.7777652614485385	0.10915145833194535	0.15
Id2	39	47	1.1099061595601132	0.21607839216078392	chr20	47895005.0	47895119.0	sense	0.7282122437106939	0.13774202338162653	0.15
Crx	44	55	1.108916123843844	0.32666733326667335	chr20	47895005.0	47895119.0	antisense	0.737219959322749	0.13240291530539108	0.15
SOX9	47	56	1.097555996847565	0.638936106389361	chr20	47895005.0	47895119.0	antisense	0.799805320672752	0.09701571106630043	0.15
GBX2	42	52	1.062776495964162	0.4443555644435556	chr20	47895005.0	47895119.0	sense	0.737219959322749	0.13240291530539108	0.15
POU3F4	51	60	1.0566862272064454	0.20477952204779523	chr20	47895005.0	47895119.0	antisense	0.7282122437106939	0.13774202338162653	0.15
FOXD2	50	57	1.049106631302277	0.40945905409459055	chr20	47895005.0	47895119.0	antisense	0.737219959322749	0.13240291530539108	0.15
POU3F3	43	56	1.0436875855224104	0.47355264473552644	chr20	47895005.0	47895119.0	antisense	0.737219959322749	0.13240291530539108	0.15
Esrrg	46	56	1.0408521006462237	0.3648635136486351	chr20	47895005.0	47895119.0	antisense	0.737219959322749	0.13240291530539108	0.15
BATF::JUN	44	55	1.0313526327818137	0.3217678232176782	chr20	47895005.0	47895119.0	antisense	0.737219959322749	0.13240291530539108	0.15
RUNX3	44	54	1.0293308089588482	0.41575842415758424	chr20	47895005.0	47895119.0	sense	0.737219959322749	0.13240291530539108	0.15
FOXC1	49	60	1.0231538016709782	0.38906109389061094	chr20	47895005.0	47895119.0	antisense	0.737219959322749	0.13240291530539108	0.15
KLF16	48	59	1.0215354326223887	0.2572742725727427	chr20	47895005.0	47895119.0	sense	0.737219959322749	0.13240291530539108	0.15
FOSL1	42	53	1.0166926455098506	0.24187581241875813	chr20	47895005.0	47895119.0	sense	0.737219959322749	0.13240291530539108	0.15
Myb	43	53	1.0141893772393848	0.29347065293470653	chr20	47895005.0	47895119.0	sense	0.737219959322749	0.13240291530539108	0.15
FOXC2	42	54	1.0085764073913104	0.4193580641935806	chr20	47895005.0	47895119.0	antisense	0.737219959322749	0.13240291530539108	0.15
Msx3	43	51	1.0043373033311211	0.36026397360263973	chr20	47895005.0	47895119.0	sense	0.737219959322749	0.13240291530539108	0.15
EMX2	42	52	0.9879954202963438	0.5170482951704829	chr20	47895005.0	47895119.0	sense	0.737219959322749	0.13240291530539108	0.15
Atf1	46	54	0.9879010979748032	0.40915908409159085	chr20	47895005.0	47895119.0	sense	0.737219959322749	0.13240291530539108	0.15
NFKB2	46	59	0.9816838493568166	0.24737526247375263	chr20	47895005.0	47895119.0	sense	0.737219959322749	0.13240291530539108	0.15
MSX2	43	51	0.9776322431140053	0.405959404059594	chr20	47895005.0	47895119.0	sense	0.737219959322749	0.13240291530539108	0.15
SRY	46	55	0.9753957687184049	0.6275372462753724	chr20	47895005.0	47895119.0	antisense	0.7930688682956522	0.10068909790040095	0.15
MEIS2	41	49	0.9722410110304318	0.43975602439756023	chr20	47895005.0	47895119.0	sense	0.737219959322749	0.13240291530539108	0.15
GCM2	44	54	0.9697929677395	0.5637436256374363	chr20	47895005.0	47895119.0	antisense	0.7639241297802336	0.11694977186144394	0.15
JUND	42	53	0.9639566410562311	0.282971702829717	chr20	47895005.0	47895119.0	sense	0.737219959322749	0.13240291530539108	0.15
JUNB	41	52	0.9613985971513247	0.3531646835316468	chr20	47895005.0	47895119.0	sense	0.737219959322749	0.13240291530539108	0.15
ZBTB7B	43	55	0.9609817503389491	0.36326367363263673	chr20	47895005.0	47895119.0	sense	0.737219959322749	0.13240291530539108	0.15
PAX3	45	55	0.959975475315048	0.1663833616638336	chr20	47895005.0	47895119.0	antisense	0.7282122437106939	0.13774202338162653	0.15
GBX1	42	52	0.9531690009299876	0.4266573342665733	chr20	47895005.0	47895119.0	sense	0.737219959322749	0.13240291530539108	0.15
Creb3l2	39	48	0.9434928745385116	0.26787321267873215	chr20	47895005.0	47895119.0	antisense	0.737219959322749	0.13240291530539108	0.15
Nobox	42	50	0.9375589009852346	0.48665133486651335	chr20	47895005.0	47895119.0	antisense	0.737219959322749	0.13240291530539108	0.15
Lhx8	43	51	0.936074908498914	0.5165483451654834	chr20	47895005.0	47895119.0	antisense	0.737219959322749	0.13240291530539108	0.15
Rfx1	43	57	0.9356105606807563	0.5561443855614439	chr20	47895005.0	47895119.0	antisense	0.7594031172798951	0.11952762445369024	0.15
POU6F2	46	56	0.9329413837671433	0.46605339466053397	chr20	47895005.0	47895119.0	sense	0.737219959322749	0.13240291530539108	0.15
Sox5	47	54	0.9318999455983004	0.39536046395360464	chr20	47895005.0	47895119.0	antisense	0.737219959322749	0.13240291530539108	0.15
FOXD1	43	51	0.930222919596857	0.42715728427157285	chr20	47895005.0	47895119.0	sense	0.737219959322749	0.13240291530539108	0.15
ATF7	41	55	0.9282745432492655	0.23207679232076792	chr20	47895005.0	47895119.0	antisense	0.737219959322749	0.13240291530539108	0.15
HOXD11	41	51	0.9267527731694445	0.40135986401359863	chr20	47895005.0	47895119.0	antisense	0.737219959322749	0.13240291530539108	0.15
HOXC12	41	52	0.9232774694955416	0.38206179382061795	chr20	47895005.0	47895119.0	antisense	0.737219959322749	0.13240291530539108	0.15
EHF	45	57	0.9225155336452474	0.39146085391460855	chr20	47895005.0	47895119.0	antisense	0.737219959322749	0.13240291530539108	0.15
ATF4	45	58	0.9102518778063216	0.30226977302269775	chr20	47895005.0	47895119.0	antisense	0.737219959322749	0.13240291530539108	0.15
LHX2	46	56	0.9074088674374591	0.5894410558944105	chr20	47895005.0	47895119.0	sense	0.7777652614485385	0.10915145833194535	0.15
PAX7	45	55	0.8995471425911032	0.16148385161483853	chr20	47895005.0	47895119.0	antisense	0.7282122437106939	0.13774202338162653	0.15
SP8	49	61	0.8989895731359071	0.458054194580542	chr20	47895005.0	47895119.0	sense	0.737219959322749	0.13240291530539108	0.15
ISX	43	51	0.8976881977525306	0.3518648135186481	chr20	47895005.0	47895119.0	sense	0.737219959322749	0.13240291530539108	0.15
OLIG2	44	54	0.8965528498719187	0.45485451454854514	chr20	47895005.0	47895119.0	antisense	0.737219959322749	0.13240291530539108	0.15
JDP2(var.2)	42	54	0.8958013181112627	0.23887611238876114	chr20	47895005.0	47895119.0	antisense	0.737219959322749	0.13240291530539108	0.15
HOXC13	39	50	0.890303280148232	0.37606239376062395	chr20	47895005.0	47895119.0	sense	0.737219959322749	0.13240291530539108	0.15
USF1	46	57	0.8875940650067697	0.48525147485251474	chr20	47895005.0	47895119.0	sense	0.737219959322749	0.13240291530539108	0.15
Mecom	45	59	0.8875698354870213	0.31766823317668236	chr20	47895005.0	47895119.0	antisense	0.737219959322749	0.13240291530539108	0.15
YY1	43	55	0.8852265301774128	0.44895510448955106	chr20	47895005.0	47895119.0	antisense	0.737219959322749	0.13240291530539108	0.15
HSF2	48	61	0.8836133204980678	0.27607239276072393	chr20	47895005.0	47895119.0	antisense	0.737219959322749	0.13240291530539108	0.15
HOXB13	46	56	0.8826284059395286	0.4116588341165883	chr20	47895005.0	47895119.0	antisense	0.737219959322749	0.13240291530539108	0.15
RUNX2	44	53	0.8646234566344614	0.49135086491350866	chr20	47895005.0	47895119.0	sense	0.737219959322749	0.13240291530539108	0.15
TBX4	47	55	0.8562636756107427	0.6242375762423757	chr20	47895005.0	47895119.0	antisense	0.7930688682956522	0.10068909790040095	0.15
CEBPA	43	54	0.8550093657746378	0.4547545245475452	chr20	47895005.0	47895119.0	sense	0.737219959322749	0.13240291530539108	0.15
Gfi1b	39	50	0.8521577294042555	0.43545645435456454	chr20	47895005.0	47895119.0	antisense	0.737219959322749	0.13240291530539108	0.15
HSF1	48	61	0.8509613610494542	0.1897810218978102	chr20	47895005.0	47895119.0	antisense	0.7282122437106939	0.13774202338162653	0.15
FOXP2	47	58	0.8492660568017678	0.3083691630836916	chr20	47895005.0	47895119.0	antisense	0.737219959322749	0.13240291530539108	0.15
Arx	40	57	0.8480295442232342	0.42785721427857215	chr20	47895005.0	47895119.0	antisense	0.737219959322749	0.13240291530539108	0.15
E2F6	39	50	0.8457040882995903	0.3261673832616738	chr20	47895005.0	47895119.0	sense	0.737219959322749	0.13240291530539108	0.15
LHX6	46	56	0.8428472481444556	0.6035396460353964	chr20	47895005.0	47895119.0	sense	0.7870278298803286	0.1040099103985404	0.15
TBR1	40	50	0.8315486389561638	0.5801419858014198	chr20	47895005.0	47895119.0	antisense	0.7777652614485385	0.10915145833194535	0.15
E2F4	39	50	0.8181774919833762	0.3571642835716428	chr20	47895005.0	47895119.0	sense	0.737219959322749	0.13240291530539108	0.15
Nkx2-5	44	51	0.813653482523271	0.5952404759524048	chr20	47895005.0	47895119.0	antisense	0.7801257753012578	0.10783537280216374	0.15
HOXA13	44	54	0.804118727918703	0.48925107489251074	chr20	47895005.0	47895119.0	sense	0.737219959322749	0.13240291530539108	0.15
EGR4	39	55	0.8036415719224517	0.5515448455154485	chr20	47895005.0	47895119.0	sense	0.7572798275727983	0.12074361176181797	0.15
E2F1	39	51	0.8009394405150082	0.6428357164283571	chr20	47895005.0	47895119.0	antisense	0.800076107497164	0.09686869864067123	0.15
GATA2	42	56	0.7964175103351614	0.505949405059494	chr20	47895005.0	47895119.0	antisense	0.737219959322749	0.13240291530539108	0.15
CREB1	42	50	0.7883919556274631	0.6324367563243676	chr20	47895005.0	47895119.0	sense	0.7947570860347379	0.09976559123695031	0.15
ARNT::HIF1A	39	47	0.7848891501231281	0.5295470452954705	chr20	47895005.0	47895119.0	sense	0.7460229652710404	0.1272478031748196	0.15
KLF14	39	53	0.7792175299329911	0.3190680931906809	chr20	47895005.0	47895119.0	sense	0.737219959322749	0.13240291530539108	0.15
Foxq1	41	52	0.7784614271060801	0.39146085391460855	chr20	47895005.0	47895119.0	antisense	0.737219959322749	0.13240291530539108	0.15
MGA	39	47	0.7696432839363688	0.5018498150184981	chr20	47895005.0	47895119.0	sense	0.737219959322749	0.13240291530539108	0.15
Mlxip	39	47	0.7684013823475547	0.37396260373962603	chr20	47895005.0	47895119.0	sense	0.737219959322749	0.13240291530539108	0.15
FOXH1	46	57	0.7673178826960385	0.39536046395360464	chr20	47895005.0	47895119.0	antisense	0.737219959322749	0.13240291530539108	0.15
Atoh1	46	56	0.7629575520683967	0.6497350264973503	chr20	47895005.0	47895119.0	antisense	0.804803051914379	0.09431038538573615	0.15
VENTX	42	51	0.7608625999496005	0.5378462153784621	chr20	47895005.0	47895119.0	sense	0.747008499150085	0.1266744569356258	0.15
FOS::JUN	42	49	0.7494081564954095	0.6927307269273073	chr20	47895005.0	47895119.0	sense	0.828403795565144	0.08175791993162528	0.15
HOXC11	39	50	0.7429264308996992	0.48955104489551043	chr20	47895005.0	47895119.0	sense	0.737219959322749	0.13240291530539108	0.15
HOXC10	41	51	0.7330300292520968	0.6115388461153884	chr20	47895005.0	47895119.0	antisense	0.7895240326713597	0.10263464577259236	0.15
FOSL2	41	52	0.7299515095921347	0.44525547445255476	chr20	47895005.0	47895119.0	sense	0.737219959322749	0.13240291530539108	0.15
HOXD13	44	54	0.7221847883954675	0.49975002499750026	chr20	47895005.0	47895119.0	sense	0.737219959322749	0.13240291530539108	0.15
HOXD12	39	50	0.7150738435250056	0.47015298470152983	chr20	47895005.0	47895119.0	sense	0.737219959322749	0.13240291530539108	0.15
Klf1	42	53	0.7109638640162251	0.45065493450654937	chr20	47895005.0	47895119.0	sense	0.737219959322749	0.13240291530539108	0.15
FOS	42	53	0.6948995273008279	0.49725027497250274	chr20	47895005.0	47895119.0	antisense	0.737219959322749	0.13240291530539108	0.15
NR2F1	48	61	0.6942508047183855	0.6473352664733527	chr20	47895005.0	47895119.0	antisense	0.8037488117216987	0.0948796561368857	0.15
Arid3a	46	52	0.6888948834068898	0.4343565643435656	chr20	47895005.0	47895119.0	sense	0.737219959322749	0.13240291530539108	0.15
HLF	45	57	0.68740307079689	0.6180381961803819	chr20	47895005.0	47895119.0	sense	0.7900537532453651	0.10234335941377354	0.15
CDX2	47	58	0.675099103794039	0.42005799420057993	chr20	47895005.0	47895119.0	antisense	0.737219959322749	0.13240291530539108	0.15
FOXO4	43	50	0.6690264060606227	0.42115788421157885	chr20	47895005.0	47895119.0	sense	0.737219959322749	0.13240291530539108	0.15
TEAD3	49	57	0.6654900916076876	0.5025497450254974	chr20	47895005.0	47895119.0	sense	0.737219959322749	0.13240291530539108	0.15
TBX1	39	47	0.6610412027595528	0.4844515548445156	chr20	47895005.0	47895119.0	sense	0.737219959322749	0.13240291530539108	0.15
FOXI1	43	50	0.6576213235201656	0.39576042395760425	chr20	47895005.0	47895119.0	sense	0.737219959322749	0.13240291530539108	0.15
EOMES	41	54	0.6538493293972638	0.7843215678432157	chr20	47895005.0	47895119.0	sense	0.8926817844531336	0.049303327097093376	0.15
Dux	43	51	0.6448969341528421	0.46905309469053097	chr20	47895005.0	47895119.0	antisense	0.737219959322749	0.13240291530539108	0.15
Klf4	49	59	0.6416228307343234	0.39986001399860016	chr20	47895005.0	47895119.0	antisense	0.737219959322749	0.13240291530539108	0.15
FOXL1	43	50	0.6318747633599353	0.44265573442655737	chr20	47895005.0	47895119.0	sense	0.737219959322749	0.13240291530539108	0.15
TBX15	39	47	0.6260550269908939	0.40835916408359163	chr20	47895005.0	47895119.0	sense	0.737219959322749	0.13240291530539108	0.15
CLOCK	48	58	0.61994020486329	0.6607339266073393	chr20	47895005.0	47895119.0	antisense	0.8106877255536858	0.09114640249112131	0.15
PLAG1	47	61	0.6101256264284768	0.2732726727327267	chr20	47895005.0	47895119.0	antisense	0.737219959322749	0.13240291530539108	0.15
Gata4	45	56	0.6081882365350908	0.5136486351364864	chr20	47895005.0	47895119.0	sense	0.737219959322749	0.13240291530539108	0.15
HINFP	49	61	0.6029627840224593	0.654034596540346	chr20	47895005.0	47895119.0	sense	0.8081998942962847	0.09248121069433991	0.15
MAFK	40	55	0.585368476982219	0.7394260573942606	chr20	47895005.0	47895119.0	antisense	0.8566118834545118	0.06721590509363752	0.15
Myod1	46	59	0.5828576922734453	0.5846415358464153	chr20	47895005.0	47895119.0	sense	0.7777652614485385	0.10915145833194535	0.15
Rarg(var.2)	42	59	0.5828250341124147	0.1294870512948705	chr20	47895005.0	47895119.0	antisense	0.7282122437106939	0.13774202338162653	0.15
Twist2	46	56	0.5827060408457723	0.676932306769323	chr20	47895005.0	47895119.0	sense	0.8247133033175555	0.08369699984597943	0.15
MSC	46	56	0.582113872815868	0.6089391060893911	chr20	47895005.0	47895119.0	sense	0.7895240326713597	0.10263464577259236	0.15
GCM1	40	51	0.5802737439659138	0.667033296670333	chr20	47895005.0	47895119.0	sense	0.8145653669927124	0.08907405882613316	0.15
FOXO6	43	50	0.5798545106288524	0.43245675432456754	chr20	47895005.0	47895119.0	sense	0.737219959322749	0.13240291530539108	0.15
Arnt	40	46	0.577690664460745	0.48085191480851913	chr20	47895005.0	47895119.0	sense	0.737219959322749	0.13240291530539108	0.15
SOX10	44	50	0.5756559632789051	0.7277272272772722	chr20	47895005.0	47895119.0	antisense	0.8506541237768115	0.07024698829280805	0.15
Sox3	50	60	0.5717062768086332	0.41215878412158785	chr20	47895005.0	47895119.0	sense	0.737219959322749	0.13240291530539108	0.15
ZNF354C	54	60	0.5700125701038989	0.6171382861713829	chr20	47895005.0	47895119.0	sense	0.7900537532453651	0.10234335941377354	0.15
Mafb	42	54	0.5672394631241096	0.8654134586541345	chr20	47895005.0	47895119.0	antisense	0.9380655748858104	0.027766801476331062	0.15
Sox1	42	57	0.5608943666605097	0.24347565243475652	chr20	47895005.0	47895119.0	sense	0.737219959322749	0.13240291530539108	0.15
DBP	45	57	0.5540420325459927	0.5912408759124088	chr20	47895005.0	47895119.0	sense	0.7777652614485385	0.10915145833194535	0.15
POU4F2	40	56	0.538120003362649	0.2860713928607139	chr20	47895005.0	47895119.0	sense	0.737219959322749	0.13240291530539108	0.15
Foxj2	43	51	0.5330286826396374	0.5083491650834917	chr20	47895005.0	47895119.0	sense	0.737219959322749	0.13240291530539108	0.15
TBX20	45	56	0.5302389023439715	0.6016398360163984	chr20	47895005.0	47895119.0	antisense	0.7865266370088433	0.10428656469986401	0.15
BHLHE23	43	55	0.5267943462122531	0.47405259474052597	chr20	47895005.0	47895119.0	antisense	0.737219959322749	0.13240291530539108	0.15
ZEB1	51	60	0.522717315616506	0.5318468153184681	chr20	47895005.0	47895119.0	sense	0.7460229652710404	0.1272478031748196	0.15
Klf12	42	57	0.5207837837278102	0.34606539346065396	chr20	47895005.0	47895119.0	sense	0.737219959322749	0.13240291530539108	0.15
SREBF1	51	61	0.51038326173699	0.50994900509949	chr20	47895005.0	47895119.0	sense	0.737219959322749	0.13240291530539108	0.15
Nr2e3	47	54	0.5076537113339099	0.5391460853914608	chr20	47895005.0	47895119.0	sense	0.747008499150085	0.1266744569356258	0.15
Gata1	44	55	0.5031990895574318	0.5581441855814419	chr20	47895005.0	47895119.0	sense	0.7594031172798951	0.11952762445369024	0.15
USF2	45	56	0.5002769039860274	0.6855314468553144	chr20	47895005.0	47895119.0	antisense	0.828403795565144	0.08175791993162528	0.15
SMAD3	39	49	0.49952318585823074	0.3842615738426157	chr20	47895005.0	47895119.0	antisense	0.737219959322749	0.13240291530539108	0.15
EGR2	43	54	0.4932645268511658	0.5142485751424858	chr20	47895005.0	47895119.0	sense	0.737219959322749	0.13240291530539108	0.15
RFX4	42	58	0.49278911304121337	0.5856414358564144	chr20	47895005.0	47895119.0	sense	0.7777652614485385	0.10915145833194535	0.15
Ahr::Arnt	40	46	0.4845634520446974	0.6883311668833116	chr20	47895005.0	47895119.0	sense	0.828403795565144	0.08175791993162528	0.15
NHLH1	42	52	0.4683033425491461	0.8037196280371963	chr20	47895005.0	47895119.0	sense	0.8989881184295364	0.0462460481272696	0.15
Nr2f6	47	61	0.4673005777235627	0.46395360463953605	chr20	47895005.0	47895119.0	antisense	0.737219959322749	0.13240291530539108	0.15
Sox6	41	51	0.4657991235140466	0.46805319468053197	chr20	47895005.0	47895119.0	antisense	0.737219959322749	0.13240291530539108	0.15
MAFG	40	61	0.4562928645371569	0.5397460253974603	chr20	47895005.0	47895119.0	antisense	0.747008499150085	0.1266744569356258	0.15
TBX19	39	59	0.45511632503030985	0.5387461253874612	chr20	47895005.0	47895119.0	antisense	0.747008499150085	0.1266744569356258	0.15
CUX1	45	55	0.4396111662957011	0.7212278772122788	chr20	47895005.0	47895119.0	sense	0.8506541237768115	0.07024698829280805	0.15
CUX2	45	55	0.43820020320680697	0.7667233276672333	chr20	47895005.0	47895119.0	sense	0.8788895944842602	0.0560656772786295	0.15
CEBPG	51	61	0.43636326760645966	0.4874512548745126	chr20	47895005.0	47895119.0	sense	0.737219959322749	0.13240291530539108	0.15
NR2C2	46	61	0.40851179237376983	0.5046495350464953	chr20	47895005.0	47895119.0	antisense	0.737219959322749	0.13240291530539108	0.15
FOXO3	49	57	0.40532707729600576	0.46725327467253275	chr20	47895005.0	47895119.0	antisense	0.737219959322749	0.13240291530539108	0.15
BHLHE22	44	54	0.40069730894414174	0.6573342665733427	chr20	47895005.0	47895119.0	sense	0.8103479438279451	0.09132846551846752	0.15
ID4	46	56	0.4004889473579774	0.8386161383861613	chr20	47895005.0	47895119.0	antisense	0.9221224064034275	0.03521142504503347	0.15
SP1	49	60	0.4004770390864295	0.5049495050494951	chr20	47895005.0	47895119.0	sense	0.737219959322749	0.13240291530539108	0.15
TFEB	46	56	0.3921968472861602	0.8528147185281472	chr20	47895005.0	47895119.0	sense	0.9337781411732244	0.029756296692385307	0.15
ZBED1	41	54	0.37869529120051393	0.36476352364763526	chr20	47895005.0	47895119.0	sense	0.737219959322749	0.13240291530539108	0.15
FOXG1	43	51	0.37288188894228275	0.4734526547345265	chr20	47895005.0	47895119.0	antisense	0.737219959322749	0.13240291530539108	0.15
E2F2	40	56	0.3687433364793641	0.20267973202679732	chr20	47895005.0	47895119.0	sense	0.7282122437106939	0.13774202338162653	0.15
Rarb(var.2)	42	59	0.3609541492565213	0.20387961203879612	chr20	47895005.0	47895119.0	antisense	0.7282122437106939	0.13774202338162653	0.15
MAX	46	56	0.3603650374564405	0.8327167283271673	chr20	47895005.0	47895119.0	sense	0.919531876599574	0.03643321086164256	0.15
Myc	45	55	0.3599213711002054	0.6426357364263574	chr20	47895005.0	47895119.0	antisense	0.800076107497164	0.09686869864067123	0.15
PBX1	41	53	0.34102690545861714	0.7949205079492051	chr20	47895005.0	47895119.0	sense	0.8957739215279337	0.047801585228432024	0.15
SMAD2::SMAD3::SMAD4	43	56	0.3382996437280547	0.8555144485551445	chr20	47895005.0	47895119.0	sense	0.9347621027370947	0.029298903153781006	0.15
MYBL2	39	54	0.33037801305005954	0.6921307869213079	chr20	47895005.0	47895119.0	sense	0.828403795565144	0.08175791993162528	0.15
ZIC4	42	57	0.32899213730475824	0.7977202279772023	chr20	47895005.0	47895119.0	antisense	0.8957739215279337	0.047801585228432024	0.15
NFE2	42	53	0.3155488129318286	0.49755024497550243	chr20	47895005.0	47895119.0	sense	0.737219959322749	0.13240291530539108	0.15
NFYB	43	58	0.3136985842497161	0.726027397260274	chr20	47895005.0	47895119.0	antisense	0.8506541237768115	0.07024698829280805	0.15
TBX21	40	50	0.3133361504994558	0.791020897910209	chr20	47895005.0	47895119.0	antisense	0.8957739215279337	0.047801585228432024	0.15
LIN54	39	48	0.3100892921356617	0.7008299170082992	chr20	47895005.0	47895119.0	sense	0.8342447865305214	0.07870649871344645	0.15
PAX1	40	57	0.30120578669990133	0.46065393460653936	chr20	47895005.0	47895119.0	sense	0.737219959322749	0.13240291530539108	0.15
RORA	43	53	0.2977160347921859	0.7862213778622138	chr20	47895005.0	47895119.0	antisense	0.8928859849244835	0.04920399383199215	0.15
TCF4	42	52	0.29748409510938445	0.7693230676932307	chr20	47895005.0	47895119.0	sense	0.8794684408211162	0.055779740314712015	0.15
JDP2	39	48	0.2922325698799343	0.49265073492650735	chr20	47895005.0	47895119.0	antisense	0.737219959322749	0.13240291530539108	0.15
RARA(var.2)	42	59	0.2908833816426669	0.22377762223777622	chr20	47895005.0	47895119.0	antisense	0.737219959322749	0.13240291530539108	0.15
MYBL1	39	51	0.29045245618264504	0.6913308669133087	chr20	47895005.0	47895119.0	sense	0.828403795565144	0.08175791993162528	0.15
ZNF740	51	61	0.28667562765621385	0.537946205379462	chr20	47895005.0	47895119.0	sense	0.747008499150085	0.1266744569356258	0.15
Ascl2	42	52	0.28435874100405084	0.8111188881111889	chr20	47895005.0	47895119.0	sense	0.9033706071452942	0.04413404412914418	0.15
ELF1	45	57	0.27608970648843434	0.71002899710029	chr20	47895005.0	47895119.0	antisense	0.8413357294407545	0.07503066728375919	0.15
PAX9	40	57	0.271284338528012	0.35706429357064295	chr20	47895005.0	47895119.0	sense	0.737219959322749	0.13240291530539108	0.15
NFKB1	41	54	0.2640033278502426	0.3294670532946705	chr20	47895005.0	47895119.0	antisense	0.737219959322749	0.13240291530539108	0.15
Pax6	42	56	0.26396991125084895	0.8758124187581242	chr20	47895005.0	47895119.0	antisense	0.9380655748858104	0.027766801476331062	0.15
Bach1::Mafk	40	55	0.2546909707414606	0.6280371962803719	chr20	47895005.0	47895119.0	antisense	0.7930688682956522	0.10068909790040095	0.15
ZBTB33	41	56	0.24972415326748304	0.8305169483051695	chr20	47895005.0	47895119.0	sense	0.9193901505371851	0.036500153174640025	0.15
NRF1	42	53	0.2447525227617431	0.7551244875512448	chr20	47895005.0	47895119.0	antisense	0.8709102423091024	0.06002660191373594	0.15
Tcf7	39	51	0.24440288957314935	0.5505449455054494	chr20	47895005.0	47895119.0	antisense	0.7572798275727983	0.12074361176181797	0.15
Myog	42	53	0.24093083249130423	0.7347265273472653	chr20	47895005.0	47895119.0	sense	0.855217168866073	0.06792358905635179	0.15
TFE3	51	61	0.2254574664695754	0.9899010098990101	chr20	47895005.0	47895119.0	sense	0.9899010098990101	0.0044082326793127595	0.15
CTCF	41	60	0.22388102259199882	0.5822417758224178	chr20	47895005.0	47895119.0	sense	0.7777652614485385	0.10915145833194535	0.15
TAL1::TCF3	46	58	0.22183682762658447	0.7987201279872013	chr20	47895005.0	47895119.0	antisense	0.8957739215279337	0.047801585228432024	0.15
Tcf12	42	53	0.2189347007686527	0.7502249775022498	chr20	47895005.0	47895119.0	sense	0.867186555286565	0.06188746398156298	0.15
T	41	57	0.2165367683807641	0.626937306269373	chr20	47895005.0	47895119.0	antisense	0.7930688682956522	0.10068909790040095	0.15
Nr5a2	41	56	0.21359945950020487	0.8636136386361364	chr20	47895005.0	47895119.0	antisense	0.9380655748858104	0.027766801476331062	0.15
NEUROG2	46	56	0.20632749217931032	0.6602339766023397	chr20	47895005.0	47895119.0	sense	0.8106877255536858	0.09114640249112131	0.15
PROX1	42	54	0.18920246327187143	0.591940805919408	chr20	47895005.0	47895119.0	antisense	0.7777652614485385	0.10915145833194535	0.15
Hnf4a	44	60	0.18849872983827232	0.3457654234576542	chr20	47895005.0	47895119.0	antisense	0.737219959322749	0.13240291530539108	0.15
MYF6	45	55	0.18835117627801898	0.7241275872412759	chr20	47895005.0	47895119.0	sense	0.8506541237768115	0.07024698829280805	0.15
TP73	40	58	0.18619026715343007	0.6103389661033897	chr20	47895005.0	47895119.0	antisense	0.7895240326713597	0.10263464577259236	0.15
Znf423	42	57	0.1811159618748122	0.35426457354264573	chr20	47895005.0	47895119.0	sense	0.737219959322749	0.13240291530539108	0.15
Stat5a::Stat5b	39	50	0.17987843552327673	0.8089191080891911	chr20	47895005.0	47895119.0	antisense	0.9028581012866455	0.04438050070608647	0.15
ESRRB	45	56	0.17175413722274985	0.6923307669233076	chr20	47895005.0	47895119.0	antisense	0.828403795565144	0.08175791993162528	0.15
Mycn	40	48	0.14940825515916795	0.7826217378262174	chr20	47895005.0	47895119.0	antisense	0.8926817844531336	0.049303327097093376	0.15
Tcf21	43	57	0.14652359755883265	0.5860413958604139	chr20	47895005.0	47895119.0	antisense	0.7777652614485385	0.10915145833194535	0.15
TCF3	42	52	0.1454150454673207	0.9246075392460754	chr20	47895005.0	47895119.0	sense	0.9694369956943699	0.01348041073318952	0.15
INSM1	41	53	0.14030206961747632	0.7090290970902909	chr20	47895005.0	47895119.0	antisense	0.8413357294407545	0.07503066728375919	0.15
NFYA	40	58	0.13915878660282543	0.692030796920308	chr20	47895005.0	47895119.0	antisense	0.828403795565144	0.08175791993162528	0.15
MEF2B	46	58	0.12080746854940817	0.43555644435556445	chr20	47895005.0	47895119.0	antisense	0.737219959322749	0.13240291530539108	0.15
MEF2A	40	52	0.11124171772408116	0.5698430156984302	chr20	47895005.0	47895119.0	sense	0.7701784509049097	0.11340863682210496	0.15
Bhlha15	49	57	0.10960871265660743	0.8734126587341265	chr20	47895005.0	47895119.0	antisense	0.9380655748858104	0.027766801476331062	0.15
Zfx	41	55	0.09611533623538521	0.8381161883811619	chr20	47895005.0	47895119.0	antisense	0.9221224064034275	0.03521142504503347	0.15
SCRT1	41	56	0.09571267737946873	0.6395360463953604	chr20	47895005.0	47895119.0	sense	0.799805320672752	0.09701571106630043	0.15
OLIG1	44	54	0.08615403351908238	0.7349265073492651	chr20	47895005.0	47895119.0	antisense	0.855217168866073	0.06792358905635179	0.15
SPI1	41	55	0.08329890645988787	0.43875612438756123	chr20	47895005.0	47895119.0	antisense	0.737219959322749	0.13240291530539108	0.15
MEF2D	40	52	0.07644772803455849	0.47765223477652236	chr20	47895005.0	47895119.0	sense	0.737219959322749	0.13240291530539108	0.15
Vdr	43	59	0.07330474660871587	0.4978502149785021	chr20	47895005.0	47895119.0	antisense	0.737219959322749	0.13240291530539108	0.15
Nfe2l2	42	57	0.06884171793648884	0.8932106789321068	chr20	47895005.0	47895119.0	antisense	0.946921430305949	0.02368605457662566	0.15
RFX2	42	58	0.06361769983752331	0.49875012498750126	chr20	47895005.0	47895119.0	antisense	0.737219959322749	0.13240291530539108	0.15
TCF7L2	45	59	0.057897871273117685	0.8671132886711329	chr20	47895005.0	47895119.0	antisense	0.9380655748858104	0.027766801476331062	0.15
E2F3	39	57	0.05566758410274877	0.33826617338266174	chr20	47895005.0	47895119.0	antisense	0.737219959322749	0.13240291530539108	0.15
Stat4	43	57	0.03488240925930765	0.8308169183081692	chr20	47895005.0	47895119.0	sense	0.9193901505371851	0.036500153174640025	0.15
RFX3	42	58	0.03008486586012826	0.7270272972702729	chr20	47895005.0	47895119.0	sense	0.8506541237768115	0.07024698829280805	0.15
GLIS2	41	55	0.020673662770046022	0.6873312668733127	chr20	47895005.0	47895119.0	sense	0.828403795565144	0.08175791993162528	0.15
ELF3	44	57	0.002971084722632402	0.7573242675732427	chr20	47895005.0	47895119.0	antisense	0.8715106316419355	0.05972731052155791	0.15
TFEC	39	49	-0.0	0.9844015598440156	chr20	47895005.0	47895119.0	sense	0.9899010098990101	0.0044082326793127595	0.15
BHLHE40	39	49	-0.0	0.959004099590041	chr20	47895005.0	47895119.0	sense	0.9899010098990101	0.0044082326793127595	0.15
E2F7	42	56	-0.0	0.40805919408059194	chr20	47895005.0	47895119.0	antisense	0.737219959322749	0.13240291530539108	0.15
RXRG	46	60	-0.0	0.52994700529947	chr20	47895005.0	47895119.0	sense	0.7460229652710404	0.1272478031748196	0.15
E2F8	43	55	-0.0	0.7154284571542846	chr20	47895005.0	47895119.0	antisense	0.8458026634694161	0.07273095157473103	0.15
GATA3	43	51	-0.0	0.9524047595240476	chr20	47895005.0	47895119.0	sense	0.9899010098990101	0.0044082326793127595	0.15
IRF8	41	55	-0.0	0.49745025497450257	chr20	47895005.0	47895119.0	antisense	0.737219959322749	0.13240291530539108	0.15
Esrra	50	61	-0.0	0.8439156084391561	chr20	47895005.0	47895119.0	sense	0.9259877394924356	0.033394763540561284	0.15
ELF4	39	51	-0.0	0.894010598940106	chr20	47895005.0	47895119.0	antisense	0.946921430305949	0.02368605457662566	0.15
GLIS3	45	59	-0.0	0.5566443355664433	chr20	47895005.0	47895119.0	antisense	0.7594031172798951	0.11952762445369024	0.15
Srebf1(var.2)	39	49	-0.0	0.9381061893810619	chr20	47895005.0	47895119.0	sense	0.9816070812273612	0.0080623173074627	0.15
RXRB	46	60	-0.0	0.5006499350064993	chr20	47895005.0	47895119.0	sense	0.737219959322749	0.13240291530539108	0.15
Sox2	43	51	-0.0	0.9621037896210379	chr20	47895005.0	47895119.0	sense	0.9899010098990101	0.0044082326793127595	0.15
SREBF2(var.2)	39	49	-0.0	0.8766123387661234	chr20	47895005.0	47895119.0	sense	0.9380655748858104	0.027766801476331062	0.15
GLIS1	44	60	-0.0	0.2863713628637136	chr20	47895005.0	47895119.0	antisense	0.737219959322749	0.13240291530539108	0.15
Rxra	46	60	-0.0	0.5047495250474953	chr20	47895005.0	47895119.0	sense	0.737219959322749	0.13240291530539108	0.15
HEY1	44	54	-0.0	0.9781021897810219	chr20	47895005.0	47895119.0	sense	0.9899010098990101	0.0044082326793127595	0.15
STAT1	45	56	-0.0	0.9433056694330567	chr20	47895005.0	47895119.0	sense	0.9850616548003148	0.0065365862520538704	0.15
BHLHE41	44	54	-0.0	0.8751124887511249	chr20	47895005.0	47895119.0	sense	0.9380655748858104	0.027766801476331062	0.15
STAT3	45	56	-0.0	0.9576042395760423	chr20	47895005.0	47895119.0	sense	0.9899010098990101	0.0044082326793127595	0.15
HES5	49	61	-0.0	0.6975302469753024	chr20	47895005.0	47895119.0	antisense	0.832225742942947	0.07975885445853136	0.15
KLF13	41	59	-0.004114797005685055	0.5197480251974802	chr20	47895005.0	47895119.0	sense	0.7390389728150473	0.13133265871988573	0.15
TFAP2A	50	61	-0.023822871247318474	0.9636036396360363	chr20	47895005.0	47895119.0	sense	0.9899010098990101	0.0044082326793127595	0.15
MLXIPL	46	56	-0.03870957262996743	0.9799020097990201	chr20	47895005.0	47895119.0	antisense	0.9899010098990101	0.0044082326793127595	0.15
BATF3	41	55	-0.04160482710722762	0.5589441055894411	chr20	47895005.0	47895119.0	sense	0.7594031172798951	0.11952762445369024	0.15
TFAP4	39	49	-0.05383098389792157	0.9685031496850315	chr20	47895005.0	47895119.0	antisense	0.9899010098990101	0.0044082326793127595	0.15
MTF1	39	53	-0.054529524278709336	0.6632336766323368	chr20	47895005.0	47895119.0	sense	0.8118355617268462	0.09053192872276107	0.15
LEF1	42	57	-0.05721801683178709	0.7372262773722628	chr20	47895005.0	47895119.0	antisense	0.8559741341302112	0.06753935865724281	0.15
ZBTB18	41	54	-0.0900912031297832	0.8873112688731127	chr20	47895005.0	47895119.0	antisense	0.9456150894150832	0.024285606262503028	0.15
TFAP2C	48	60	-0.09798567045744459	0.9813018698130187	chr20	47895005.0	47895119.0	antisense	0.9899010098990101	0.0044082326793127595	0.15
IRF9	39	54	-0.09819090598669555	0.40575942405759424	chr20	47895005.0	47895119.0	antisense	0.737219959322749	0.13240291530539108	0.15
Rarb	44	60	-0.09974508564119826	0.3488651134886511	chr20	47895005.0	47895119.0	antisense	0.737219959322749	0.13240291530539108	0.15
SCRT2	41	54	-0.1030152718311079	0.8132186781321867	chr20	47895005.0	47895119.0	sense	0.9037697943267772	0.04394217769436899	0.15
TFAP2A(var.2)	48	60	-0.10680194404809372	0.9807019298070193	chr20	47895005.0	47895119.0	sense	0.9899010098990101	0.0044082326793127595	0.15
TFAP2B	48	60	-0.11920753772637455	0.9724027597240276	chr20	47895005.0	47895119.0	sense	0.9899010098990101	0.0044082326793127595	0.15
ESR1	42	59	-0.13749942093264358	0.6077392260773923	chr20	47895005.0	47895119.0	sense	0.7895240326713597	0.10263464577259236	0.15
MLX	46	56	-0.13909934406681065	0.9777022297770223	chr20	47895005.0	47895119.0	sense	0.9899010098990101	0.0044082326793127595	0.15
SP4	40	57	-0.15600671789459894	0.5489451054894511	chr20	47895005.0	47895119.0	sense	0.7572798275727983	0.12074361176181797	0.15
TGIF2	41	53	-0.17356598447340957	0.9196080391960804	chr20	47895005.0	47895119.0	antisense	0.9661469075764488	0.014956831867208378	0.15
SOX21	42	57	-0.17440084008377896	0.46145385461453853	chr20	47895005.0	47895119.0	sense	0.737219959322749	0.13240291530539108	0.15
REST	39	60	-0.1872797725914353	0.39046095390460955	chr20	47895005.0	47895119.0	antisense	0.737219959322749	0.13240291530539108	0.15
TP63	39	57	-0.18743655922286892	0.47695230476952305	chr20	47895005.0	47895119.0	sense	0.737219959322749	0.13240291530539108	0.15
HES7	41	53	-0.1957233708384465	0.7991200879912009	chr20	47895005.0	47895119.0	antisense	0.8957739215279337	0.047801585228432024	0.15
Nr2f6(var.2)	44	59	-0.20795116678329467	0.5077492250774922	chr20	47895005.0	47895119.0	antisense	0.737219959322749	0.13240291530539108	0.15
ZIC3	42	57	-0.2168625774235348	0.8723127687231277	chr20	47895005.0	47895119.0	antisense	0.9380655748858104	0.027766801476331062	0.15
Rarg	43	59	-0.24023253793043012	0.5067493250674933	chr20	47895005.0	47895119.0	antisense	0.737219959322749	0.13240291530539108	0.15
SOX8	39	55	-0.24106190727199356	0.34366563343665635	chr20	47895005.0	47895119.0	antisense	0.737219959322749	0.13240291530539108	0.15
TFAP2B(var.2)	39	50	-0.25219365276592415	0.9888011198880112	chr20	47895005.0	47895119.0	antisense	0.9899010098990101	0.0044082326793127595	0.15
Stat6	39	54	-0.27141642833541296	0.9528047195280472	chr20	47895005.0	47895119.0	antisense	0.9899010098990101	0.0044082326793127595	0.15
TFAP2C(var.2)	39	50	-0.27511923267122806	0.9894010598940106	chr20	47895005.0	47895119.0	antisense	0.9899010098990101	0.0044082326793127595	0.15
TFAP2A(var.3)	40	53	-0.295728957876579	0.9872012798720128	chr20	47895005.0	47895119.0	antisense	0.9899010098990101	0.0044082326793127595	0.15
TP53	39	57	-0.30087777211070105	0.8861113888611138	chr20	47895005.0	47895119.0	sense	0.9456150894150832	0.024285606262503028	0.15
Sox11	42	57	-0.30779603019909213	0.48275172482751727	chr20	47895005.0	47895119.0	sense	0.737219959322749	0.13240291530539108	0.15
ZIC1	41	55	-0.3177922728804393	0.8908109189081092	chr20	47895005.0	47895119.0	sense	0.946921430305949	0.02368605457662566	0.15
TFAP2C(var.3)	41	54	-0.3295622284777778	0.9728027197280272	chr20	47895005.0	47895119.0	sense	0.9899010098990101	0.0044082326793127595	0.15
ZNF410	39	56	-0.3431340020689152	0.5291470852914708	chr20	47895005.0	47895119.0	sense	0.7460229652710404	0.1272478031748196	0.15
TFAP2B(var.3)	48	61	-0.3783770760590006	0.9622037796220378	chr20	47895005.0	47895119.0	sense	0.9899010098990101	0.0044082326793127595	0.15
RARA	41	59	-0.38110211837448166	0.42055794420557946	chr20	47895005.0	47895119.0	antisense	0.737219959322749	0.13240291530539108	0.15
EGR3	39	54	-0.3858606983294308	0.7948205179482052	chr20	47895005.0	47895119.0	sense	0.8957739215279337	0.047801585228432024	0.15
TGIF1	43	55	-0.4141988513642225	0.9102089791020898	chr20	47895005.0	47895119.0	sense	0.960686858143454	0.017418150252659928	0.15
NFIC::TLX1	40	54	-0.42517306516303816	0.9778022197780222	chr20	47895005.0	47895119.0	antisense	0.9899010098990101	0.0044082326793127595	0.15
PKNOX1	43	55	-0.43085307235079273	0.9139086091390861	chr20	47895005.0	47895119.0	antisense	0.9621066290936829	0.016776792971803407	0.15
PKNOX2	43	55	-0.43554087672072933	0.9107089291070893	chr20	47895005.0	47895119.0	antisense	0.960686858143454	0.017418150252659928	0.15
EBF1	41	55	-0.44269788847170616	0.9763023697630236	chr20	47895005.0	47895119.0	sense	0.9899010098990101	0.0044082326793127595	0.15
SRF	42	58	-0.45361847182087384	0.8745125487451255	chr20	47895005.0	47895119.0	antisense	0.9380655748858104	0.027766801476331062	0.15
BCL6B	41	58	-0.4857127979774576	0.4326567343265673	chr20	47895005.0	47895119.0	sense	0.737219959322749	0.13240291530539108	0.15
RFX5	42	58	-0.4873517048836373	0.8702129787021298	chr20	47895005.0	47895119.0	sense	0.9380655748858104	0.027766801476331062	0.15
SOX4	39	55	-0.5134469687064696	0.631036896310369	chr20	47895005.0	47895119.0	antisense	0.7947570860347379	0.09976559123695031	0.15
NR1H2::RXRA	40	57	-0.5808539172417734	0.7671232876712328	chr20	47895005.0	47895119.0	sense	0.8788895944842602	0.0560656772786295	0.15
EWSR1-FLI1	39	57	-0.8179870528729354	0.42705729427057293	chr20	47895005.0	47895119.0	antisense	0.737219959322749	0.13240291530539108	0.15
RREB1	39	59	-0.9549272972750037	0.6208379162083791	chr20	47895005.0	47895119.0	sense	0.7916827481870977	0.10144881880764166	0.15
