motif	start	end	score	pval	tile_chr	tile_start	tile_end	strand	padj	neg_log_pval	fdr_cutoff
SP1	20	31	0.891905726422717	9.999000099990002e-05	chr9	21994716.0	21994830.0	antisense	0.051894810518948106	1.2848760694284047	0.1
KLF5	21	31	0.8487122412852077	0.00029997000299970003	chr9	21994716.0	21994830.0	antisense	0.07784221577842217	1.1087848103727236	0.1
Gmeb1	19	36	0.8361993984482409	0.025197480251974803	chr9	21994716.0	21994830.0	sense	0.5065921979230649	0.29534150310656976	0.1
EGR1	18	32	0.7985634834702761	0.001999800019998	chr9	21994716.0	21994830.0	antisense	0.19893010698930108	0.7012994837944555	0.1
Zfx	19	33	0.7902120714716927	0.0022997700229977	chr9	21994716.0	21994830.0	antisense	0.19893010698930108	0.7012994837944555	0.1
SMAD2::SMAD3::SMAD4	20	33	0.7815697084062844	0.0005999400059994001	chr9	21994716.0	21994830.0	antisense	0.10378962103789621	0.9838460737644236	0.1
SP3	20	31	0.7730060059882259	0.0030996900309969004	chr9	21994716.0	21994830.0	antisense	0.2298198751553416	0.638612415608389	0.1
KLF16	20	31	0.7015577605728027	0.0016998300169983002	chr9	21994716.0	21994830.0	antisense	0.19893010698930108	0.7012994837944555	0.1
E2F6	22	33	0.647329063786303	0.0046995300469953	chr9	21994716.0	21994830.0	sense	0.30488201179882013	0.515868198484631	0.1
Hes2	18	31	0.6231870046201159	0.055394460553944605	chr9	21994716.0	21994830.0	antisense	0.5817681389755761	0.23525006694249606	0.1
Hes1	21	31	0.6204136053555713	0.11458854114588542	chr9	21994716.0	21994830.0	antisense	0.6187458177259196	0.20848772356495016	0.1
E2F4	22	33	0.6122769444759643	0.007099290070992901	chr9	21994716.0	21994830.0	sense	0.3684531546845316	0.43361772070932947	0.1
ZBTB7A	22	34	0.6011161427060763	0.0122987701229877	chr9	21994716.0	21994830.0	antisense	0.41191505849415055	0.38519233112837276	0.1
Klf4	21	31	0.5847929038032943	0.0064993500649935	chr9	21994716.0	21994830.0	sense	0.3684531546845316	0.43361772070932947	0.1
ZBTB7C	21	33	0.5805565008260803	0.0392960703929607	chr9	21994716.0	21994830.0	antisense	0.5065921979230649	0.29534150310656976	0.1
KLF14	18	32	0.5780311529865895	0.009999000099990002	chr9	21994716.0	21994830.0	antisense	0.41191505849415055	0.38519233112837276	0.1
THAP1	19	28	0.5655279760600624	0.061193880611938804	chr9	21994716.0	21994830.0	antisense	0.5817681389755761	0.23525006694249606	0.1
ZNF740	19	29	0.5588848299066349	0.012198780121987801	chr9	21994716.0	21994830.0	antisense	0.41191505849415055	0.38519233112837276	0.1
HINFP	23	35	0.5541591273336364	0.013598640135986401	chr9	21994716.0	21994830.0	antisense	0.41515848415158485	0.3817860824364612	0.1
Dmbx1	21	38	0.5460108014687765	0.05679432056794321	chr9	21994716.0	21994830.0	sense	0.5817681389755761	0.23525006694249606	0.1
Mitf	27	37	0.5416469243351959	0.0453954604539546	chr9	21994716.0	21994830.0	sense	0.5258674132586741	0.2791237405393135	0.1
MZF1(var.2)	21	31	0.540991153550139	0.039896010398960104	chr9	21994716.0	21994830.0	sense	0.5065921979230649	0.29534150310656976	0.1
ZNF263	18	39	0.5389453865540369	0.1070892910708929	chr9	21994716.0	21994830.0	sense	0.6187458177259196	0.20848772356495016	0.1
NR2C2	20	35	0.5385683129106434	0.012698730126987301	chr9	21994716.0	21994830.0	sense	0.41191505849415055	0.38519233112837276	0.1
ETV5	24	34	0.529038585375353	0.0221977802219778	chr9	21994716.0	21994830.0	sense	0.5065921979230649	0.29534150310656976	0.1
SP8	19	31	0.5256469372719421	0.034996500349965	chr9	21994716.0	21994830.0	antisense	0.5065921979230649	0.29534150310656976	0.1
SP2	21	36	0.5210246322511153	0.07739226077392261	chr9	21994716.0	21994830.0	antisense	0.6187458177259196	0.20848772356495016	0.1
Klf1	20	31	0.5188644432936751	0.017198280171982803	chr9	21994716.0	21994830.0	antisense	0.4958837449588375	0.3046201276241619	0.1
EGR4	19	35	0.5137734064793469	0.06109389061093891	chr9	21994716.0	21994830.0	antisense	0.5817681389755761	0.23525006694249606	0.1
Pax2	24	32	0.5063023109276298	0.039996000399960006	chr9	21994716.0	21994830.0	antisense	0.5065921979230649	0.29534150310656976	0.1
Tcfl5	21	31	0.49892875340562903	0.1845815418458154	chr9	21994716.0	21994830.0	sense	0.6472825690403933	0.18890608813346896	0.1
Nr5a2	19	34	0.47348250678468845	0.0387961203879612	chr9	21994716.0	21994830.0	sense	0.5065921979230649	0.29534150310656976	0.1
RARA::RXRA	20	37	0.4630699183117965	0.06309369063093691	chr9	21994716.0	21994830.0	sense	0.5817681389755761	0.23525006694249606	0.1
ZBTB7B	21	33	0.46298378096357307	0.0402959704029597	chr9	21994716.0	21994830.0	antisense	0.5065921979230649	0.29534150310656976	0.1
GLI2	21	33	0.4619510161453524	0.0344965503449655	chr9	21994716.0	21994830.0	antisense	0.5065921979230649	0.29534150310656976	0.1
ZEB1	19	28	0.45917753320922766	0.010198980101989802	chr9	21994716.0	21994830.0	antisense	0.41191505849415055	0.38519233112837276	0.1
YY2	20	31	0.4578142588089	0.035996400359964	chr9	21994716.0	21994830.0	antisense	0.5065921979230649	0.29534150310656976	0.1
ETV1	24	34	0.45776919982074493	0.030996900309969003	chr9	21994716.0	21994830.0	sense	0.5065921979230649	0.29534150310656976	0.1
JUN(var.2)	21	35	0.4566036390104605	0.039896010398960104	chr9	21994716.0	21994830.0	sense	0.5065921979230649	0.29534150310656976	0.1
Myod1	25	38	0.44728016923691594	0.040995900409959006	chr9	21994716.0	21994830.0	antisense	0.5065921979230649	0.29534150310656976	0.1
NRL	20	31	0.4456705101772696	0.1356864313568643	chr9	21994716.0	21994830.0	sense	0.6187458177259196	0.20848772356495016	0.1
EGR3	20	35	0.4453078884352336	0.0352964703529647	chr9	21994716.0	21994830.0	antisense	0.5065921979230649	0.29534150310656976	0.1
NFKB2	20	33	0.43744860273472314	0.021497850214978503	chr9	21994716.0	21994830.0	antisense	0.5065921979230649	0.29534150310656976	0.1
Rhox11	19	36	0.43575975521002475	0.19048095190480951	chr9	21994716.0	21994830.0	sense	0.6480444548137779	0.18839520120023104	0.1
TFAP2A(var.2)	20	32	0.43499441473859635	0.11698830116988301	chr9	21994716.0	21994830.0	sense	0.6187458177259196	0.20848772356495016	0.1
PAX5	21	40	0.4218389124113437	0.20177982201779823	chr9	21994716.0	21994830.0	sense	0.6480444548137779	0.18839520120023104	0.1
Pparg::Rxra	18	33	0.4174629100484988	0.20507949205079493	chr9	21994716.0	21994830.0	sense	0.6490015632583084	0.18775425710773638	0.1
PPARG	18	38	0.4143087414335438	0.04559544045595441	chr9	21994716.0	21994830.0	sense	0.5258674132586741	0.2791237405393135	0.1
ESR2	20	35	0.41217989741770317	0.127987201279872	chr9	21994716.0	21994830.0	antisense	0.6187458177259196	0.20848772356495016	0.1
HIC2	22	31	0.4099646403218654	0.098990100989901	chr9	21994716.0	21994830.0	antisense	0.6187458177259196	0.20848772356495016	0.1
CREB1	27	35	0.40572071023318057	0.0197980201979802	chr9	21994716.0	21994830.0	sense	0.5065921979230649	0.29534150310656976	0.1
Spz1	20	31	0.4041571794826569	0.06209379062093791	chr9	21994716.0	21994830.0	sense	0.5817681389755761	0.23525006694249606	0.1
USF1	27	38	0.4002680001685513	0.0385961403859614	chr9	21994716.0	21994830.0	antisense	0.5065921979230649	0.29534150310656976	0.1
ARNT::HIF1A	27	35	0.3976185522338984	0.0341965803419658	chr9	21994716.0	21994830.0	sense	0.5065921979230649	0.29534150310656976	0.1
TBX2	19	30	0.39682558713023297	0.15178482151784822	chr9	21994716.0	21994830.0	sense	0.6396428538964286	0.19406244769739583	0.1
Hand1::Tcf3	22	32	0.39528575000739613	0.08509149085091491	chr9	21994716.0	21994830.0	antisense	0.6187458177259196	0.20848772356495016	0.1
SMAD3	22	32	0.3947492423538205	0.010998900109989001	chr9	21994716.0	21994830.0	antisense	0.41191505849415055	0.38519233112837276	0.1
NR2F1	23	36	0.3923746558848749	0.0908909109089091	chr9	21994716.0	21994830.0	antisense	0.6187458177259196	0.20848772356495016	0.1
ELF5	23	34	0.39196582879147157	0.11658834116588342	chr9	21994716.0	21994830.0	sense	0.6187458177259196	0.20848772356495016	0.1
Ddit3::Cebpa	21	33	0.3914026744302225	0.0928907109289071	chr9	21994716.0	21994830.0	antisense	0.6187458177259196	0.20848772356495016	0.1
TFAP2C	20	32	0.39036155615129764	0.17148285171482852	chr9	21994716.0	21994830.0	sense	0.6466317397037276	0.189342982001172	0.1
YY1	18	30	0.38867041639606814	0.05549445055494451	chr9	21994716.0	21994830.0	sense	0.5817681389755761	0.23525006694249606	0.1
Hic1	22	31	0.3880814620545987	0.08549145085491451	chr9	21994716.0	21994830.0	antisense	0.6187458177259196	0.20848772356495016	0.1
MAFF	18	36	0.38750818928993463	0.22287771222877711	chr9	21994716.0	21994830.0	sense	0.67252053864381	0.17229444785571602	0.1
TP73	18	36	0.3835066009248217	0.08389161083891611	chr9	21994716.0	21994830.0	antisense	0.6187458177259196	0.20848772356495016	0.1
Myc	18	28	0.3827847651082035	0.0273972602739726	chr9	21994716.0	21994830.0	sense	0.5065921979230649	0.29534150310656976	0.1
ELK4	24	35	0.37908963010126795	0.0710928907109289	chr9	21994716.0	21994830.0	antisense	0.614953504649535	0.21115771908228215	0.1
PROX1	25	37	0.3772731945512394	0.025097490250974904	chr9	21994716.0	21994830.0	sense	0.5065921979230649	0.29534150310656976	0.1
ETV4	24	34	0.3772096574098954	0.08839116088391161	chr9	21994716.0	21994830.0	sense	0.6187458177259196	0.20848772356495016	0.1
MZF1	20	26	0.3754106892340193	0.04459554044595541	chr9	21994716.0	21994830.0	sense	0.5258674132586741	0.2791237405393135	0.1
TFAP2B	20	32	0.37481602224880645	0.17638236176382363	chr9	21994716.0	21994830.0	sense	0.6472825690403933	0.18890608813346896	0.1
TBX5	27	35	0.36173029300545423	0.13738626137386262	chr9	21994716.0	21994830.0	antisense	0.6187458177259196	0.20848772356495016	0.1
MAFG::NFE2L1	25	31	0.3589267374671378	0.029697030296970302	chr9	21994716.0	21994830.0	sense	0.5065921979230649	0.29534150310656976	0.1
Six3	18	35	0.3583249524027657	0.22107789221077892	chr9	21994716.0	21994830.0	sense	0.6709907956572764	0.17328343724184472	0.1
Mafb	20	32	0.3580108500761553	0.1606839316068393	chr9	21994716.0	21994830.0	sense	0.6396428538964286	0.19406244769739583	0.1
TAL1::TCF3	20	32	0.35252291832634364	0.06819318068193181	chr9	21994716.0	21994830.0	antisense	0.5998688266766544	0.22194370641407005	0.1
NFKB1	20	33	0.3482242791520387	0.027997200279972004	chr9	21994716.0	21994830.0	sense	0.5065921979230649	0.29534150310656976	0.1
ETV6	20	30	0.3459440033911444	0.0958904109589041	chr9	21994716.0	21994830.0	sense	0.6187458177259196	0.20848772356495016	0.1
ZIC4	19	34	0.34587097402380146	0.23547645235476453	chr9	21994716.0	21994830.0	antisense	0.6904648518199028	0.16085842432529643	0.1
Myog	28	39	0.3453261587577035	0.0750924907509249	chr9	21994716.0	21994830.0	sense	0.6187458177259196	0.20848772356495016	0.1
E2F1	18	30	0.34371876840208304	0.1311868813118688	chr9	21994716.0	21994830.0	antisense	0.6187458177259196	0.20848772356495016	0.1
REL	21	31	0.34336495351206414	0.11838816118388161	chr9	21994716.0	21994830.0	sense	0.6187458177259196	0.20848772356495016	0.1
FEV	24	34	0.3384343216878956	0.1055894410558944	chr9	21994716.0	21994830.0	sense	0.6187458177259196	0.20848772356495016	0.1
Gfi1	19	29	0.3380559495351771	0.1984801519848015	chr9	21994716.0	21994830.0	antisense	0.6480444548137779	0.18839520120023104	0.1
Arntl	27	37	0.33709376075976355	0.1255874412558744	chr9	21994716.0	21994830.0	sense	0.6187458177259196	0.20848772356495016	0.1
ELK3	24	34	0.3369421458957232	0.1105889411058894	chr9	21994716.0	21994830.0	sense	0.6187458177259196	0.20848772356495016	0.1
NR4A2	25	33	0.33682121540436427	0.0660933906609339	chr9	21994716.0	21994830.0	sense	0.5914218922935293	0.22810260350570188	0.1
SP4	18	35	0.33680396227981013	0.10978902109789021	chr9	21994716.0	21994830.0	antisense	0.6187458177259196	0.20848772356495016	0.1
SREBF1	21	31	0.33456098188030314	0.0857914208579142	chr9	21994716.0	21994830.0	antisense	0.6187458177259196	0.20848772356495016	0.1
ERG	24	34	0.33454156638335114	0.10058994100589941	chr9	21994716.0	21994830.0	sense	0.6187458177259196	0.20848772356495016	0.1
MEIS1	26	33	0.3329426866377246	0.08819118088191182	chr9	21994716.0	21994830.0	sense	0.6187458177259196	0.20848772356495016	0.1
Hnf4a	18	34	0.33191912756292824	0.0565943405659434	chr9	21994716.0	21994830.0	antisense	0.5817681389755761	0.23525006694249606	0.1
HEY2	28	38	0.330304999875097	0.11408859114088592	chr9	21994716.0	21994830.0	sense	0.6187458177259196	0.20848772356495016	0.1
ETS1	24	34	0.32849079261914116	0.10018998100189981	chr9	21994716.0	21994830.0	sense	0.6187458177259196	0.20848772356495016	0.1
Nfe2l2	22	37	0.32648443221549306	0.1710828917108289	chr9	21994716.0	21994830.0	sense	0.6466317397037276	0.189342982001172	0.1
HNF4G	19	34	0.3239473225119366	0.26107389261073893	chr9	21994716.0	21994830.0	antisense	0.7104970131259125	0.14843774347283933	0.1
CENPB	19	34	0.3224083836082205	0.26877312268773124	chr9	21994716.0	21994830.0	sense	0.711248672087106	0.14797853143101047	0.1
MAFK	19	34	0.3221706995166824	0.26147385261473854	chr9	21994716.0	21994830.0	sense	0.7104970131259125	0.14843774347283933	0.1
ZBTB18	27	40	0.3216763244095107	0.1095890410958904	chr9	21994716.0	21994830.0	antisense	0.6187458177259196	0.20848772356495016	0.1
XBP1	20	34	0.3206281846683563	0.15058494150584942	chr9	21994716.0	21994830.0	sense	0.6396428538964286	0.19406244769739583	0.1
EOMES	20	33	0.3198321089380625	0.268973102689731	chr9	21994716.0	21994830.0	sense	0.711248672087106	0.14797853143101047	0.1
FOSL2	24	35	0.3174458506441795	0.0766923307669233	chr9	21994716.0	21994830.0	sense	0.6187458177259196	0.20848772356495016	0.1
ETV3	24	34	0.31538608241360677	0.1481851814818518	chr9	21994716.0	21994830.0	sense	0.6396428538964286	0.19406244769739583	0.1
JUNB	24	35	0.3146870330361158	0.0812918708129187	chr9	21994716.0	21994830.0	sense	0.6187458177259196	0.20848772356495016	0.1
TP53	18	36	0.31328559044052223	0.12788721127887212	chr9	21994716.0	21994830.0	sense	0.6187458177259196	0.20848772356495016	0.1
NFIX	19	28	0.3132369694715484	0.2732726727327267	chr9	21994716.0	21994830.0	antisense	0.7163056421630564	0.14490162799727527	0.1
NRF1	22	33	0.31216558379502635	0.1327867213278672	chr9	21994716.0	21994830.0	antisense	0.6187458177259196	0.20848772356495016	0.1
PLAG1	22	36	0.3120774724519299	0.1250874912508749	chr9	21994716.0	21994830.0	sense	0.6187458177259196	0.20848772356495016	0.1
SCRT2	18	31	0.3068984169051235	0.0893910608939106	chr9	21994716.0	21994830.0	antisense	0.6187458177259196	0.20848772356495016	0.1
HEY1	28	38	0.30536019053812447	0.1394860513948605	chr9	21994716.0	21994830.0	sense	0.6187458177259196	0.20848772356495016	0.1
EGR2	18	29	0.30533522253456963	0.13788621137886212	chr9	21994716.0	21994830.0	antisense	0.6187458177259196	0.20848772356495016	0.1
PAX1	21	38	0.3050435845858345	0.141985801419858	chr9	21994716.0	21994830.0	sense	0.6244968723466636	0.20446973235147373	0.1
SOX9	18	27	0.3036926561898065	0.24787521247875213	chr9	21994716.0	21994830.0	sense	0.7029903567020348	0.1530506323910128	0.1
SPIC	20	34	0.30351296401557015	0.3374662533746625	chr9	21994716.0	21994830.0	sense	0.7950191467339753	0.09962241194632127	0.1
PKNOX2	27	39	0.30328707436352387	0.031796820317968204	chr9	21994716.0	21994830.0	antisense	0.5065921979230649	0.29534150310656976	0.1
RREB1	19	39	0.3025473087426761	0.18338166183381663	chr9	21994716.0	21994830.0	antisense	0.6472825690403933	0.18890608813346896	0.1
TGIF2	27	39	0.3017953401245099	0.057394260573942604	chr9	21994716.0	21994830.0	sense	0.5817681389755761	0.23525006694249606	0.1
ERF	24	34	0.30175127700045945	0.12208779122087791	chr9	21994716.0	21994830.0	sense	0.6187458177259196	0.20848772356495016	0.1
PKNOX1	27	39	0.3011775343291819	0.030096990300969902	chr9	21994716.0	21994830.0	antisense	0.5065921979230649	0.29534150310656976	0.1
Gabpa	19	30	0.29992667107480575	0.17318268173182683	chr9	21994716.0	21994830.0	sense	0.6466317397037276	0.189342982001172	0.1
Tcf12	20	31	0.2997566519056639	0.1346865313468653	chr9	21994716.0	21994830.0	sense	0.6187458177259196	0.20848772356495016	0.1
HSF4	18	31	0.2978012527776779	0.26137386261373863	chr9	21994716.0	21994830.0	antisense	0.7104970131259125	0.14843774347283933	0.1
GLIS2	18	32	0.2977793221989951	0.19158084191580843	chr9	21994716.0	21994830.0	antisense	0.6480444548137779	0.18839520120023104	0.1
TBR1	20	30	0.29669199274864755	0.18198180181981802	chr9	21994716.0	21994830.0	sense	0.6472825690403933	0.18890608813346896	0.1
Npas2	28	38	0.2958299750500315	0.16108389161083891	chr9	21994716.0	21994830.0	antisense	0.6396428538964286	0.19406244769739583	0.1
ID4	28	38	0.2950086062766314	0.17318268173182683	chr9	21994716.0	21994830.0	antisense	0.6466317397037276	0.189342982001172	0.1
FLI1	24	34	0.2947523025102564	0.12188781121887811	chr9	21994716.0	21994830.0	sense	0.6187458177259196	0.20848772356495016	0.1
GCM2	21	31	0.29466596517528815	0.22807719228077192	chr9	21994716.0	21994830.0	sense	0.6826851797578862	0.16577952503646165	0.1
SPIB	20	27	0.29320906048504897	0.15648435156484353	chr9	21994716.0	21994830.0	sense	0.6396428538964286	0.19406244769739583	0.1
MYBL2	20	35	0.2925939557763077	0.20207979202079793	chr9	21994716.0	21994830.0	antisense	0.6480444548137779	0.18839520120023104	0.1
TFAP2C(var.2)	20	31	0.29211226978286386	0.25907409259074093	chr9	21994716.0	21994830.0	sense	0.7104970131259125	0.14843774347283933	0.1
TEAD1	20	30	0.29195740602491693	0.29327067293270676	chr9	21994716.0	21994830.0	antisense	0.7572511405575861	0.12076006386834148	0.1
MEIS2	26	34	0.2919411252680025	0.09429057094290572	chr9	21994716.0	21994830.0	sense	0.6187458177259196	0.20848772356495016	0.1
Hoxd3	20	36	0.2909318480952556	0.5186481351864813	chr9	21994716.0	21994830.0	antisense	0.9168083191680831	0.03772145454727823	0.1
Atf1	26	34	0.29090005118520906	0.09919008099190081	chr9	21994716.0	21994830.0	sense	0.6187458177259196	0.20848772356495016	0.1
Nr1h3::Rxra	21	40	0.29058877642722214	0.48235176482351766	chr9	21994716.0	21994830.0	antisense	0.9045553777955538	0.0435648400426163	0.1
INSM1	20	32	0.29047700157729833	0.18898110188981102	chr9	21994716.0	21994830.0	sense	0.6480444548137779	0.18839520120023104	0.1
MEIS3	26	34	0.29046426776143025	0.17718228177182282	chr9	21994716.0	21994830.0	sense	0.6472825690403933	0.18890608813346896	0.1
USF2	27	38	0.2889581586827708	0.1381861813818618	chr9	21994716.0	21994830.0	antisense	0.6187458177259196	0.20848772356495016	0.1
RORA(var.2)	19	33	0.2883721073558304	0.1616838316168383	chr9	21994716.0	21994830.0	sense	0.6396428538964286	0.19406244769739583	0.1
Mlxip	18	26	0.28737598101256295	0.06319368063193681	chr9	21994716.0	21994830.0	antisense	0.5817681389755761	0.23525006694249606	0.1
Id2	18	26	0.2859285379311126	0.0638936106389361	chr9	21994716.0	21994830.0	antisense	0.5817681389755761	0.23525006694249606	0.1
NFYA	20	38	0.2852495318349062	0.32486751324867513	chr9	21994716.0	21994830.0	sense	0.7842150668654065	0.10556481799902732	0.1
TFE3	28	38	0.28465143903512996	0.33906609339066096	chr9	21994716.0	21994830.0	antisense	0.7950191467339753	0.09962241194632127	0.1
Neurog1	28	38	0.2845097877120652	0.5969403059694031	chr9	21994716.0	21994830.0	antisense	0.9532677501480621	0.020785099277910123	0.1
TBX21	20	30	0.28253493441640387	0.17688231176882313	chr9	21994716.0	21994830.0	sense	0.6472825690403933	0.18890608813346896	0.1
BATF::JUN	23	34	0.2822919931974627	0.16268373162683733	chr9	21994716.0	21994830.0	sense	0.6396428538964286	0.19406244769739583	0.1
TBX4	20	28	0.28099119081516793	0.20127987201279873	chr9	21994716.0	21994830.0	sense	0.6480444548137779	0.18839520120023104	0.1
Atf3	25	33	0.2805816936295334	0.10018998100189981	chr9	21994716.0	21994830.0	sense	0.6187458177259196	0.20848772356495016	0.1
MGA	22	30	0.28024648054456897	0.1591840815918408	chr9	21994716.0	21994830.0	sense	0.6396428538964286	0.19406244769739583	0.1
NFYB	23	38	0.27998266436890995	0.3391660833916608	chr9	21994716.0	21994830.0	sense	0.7950191467339753	0.09962241194632127	0.1
EHF	22	34	0.27995629416716933	0.20227977202279773	chr9	21994716.0	21994830.0	sense	0.6480444548137779	0.18839520120023104	0.1
ELK1	24	34	0.27950474655677515	0.12518748125187482	chr9	21994716.0	21994830.0	sense	0.6187458177259196	0.20848772356495016	0.1
FOSL1	25	36	0.27814507904622027	0.12198780121987801	chr9	21994716.0	21994830.0	sense	0.6187458177259196	0.20848772356495016	0.1
TFAP2B(var.2)	20	31	0.2776576078891177	0.2455754424557544	chr9	21994716.0	21994830.0	sense	0.7028610325780609	0.15313053380023078	0.1
ZIC3	19	34	0.2769073862368967	0.25177482251774824	chr9	21994716.0	21994830.0	antisense	0.7091355729291936	0.1492707282210712	0.1
SREBF2	21	31	0.27654153425736305	0.1655834416558344	chr9	21994716.0	21994830.0	sense	0.6461489189426922	0.18966737794662925	0.1
GCM1	21	32	0.2765028240464864	0.2288771122887711	chr9	21994716.0	21994830.0	antisense	0.6826851797578862	0.16577952503646165	0.1
TFAP2A	21	32	0.2756210481308881	0.3243675632436756	chr9	21994716.0	21994830.0	antisense	0.7842150668654065	0.10556481799902732	0.1
ESR1	20	37	0.2742680376890936	0.13588641135886412	chr9	21994716.0	21994830.0	sense	0.6187458177259196	0.20848772356495016	0.1
TCF3	28	38	0.27346065670528596	0.2176782321767823	chr9	21994716.0	21994830.0	sense	0.6684911390517753	0.17490434500098404	0.1
SPDEF	23	34	0.27338443140781915	0.15058494150584942	chr9	21994716.0	21994830.0	sense	0.6396428538964286	0.19406244769739583	0.1
HES5	20	32	0.2715957217675355	0.11278872112788721	chr9	21994716.0	21994830.0	antisense	0.6187458177259196	0.20848772356495016	0.1
Esrrg	18	28	0.2714930169656634	0.1546845315468453	chr9	21994716.0	21994830.0	sense	0.6396428538964286	0.19406244769739583	0.1
CREB3	21	35	0.2708940446005329	0.2642735726427357	chr9	21994716.0	21994830.0	sense	0.7109320156067295	0.14817192762257594	0.1
MNT	28	38	0.2702142473095312	0.24647535246475352	chr9	21994716.0	21994830.0	antisense	0.7028610325780609	0.15313053380023078	0.1
FOS::JUN	27	34	0.26934884865800457	0.134986501349865	chr9	21994716.0	21994830.0	sense	0.6187458177259196	0.20848772356495016	0.1
E2F8	20	32	0.2689744978575003	0.0827917208279172	chr9	21994716.0	21994830.0	antisense	0.6187458177259196	0.20848772356495016	0.1
Nr2e1	26	35	0.26787922975095074	0.24317568243175683	chr9	21994716.0	21994830.0	antisense	0.7011565510115655	0.1541850039310136	0.1
NEUROD2	28	38	0.2661611882117742	0.26997300269973	chr9	21994716.0	21994830.0	sense	0.711248672087106	0.14797853143101047	0.1
GATA1::TAL1	20	38	0.26585209416169125	0.5014498550144986	chr9	21994716.0	21994830.0	antisense	0.9045553777955538	0.0435648400426163	0.1
GSC	21	31	0.2650397171571542	0.36526347365263473	chr9	21994716.0	21994830.0	antisense	0.8175034348417011	0.08751041392191101	0.1
Mycn	19	27	0.2612676583909131	0.09449055094490551	chr9	21994716.0	21994830.0	antisense	0.6187458177259196	0.20848772356495016	0.1
Hoxa11	20	32	0.26091240744381844	0.39876012398760124	chr9	21994716.0	21994830.0	antisense	0.8311278247175282	0.0803321780205189	0.1
ZNF354C	25	31	0.26075199425801243	0.138986101389861	chr9	21994716.0	21994830.0	antisense	0.6187458177259196	0.20848772356495016	0.1
Ascl2	20	30	0.25893102232162674	0.18118188181181882	chr9	21994716.0	21994830.0	antisense	0.6472825690403933	0.18890608813346896	0.1
NFE2	25	36	0.2579827347499523	0.11288871112888711	chr9	21994716.0	21994830.0	sense	0.6187458177259196	0.20848772356495016	0.1
Creb3l2	18	27	0.2575049633974194	0.13158684131586842	chr9	21994716.0	21994830.0	antisense	0.6187458177259196	0.20848772356495016	0.1
TGIF1	27	39	0.25671480299239213	0.057194280571942806	chr9	21994716.0	21994830.0	sense	0.5817681389755761	0.23525006694249606	0.1
Twist2	28	38	0.25544460764839894	0.24227577242275772	chr9	21994716.0	21994830.0	antisense	0.7011565510115655	0.1541850039310136	0.1
TBP	24	39	0.25495349473484413	0.5881411858814118	chr9	21994716.0	21994830.0	antisense	0.9530215202778788	0.020897292402168942	0.1
ELF1	22	34	0.252814097347592	0.21337866213378662	chr9	21994716.0	21994830.0	sense	0.6643778735898865	0.17758483970322889	0.1
CLOCK	28	38	0.25246529667408774	0.25637436256374363	chr9	21994716.0	21994830.0	antisense	0.7104970131259125	0.14843774347283933	0.1
JUND(var.2)	19	34	0.25241942160495384	0.3815618438156184	chr9	21994716.0	21994830.0	sense	0.8175034348417011	0.08751041392191101	0.1
Myb	27	37	0.25098565480285717	0.19868013198680132	chr9	21994716.0	21994830.0	antisense	0.6480444548137779	0.18839520120023104	0.1
NFATC1	20	30	0.24998359501738104	0.48675132486751327	chr9	21994716.0	21994830.0	antisense	0.9045553777955538	0.0435648400426163	0.1
TFEB	28	38	0.2490657756471412	0.29957004299570045	chr9	21994716.0	21994830.0	antisense	0.7584236698281392	0.12008812145673017	0.1
NFIC::TLX1	22	36	0.24764341375556886	0.19308069193080693	chr9	21994716.0	21994830.0	sense	0.6480444548137779	0.18839520120023104	0.1
NEUROG2	28	38	0.24644200067724958	0.15448455154484553	chr9	21994716.0	21994830.0	antisense	0.6396428538964286	0.19406244769739583	0.1
FIGLA	28	38	0.24583468273088316	0.37246275372462756	chr9	21994716.0	21994830.0	antisense	0.8175034348417011	0.08751041392191101	0.1
Stat4	18	32	0.2458321715903045	0.397960203979602	chr9	21994716.0	21994830.0	antisense	0.8311278247175282	0.0803321780205189	0.1
TBX1	22	30	0.24341552883702244	0.1703829617038296	chr9	21994716.0	21994830.0	sense	0.6466317397037276	0.189342982001172	0.1
GSC2	22	32	0.24276596920871948	0.6069393060693931	chr9	21994716.0	21994830.0	antisense	0.960370426371997	0.0175612220648263	0.1
GATA2	20	34	0.24267554230616697	0.43465653434656537	chr9	21994716.0	21994830.0	antisense	0.8643170165742047	0.06332693657584874	0.1
Bach1::Mafk	23	38	0.24244077618756404	0.284971502849715	chr9	21994716.0	21994830.0	sense	0.7395010498950104	0.13106120508387586	0.1
ATF7	24	38	0.2414734147079631	0.25947405259474055	chr9	21994716.0	21994830.0	sense	0.7104970131259125	0.14843774347283933	0.1
Crem	27	37	0.24141625939041178	0.2643735626437356	chr9	21994716.0	21994830.0	antisense	0.7109320156067295	0.14817192762257594	0.1
ZIC1	18	32	0.24093240855559944	0.2400759924007599	chr9	21994716.0	21994830.0	antisense	0.6999968542471595	0.15490391168027148	0.1
TBX15	22	30	0.24061530250602545	0.15958404159584041	chr9	21994716.0	21994830.0	sense	0.6396428538964286	0.19406244769739583	0.1
TP63	18	36	0.23889453236481867	0.18418158184181582	chr9	21994716.0	21994830.0	sense	0.6472825690403933	0.18890608813346896	0.1
MTF1	26	40	0.23787851729169346	0.19768023197680232	chr9	21994716.0	21994830.0	antisense	0.6480444548137779	0.18839520120023104	0.1
TFEC	21	31	0.23768038507755698	0.38206179382061795	chr9	21994716.0	21994830.0	sense	0.8175034348417011	0.08751041392191101	0.1
TBX20	21	32	0.23474055074101552	0.3241675832416758	chr9	21994716.0	21994830.0	sense	0.7842150668654065	0.10556481799902732	0.1
MAX::MYC	27	38	0.23434353926511195	0.29657034296570345	chr9	21994716.0	21994830.0	sense	0.7582266403901482	0.12020096064925449	0.1
BHLHE41	21	31	0.2341336154762552	0.1498850114988501	chr9	21994716.0	21994830.0	sense	0.6396428538964286	0.19406244769739583	0.1
ELF4	22	34	0.23358039520927493	0.26997300269973	chr9	21994716.0	21994830.0	sense	0.711248672087106	0.14797853143101047	0.1
JDP2	26	35	0.2330832927541139	0.1336866313368663	chr9	21994716.0	21994830.0	sense	0.6187458177259196	0.20848772356495016	0.1
Arnt	19	25	0.2324794823281598	0.08559144085591441	chr9	21994716.0	21994830.0	antisense	0.6187458177259196	0.20848772356495016	0.1
MYF6	28	38	0.23231652782052387	0.19758024197580243	chr9	21994716.0	21994830.0	antisense	0.6480444548137779	0.18839520120023104	0.1
HOXA2	22	32	0.23222653234309337	0.5916408359164084	chr9	21994716.0	21994830.0	antisense	0.9532677501480621	0.020785099277910123	0.1
Creb5	25	37	0.23194690906788332	0.2323767623237676	chr9	21994716.0	21994830.0	sense	0.6876062393760625	0.16266019115557812	0.1
E2F7	19	33	0.23174985298426587	0.12118788121187882	chr9	21994716.0	21994830.0	antisense	0.6187458177259196	0.20848772356495016	0.1
Hoxb5	20	36	0.23136747567020202	0.6774322567743226	chr9	21994716.0	21994830.0	sense	0.9953004699530047	0.0020457908688583425	0.1
RUNX1	27	38	0.22976491644794322	0.47455254474552544	chr9	21994716.0	21994830.0	antisense	0.9045553777955538	0.0435648400426163	0.1
NFIA	24	34	0.2289766643351738	0.29887011298870114	chr9	21994716.0	21994830.0	antisense	0.7584236698281392	0.12008812145673017	0.1
Rfx1	20	34	0.22798339027892794	0.47555244475552444	chr9	21994716.0	21994830.0	sense	0.9045553777955538	0.0435648400426163	0.1
KLF13	21	39	0.22765547094179894	0.2960703929607039	chr9	21994716.0	21994830.0	sense	0.7582266403901482	0.12020096064925449	0.1
SNAI2	27	36	0.2274452588153669	0.43925607439256076	chr9	21994716.0	21994830.0	antisense	0.8668209224704907	0.06207061465284222	0.1
MAX	28	38	0.22642310267233687	0.39066093390660933	chr9	21994716.0	21994830.0	antisense	0.8275633661123682	0.08219874256815289	0.1
JDP2(var.2)	25	37	0.22637429592122912	0.21247875212478753	chr9	21994716.0	21994830.0	sense	0.6643778735898865	0.17758483970322889	0.1
TEAD4	20	30	0.2263432820346662	0.47535246475352466	chr9	21994716.0	21994830.0	antisense	0.9045553777955538	0.0435648400426163	0.1
NFATC3	20	30	0.22573332676036642	0.5097490250974902	chr9	21994716.0	21994830.0	antisense	0.909140013833668	0.04136922728106346	0.1
JUND	25	36	0.22457653003585876	0.25277472252774724	chr9	21994716.0	21994830.0	sense	0.7091355729291936	0.1492707282210712	0.1
GMEB2	27	35	0.2243110372400137	0.3013698630136986	chr9	21994716.0	21994830.0	sense	0.7592764995345125	0.11960004181894526	0.1
Bhlha15	29	37	0.22379541336982692	0.18688131186881313	chr9	21994716.0	21994830.0	antisense	0.6480444548137779	0.18839520120023104	0.1
Klf12	22	37	0.2235572760839086	0.36666333366663334	chr9	21994716.0	21994830.0	antisense	0.8175034348417011	0.08751041392191101	0.1
ELF3	22	35	0.2227856320243349	0.30826917308269175	chr9	21994716.0	21994830.0	sense	0.7618652420472238	0.11812183943581585	0.1
Ahr::Arnt	28	34	0.22269732931028507	0.19988001199880012	chr9	21994716.0	21994830.0	antisense	0.6480444548137779	0.18839520120023104	0.1
ATF4	24	37	0.2209416192488068	0.3742625737426257	chr9	21994716.0	21994830.0	sense	0.8175034348417011	0.08751041392191101	0.1
OLIG3	28	38	0.22068004261015375	0.40915908409159085	chr9	21994716.0	21994830.0	antisense	0.8311278247175282	0.0803321780205189	0.1
FOS	25	36	0.21911262380809962	0.34006599340065996	chr9	21994716.0	21994830.0	sense	0.7950191467339753	0.09962241194632127	0.1
TFCP2	22	32	0.21863681093018447	0.37306269373062695	chr9	21994716.0	21994830.0	antisense	0.8175034348417011	0.08751041392191101	0.1
PITX3	22	31	0.21858728904999175	0.49105089491050896	chr9	21994716.0	21994830.0	antisense	0.9045553777955538	0.0435648400426163	0.1
Tcf21	26	40	0.21841250904278847	0.3057694230576942	chr9	21994716.0	21994830.0	antisense	0.7593030170667143	0.11958487446315753	0.1
Nkx2-5(var.2)	19	30	0.21697348933463118	0.41355864413558646	chr9	21994716.0	21994830.0	antisense	0.835163176289375	0.07822866267381326	0.1
Sox17	28	37	0.2154882403312286	0.40995900409959	chr9	21994716.0	21994830.0	antisense	0.8311278247175282	0.0803321780205189	0.1
HOXC12	27	38	0.2153247428897885	0.3374662533746625	chr9	21994716.0	21994830.0	sense	0.7950191467339753	0.09962241194632127	0.1
ETV2	19	30	0.21494166590154196	0.34366563343665635	chr9	21994716.0	21994830.0	sense	0.7998316760252225	0.09700140033934021	0.1
BATF3	24	38	0.21333355072608143	0.18038196180381963	chr9	21994716.0	21994830.0	sense	0.6472825690403933	0.18890608813346896	0.1
NKX2-3	28	38	0.2133026972848979	0.46125387461253875	chr9	21994716.0	21994830.0	sense	0.8999652666312317	0.04577425145120509	0.1
Pitx1	22	30	0.213244238914955	0.4667533246675332	chr9	21994716.0	21994830.0	antisense	0.9045553777955538	0.0435648400426163	0.1
HES7	20	32	0.21274834100033374	0.20427957204279573	chr9	21994716.0	21994830.0	antisense	0.6490015632583084	0.18775425710773638	0.1
BHLHE22	28	38	0.21232832485575592	0.31886811318868113	chr9	21994716.0	21994830.0	antisense	0.7806252393628562	0.10755741111419702	0.1
JUN	20	33	0.21214853433957975	0.41625837416258377	chr9	21994716.0	21994830.0	sense	0.8373569619782208	0.07708936450485755	0.1
RELA	21	31	0.21180195873811075	0.21377862213778623	chr9	21994716.0	21994830.0	sense	0.6643778735898865	0.17758483970322889	0.1
EWSR1-FLI1	19	37	0.21094944924231085	0.16978302169783022	chr9	21994716.0	21994830.0	sense	0.6466317397037276	0.189342982001172	0.1
TCF4	28	38	0.2108945135176161	0.4046595340465953	chr9	21994716.0	21994830.0	sense	0.8311278247175282	0.0803321780205189	0.1
ZBTB33	21	36	0.2104858867880194	0.5894410558944105	chr9	21994716.0	21994830.0	antisense	0.9530215202778788	0.020897292402168942	0.1
Nr2f6	21	35	0.2082302283360413	0.37996200379962003	chr9	21994716.0	21994830.0	sense	0.8175034348417011	0.08751041392191101	0.1
BHLHE40	28	38	0.20822129120125063	0.35866413358664134	chr9	21994716.0	21994830.0	antisense	0.8164328304011704	0.08807953975289201	0.1
Rxra	20	34	0.2081814852400278	0.21547845215478453	chr9	21994716.0	21994830.0	antisense	0.6656745039781736	0.17673807665751726	0.1
OTX1	26	34	0.20745746422967332	0.40435956404359563	chr9	21994716.0	21994830.0	antisense	0.8311278247175282	0.0803321780205189	0.1
MYBL1	18	30	0.20726340607981092	0.37766223377662234	chr9	21994716.0	21994830.0	antisense	0.8175034348417011	0.08751041392191101	0.1
Hmx1	18	35	0.20697459911977556	0.6831316868313169	chr9	21994716.0	21994830.0	sense	0.9953004699530047	0.0020457908688583425	0.1
RXRG	20	34	0.20544229621774518	0.23317668233176683	chr9	21994716.0	21994830.0	antisense	0.6876062393760625	0.16266019115557812	0.1
MSC	28	38	0.20506499495420763	0.3043695630436956	chr9	21994716.0	21994830.0	sense	0.7593030170667143	0.11958487446315753	0.1
SOX10	18	24	0.2048233267380869	0.34726527347265274	chr9	21994716.0	21994830.0	antisense	0.804601236304941	0.0944193044518053	0.1
ISL2	18	26	0.2047997063469803	0.5795420457954205	chr9	21994716.0	21994830.0	antisense	0.9494949558671892	0.02250733808321906	0.1
RXRB	20	34	0.20453684935634067	0.21977802219778023	chr9	21994716.0	21994830.0	antisense	0.6709693736508703	0.17329730271920693	0.1
Foxk1	19	36	0.2038756506686999	0.5432456754324567	chr9	21994716.0	21994830.0	antisense	0.9330789693307897	0.03008159902598108	0.1
FOXA1	19	34	0.2038255124443515	0.5745425457454254	chr9	21994716.0	21994830.0	antisense	0.9494949558671892	0.02250733808321906	0.1
MEOX2	22	32	0.20333318289048968	0.7095290470952905	chr9	21994716.0	21994830.0	antisense	0.9953004699530047	0.0020457908688583425	0.1
STAT1::STAT2	21	36	0.2031728898638288	0.44275572442755723	chr9	21994716.0	21994830.0	antisense	0.870417503704175	0.06027238409155069	0.1
Gata1	20	31	0.2031080627685747	0.40835916408359163	chr9	21994716.0	21994830.0	antisense	0.8311278247175282	0.0803321780205189	0.1
TFAP2B(var.3)	27	40	0.20273041113598678	0.46715328467153283	chr9	21994716.0	21994830.0	antisense	0.9045553777955538	0.0435648400426163	0.1
Crx	19	30	0.20157542845598575	0.4373562643735626	chr9	21994716.0	21994830.0	sense	0.8663660351522099	0.06229858204653206	0.1
Atoh1	28	38	0.2007127315265099	0.47705229477052297	chr9	21994716.0	21994830.0	sense	0.9045553777955538	0.0435648400426163	0.1
RORA	22	32	0.19972744716030097	0.3902609739026097	chr9	21994716.0	21994830.0	sense	0.8275633661123682	0.08219874256815289	0.1
PAX9	21	38	0.19892789353931895	0.36876312368763126	chr9	21994716.0	21994830.0	sense	0.8175034348417011	0.08751041392191101	0.1
NKX2-8	29	38	0.1982289707125868	0.5780421957804219	chr9	21994716.0	21994830.0	sense	0.9494949558671892	0.02250733808321906	0.1
Hmx2	18	35	0.1981946599995833	0.6446355364463554	chr9	21994716.0	21994830.0	sense	0.9953004699530047	0.0020457908688583425	0.1
Gata4	19	30	0.19812736134401476	0.40985901409859016	chr9	21994716.0	21994830.0	antisense	0.8311278247175282	0.0803321780205189	0.1
Pou5f1::Sox2	20	35	0.1976862639144734	0.5958404159584042	chr9	21994716.0	21994830.0	antisense	0.9532677501480621	0.020785099277910123	0.1
Hmx3	18	35	0.19745113433157357	0.6732326767323268	chr9	21994716.0	21994830.0	sense	0.9953004699530047	0.0020457908688583425	0.1
Sox6	26	36	0.19735351267596254	0.3551644835516448	chr9	21994716.0	21994830.0	antisense	0.8131711057969093	0.08981806143574718	0.1
TFAP2A(var.3)	27	40	0.1960710352748382	0.5224477552244775	chr9	21994716.0	21994830.0	antisense	0.9191538473271317	0.036611790623476206	0.1
BARHL2	28	38	0.19606044914285298	0.7173282671732827	chr9	21994716.0	21994830.0	antisense	0.9953004699530047	0.0020457908688583425	0.1
Hoxc9	22	35	0.19585229787293457	0.5571442855714429	chr9	21994716.0	21994830.0	antisense	0.9438789887245043	0.025083681441299636	0.1
TFAP2C(var.3)	27	40	0.1957695056435414	0.49735026497350265	chr9	21994716.0	21994830.0	antisense	0.9045553777955538	0.0435648400426163	0.1
CREB3L1	24	38	0.19566848822938634	0.5013498650134987	chr9	21994716.0	21994830.0	antisense	0.9045553777955538	0.0435648400426163	0.1
PBX1	21	33	0.19555483232079904	0.45495450454954506	chr9	21994716.0	21994830.0	antisense	0.8910241051366562	0.05011054670810024	0.1
ESRRB	18	29	0.19512261176867562	0.32956704329567044	chr9	21994716.0	21994830.0	sense	0.7918763679187637	0.10134261755425751	0.1
MAFG	18	39	0.19384174328324189	0.5887411258874112	chr9	21994716.0	21994830.0	sense	0.9530215202778788	0.020897292402168942	0.1
FOXH1	20	31	0.19384149571536818	0.42705729427057293	chr9	21994716.0	21994830.0	antisense	0.8557634584031945	0.06764626208283257	0.1
Esrra	20	31	0.19252783672340482	0.28017198280171984	chr9	21994716.0	21994830.0	antisense	0.7306997943421739	0.13626101488835562	0.1
Rarg(var.2)	20	37	0.19048543827702344	0.3046695330466953	chr9	21994716.0	21994830.0	sense	0.7593030170667143	0.11958487446315753	0.1
SCRT1	24	39	0.189926519380899	0.49835016498350165	chr9	21994716.0	21994830.0	sense	0.9045553777955538	0.0435648400426163	0.1
NFATC2	26	33	0.18969189678738785	0.3671632836716328	chr9	21994716.0	21994830.0	antisense	0.8175034348417011	0.08751041392191101	0.1
NR3C2	21	38	0.1891364012489553	0.4881511848815118	chr9	21994716.0	21994830.0	sense	0.9045553777955538	0.0435648400426163	0.1
RXRA::VDR	23	38	0.18794758742849238	0.39546045395460455	chr9	21994716.0	21994830.0	sense	0.8311278247175282	0.0803321780205189	0.1
RFX4	19	35	0.1878067167325454	0.6999300069993001	chr9	21994716.0	21994830.0	antisense	0.9953004699530047	0.0020457908688583425	0.1
HOXC11	27	38	0.18773263994396674	0.518048195180482	chr9	21994716.0	21994830.0	sense	0.9168083191680831	0.03772145454727823	0.1
TFAP4	28	38	0.18757322985691408	0.38276172382761725	chr9	21994716.0	21994830.0	sense	0.8175034348417011	0.08751041392191101	0.1
MAF::NFE2	20	35	0.1870099035757435	0.57994200579942	chr9	21994716.0	21994830.0	antisense	0.9494949558671892	0.02250733808321906	0.1
RHOXF1	26	34	0.18700968728406378	0.5432456754324567	chr9	21994716.0	21994830.0	antisense	0.9330789693307897	0.03008159902598108	0.1
NHLH1	20	30	0.1852998715245898	0.47785221477852213	chr9	21994716.0	21994830.0	antisense	0.9045553777955538	0.0435648400426163	0.1
Sox3	26	36	0.18352703629056874	0.39766023397660233	chr9	21994716.0	21994830.0	antisense	0.8311278247175282	0.0803321780205189	0.1
GLIS3	18	32	0.1835249907930889	0.3330666933306669	chr9	21994716.0	21994830.0	antisense	0.7950191467339753	0.09962241194632127	0.1
NFAT5	19	29	0.18228523143858505	0.5544445555444456	chr9	21994716.0	21994830.0	antisense	0.9434646699264501	0.025274358290011747	0.1
GSX2	29	39	0.1817184558799509	0.7888211178882112	chr9	21994716.0	21994830.0	sense	0.9953004699530047	0.0020457908688583425	0.1
FOXP1	18	33	0.1809058293883697	0.5601439856014399	chr9	21994716.0	21994830.0	sense	0.9438789887245043	0.025083681441299636	0.1
SPI1	20	34	0.17941999422974794	0.3605639436056394	chr9	21994716.0	21994830.0	sense	0.8171733045036107	0.08768582938190969	0.1
HLTF	21	31	0.17870825271811658	0.7537246275372462	chr9	21994716.0	21994830.0	antisense	0.9953004699530047	0.0020457908688583425	0.1
NFIC	25	31	0.178084360028728	0.5006499350064993	chr9	21994716.0	21994830.0	sense	0.9045553777955538	0.0435648400426163	0.1
Srebf1(var.2)	28	38	0.17575180473346097	0.406959304069593	chr9	21994716.0	21994830.0	antisense	0.8311278247175282	0.0803321780205189	0.1
Bcl6	21	35	0.17434195513069844	0.7338266173382662	chr9	21994716.0	21994830.0	sense	0.9953004699530047	0.0020457908688583425	0.1
NR3C1	21	38	0.17345755844746633	0.5447455254474552	chr9	21994716.0	21994830.0	sense	0.9330789693307897	0.03008159902598108	0.1
HOXD12	24	35	0.17342880378622252	0.5009499050094991	chr9	21994716.0	21994830.0	antisense	0.9045553777955538	0.0435648400426163	0.1
GLIS1	20	36	0.17284432521542947	0.31256874312568744	chr9	21994716.0	21994830.0	sense	0.7688302259821412	0.11416955104292931	0.1
HSF2	18	31	0.17208959679362143	0.5382461753824618	chr9	21994716.0	21994830.0	antisense	0.9330789693307897	0.03008159902598108	0.1
Mecom	21	35	0.17192894714755075	0.49155084491550843	chr9	21994716.0	21994830.0	sense	0.9045553777955538	0.0435648400426163	0.1
Foxj3	19	36	0.17186122673183446	0.6634336566343366	chr9	21994716.0	21994830.0	antisense	0.9953004699530047	0.0020457908688583425	0.1
Barhl1	28	38	0.17171528201692704	0.9056094390560944	chr9	21994716.0	21994830.0	antisense	0.9953004699530047	0.0020457908688583425	0.1
RUNX2	27	36	0.17071839639388178	0.501949805019498	chr9	21994716.0	21994830.0	sense	0.9045553777955538	0.0435648400426163	0.1
Ar	22	39	0.16919019215327724	0.6047395260473952	chr9	21994716.0	21994830.0	antisense	0.9602920441900765	0.017596669156262963	0.1
Nr2f6(var.2)	25	40	0.16804689848398546	0.35136486351364865	chr9	21994716.0	21994830.0	sense	0.8104816185048163	0.0912568303804911	0.1
Foxa2	18	30	0.16803624904527978	0.589041095890411	chr9	21994716.0	21994830.0	antisense	0.9530215202778788	0.020897292402168942	0.1
Rarb	24	40	0.1667493330921934	0.35566443355664434	chr9	21994716.0	21994830.0	sense	0.8131711057969093	0.08981806143574718	0.1
HMBOX1	25	35	0.1666448977506915	0.7736226377362264	chr9	21994716.0	21994830.0	antisense	0.9953004699530047	0.0020457908688583425	0.1
PRDM1	20	35	0.16424196613159597	0.6178382161783822	chr9	21994716.0	21994830.0	sense	0.9716910127169102	0.012471814091714002	0.1
EMX1	27	37	0.1637688000172241	0.8227177282271773	chr9	21994716.0	21994830.0	antisense	0.9953004699530047	0.0020457908688583425	0.1
IRF2	21	39	0.1636679756521438	0.49065093490650935	chr9	21994716.0	21994830.0	sense	0.9045553777955538	0.0435648400426163	0.1
OTX2	26	34	0.16191790215695068	0.5962403759624038	chr9	21994716.0	21994830.0	antisense	0.9532677501480621	0.020785099277910123	0.1
RUNX3	22	32	0.1614852379479941	0.5589441055894411	chr9	21994716.0	21994830.0	antisense	0.9438789887245043	0.025083681441299636	0.1
LBX2	28	38	0.161152143409003	0.932906709329067	chr9	21994716.0	21994830.0	sense	0.9953004699530047	0.0020457908688583425	0.1
Pax6	26	40	0.16111333018563134	0.81991800819918	chr9	21994716.0	21994830.0	sense	0.9953004699530047	0.0020457908688583425	0.1
NR1H2::RXRA	18	35	0.1608941967197131	0.37146285371462856	chr9	21994716.0	21994830.0	antisense	0.8175034348417011	0.08751041392191101	0.1
Hoxa9	23	34	0.16077824312746228	0.5729427057294271	chr9	21994716.0	21994830.0	antisense	0.9494949558671892	0.02250733808321906	0.1
E2F3	22	40	0.16057913256423018	0.4293570642935706	chr9	21994716.0	21994830.0	sense	0.8570627552629352	0.06698737729899293	0.1
ZBED1	21	34	0.1605007032366863	0.49435056494350565	chr9	21994716.0	21994830.0	sense	0.9045553777955538	0.0435648400426163	0.1
BHLHE23	27	39	0.16021899223648456	0.5655434456554345	chr9	21994716.0	21994830.0	sense	0.946829188048937	0.02372836247383452	0.1
OLIG2	28	38	0.15978645441518724	0.6139386061393861	chr9	21994716.0	21994830.0	antisense	0.9684928163718584	0.013903596237211388	0.1
RARA(var.2)	20	37	0.15951356950382403	0.506049395060494	chr9	21994716.0	21994830.0	sense	0.905653917366884	0.04303773001857323	0.1
FOXF2	18	32	0.15915447318903728	0.6248375162483751	chr9	21994716.0	21994830.0	sense	0.9797301236643706	0.008893538536715298	0.1
STAT1	21	32	0.15708310503660963	0.5635436456354365	chr9	21994716.0	21994830.0	sense	0.9465344727663156	0.023863564415920625	0.1
Nkx3-1	29	38	0.15664151499443982	0.605039496050395	chr9	21994716.0	21994830.0	sense	0.9602920441900765	0.017596669156262963	0.1
MLXIPL	28	38	0.15653627183076146	0.6612338766123388	chr9	21994716.0	21994830.0	sense	0.9953004699530047	0.0020457908688583425	0.1
TBX19	19	39	0.15650106803597832	0.7128287171282872	chr9	21994716.0	21994830.0	sense	0.9953004699530047	0.0020457908688583425	0.1
HOXC10	21	31	0.1561690331937975	0.6563343665633437	chr9	21994716.0	21994830.0	antisense	0.9953004699530047	0.0020457908688583425	0.1
HSF1	27	40	0.15595549092338845	0.536046395360464	chr9	21994716.0	21994830.0	antisense	0.9330789693307897	0.03008159902598108	0.1
Sox2	28	36	0.15468589018522055	0.38236176382361764	chr9	21994716.0	21994830.0	antisense	0.8175034348417011	0.08751041392191101	0.1
EVX2	22	32	0.15268572263246963	0.9039096090390961	chr9	21994716.0	21994830.0	sense	0.9953004699530047	0.0020457908688583425	0.1
BARX1	18	26	0.1518114566211446	0.6788321167883211	chr9	21994716.0	21994830.0	antisense	0.9953004699530047	0.0020457908688583425	0.1
GSX1	29	39	0.15122282098145903	0.8797120287971203	chr9	21994716.0	21994830.0	sense	0.9953004699530047	0.0020457908688583425	0.1
SREBF2(var.2)	28	38	0.15102221889573816	0.503949605039496	chr9	21994716.0	21994830.0	antisense	0.9050167647595102	0.043343375739427384	0.1
RFX3	19	35	0.1503396812313091	0.804019598040196	chr9	21994716.0	21994830.0	sense	0.9953004699530047	0.0020457908688583425	0.1
TEAD3	26	34	0.14993043263650802	0.5193480651934806	chr9	21994716.0	21994830.0	antisense	0.9168083191680831	0.03772145454727823	0.1
IRF1	18	39	0.14967973288130765	0.5396460353964604	chr9	21994716.0	21994830.0	antisense	0.9330789693307897	0.03008159902598108	0.1
VENTX	28	37	0.14802460300544076	0.6786321367863214	chr9	21994716.0	21994830.0	sense	0.9953004699530047	0.0020457908688583425	0.1
GATA5	22	30	0.1475606130499384	0.6862313768623137	chr9	21994716.0	21994830.0	sense	0.9953004699530047	0.0020457908688583425	0.1
DUXA	26	39	0.14748832835321146	0.7318268173182682	chr9	21994716.0	21994830.0	sense	0.9953004699530047	0.0020457908688583425	0.1
HLF	25	37	0.14686448699829074	0.8013198680131987	chr9	21994716.0	21994830.0	sense	0.9953004699530047	0.0020457908688583425	0.1
OLIG1	28	38	0.14626955739090924	0.5341465853414659	chr9	21994716.0	21994830.0	sense	0.9330789693307897	0.03008159902598108	0.1
Rarg	20	36	0.1454535732909435	0.48365163483651635	chr9	21994716.0	21994830.0	sense	0.9045553777955538	0.0435648400426163	0.1
NKX3-2	18	27	0.1452388853309647	0.7081291870812919	chr9	21994716.0	21994830.0	antisense	0.9953004699530047	0.0020457908688583425	0.1
EVX1	22	32	0.14452330011382586	0.9095090490950904	chr9	21994716.0	21994830.0	antisense	0.9953004699530047	0.0020457908688583425	0.1
EBF1	18	32	0.14447651067986694	0.7251274872512748	chr9	21994716.0	21994830.0	sense	0.9953004699530047	0.0020457908688583425	0.1
HOXD11	21	31	0.14256491939495736	0.6387361263873612	chr9	21994716.0	21994830.0	antisense	0.9953004699530047	0.0020457908688583425	0.1
GRHL1	26	38	0.14006977676543703	0.7399260073992601	chr9	21994716.0	21994830.0	antisense	0.9953004699530047	0.0020457908688583425	0.1
Foxo1	27	38	0.13968009641380208	0.6588341165883411	chr9	21994716.0	21994830.0	antisense	0.9953004699530047	0.0020457908688583425	0.1
LHX2	29	39	0.1378360089909493	0.7386261373862614	chr9	21994716.0	21994830.0	sense	0.9953004699530047	0.0020457908688583425	0.1
HOXB2	22	32	0.13760513156017093	0.8716128387161284	chr9	21994716.0	21994830.0	antisense	0.9953004699530047	0.0020457908688583425	0.1
CTCF	19	38	0.13712888825069322	0.7444255574442555	chr9	21994716.0	21994830.0	sense	0.9953004699530047	0.0020457908688583425	0.1
SRY	25	34	0.13619481565824623	0.7045295470452955	chr9	21994716.0	21994830.0	sense	0.9953004699530047	0.0020457908688583425	0.1
HOXC13	29	40	0.13475499760438983	0.6957304269573042	chr9	21994716.0	21994830.0	sense	0.9953004699530047	0.0020457908688583425	0.1
STAT3	21	32	0.13445223939560538	0.7584241575842415	chr9	21994716.0	21994830.0	sense	0.9953004699530047	0.0020457908688583425	0.1
POU2F2	18	31	0.13378300256207398	0.7093290670932907	chr9	21994716.0	21994830.0	antisense	0.9953004699530047	0.0020457908688583425	0.1
VAX1	18	26	0.1318013584711201	0.8284171582841716	chr9	21994716.0	21994830.0	sense	0.9953004699530047	0.0020457908688583425	0.1
TCF7L2	18	32	0.13126689058546565	0.7607239276072393	chr9	21994716.0	21994830.0	sense	0.9953004699530047	0.0020457908688583425	0.1
RFX5	19	35	0.12974688397975884	0.7457254274572542	chr9	21994716.0	21994830.0	sense	0.9953004699530047	0.0020457908688583425	0.1
MEOX1	21	31	0.1289432014154325	0.8506149385061493	chr9	21994716.0	21994830.0	sense	0.9953004699530047	0.0020457908688583425	0.1
Gfi1b	19	30	0.12892906143876529	0.714028597140286	chr9	21994716.0	21994830.0	sense	0.9953004699530047	0.0020457908688583425	0.1
Vdr	22	38	0.12869587984097727	0.7121287871212879	chr9	21994716.0	21994830.0	sense	0.9953004699530047	0.0020457908688583425	0.1
Arid5a	18	32	0.12866665011631667	0.8993100689931007	chr9	21994716.0	21994830.0	sense	0.9953004699530047	0.0020457908688583425	0.1
ESX1	29	39	0.12842544683081766	0.8853114688531147	chr9	21994716.0	21994830.0	sense	0.9953004699530047	0.0020457908688583425	0.1
POU3F1	18	30	0.1279168716581643	0.8125187481251874	chr9	21994716.0	21994830.0	sense	0.9953004699530047	0.0020457908688583425	0.1
VAX2	18	26	0.12776077204629116	0.8244175582441756	chr9	21994716.0	21994830.0	sense	0.9953004699530047	0.0020457908688583425	0.1
RFX2	19	35	0.12569231431983396	0.7808219178082192	chr9	21994716.0	21994830.0	sense	0.9953004699530047	0.0020457908688583425	0.1
E2F2	18	34	0.12514225883570038	0.5527447255274472	chr9	21994716.0	21994830.0	antisense	0.9434646699264501	0.025274358290011747	0.1
MLX	28	38	0.12415845222887363	0.7542245775422458	chr9	21994716.0	21994830.0	antisense	0.9953004699530047	0.0020457908688583425	0.1
CEBPA	24	35	0.12413853884905868	0.7878212178782121	chr9	21994716.0	21994830.0	sense	0.9953004699530047	0.0020457908688583425	0.1
Rarb(var.2)	20	37	0.122227693234464	0.6436356364363564	chr9	21994716.0	21994830.0	sense	0.9953004699530047	0.0020457908688583425	0.1
HESX1	28	38	0.12185171970445635	0.8293170682931706	chr9	21994716.0	21994830.0	antisense	0.9953004699530047	0.0020457908688583425	0.1
Nobox	18	26	0.12138099513758764	0.7048295170482952	chr9	21994716.0	21994830.0	sense	0.9953004699530047	0.0020457908688583425	0.1
DMRT3	25	36	0.12122824993712251	0.8796120387961204	chr9	21994716.0	21994830.0	antisense	0.9953004699530047	0.0020457908688583425	0.1
RARA	21	39	0.12015688255871261	0.5376462353764624	chr9	21994716.0	21994830.0	sense	0.9330789693307897	0.03008159902598108	0.1
Sox5	27	34	0.11834081438012131	0.5795420457954205	chr9	21994716.0	21994830.0	antisense	0.9494949558671892	0.02250733808321906	0.1
MSX1	18	26	0.11754064973099519	0.8475152484751525	chr9	21994716.0	21994830.0	antisense	0.9953004699530047	0.0020457908688583425	0.1
EN2	28	38	0.11753484306610791	0.940905909409059	chr9	21994716.0	21994830.0	sense	0.9953004699530047	0.0020457908688583425	0.1
Stat5a::Stat5b	20	31	0.11681870106828111	0.81001899810019	chr9	21994716.0	21994830.0	sense	0.9953004699530047	0.0020457908688583425	0.1
HOXB13	30	40	0.11643151707750092	0.6488351164883511	chr9	21994716.0	21994830.0	sense	0.9953004699530047	0.0020457908688583425	0.1
ZNF143	23	39	0.1139739506064834	0.7266273372662734	chr9	21994716.0	21994830.0	antisense	0.9953004699530047	0.0020457908688583425	0.1
Dux	21	29	0.11392271222396837	0.648035196480352	chr9	21994716.0	21994830.0	antisense	0.9953004699530047	0.0020457908688583425	0.1
Stat6	19	34	0.11252121363846962	0.9213078692130787	chr9	21994716.0	21994830.0	antisense	0.9953004699530047	0.0020457908688583425	0.1
IRF7	19	33	0.11092763970037253	0.7035296470352965	chr9	21994716.0	21994830.0	sense	0.9953004699530047	0.0020457908688583425	0.1
HOXA10	21	32	0.10995243416761025	0.8228177182281772	chr9	21994716.0	21994830.0	antisense	0.9953004699530047	0.0020457908688583425	0.1
ALX3	29	39	0.10911980562275073	0.8993100689931007	chr9	21994716.0	21994830.0	sense	0.9953004699530047	0.0020457908688583425	0.1
LEF1	24	39	0.10910943127350652	0.7704229577042295	chr9	21994716.0	21994830.0	sense	0.9953004699530047	0.0020457908688583425	0.1
IRF9	19	34	0.10821428458965315	0.5791420857914209	chr9	21994716.0	21994830.0	sense	0.9494949558671892	0.02250733808321906	0.1
Hoxd8	19	36	0.10800160715307391	0.8963103689631037	chr9	21994716.0	21994830.0	sense	0.9953004699530047	0.0020457908688583425	0.1
MNX1	22	32	0.10733912230543675	0.8584141585841416	chr9	21994716.0	21994830.0	sense	0.9953004699530047	0.0020457908688583425	0.1
HOXB3	22	32	0.10511814488267548	0.9646035396460354	chr9	21994716.0	21994830.0	antisense	0.9953004699530047	0.0020457908688583425	0.1
CEBPE	21	31	0.10413000889013932	0.9381061893810619	chr9	21994716.0	21994830.0	antisense	0.9953004699530047	0.0020457908688583425	0.1
HOXA5	28	36	0.10346605841667532	0.8716128387161284	chr9	21994716.0	21994830.0	antisense	0.9953004699530047	0.0020457908688583425	0.1
POU6F2	28	38	0.10331105122915994	0.8624137586241376	chr9	21994716.0	21994830.0	sense	0.9953004699530047	0.0020457908688583425	0.1
NFIL3	24	35	0.10267402965772358	0.8023197680231977	chr9	21994716.0	21994830.0	antisense	0.9953004699530047	0.0020457908688583425	0.1
RAX	28	38	0.10137921274178026	0.8826117388261174	chr9	21994716.0	21994830.0	sense	0.9953004699530047	0.0020457908688583425	0.1
POU3F3	18	31	0.10022642903873857	0.8621137886211379	chr9	21994716.0	21994830.0	antisense	0.9953004699530047	0.0020457908688583425	0.1
POU3F2	18	30	0.0993636775810537	0.832016798320168	chr9	21994716.0	21994830.0	sense	0.9953004699530047	0.0020457908688583425	0.1
Foxd3	23	35	0.09910414118915252	0.7146285371462854	chr9	21994716.0	21994830.0	antisense	0.9953004699530047	0.0020457908688583425	0.1
Pou2f3	21	37	0.0986626386834624	0.9363063693630637	chr9	21994716.0	21994830.0	sense	0.9953004699530047	0.0020457908688583425	0.1
DBP	25	37	0.09758668745287939	0.8961103889611038	chr9	21994716.0	21994830.0	sense	0.9953004699530047	0.0020457908688583425	0.1
GBX2	28	38	0.09718843446421029	0.9065093490650935	chr9	21994716.0	21994830.0	sense	0.9953004699530047	0.0020457908688583425	0.1
Dlx3	18	26	0.09533199778485994	0.9291070892910709	chr9	21994716.0	21994830.0	sense	0.9953004699530047	0.0020457908688583425	0.1
Dlx1	27	37	0.09516904128236842	0.9579042095790421	chr9	21994716.0	21994830.0	antisense	0.9953004699530047	0.0020457908688583425	0.1
FOXP3	25	32	0.09440836173150872	0.796020397960204	chr9	21994716.0	21994830.0	sense	0.9953004699530047	0.0020457908688583425	0.1
TEF	21	33	0.09371333564788707	0.8714128587141285	chr9	21994716.0	21994830.0	antisense	0.9953004699530047	0.0020457908688583425	0.1
CEBPB	26	36	0.09291590953133722	0.9431056894310569	chr9	21994716.0	21994830.0	sense	0.9953004699530047	0.0020457908688583425	0.1
LHX9	18	26	0.09268307354427925	0.8942105789421058	chr9	21994716.0	21994830.0	sense	0.9953004699530047	0.0020457908688583425	0.1
POU4F3	23	39	0.0923533898837095	0.9276072392760724	chr9	21994716.0	21994830.0	antisense	0.9953004699530047	0.0020457908688583425	0.1
Dlx4	18	26	0.09185908193486365	0.9251074892510749	chr9	21994716.0	21994830.0	sense	0.9953004699530047	0.0020457908688583425	0.1
CEBPD	26	36	0.0915500379410091	0.9355064493550644	chr9	21994716.0	21994830.0	sense	0.9953004699530047	0.0020457908688583425	0.1
IRF8	20	34	0.09102284808009906	0.7269273072692731	chr9	21994716.0	21994830.0	sense	0.9953004699530047	0.0020457908688583425	0.1
LBX1	30	38	0.09064624863435301	0.8138186181381862	chr9	21994716.0	21994830.0	antisense	0.9953004699530047	0.0020457908688583425	0.1
Znf423	18	33	0.09055557845113972	0.7985201479852014	chr9	21994716.0	21994830.0	antisense	0.9953004699530047	0.0020457908688583425	0.1
MIXL1	20	30	0.0900237965787516	0.9684031596840316	chr9	21994716.0	21994830.0	antisense	0.9953004699530047	0.0020457908688583425	0.1
NKX6-1	23	31	0.087391706915291	0.8227177282271773	chr9	21994716.0	21994830.0	antisense	0.9953004699530047	0.0020457908688583425	0.1
HOXA13	30	40	0.08688297965961005	0.7483251674832517	chr9	21994716.0	21994830.0	sense	0.9953004699530047	0.0020457908688583425	0.1
Hoxd9	29	39	0.08687833450006545	0.8535146485351465	chr9	21994716.0	21994830.0	sense	0.9953004699530047	0.0020457908688583425	0.1
Nr2e3	19	26	0.08656446499378975	0.8445155484451555	chr9	21994716.0	21994830.0	sense	0.9953004699530047	0.0020457908688583425	0.1
FOXB1	23	34	0.08463493881557207	0.8346165383461653	chr9	21994716.0	21994830.0	antisense	0.9953004699530047	0.0020457908688583425	0.1
PDX1	18	26	0.08455682481061058	0.8479152084791521	chr9	21994716.0	21994830.0	antisense	0.9953004699530047	0.0020457908688583425	0.1
SHOX	18	26	0.08453269825521749	0.9286071392860714	chr9	21994716.0	21994830.0	antisense	0.9953004699530047	0.0020457908688583425	0.1
GATA3	22	30	0.08400006680794143	0.6651334866513349	chr9	21994716.0	21994830.0	sense	0.9953004699530047	0.0020457908688583425	0.1
FOXD2	25	32	0.08362587168354468	0.8062193780621938	chr9	21994716.0	21994830.0	sense	0.9953004699530047	0.0020457908688583425	0.1
CEBPG	26	36	0.08331831155866035	0.9344065593440656	chr9	21994716.0	21994830.0	sense	0.9953004699530047	0.0020457908688583425	0.1
FOXO4	24	31	0.08314089535969812	0.7464253574642535	chr9	21994716.0	21994830.0	antisense	0.9953004699530047	0.0020457908688583425	0.1
mix-a	29	40	0.08261927091343417	0.8169183081691831	chr9	21994716.0	21994830.0	antisense	0.9953004699530047	0.0020457908688583425	0.1
FOXI1	24	31	0.08258137656869655	0.7378262173782622	chr9	21994716.0	21994830.0	antisense	0.9953004699530047	0.0020457908688583425	0.1
GBX1	29	39	0.08212292607079351	0.9223077692230777	chr9	21994716.0	21994830.0	sense	0.9953004699530047	0.0020457908688583425	0.1
LHX6	29	39	0.08210549502305273	0.9391060893910609	chr9	21994716.0	21994830.0	sense	0.9953004699530047	0.0020457908688583425	0.1
Nkx2-5	18	25	0.08152870264077429	0.8569143085691431	chr9	21994716.0	21994830.0	sense	0.9953004699530047	0.0020457908688583425	0.1
SOX8	21	37	0.08146032685614268	0.7133286671332867	chr9	21994716.0	21994830.0	antisense	0.9953004699530047	0.0020457908688583425	0.1
DLX6	21	29	0.08079869980244525	0.9302069793020697	chr9	21994716.0	21994830.0	antisense	0.9953004699530047	0.0020457908688583425	0.1
FOXD1	23	31	0.08072689663523236	0.834016598340166	chr9	21994716.0	21994830.0	antisense	0.9953004699530047	0.0020457908688583425	0.1
FOXP2	19	30	0.08071713156249666	0.7663233676632337	chr9	21994716.0	21994830.0	sense	0.9953004699530047	0.0020457908688583425	0.1
Tcf7	24	36	0.08037802476425263	0.7942205779422058	chr9	21994716.0	21994830.0	sense	0.9953004699530047	0.0020457908688583425	0.1
HOXD13	30	40	0.079519702787237	0.7526247375262474	chr9	21994716.0	21994830.0	sense	0.9953004699530047	0.0020457908688583425	0.1
Alx1	18	35	0.07875722720417282	0.956904309569043	chr9	21994716.0	21994830.0	sense	0.9953004699530047	0.0020457908688583425	0.1
FOXO6	24	31	0.07863067086333507	0.7517248275172482	chr9	21994716.0	21994830.0	antisense	0.9953004699530047	0.0020457908688583425	0.1
Prrx2	21	29	0.07816336195092624	0.9631036896310369	chr9	21994716.0	21994830.0	antisense	0.9953004699530047	0.0020457908688583425	0.1
Foxj2	25	33	0.07726084633056289	0.7602239776022398	chr9	21994716.0	21994830.0	sense	0.9953004699530047	0.0020457908688583425	0.1
CDX2	28	39	0.07715048926829615	0.7988201179882012	chr9	21994716.0	21994830.0	sense	0.9953004699530047	0.0020457908688583425	0.1
POU2F1	26	38	0.07576479241331945	0.957004299570043	chr9	21994716.0	21994830.0	sense	0.9953004699530047	0.0020457908688583425	0.1
POU6F1	29	39	0.07571378481269306	0.8588141185881412	chr9	21994716.0	21994830.0	sense	0.9953004699530047	0.0020457908688583425	0.1
FOXC1	23	34	0.07500598818133342	0.8646135386461354	chr9	21994716.0	21994830.0	antisense	0.9953004699530047	0.0020457908688583425	0.1
POU5F1B	28	37	0.07470413743459933	0.9354064593540646	chr9	21994716.0	21994830.0	sense	0.9953004699530047	0.0020457908688583425	0.1
RAX2	18	26	0.0744690270727759	0.9619038096190381	chr9	21994716.0	21994830.0	sense	0.9953004699530047	0.0020457908688583425	0.1
FOXC2	22	34	0.07436089467846908	0.8631136886311369	chr9	21994716.0	21994830.0	antisense	0.9953004699530047	0.0020457908688583425	0.1
POU1F1	26	40	0.07348447687966056	0.9519048095190481	chr9	21994716.0	21994830.0	sense	0.9953004699530047	0.0020457908688583425	0.1
Dlx2	18	26	0.0720803213147889	0.9215078492150784	chr9	21994716.0	21994830.0	antisense	0.9953004699530047	0.0020457908688583425	0.1
FOXL1	25	32	0.07182717063754997	0.7763223677632237	chr9	21994716.0	21994830.0	sense	0.9953004699530047	0.0020457908688583425	0.1
ONECUT2	22	36	0.0709172801247295	0.8902109789021098	chr9	21994716.0	21994830.0	antisense	0.9953004699530047	0.0020457908688583425	0.1
BSX	18	26	0.07070083493477282	0.9468053194680532	chr9	21994716.0	21994830.0	antisense	0.9953004699530047	0.0020457908688583425	0.1
FOXG1	25	33	0.07059628635655335	0.7519248075192481	chr9	21994716.0	21994830.0	sense	0.9953004699530047	0.0020457908688583425	0.1
LIN54	23	32	0.07053975777411776	0.8488151184881512	chr9	21994716.0	21994830.0	sense	0.9953004699530047	0.0020457908688583425	0.1
Alx4	21	38	0.07009242974309618	0.9657034296570343	chr9	21994716.0	21994830.0	antisense	0.9953004699530047	0.0020457908688583425	0.1
NOTO	21	31	0.06959696945543588	0.9819018098190181	chr9	21994716.0	21994830.0	antisense	0.9953004699530047	0.0020457908688583425	0.1
T	18	34	0.06806157550730185	0.9771022897710229	chr9	21994716.0	21994830.0	sense	0.9953004699530047	0.0020457908688583425	0.1
EMX2	22	32	0.06799156845447601	0.9802019798020198	chr9	21994716.0	21994830.0	sense	0.9953004699530047	0.0020457908688583425	0.1
FOXO3	25	33	0.0679010675512473	0.7996200379962004	chr9	21994716.0	21994830.0	sense	0.9953004699530047	0.0020457908688583425	0.1
MEF2C	22	37	0.06624574622679347	0.9421057894210579	chr9	21994716.0	21994830.0	sense	0.9953004699530047	0.0020457908688583425	0.1
CUX1	23	33	0.06562223023086268	0.97000299970003	chr9	21994716.0	21994830.0	antisense	0.9953004699530047	0.0020457908688583425	0.1
ONECUT1	22	36	0.06471896979903988	0.8999100089991001	chr9	21994716.0	21994830.0	antisense	0.9953004699530047	0.0020457908688583425	0.1
MSX2	29	37	0.06349384898333986	0.9137086291370863	chr9	21994716.0	21994830.0	sense	0.9953004699530047	0.0020457908688583425	0.1
VSX1	18	26	0.06294424717024961	0.9512048795120488	chr9	21994716.0	21994830.0	sense	0.9953004699530047	0.0020457908688583425	0.1
CUX2	18	28	0.06291617959459124	0.975002499750025	chr9	21994716.0	21994830.0	antisense	0.9953004699530047	0.0020457908688583425	0.1
PHOX2A	27	38	0.06126631325817285	0.8861113888611138	chr9	21994716.0	21994830.0	sense	0.9953004699530047	0.0020457908688583425	0.1
Foxq1	24	35	0.06126067648983398	0.8244175582441756	chr9	21994716.0	21994830.0	antisense	0.9953004699530047	0.0020457908688583425	0.1
Arx	21	38	0.06022424047399064	0.973002699730027	chr9	21994716.0	21994830.0	sense	0.9953004699530047	0.0020457908688583425	0.1
Msx3	29	37	0.059610067989706375	0.9137086291370863	chr9	21994716.0	21994830.0	sense	0.9953004699530047	0.0020457908688583425	0.1
HNF1B	18	31	0.05915761100829267	0.9305069493050695	chr9	21994716.0	21994830.0	sense	0.9953004699530047	0.0020457908688583425	0.1
UNCX	30	38	0.05910303028121406	0.9736026397360263	chr9	21994716.0	21994830.0	sense	0.9953004699530047	0.0020457908688583425	0.1
CDX1	29	38	0.056737898898383717	0.9275072492750724	chr9	21994716.0	21994830.0	sense	0.9953004699530047	0.0020457908688583425	0.1
DUX4	27	38	0.05642534887862541	0.8993100689931007	chr9	21994716.0	21994830.0	antisense	0.9953004699530047	0.0020457908688583425	0.1
BCL6B	18	35	0.055734387763388016	0.8375162483751625	chr9	21994716.0	21994830.0	sense	0.9953004699530047	0.0020457908688583425	0.1
ONECUT3	22	36	0.05475272027928422	0.8435156484351565	chr9	21994716.0	21994830.0	antisense	0.9953004699530047	0.0020457908688583425	0.1
VSX2	30	38	0.054370287459845644	0.9594040595940406	chr9	21994716.0	21994830.0	sense	0.9953004699530047	0.0020457908688583425	0.1
PRRX1	30	38	0.053031681447484776	0.962003799620038	chr9	21994716.0	21994830.0	sense	0.9953004699530047	0.0020457908688583425	0.1
Shox2	30	38	0.05264923993661412	0.9334066593340666	chr9	21994716.0	21994830.0	sense	0.9953004699530047	0.0020457908688583425	0.1
NKX6-2	30	38	0.051861219872383124	0.975002499750025	chr9	21994716.0	21994830.0	sense	0.9953004699530047	0.0020457908688583425	0.1
PAX4	30	38	0.05166516148223254	0.9752024797520248	chr9	21994716.0	21994830.0	sense	0.9953004699530047	0.0020457908688583425	0.1
REST	18	39	0.05084110213131125	0.8688131186881312	chr9	21994716.0	21994830.0	antisense	0.9953004699530047	0.0020457908688583425	0.1
POU4F1	25	39	0.05078124838372256	0.9722027797220278	chr9	21994716.0	21994830.0	antisense	0.9953004699530047	0.0020457908688583425	0.1
HNF1A	25	40	0.04813975822107446	0.9692030796920308	chr9	21994716.0	21994830.0	antisense	0.9953004699530047	0.0020457908688583425	0.1
ISX	30	38	0.045393361950268794	0.9248075192480751	chr9	21994716.0	21994830.0	sense	0.9953004699530047	0.0020457908688583425	0.1
Lhx8	18	26	0.045306808446546644	0.9903009699030098	chr9	21994716.0	21994830.0	sense	0.9953004699530047	0.0020457908688583425	0.1
EN1	18	26	0.044978664069448726	0.9821017898210179	chr9	21994716.0	21994830.0	antisense	0.9953004699530047	0.0020457908688583425	0.1
ZNF410	22	39	0.04452149745871364	0.9085091490850915	chr9	21994716.0	21994830.0	antisense	0.9953004699530047	0.0020457908688583425	0.1
Phox2b	27	38	0.044423925509979284	0.9212078792120788	chr9	21994716.0	21994830.0	sense	0.9953004699530047	0.0020457908688583425	0.1
MEF2A	18	30	0.04159278761699276	0.9286071392860714	chr9	21994716.0	21994830.0	sense	0.9953004699530047	0.0020457908688583425	0.1
SOX21	20	35	0.04040597374213906	0.9392060793920608	chr9	21994716.0	21994830.0	sense	0.9953004699530047	0.0020457908688583425	0.1
LMX1B	23	31	0.04000170446326182	0.9752024797520248	chr9	21994716.0	21994830.0	sense	0.9953004699530047	0.0020457908688583425	0.1
Sox11	21	36	0.037728156282655384	0.9231076892310769	chr9	21994716.0	21994830.0	antisense	0.9953004699530047	0.0020457908688583425	0.1
MEF2D	18	30	0.0371519750030873	0.9331066893310669	chr9	21994716.0	21994830.0	sense	0.9953004699530047	0.0020457908688583425	0.1
Lhx3	27	40	0.03577418037969526	0.9017098290170983	chr9	21994716.0	21994830.0	sense	0.9953004699530047	0.0020457908688583425	0.1
Sox1	22	37	0.03438225871138536	0.9752024797520248	chr9	21994716.0	21994830.0	sense	0.9953004699530047	0.0020457908688583425	0.1
Arid3b	20	31	0.03393280548827799	0.96000399960004	chr9	21994716.0	21994830.0	sense	0.9953004699530047	0.0020457908688583425	0.1
POU3F4	24	33	0.03342300584785359	0.9839016098390161	chr9	21994716.0	21994830.0	sense	0.9953004699530047	0.0020457908688583425	0.1
SOX4	19	35	0.032969774195122634	0.9548045195480452	chr9	21994716.0	21994830.0	sense	0.9953004699530047	0.0020457908688583425	0.1
Lhx4	30	38	0.027262198007404256	0.9888011198880112	chr9	21994716.0	21994830.0	antisense	0.9953004699530047	0.0020457908688583425	0.1
SRF	22	38	0.02519535525961029	0.9953004699530047	chr9	21994716.0	21994830.0	sense	0.9953004699530047	0.0020457908688583425	0.1
LMX1A	22	30	0.023928195842414207	0.9929007099290071	chr9	21994716.0	21994830.0	sense	0.9953004699530047	0.0020457908688583425	0.1
PROP1	19	30	0.023728100164351167	0.9326067393260674	chr9	21994716.0	21994830.0	sense	0.9953004699530047	0.0020457908688583425	0.1
PAX3	23	33	0.020432842502204167	0.9846015398460154	chr9	21994716.0	21994830.0	sense	0.9953004699530047	0.0020457908688583425	0.1
MEF2B	18	30	0.019811043387980978	0.9936006399360064	chr9	21994716.0	21994830.0	sense	0.9953004699530047	0.0020457908688583425	0.1
POU4F2	22	38	0.018518599453026897	0.9871012898710129	chr9	21994716.0	21994830.0	sense	0.9953004699530047	0.0020457908688583425	0.1
PAX7	26	36	0.017640570741453348	0.9881011898810119	chr9	21994716.0	21994830.0	sense	0.9953004699530047	0.0020457908688583425	0.1
Arid3a	25	31	0.010798068115538463	0.9811018898110189	chr9	21994716.0	21994830.0	antisense	0.9953004699530047	0.0020457908688583425	0.1
