motif	start	end	score	pval	tile_chr	tile_start	tile_end	strand	padj	neg_log_pval	fdr_cutoff
SP2	70	85	3.305388630056462	0.025897410258974102	chr9	21994622.0	21994736.0	antisense	0.7712749683115521	0.11279076341327707	0.15
EGR1	67	81	2.5903441673658274	0.09919008099190081	chr9	21994622.0	21994736.0	antisense	0.7712749683115521	0.11279076341327707	0.15
MZF1(var.2)	71	81	2.5432951643077324	0.017798220177982202	chr9	21994622.0	21994736.0	sense	0.7712749683115521	0.11279076341327707	0.15
ZNF263	68	89	2.541241361633125	0.15708429157084292	chr9	21994622.0	21994736.0	sense	0.7712749683115521	0.11279076341327707	0.15
THAP1	67	76	2.062528072734092	0.0714928507149285	chr9	21994622.0	21994736.0	antisense	0.7712749683115521	0.11279076341327707	0.15
E2F6	70	81	2.0339169353059434	0.0282971702829717	chr9	21994622.0	21994736.0	sense	0.7712749683115521	0.11279076341327707	0.15
Hes1	67	77	1.9731670108171124	0.20767923207679231	chr9	21994622.0	21994736.0	antisense	0.7712749683115521	0.11279076341327707	0.15
Hes2	76	89	1.9173635085857654	0.0831916808319168	chr9	21994622.0	21994736.0	sense	0.7712749683115521	0.11279076341327707	0.15
Gmeb1	72	89	1.9156690590529313	0.23747625237476253	chr9	21994622.0	21994736.0	sense	0.7712749683115521	0.11279076341327707	0.15
SPIB	77	84	1.838090045543555	0.0036996300369963003	chr9	21994622.0	21994736.0	sense	0.7712749683115521	0.11279076341327707	0.15
SP3	72	83	1.8035981908437202	0.1984801519848015	chr9	21994622.0	21994736.0	antisense	0.7712749683115521	0.11279076341327707	0.15
PRDM1	69	84	1.7921804883002403	0.09909009099090091	chr9	21994622.0	21994736.0	sense	0.7712749683115521	0.11279076341327707	0.15
E2F4	70	81	1.7662822085377048	0.06469353064693531	chr9	21994622.0	21994736.0	sense	0.7712749683115521	0.11279076341327707	0.15
SP1	74	85	1.7651212116070607	0.1526847315268473	chr9	21994622.0	21994736.0	antisense	0.7712749683115521	0.11279076341327707	0.15
Hoxd3	73	89	1.753971019932158	0.12158784121587841	chr9	21994622.0	21994736.0	antisense	0.7712749683115521	0.11279076341327707	0.15
Pparg::Rxra	70	85	1.7527060220748332	0.14178582141785823	chr9	21994622.0	21994736.0	sense	0.7712749683115521	0.11279076341327707	0.15
Mitf	79	89	1.680696805135128	0.0627937206279372	chr9	21994622.0	21994736.0	sense	0.7712749683115521	0.11279076341327707	0.15
ZNF740	68	78	1.6432208378845023	0.18188181181881813	chr9	21994622.0	21994736.0	antisense	0.7712749683115521	0.11279076341327707	0.15
TBX2	73	84	1.6060296703084727	0.05929407059294071	chr9	21994622.0	21994736.0	sense	0.7712749683115521	0.11279076341327707	0.15
EGR4	68	84	1.5981153049259933	0.1518848115188481	chr9	21994622.0	21994736.0	antisense	0.7712749683115521	0.11279076341327707	0.15
RREB1	69	89	1.595205452578725	0.1693830616938306	chr9	21994622.0	21994736.0	antisense	0.7712749683115521	0.11279076341327707	0.15
HINFP	77	89	1.5936114008742592	0.0385961403859614	chr9	21994622.0	21994736.0	sense	0.7712749683115521	0.11279076341327707	0.15
Tcfl5	67	77	1.5894029275095636	0.2323767623237676	chr9	21994622.0	21994736.0	sense	0.7712749683115521	0.11279076341327707	0.15
KLF5	73	83	1.5210199526191834	0.1735826417358264	chr9	21994622.0	21994736.0	antisense	0.7712749683115521	0.11279076341327707	0.15
SP8	67	79	1.519332006154837	0.19708029197080293	chr9	21994622.0	21994736.0	antisense	0.7712749683115521	0.11279076341327707	0.15
TEAD1	78	88	1.5162278770323743	0.046795320467953205	chr9	21994622.0	21994736.0	antisense	0.7712749683115521	0.11279076341327707	0.15
PAX5	68	87	1.5108269601441027	0.17278272172782722	chr9	21994622.0	21994736.0	sense	0.7712749683115521	0.11279076341327707	0.15
RARA::RXRA	68	85	1.497052614632313	0.12018798120187982	chr9	21994622.0	21994736.0	sense	0.7712749683115521	0.11279076341327707	0.15
TFAP2A	67	78	1.4758523416460072	0.0745925407459254	chr9	21994622.0	21994736.0	antisense	0.7712749683115521	0.11279076341327707	0.15
TEAD4	78	88	1.473680390293823	0.038396160383961604	chr9	21994622.0	21994736.0	antisense	0.7712749683115521	0.11279076341327707	0.15
ETV5	67	77	1.4306707473965408	0.050594940505949405	chr9	21994622.0	21994736.0	sense	0.7712749683115521	0.11279076341327707	0.15
ELK4	67	78	1.4137306790034492	0.039196080391960805	chr9	21994622.0	21994736.0	antisense	0.7712749683115521	0.11279076341327707	0.15
GSC2	72	82	1.4124557998590523	0.12148785121487851	chr9	21994622.0	21994736.0	antisense	0.7712749683115521	0.11279076341327707	0.15
TFAP2A(var.2)	67	79	1.402268093162376	0.20067993200679932	chr9	21994622.0	21994736.0	antisense	0.7712749683115521	0.11279076341327707	0.15
ETV6	67	77	1.3858411844504632	0.036096390360963904	chr9	21994622.0	21994736.0	sense	0.7712749683115521	0.11279076341327707	0.15
KLF16	72	83	1.3784688704304988	0.21527847215278473	chr9	21994622.0	21994736.0	antisense	0.7712749683115521	0.11279076341327707	0.15
NFATC1	77	87	1.3707406253712129	0.1865813418658134	chr9	21994622.0	21994736.0	antisense	0.7712749683115521	0.11279076341327707	0.15
Zfx	72	86	1.363116235114265	0.15608439156084392	chr9	21994622.0	21994736.0	antisense	0.7712749683115521	0.11279076341327707	0.15
Klf12	69	84	1.3470153625627872	0.08409159084091591	chr9	21994622.0	21994736.0	antisense	0.7712749683115521	0.11279076341327707	0.15
EOMES	73	86	1.3450187797649258	0.11678832116788321	chr9	21994622.0	21994736.0	sense	0.7712749683115521	0.11279076341327707	0.15
Pax2	79	87	1.3023837371610478	0.11198880111988802	chr9	21994622.0	21994736.0	sense	0.7712749683115521	0.11279076341327707	0.15
Klf4	73	83	1.3005512055279211	0.19168083191680832	chr9	21994622.0	21994736.0	sense	0.7712749683115521	0.11279076341327707	0.15
SPIC	73	87	1.273369745512409	0.2886711328867113	chr9	21994622.0	21994736.0	sense	0.7755096939285664	0.11041276910328215	0.15
TFAP2C	67	79	1.2697252751751416	0.23397660233976603	chr9	21994622.0	21994736.0	sense	0.7712749683115521	0.11279076341327707	0.15
Myod1	73	86	1.2535604406142458	0.0731926807319268	chr9	21994622.0	21994736.0	antisense	0.7712749683115521	0.11279076341327707	0.15
EGR3	67	82	1.2316231514255302	0.15378462153784622	chr9	21994622.0	21994736.0	antisense	0.7712749683115521	0.11279076341327707	0.15
ZBTB7A	75	87	1.2304909771002137	0.16648335166483352	chr9	21994622.0	21994736.0	sense	0.7712749683115521	0.11279076341327707	0.15
Gabpa	68	79	1.2239845020323505	0.06529347065293471	chr9	21994622.0	21994736.0	sense	0.7712749683115521	0.11279076341327707	0.15
TFAP2C(var.2)	67	78	1.2164040842860202	0.10158984101589841	chr9	21994622.0	21994736.0	sense	0.7712749683115521	0.11279076341327707	0.15
Nfe2l2	74	89	1.2145686922096517	0.05549445055494451	chr9	21994622.0	21994736.0	antisense	0.7712749683115521	0.11279076341327707	0.15
TFAP2B	67	79	1.2133231742668589	0.23797620237976203	chr9	21994622.0	21994736.0	sense	0.7712749683115521	0.11279076341327707	0.15
Hoxb5	73	89	1.2118802729700073	0.2816718328167183	chr9	21994622.0	21994736.0	sense	0.7755096939285664	0.11041276910328215	0.15
KLF14	70	84	1.206737574816711	0.18038196180381963	chr9	21994622.0	21994736.0	antisense	0.7712749683115521	0.11279076341327707	0.15
ZBTB7C	68	80	1.2027736250255296	0.2990700929907009	chr9	21994622.0	21994736.0	antisense	0.7758403264151197	0.11022765051013535	0.15
NFATC3	77	87	1.2011454477399592	0.24617538246175383	chr9	21994622.0	21994736.0	antisense	0.7712749683115521	0.11279076341327707	0.15
ELF5	67	78	1.1997022065943668	0.136986301369863	chr9	21994622.0	21994736.0	sense	0.7712749683115521	0.11279076341327707	0.15
NR2C2	70	85	1.1662996366163976	0.18468153184681532	chr9	21994622.0	21994736.0	sense	0.7712749683115521	0.11279076341327707	0.15
IRF2	69	87	1.1652440473438774	0.1341865813418658	chr9	21994622.0	21994736.0	sense	0.7712749683115521	0.11279076341327707	0.15
Klf1	73	84	1.1621151842646675	0.1825817418258174	chr9	21994622.0	21994736.0	antisense	0.7712749683115521	0.11279076341327707	0.15
HNF4G	71	86	1.1615134906406779	0.17078292170782922	chr9	21994622.0	21994736.0	sense	0.7712749683115521	0.11279076341327707	0.15
Dmbx1	71	88	1.159907222576014	0.29177082291770823	chr9	21994622.0	21994736.0	sense	0.7755096939285664	0.11041276910328215	0.15
INSM1	69	81	1.155785385149418	0.16928307169283072	chr9	21994622.0	21994736.0	sense	0.7712749683115521	0.11279076341327707	0.15
FEV	67	77	1.1502493134079863	0.06359364063593641	chr9	21994622.0	21994736.0	sense	0.7712749683115521	0.11279076341327707	0.15
TFAP2B(var.2)	67	78	1.1462420180418127	0.09869013098690131	chr9	21994622.0	21994736.0	antisense	0.7712749683115521	0.11279076341327707	0.15
GATA2	73	87	1.1349365667218019	0.22307769223077692	chr9	21994622.0	21994736.0	antisense	0.7712749683115521	0.11279076341327707	0.15
RFX4	70	86	1.121540277339779	0.06989301069893011	chr9	21994622.0	21994736.0	antisense	0.7712749683115521	0.11279076341327707	0.15
ERG	67	77	1.1135402333818982	0.061693830616938304	chr9	21994622.0	21994736.0	sense	0.7712749683115521	0.11279076341327707	0.15
ETS1	67	77	1.0983011382855563	0.06769323067693231	chr9	21994622.0	21994736.0	sense	0.7712749683115521	0.11279076341327707	0.15
SMAD2::SMAD3::SMAD4	72	85	1.0953334999164381	0.15198480151984803	chr9	21994622.0	21994736.0	antisense	0.7712749683115521	0.11279076341327707	0.15
MAFF	71	89	1.0902669724491794	0.3301669833016698	chr9	21994622.0	21994736.0	sense	0.7860397446493883	0.1045554941062348	0.15
Bcl6	71	85	1.081631828940609	0.13538646135386462	chr9	21994622.0	21994736.0	antisense	0.7712749683115521	0.11279076341327707	0.15
Spz1	77	88	1.0778240350597896	0.14338566143385661	chr9	21994622.0	21994736.0	sense	0.7712749683115521	0.11279076341327707	0.15
ERF	67	77	1.076587768723892	0.053894610538946106	chr9	21994622.0	21994736.0	sense	0.7712749683115521	0.11279076341327707	0.15
Arntl	79	89	1.0644933063089717	0.08769123087691232	chr9	21994622.0	21994736.0	sense	0.7712749683115521	0.11279076341327707	0.15
STAT1::STAT2	74	89	1.063532066717137	0.23497650234976503	chr9	21994622.0	21994736.0	antisense	0.7712749683115521	0.11279076341327707	0.15
Ar	70	87	1.056434452033044	0.060693930606939304	chr9	21994622.0	21994736.0	sense	0.7712749683115521	0.11279076341327707	0.15
Alx4	71	88	1.0477177239474358	0.2833716628337166	chr9	21994622.0	21994736.0	antisense	0.7755096939285664	0.11041276910328215	0.15
ETV4	67	77	1.045525032938213	0.1307869213078692	chr9	21994622.0	21994736.0	sense	0.7712749683115521	0.11279076341327707	0.15
ETV1	67	77	1.040647938917644	0.1386861313868613	chr9	21994622.0	21994736.0	sense	0.7712749683115521	0.11279076341327707	0.15
CREB3	71	85	1.0386692272883946	0.0902909709029097	chr9	21994622.0	21994736.0	antisense	0.7712749683115521	0.11279076341327707	0.15
Rhox11	72	89	1.037692934613911	0.44245575442455753	chr9	21994622.0	21994736.0	sense	0.8518649865117295	0.06962923182874646	0.15
TCF4	67	77	1.0338292333690378	0.0978902109789021	chr9	21994622.0	21994736.0	antisense	0.7712749683115521	0.11279076341327707	0.15
Nr5a2	72	87	1.0298881523464352	0.1601839816018398	chr9	21994622.0	21994736.0	sense	0.7712749683115521	0.11279076341327707	0.15
ZBTB33	68	83	1.026434630215061	0.2293770622937706	chr9	21994622.0	21994736.0	antisense	0.7712749683115521	0.11279076341327707	0.15
ETV3	67	77	1.0259601194608063	0.09559044095590441	chr9	21994622.0	21994736.0	sense	0.7712749683115521	0.11279076341327707	0.15
FLI1	67	77	1.0255200822791855	0.060193980601939805	chr9	21994622.0	21994736.0	sense	0.7712749683115521	0.11279076341327707	0.15
ZIC3	68	83	1.0183909158103945	0.22557744225577442	chr9	21994622.0	21994736.0	antisense	0.7712749683115521	0.11279076341327707	0.15
MZF1	74	80	1.01836019201344	0.1503849615038496	chr9	21994622.0	21994736.0	sense	0.7712749683115521	0.11279076341327707	0.15
ZIC4	68	83	1.002261815549257	0.31466853314668536	chr9	21994622.0	21994736.0	antisense	0.7779279214935648	0.10906064047529719	0.15
SREBF1	71	81	1.0007782374470569	0.13088691130886912	chr9	21994622.0	21994736.0	antisense	0.7712749683115521	0.11279076341327707	0.15
SP4	69	86	1.0006326232028975	0.19048095190480951	chr9	21994622.0	21994736.0	antisense	0.7712749683115521	0.11279076341327707	0.15
Nr2f6	72	86	0.9983296689076671	0.09199080091990801	chr9	21994622.0	21994736.0	sense	0.7712749683115521	0.11279076341327707	0.15
EGR2	69	80	0.9955528663537743	0.18588141185881413	chr9	21994622.0	21994736.0	antisense	0.7712749683115521	0.11279076341327707	0.15
JUND(var.2)	72	87	0.9948991283808704	0.15208479152084792	chr9	21994622.0	21994736.0	sense	0.7712749683115521	0.11279076341327707	0.15
ELK3	67	77	0.9915958798062391	0.12568743125687432	chr9	21994622.0	21994736.0	sense	0.7712749683115521	0.11279076341327707	0.15
TEAD3	79	87	0.9904753120227313	0.0403959604039596	chr9	21994622.0	21994736.0	antisense	0.7712749683115521	0.11279076341327707	0.15
Crx	70	81	0.9881581246046802	0.1523847615238476	chr9	21994622.0	21994736.0	sense	0.7712749683115521	0.11279076341327707	0.15
Foxj3	70	87	0.9832777275577804	0.2883711628837116	chr9	21994622.0	21994736.0	sense	0.7755096939285664	0.11041276910328215	0.15
Alx1	71	88	0.981466532219159	0.3571642835716428	chr9	21994622.0	21994736.0	antisense	0.7991355370900679	0.09737955608236926	0.15
KLF13	67	85	0.9735106245381155	0.1357864213578642	chr9	21994622.0	21994736.0	antisense	0.7712749683115521	0.11279076341327707	0.15
TBR1	74	84	0.9626454262676987	0.148985101489851	chr9	21994622.0	21994736.0	sense	0.7712749683115521	0.11279076341327707	0.15
MEOX2	75	85	0.961965399147962	0.43655634436556345	chr9	21994622.0	21994736.0	sense	0.8518649865117295	0.06962923182874646	0.15
Gata4	72	83	0.9618753891226348	0.20707929207079293	chr9	21994622.0	21994736.0	antisense	0.7712749683115521	0.11279076341327707	0.15
Gata1	73	84	0.9589142853895884	0.22897710228977103	chr9	21994622.0	21994736.0	antisense	0.7712749683115521	0.11279076341327707	0.15
Stat4	74	88	0.9519251531811234	0.17348265173482652	chr9	21994622.0	21994736.0	sense	0.7712749683115521	0.11279076341327707	0.15
TBX21	73	83	0.9504867339536349	0.12368763123687632	chr9	21994622.0	21994736.0	sense	0.7712749683115521	0.11279076341327707	0.15
FOSL1	75	86	0.9476260284520188	0.03189681031896811	chr9	21994622.0	21994736.0	sense	0.7712749683115521	0.11279076341327707	0.15
Rfx1	71	85	0.9464991499638719	0.1690830916908309	chr9	21994622.0	21994736.0	sense	0.7712749683115521	0.11279076341327707	0.15
ZBTB7B	68	80	0.9450611375629285	0.2605739426057394	chr9	21994622.0	21994736.0	antisense	0.7755096939285664	0.11041276910328215	0.15
JUN(var.2)	71	85	0.9439377101062474	0.20387961203879612	chr9	21994622.0	21994736.0	sense	0.7712749683115521	0.11279076341327707	0.15
ELK1	67	77	0.9389474244212219	0.05979402059794021	chr9	21994622.0	21994736.0	sense	0.7712749683115521	0.11279076341327707	0.15
EVX1	75	85	0.9372339394807107	0.3802619738026197	chr9	21994622.0	21994736.0	sense	0.8166167383261673	0.08798172251712455	0.15
TP73	70	88	0.9346580505648613	0.12468753124687532	chr9	21994622.0	21994736.0	sense	0.7712749683115521	0.11279076341327707	0.15
TFE3	67	77	0.9332038810573255	0.25937406259374063	chr9	21994622.0	21994736.0	antisense	0.7755096939285664	0.11041276910328215	0.15
TBX5	70	78	0.9223552180890772	0.2987701229877012	chr9	21994622.0	21994736.0	sense	0.7758403264151197	0.11022765051013535	0.15
ZEB1	73	82	0.918411641477363	0.11588841115888411	chr9	21994622.0	21994736.0	antisense	0.7712749683115521	0.11279076341327707	0.15
CREB3L1	71	85	0.9158495021537842	0.14438556144385561	chr9	21994622.0	21994736.0	antisense	0.7712749683115521	0.11279076341327707	0.15
NR2F1	76	89	0.9153406965196936	0.2625737426257374	chr9	21994622.0	21994736.0	sense	0.7755096939285664	0.11041276910328215	0.15
GATA1::TAL1	68	86	0.9125294351254337	0.3755624437556244	chr9	21994622.0	21994736.0	antisense	0.8155519176115862	0.08854838678246915	0.15
TFAP2B(var.3)	67	80	0.9102431693967016	0.24217578242175783	chr9	21994622.0	21994736.0	antisense	0.7712749683115521	0.11279076341327707	0.15
EVX2	75	85	0.909298606732972	0.4440555944405559	chr9	21994622.0	21994736.0	sense	0.8518649865117295	0.06962923182874646	0.15
NR3C2	70	87	0.9017589310638376	0.07889211078892111	chr9	21994622.0	21994736.0	sense	0.7712749683115521	0.11279076341327707	0.15
GSC	75	85	0.8966223059236412	0.23917608239176083	chr9	21994622.0	21994736.0	antisense	0.7712749683115521	0.11279076341327707	0.15
NFAT5	72	82	0.8928148395411782	0.31766823317668236	chr9	21994622.0	21994736.0	antisense	0.7806148962568531	0.10756316545494254	0.15
NFKB2	73	86	0.8926555877516115	0.0963903609639036	chr9	21994622.0	21994736.0	antisense	0.7712749683115521	0.11279076341327707	0.15
Myc	79	89	0.8925988389127647	0.062493750624937505	chr9	21994622.0	21994736.0	antisense	0.7712749683115521	0.11279076341327707	0.15
RFX3	70	86	0.8907027575020603	0.12688731126887312	chr9	21994622.0	21994736.0	sense	0.7712749683115521	0.11279076341327707	0.15
HIC2	71	80	0.8902163325494095	0.3147685231476852	chr9	21994622.0	21994736.0	antisense	0.7779279214935648	0.10906064047529719	0.15
Ahr::Arnt	82	88	0.8896754603165539	0.0663933606639336	chr9	21994622.0	21994736.0	antisense	0.7712749683115521	0.11279076341327707	0.15
CTCF	68	87	0.8893227346080776	0.2946705329467053	chr9	21994622.0	21994736.0	sense	0.7758403264151197	0.11022765051013535	0.15
TFAP2A(var.3)	67	80	0.8876572046283534	0.3117688231176882	chr9	21994622.0	21994736.0	sense	0.7779279214935648	0.10906064047529719	0.15
Bach1::Mafk	73	88	0.8848177514359593	0.0953904609539046	chr9	21994622.0	21994736.0	antisense	0.7712749683115521	0.11279076341327707	0.15
ESR2	68	83	0.8781863687161112	0.3982601739826017	chr9	21994622.0	21994736.0	antisense	0.8234941446094434	0.084339484500115	0.15
GLI2	68	80	0.8685612614958684	0.25777422257774224	chr9	21994622.0	21994736.0	antisense	0.7755096939285664	0.11041276910328215	0.15
HOXA2	75	85	0.8677636428871616	0.46565343465653436	chr9	21994622.0	21994736.0	antisense	0.8518649865117295	0.06962923182874646	0.15
TFAP2C(var.3)	67	80	0.8575347042543829	0.30516948305169483	chr9	21994622.0	21994736.0	antisense	0.777913385132075	0.10906875577800228	0.15
TCF3	67	77	0.8573315600431614	0.1583841615838416	chr9	21994622.0	21994736.0	antisense	0.7712749683115521	0.11279076341327707	0.15
ID4	67	77	0.8516149617924738	0.18168183181681832	chr9	21994622.0	21994736.0	antisense	0.7712749683115521	0.11279076341327707	0.15
FIGLA	67	77	0.8470700171234228	0.2293770622937706	chr9	21994622.0	21994736.0	antisense	0.7712749683115521	0.11279076341327707	0.15
ATF4	74	87	0.8468425569627049	0.144985501449855	chr9	21994622.0	21994736.0	sense	0.7712749683115521	0.11279076341327707	0.15
ARNT::HIF1A	81	89	0.8434509510784898	0.1598840115988401	chr9	21994622.0	21994736.0	sense	0.7712749683115521	0.11279076341327707	0.15
TBX20	71	82	0.8429779634785387	0.23507649235076492	chr9	21994622.0	21994736.0	sense	0.7712749683115521	0.11279076341327707	0.15
MEIS3	74	82	0.8424912580118247	0.17518248175182483	chr9	21994622.0	21994736.0	sense	0.7712749683115521	0.11279076341327707	0.15
NR3C1	70	87	0.8370773728431864	0.0872912708729127	chr9	21994622.0	21994736.0	antisense	0.7712749683115521	0.11279076341327707	0.15
Vdr	71	87	0.834239842535239	0.0800919908009199	chr9	21994622.0	21994736.0	antisense	0.7712749683115521	0.11279076341327707	0.15
TCF7L2	75	89	0.8319842909477139	0.3117688231176882	chr9	21994622.0	21994736.0	sense	0.7779279214935648	0.10906064047529719	0.15
XBP1	72	86	0.826187424199037	0.20767923207679231	chr9	21994622.0	21994736.0	antisense	0.7712749683115521	0.11279076341327707	0.15
LBX2	75	85	0.8249110301311489	0.64003599640036	chr9	21994622.0	21994736.0	sense	0.8577541767354365	0.06663715851954644	0.15
Nr1h3::Rxra	69	88	0.8151652762477268	0.5980401959804019	chr9	21994622.0	21994736.0	antisense	0.8577541767354365	0.06663715851954644	0.15
Pitx1	76	84	0.8140340366966162	0.28357164283571645	chr9	21994622.0	21994736.0	antisense	0.7755096939285664	0.11041276910328215	0.15
NRL	76	87	0.8063237397959768	0.6805319468053195	chr9	21994622.0	21994736.0	antisense	0.8577541767354365	0.06663715851954644	0.15
JUNB	74	85	0.8019881507425604	0.0983901609839016	chr9	21994622.0	21994736.0	sense	0.7712749683115521	0.11279076341327707	0.15
Nkx2-5(var.2)	73	84	0.8013720811263053	0.25177482251774824	chr9	21994622.0	21994736.0	antisense	0.7714010951845992	0.11271974888676398	0.15
PLAG1	70	84	0.8012473419710874	0.2526747325267473	chr9	21994622.0	21994736.0	sense	0.7714010951845992	0.11271974888676398	0.15
HEY2	67	77	0.7987259904079992	0.25607439256074394	chr9	21994622.0	21994736.0	antisense	0.7755096939285664	0.11041276910328215	0.15
FOSL2	74	85	0.7983617122201325	0.0928907109289071	chr9	21994622.0	21994736.0	sense	0.7712749683115521	0.11279076341327707	0.15
MYBL2	74	89	0.7981991778263168	0.196980301969803	chr9	21994622.0	21994736.0	antisense	0.7712749683115521	0.11279076341327707	0.15
TBP	74	89	0.7957402029733136	0.5607439256074392	chr9	21994622.0	21994736.0	sense	0.8577541767354365	0.06663715851954644	0.15
SCRT1	72	87	0.7944441337038823	0.16328367163283672	chr9	21994622.0	21994736.0	sense	0.7712749683115521	0.11279076341327707	0.15
Hmx1	72	89	0.7931246105102636	0.48655134486551344	chr9	21994622.0	21994736.0	sense	0.8573092355194011	0.06686249773190439	0.15
Hic1	70	79	0.7929232051690346	0.34526547345265474	chr9	21994622.0	21994736.0	antisense	0.7928884102740168	0.10078793022635152	0.15
PPARG	69	89	0.7905667444707338	0.26687331266873315	chr9	21994622.0	21994736.0	antisense	0.7755096939285664	0.11041276910328215	0.15
YY1	69	81	0.788470193058212	0.22377762223777622	chr9	21994622.0	21994736.0	sense	0.7712749683115521	0.11279076341327707	0.15
NRF1	67	78	0.7846597337763368	0.3057694230576942	chr9	21994622.0	21994736.0	antisense	0.777913385132075	0.10906875577800228	0.15
GCM1	69	80	0.7814713604027183	0.24817518248175183	chr9	21994622.0	21994736.0	sense	0.7712749683115521	0.11279076341327707	0.15
TP53	70	88	0.7808663756555918	0.1628837116288371	chr9	21994622.0	21994736.0	antisense	0.7712749683115521	0.11279076341327707	0.15
FOS::JUN	77	84	0.7784107472836637	0.10178982101789821	chr9	21994622.0	21994736.0	antisense	0.7712749683115521	0.11279076341327707	0.15
NFATC2	79	86	0.7760521588696888	0.2410758924107589	chr9	21994622.0	21994736.0	antisense	0.7712749683115521	0.11279076341327707	0.15
HEY1	67	77	0.7751786408559344	0.23227677232276772	chr9	21994622.0	21994736.0	antisense	0.7712749683115521	0.11279076341327707	0.15
FOXP1	71	86	0.769309436912004	0.28757124287571245	chr9	21994622.0	21994736.0	sense	0.7755096939285664	0.11041276910328215	0.15
Six3	68	85	0.7676746202927645	0.543945605439456	chr9	21994622.0	21994736.0	sense	0.8577541767354365	0.06663715851954644	0.15
JUN	73	86	0.7620531022582896	0.21737826217378262	chr9	21994622.0	21994736.0	sense	0.7712749683115521	0.11279076341327707	0.15
MEOX1	75	85	0.7607615002788058	0.36936306369363064	chr9	21994622.0	21994736.0	sense	0.8117831074035453	0.09055999026652453	0.15
TBX4	74	82	0.7540152691284259	0.29157084291570845	chr9	21994622.0	21994736.0	sense	0.7755096939285664	0.11041276910328215	0.15
NFE2	75	86	0.7505456629528454	0.052594740525947405	chr9	21994622.0	21994736.0	antisense	0.7712749683115521	0.11279076341327707	0.15
SNAI2	67	76	0.7488451009602307	0.32736726327367266	chr9	21994622.0	21994736.0	sense	0.7860397446493883	0.1045554941062348	0.15
ZIC1	67	81	0.746700259269542	0.24377562243775622	chr9	21994622.0	21994736.0	antisense	0.7712749683115521	0.11279076341327707	0.15
POU3F1	71	83	0.7430620896316876	0.46525347465253475	chr9	21994622.0	21994736.0	sense	0.8518649865117295	0.06962923182874646	0.15
Hnf4a	72	88	0.7420290170415935	0.101989801019898	chr9	21994622.0	21994736.0	sense	0.7712749683115521	0.11279076341327707	0.15
RUNX1	74	85	0.7380763602522377	0.47015298470152983	chr9	21994622.0	21994736.0	sense	0.8518649865117295	0.06962923182874646	0.15
MNT	67	77	0.7361243270602074	0.2525747425257474	chr9	21994622.0	21994736.0	antisense	0.7714010951845992	0.11271974888676398	0.15
REST	67	88	0.7360733299874611	0.1518848115188481	chr9	21994622.0	21994736.0	sense	0.7712749683115521	0.11279076341327707	0.15
NFIX	73	82	0.7342758233374485	0.49095090490950904	chr9	21994622.0	21994736.0	sense	0.8573092355194011	0.06686249773190439	0.15
REL	75	85	0.7325436477261772	0.3478652134786521	chr9	21994622.0	21994736.0	antisense	0.7953394087903985	0.09944749787393856	0.15
Ddit3::Cebpa	74	86	0.7316346561272006	0.41235876412358763	chr9	21994622.0	21994736.0	antisense	0.838628246550345	0.0764305138447422	0.15
SREBF2	71	81	0.7307324483881983	0.23757624237576241	chr9	21994622.0	21994736.0	sense	0.7712749683115521	0.11279076341327707	0.15
Foxk1	71	88	0.7303836121945395	0.33826617338266174	chr9	21994622.0	21994736.0	sense	0.7928884102740168	0.10078793022635152	0.15
GCM2	69	79	0.7294253592590335	0.35676432356764326	chr9	21994622.0	21994736.0	sense	0.7991355370900679	0.09737955608236926	0.15
Neurog1	68	78	0.7278791445817979	0.8225177482251775	chr9	21994622.0	21994736.0	antisense	0.8891167016354498	0.05104123166201222	0.15
NR4A2	79	87	0.727625655827124	0.21457854214578542	chr9	21994622.0	21994736.0	sense	0.7712749683115521	0.11279076341327707	0.15
MGA	72	80	0.7272843184118708	0.2263773622637736	chr9	21994622.0	21994736.0	sense	0.7712749683115521	0.11279076341327707	0.15
YY2	71	82	0.7235166966395955	0.3665633436656334	chr9	21994622.0	21994736.0	antisense	0.8117831074035453	0.09055999026652453	0.15
RUNX2	80	89	0.720721540816455	0.32636736326367366	chr9	21994622.0	21994736.0	sense	0.7860397446493883	0.1045554941062348	0.15
NFYA	70	88	0.7199302623738305	0.4410558944105589	chr9	21994622.0	21994736.0	antisense	0.8518649865117295	0.06962923182874646	0.15
BARHL2	78	88	0.7184170659089366	0.5186481351864813	chr9	21994622.0	21994736.0	sense	0.8577541767354365	0.06663715851954644	0.15
Mecom	74	88	0.7172538779117988	0.27547245275472454	chr9	21994622.0	21994736.0	sense	0.7755096939285664	0.11041276910328215	0.15
JUND	75	86	0.7170719194796591	0.10788921107889211	chr9	21994622.0	21994736.0	sense	0.7712749683115521	0.11279076341327707	0.15
MAFK	73	88	0.7154515372984528	0.519048095190481	chr9	21994622.0	21994736.0	antisense	0.8577541767354365	0.06663715851954644	0.15
NHLH1	67	77	0.7135028893211047	0.27777222277772223	chr9	21994622.0	21994736.0	antisense	0.7755096939285664	0.11041276910328215	0.15
NKX2-8	73	82	0.7120648181331788	0.38986101389861016	chr9	21994622.0	21994736.0	antisense	0.8166167383261673	0.08798172251712455	0.15
IRF7	68	82	0.711585138741468	0.27957204279572045	chr9	21994622.0	21994736.0	sense	0.7755096939285664	0.11041276910328215	0.15
E2F1	68	80	0.7094116401883622	0.3902609739026097	chr9	21994622.0	21994736.0	antisense	0.8166167383261673	0.08798172251712455	0.15
GATA5	75	83	0.7029217358398152	0.3722627737226277	chr9	21994622.0	21994736.0	sense	0.8117831074035453	0.09055999026652453	0.15
E2F8	68	80	0.7027759310765888	0.1100889911008899	chr9	21994622.0	21994736.0	antisense	0.7712749683115521	0.11279076341327707	0.15
CENPB	68	83	0.7024078194290704	0.47055294470552944	chr9	21994622.0	21994736.0	antisense	0.8518649865117295	0.06962923182874646	0.15
GSX1	79	89	0.6941474209297426	0.6977302269773022	chr9	21994622.0	21994736.0	antisense	0.8599535781019055	0.06552499214983949	0.15
SPDEF	67	78	0.6919384965387763	0.1576842315768423	chr9	21994622.0	21994736.0	sense	0.7712749683115521	0.11279076341327707	0.15
SPI1	73	87	0.6902479107211432	0.24097590240975902	chr9	21994622.0	21994736.0	sense	0.7712749683115521	0.11279076341327707	0.15
Stat6	72	87	0.6824790992689079	0.43595640435956406	chr9	21994622.0	21994736.0	antisense	0.8518649865117295	0.06962923182874646	0.15
Atf1	76	84	0.6769298696460535	0.1606839316068393	chr9	21994622.0	21994736.0	sense	0.7712749683115521	0.11279076341327707	0.15
PITX3	76	85	0.67597025492539	0.46405359464053597	chr9	21994622.0	21994736.0	antisense	0.8518649865117295	0.06962923182874646	0.15
MIXL1	75	85	0.6747394617921945	0.6239376062393761	chr9	21994622.0	21994736.0	sense	0.8577541767354365	0.06663715851954644	0.15
RXRG	72	86	0.6726519838057944	0.11528847115288471	chr9	21994622.0	21994736.0	sense	0.7712749683115521	0.11279076341327707	0.15
HOXA10	75	86	0.6662790630351629	0.45345465453454653	chr9	21994622.0	21994736.0	sense	0.8518649865117295	0.06962923182874646	0.15
Hmx2	72	89	0.6659151873587412	0.48755124487551244	chr9	21994622.0	21994736.0	sense	0.8573092355194011	0.06686249773190439	0.15
IRF1	67	88	0.6630748196500409	0.3438656134386561	chr9	21994622.0	21994736.0	antisense	0.7928884102740168	0.10078793022635152	0.15
RFX2	70	86	0.6536563195593882	0.14858514148585142	chr9	21994622.0	21994736.0	sense	0.7712749683115521	0.11279076341327707	0.15
Id2	81	89	0.6490177407788875	0.11188881111888811	chr9	21994622.0	21994736.0	sense	0.7712749683115521	0.11279076341327707	0.15
Hmx3	72	89	0.6482999539060507	0.543045695430457	chr9	21994622.0	21994736.0	sense	0.8577541767354365	0.06663715851954644	0.15
RXRB	72	86	0.6476804521092628	0.1197880211978802	chr9	21994622.0	21994736.0	sense	0.7712749683115521	0.11279076341327707	0.15
Hoxa11	73	85	0.6379463681121867	0.536046395360464	chr9	21994622.0	21994736.0	antisense	0.8577541767354365	0.06663715851954644	0.15
NFKB1	73	86	0.6361364068423085	0.11578842115788421	chr9	21994622.0	21994736.0	sense	0.7712749683115521	0.11279076341327707	0.15
HOXB2	75	85	0.6360463236952416	0.6055394460553944	chr9	21994622.0	21994736.0	sense	0.8577541767354365	0.06663715851954644	0.15
FOS	75	86	0.634738763616181	0.28257174282571745	chr9	21994622.0	21994736.0	antisense	0.7755096939285664	0.11041276910328215	0.15
Mlxip	81	89	0.6340217868858778	0.11998800119988001	chr9	21994622.0	21994736.0	sense	0.7712749683115521	0.11279076341327707	0.15
Atf3	75	83	0.6286898729434515	0.19588041195880412	chr9	21994622.0	21994736.0	sense	0.7712749683115521	0.11279076341327707	0.15
DUXA	76	89	0.6281057870628798	0.4814518548145185	chr9	21994622.0	21994736.0	antisense	0.8573092355194011	0.06686249773190439	0.15
ZBTB18	72	85	0.6261729897890377	0.24697530246975302	chr9	21994622.0	21994736.0	sense	0.7712749683115521	0.11279076341327707	0.15
MAX	67	77	0.6242843719501427	0.34306569343065696	chr9	21994622.0	21994736.0	antisense	0.7928884102740168	0.10078793022635152	0.15
Arnt	82	88	0.6232943941920133	0.07939206079392061	chr9	21994622.0	21994736.0	antisense	0.7712749683115521	0.11279076341327707	0.15
Pax6	67	81	0.6228063429158437	0.5402459754024598	chr9	21994622.0	21994736.0	antisense	0.8577541767354365	0.06663715851954644	0.15
Myog	76	87	0.6226167107521452	0.31926807319268075	chr9	21994622.0	21994736.0	sense	0.7806148962568531	0.10756316545494254	0.15
TBX1	72	80	0.6200817656845371	0.23917608239176083	chr9	21994622.0	21994736.0	sense	0.7712749683115521	0.11279076341327707	0.15
EWSR1-FLI1	67	85	0.6178738246939013	0.19638036196380362	chr9	21994622.0	21994736.0	sense	0.7712749683115521	0.11279076341327707	0.15
RHOXF1	79	87	0.6160712063293549	0.403959604039596	chr9	21994622.0	21994736.0	sense	0.8286760256780645	0.08161522549361781	0.15
Mafb	70	82	0.6113858936354094	0.6100389961003899	chr9	21994622.0	21994736.0	sense	0.8577541767354365	0.06663715851954644	0.15
POU4F3	72	88	0.6082343871753514	0.5692430756924307	chr9	21994622.0	21994736.0	sense	0.8577541767354365	0.06663715851954644	0.15
EHF	72	84	0.607262502218964	0.38916108389161086	chr9	21994622.0	21994736.0	sense	0.8166167383261673	0.08798172251712455	0.15
HSF4	71	84	0.6043338586085371	0.5275472452754725	chr9	21994622.0	21994736.0	antisense	0.8577541767354365	0.06663715851954644	0.15
HOXB3	75	85	0.6008344577655367	0.6945305469453055	chr9	21994622.0	21994736.0	antisense	0.8591062322339195	0.06595313044068955	0.15
NKX3-2	74	83	0.5968568706054401	0.46515348465153483	chr9	21994622.0	21994736.0	antisense	0.8518649865117295	0.06962923182874646	0.15
Ascl2	67	77	0.5869344271131608	0.28217178282171784	chr9	21994622.0	21994736.0	antisense	0.7755096939285664	0.11041276910328215	0.15
RFX5	70	86	0.5865625517238381	0.1987801219878012	chr9	21994622.0	21994736.0	antisense	0.7712749683115521	0.11279076341327707	0.15
Hoxd9	76	86	0.5854971107439902	0.42605739426057393	chr9	21994622.0	21994736.0	sense	0.8518649865117295	0.06962923182874646	0.15
MNX1	75	85	0.5847480477288742	0.5183481651834817	chr9	21994622.0	21994736.0	sense	0.8577541767354365	0.06663715851954644	0.15
Mycn	80	88	0.5834889759706894	0.17868213178682132	chr9	21994622.0	21994736.0	sense	0.7712749683115521	0.11279076341327707	0.15
Pou2f3	69	85	0.5831885966696452	0.5375462453754625	chr9	21994622.0	21994736.0	sense	0.8577541767354365	0.06663715851954644	0.15
Sox3	72	82	0.5825435252278698	0.32386761323867613	chr9	21994622.0	21994736.0	antisense	0.7854546321068828	0.1048788947674187	0.15
Rxra	72	86	0.5817825684649985	0.15098490150984903	chr9	21994622.0	21994736.0	sense	0.7712749683115521	0.11279076341327707	0.15
TBX15	72	80	0.5805187058334783	0.23587641235876414	chr9	21994622.0	21994736.0	sense	0.7712749683115521	0.11279076341327707	0.15
ZNF354C	78	84	0.5796530449768951	0.30426957304269575	chr9	21994622.0	21994736.0	antisense	0.777913385132075	0.10906875577800228	0.15
POU2F1	70	82	0.578147895985962	0.5314468553144686	chr9	21994622.0	21994736.0	sense	0.8577541767354365	0.06663715851954644	0.15
STAT1	74	85	0.577838018803212	0.29287071292870714	chr9	21994622.0	21994736.0	sense	0.7755096939285664	0.11041276910328215	0.15
DMRT3	77	88	0.5760342787951538	0.5351464853514648	chr9	21994622.0	21994736.0	sense	0.8577541767354365	0.06663715851954644	0.15
NEUROD2	68	78	0.5745217918597921	0.5221477852214779	chr9	21994622.0	21994736.0	sense	0.8577541767354365	0.06663715851954644	0.15
ETV2	76	87	0.5732426230183771	0.3411658834116588	chr9	21994622.0	21994736.0	sense	0.7928884102740168	0.10078793022635152	0.15
PAX1	69	86	0.5693917611710392	0.34026597340265974	chr9	21994622.0	21994736.0	antisense	0.7928884102740168	0.10078793022635152	0.15
FOXA1	72	87	0.5682076517966319	0.45195480451954806	chr9	21994622.0	21994736.0	antisense	0.8518649865117295	0.06962923182874646	0.15
GLIS2	67	81	0.5654675523152403	0.3584641535846415	chr9	21994622.0	21994736.0	antisense	0.7991355370900679	0.09737955608236926	0.15
POU1F1	70	84	0.564778096999978	0.5285471452854714	chr9	21994622.0	21994736.0	sense	0.8577541767354365	0.06663715851954644	0.15
RXRA::VDR	73	88	0.5611160753857192	0.23407659234076592	chr9	21994622.0	21994736.0	sense	0.7712749683115521	0.11279076341327707	0.15
ELF3	72	85	0.5605307306159851	0.3568643135686431	chr9	21994622.0	21994736.0	sense	0.7991355370900679	0.09737955608236926	0.15
Gfi1	79	89	0.5595127901670605	0.5807419258074192	chr9	21994622.0	21994736.0	sense	0.8577541767354365	0.06663715851954644	0.15
TAL1::TCF3	74	86	0.5529277803718211	0.37976202379762025	chr9	21994622.0	21994736.0	antisense	0.8166167383261673	0.08798172251712455	0.15
Crem	75	85	0.5523359232554913	0.3818618138186181	chr9	21994622.0	21994736.0	sense	0.8166167383261673	0.08798172251712455	0.15
ATF7	74	88	0.5516452389787319	0.2856714328567143	chr9	21994622.0	21994736.0	antisense	0.7755096939285664	0.11041276910328215	0.15
MEF2C	68	83	0.5511503889132795	0.4724527547245275	chr9	21994622.0	21994736.0	sense	0.8518649865117295	0.06962923182874646	0.15
HLTF	75	85	0.5493551454564664	0.6635336466353364	chr9	21994622.0	21994736.0	antisense	0.8577541767354365	0.06663715851954644	0.15
Npas2	67	77	0.5484551997572243	0.45135486451354867	chr9	21994622.0	21994736.0	sense	0.8518649865117295	0.06962923182874646	0.15
MAF::NFE2	70	85	0.5451622770809117	0.46785321467853214	chr9	21994622.0	21994736.0	antisense	0.8518649865117295	0.06962923182874646	0.15
MEIS1	74	81	0.544494136703784	0.5130486951304869	chr9	21994622.0	21994736.0	sense	0.8577541767354365	0.06663715851954644	0.15
ALX3	70	80	0.5403935765843929	0.6645335466453355	chr9	21994622.0	21994736.0	antisense	0.8577541767354365	0.06663715851954644	0.15
POU5F1B	72	81	0.5402531056424889	0.47435256474352566	chr9	21994622.0	21994736.0	sense	0.8518649865117295	0.06962923182874646	0.15
Hand1::Tcf3	75	85	0.5380352743962643	0.6164383561643836	chr9	21994622.0	21994736.0	sense	0.8577541767354365	0.06663715851954644	0.15
Esrrg	71	81	0.5361385623862521	0.37146285371462856	chr9	21994622.0	21994736.0	sense	0.8117831074035453	0.09055999026652453	0.15
FOXH1	77	88	0.5343869466050072	0.43385661433856615	chr9	21994622.0	21994736.0	antisense	0.8518649865117295	0.06962923182874646	0.15
Creb3l2	80	89	0.5322273788112456	0.2465753424657534	chr9	21994622.0	21994736.0	sense	0.7712749683115521	0.11279076341327707	0.15
RARA(var.2)	68	85	0.5318541324188086	0.24467553244675533	chr9	21994622.0	21994736.0	sense	0.7712749683115521	0.11279076341327707	0.15
Hoxc9	76	89	0.5305755143687014	0.5083491650834917	chr9	21994622.0	21994736.0	antisense	0.8577541767354365	0.06663715851954644	0.15
TFEC	67	77	0.5297989388292256	0.5585441455854414	chr9	21994622.0	21994736.0	antisense	0.8577541767354365	0.06663715851954644	0.15
ESR1	72	89	0.5229924303380522	0.2726727327267273	chr9	21994622.0	21994736.0	sense	0.7755096939285664	0.11041276910328215	0.15
JDP2(var.2)	75	87	0.5205017207701931	0.23617638236176383	chr9	21994622.0	21994736.0	antisense	0.7712749683115521	0.11279076341327707	0.15
OTX2	73	81	0.5179215787257115	0.48965103489651035	chr9	21994622.0	21994736.0	antisense	0.8573092355194011	0.06686249773190439	0.15
MEIS2	74	82	0.5144795646103045	0.35876412358764126	chr9	21994622.0	21994736.0	sense	0.7991355370900679	0.09737955608236926	0.15
NKX2-3	67	77	0.5129818515086668	0.5425457454254574	chr9	21994622.0	21994736.0	antisense	0.8577541767354365	0.06663715851954644	0.15
FOXF2	71	85	0.5126362095194757	0.4136586341365863	chr9	21994622.0	21994736.0	sense	0.838628246550345	0.0764305138447422	0.15
MTF1	71	85	0.5115798421759726	0.26417358264173585	chr9	21994622.0	21994736.0	antisense	0.7755096939285664	0.11041276910328215	0.15
POU4F1	72	86	0.5103151424320445	0.5782421757824218	chr9	21994622.0	21994736.0	sense	0.8577541767354365	0.06663715851954644	0.15
GMEB2	81	89	0.5076029235623133	0.41975802419758024	chr9	21994622.0	21994736.0	sense	0.8443969556532719	0.07345334114525334	0.15
HMBOX1	79	89	0.5026778224916656	0.6775322467753224	chr9	21994622.0	21994736.0	antisense	0.8577541767354365	0.06663715851954644	0.15
MAX::MYC	72	83	0.50056789386101	0.5201479852014799	chr9	21994622.0	21994736.0	sense	0.8577541767354365	0.06663715851954644	0.15
Tcf7	75	87	0.5001620915584638	0.3203679632036796	chr9	21994622.0	21994736.0	sense	0.7806148962568531	0.10756316545494254	0.15
Barhl1	78	88	0.4990086055611383	0.8508149185081492	chr9	21994622.0	21994736.0	sense	0.9043620028241078	0.04365769302115128	0.15
Creb5	75	87	0.4983006262947855	0.31226877312268775	chr9	21994622.0	21994736.0	antisense	0.7779279214935648	0.10906064047529719	0.15
SCRT2	72	85	0.4934369766649073	0.32926707329267074	chr9	21994622.0	21994736.0	sense	0.7860397446493883	0.1045554941062348	0.15
HLF	75	87	0.4823436902833384	0.6242375762423757	chr9	21994622.0	21994736.0	antisense	0.8577541767354365	0.06663715851954644	0.15
GSX2	79	89	0.4797545374932545	0.7599240075992401	chr9	21994622.0	21994736.0	antisense	0.8783976836169389	0.05630881815093666	0.15
E2F7	67	81	0.47894944505056897	0.1703829617038296	chr9	21994622.0	21994736.0	antisense	0.7712749683115521	0.11279076341327707	0.15
Dlx1	78	88	0.4776145460389862	0.7237276272372762	chr9	21994622.0	21994736.0	antisense	0.8653874338593537	0.06278941540626187	0.15
EMX1	75	85	0.4775962755866103	0.7378262173782622	chr9	21994622.0	21994736.0	sense	0.8664789629634322	0.06224197695445513	0.15
PBX1	69	81	0.4768542907554351	0.5314468553144686	chr9	21994622.0	21994736.0	antisense	0.8577541767354365	0.06663715851954644	0.15
Tcf12	76	87	0.475535799721575	0.4844515548445156	chr9	21994622.0	21994736.0	sense	0.8573092355194011	0.06686249773190439	0.15
BATF3	74	88	0.47454013590566396	0.16268373162683733	chr9	21994622.0	21994736.0	sense	0.7712749683115521	0.11279076341327707	0.15
ESX1	75	85	0.4742935194147906	0.728027197280272	chr9	21994622.0	21994736.0	sense	0.8653874338593537	0.06278941540626187	0.15
TFEB	67	77	0.4687484454832247	0.6155384461553844	chr9	21994622.0	21994736.0	antisense	0.8577541767354365	0.06663715851954644	0.15
RORA	70	80	0.46473178767460765	0.4497550244975502	chr9	21994622.0	21994736.0	sense	0.8518649865117295	0.06962923182874646	0.15
RELA	75	85	0.4619371482478554	0.28947105289471053	chr9	21994622.0	21994736.0	antisense	0.7755096939285664	0.11041276910328215	0.15
STAT3	69	80	0.4605437103792053	0.547045295470453	chr9	21994622.0	21994736.0	sense	0.8577541767354365	0.06663715851954644	0.15
USF2	67	78	0.460466537772922	0.5547445255474452	chr9	21994622.0	21994736.0	sense	0.8577541767354365	0.06663715851954644	0.15
EN2	78	88	0.4603408325472345	0.7643235676432357	chr9	21994622.0	21994736.0	antisense	0.8795652585517502	0.05573193292339008	0.15
RARA	71	89	0.4546806566397278	0.22247775222477753	chr9	21994622.0	21994736.0	sense	0.7712749683115521	0.11279076341327707	0.15
Rarg(var.2)	68	85	0.4484622809275679	0.30046995300469953	chr9	21994622.0	21994736.0	sense	0.7758403264151197	0.11022765051013535	0.15
GLIS1	70	86	0.4474644932172405	0.266973302669733	chr9	21994622.0	21994736.0	antisense	0.7755096939285664	0.11041276910328215	0.15
CREB1	81	89	0.4442109185038713	0.5575442455754425	chr9	21994622.0	21994736.0	sense	0.8577541767354365	0.06663715851954644	0.15
BHLHE40	67	77	0.44395377386821616	0.46985301469853014	chr9	21994622.0	21994736.0	antisense	0.8518649865117295	0.06962923182874646	0.15
MAFG::NFE2L1	78	84	0.44375848767989734	0.47005299470052997	chr9	21994622.0	21994736.0	sense	0.8518649865117295	0.06962923182874646	0.15
JDP2	76	85	0.43989945189758634	0.22927707229277072	chr9	21994622.0	21994736.0	antisense	0.7712749683115521	0.11279076341327707	0.15
CEBPA	74	85	0.43656901463182224	0.5627437256274372	chr9	21994622.0	21994736.0	antisense	0.8577541767354365	0.06663715851954644	0.15
OTX1	76	84	0.4350066607249807	0.5515448455154485	chr9	21994622.0	21994736.0	antisense	0.8577541767354365	0.06663715851954644	0.15
USF1	75	86	0.4319901187272303	0.5978402159784022	chr9	21994622.0	21994736.0	antisense	0.8577541767354365	0.06663715851954644	0.15
Nr2e1	76	85	0.42960206000622825	0.4560543945605439	chr9	21994622.0	21994736.0	sense	0.8518649865117295	0.06962923182874646	0.15
LMX1B	76	84	0.4284052634956616	0.6151384861513849	chr9	21994622.0	21994736.0	sense	0.8577541767354365	0.06663715851954644	0.15
PAX9	71	88	0.427849205140895	0.40015998400159986	chr9	21994622.0	21994736.0	sense	0.8241390146699616	0.08399952590975628	0.15
Arid5a	70	84	0.4265427441696758	0.7412258774122588	chr9	21994622.0	21994736.0	antisense	0.8673182009153344	0.06182153972272587	0.15
TP63	70	88	0.4245146715744799	0.31086891310868914	chr9	21994622.0	21994736.0	sense	0.7779279214935648	0.10906064047529719	0.15
ELF4	72	84	0.4212118891895314	0.5292470752924707	chr9	21994622.0	21994736.0	sense	0.8577541767354365	0.06663715851954644	0.15
SOX10	83	89	0.42098897824925613	0.47185281471852814	chr9	21994622.0	21994736.0	antisense	0.8518649865117295	0.06962923182874646	0.15
Dlx2	76	84	0.4195164683141823	0.5597440255974403	chr9	21994622.0	21994736.0	sense	0.8577541767354365	0.06663715851954644	0.15
Arx	71	88	0.4190155093039132	0.6598340165983402	chr9	21994622.0	21994736.0	sense	0.8577541767354365	0.06663715851954644	0.15
NOTO	75	85	0.4180321357951634	0.6638336166383362	chr9	21994622.0	21994736.0	antisense	0.8577541767354365	0.06663715851954644	0.15
HSF1	71	84	0.4123857375120159	0.38836116388361164	chr9	21994622.0	21994736.0	antisense	0.8166167383261673	0.08798172251712455	0.15
VAX1	76	84	0.4109950610276884	0.7078292170782922	chr9	21994622.0	21994736.0	antisense	0.8643843850909027	0.06329308714986626	0.15
Hoxd8	70	87	0.41016044856008665	0.6871312868713129	chr9	21994622.0	21994736.0	antisense	0.8577541767354365	0.06663715851954644	0.15
EMX2	75	85	0.4086623061285517	0.652934706529347	chr9	21994622.0	21994736.0	sense	0.8577541767354365	0.06663715851954644	0.15
HSF2	71	84	0.40504904699170086	0.49225077492250774	chr9	21994622.0	21994736.0	antisense	0.8573092355194011	0.06686249773190439	0.15
VAX2	76	84	0.404952326957346	0.6992300769923008	chr9	21994622.0	21994736.0	antisense	0.8599535781019055	0.06552499214983949	0.15
ELF1	72	84	0.4036230720399	0.5743425657434257	chr9	21994622.0	21994736.0	sense	0.8577541767354365	0.06663715851954644	0.15
NFYB	74	89	0.4024953763753745	0.6876312368763123	chr9	21994622.0	21994736.0	antisense	0.8577541767354365	0.06663715851954644	0.15
Srebf1(var.2)	71	81	0.40105432353422893	0.41185881411858816	chr9	21994622.0	21994736.0	antisense	0.838628246550345	0.0764305138447422	0.15
MAFG	67	88	0.39931260019390274	0.7962203779622038	chr9	21994622.0	21994736.0	sense	0.8817756879774207	0.05464187956595335	0.15
POU6F2	76	86	0.39869486992597253	0.6028397160283971	chr9	21994622.0	21994736.0	antisense	0.8577541767354365	0.06663715851954644	0.15
Stat5a::Stat5b	73	84	0.39628363669978484	0.5764423557644236	chr9	21994622.0	21994736.0	sense	0.8577541767354365	0.06663715851954644	0.15
RUNX3	69	79	0.39602460748310275	0.5557444255574443	chr9	21994622.0	21994736.0	antisense	0.8577541767354365	0.06663715851954644	0.15
HNF1A	71	86	0.3948186174118593	0.5815418458154185	chr9	21994622.0	21994736.0	sense	0.8577541767354365	0.06663715851954644	0.15
Nkx3-1	74	83	0.3947989400556549	0.6403359664033597	chr9	21994622.0	21994736.0	antisense	0.8577541767354365	0.06663715851954644	0.15
Rarb	72	88	0.393748330305364	0.29987001299870014	chr9	21994622.0	21994736.0	sense	0.7758403264151197	0.11022765051013535	0.15
FOXP3	76	83	0.3934837137186323	0.5322467753224678	chr9	21994622.0	21994736.0	sense	0.8577541767354365	0.06663715851954644	0.15
SREBF2(var.2)	71	81	0.39319394203282293	0.3411658834116588	chr9	21994622.0	21994736.0	antisense	0.7928884102740168	0.10078793022635152	0.15
Foxo1	78	89	0.39228733925339304	0.48665133486651335	chr9	21994622.0	21994736.0	antisense	0.8573092355194011	0.06686249773190439	0.15
Pou5f1::Sox2	72	87	0.3921684255243043	0.648935106489351	chr9	21994622.0	21994736.0	sense	0.8577541767354365	0.06663715851954644	0.15
NR1H2::RXRA	71	88	0.38976957728170053	0.29187081291870814	chr9	21994622.0	21994736.0	sense	0.7755096939285664	0.11041276910328215	0.15
NFIC	69	75	0.3832790055601162	0.6146385361463854	chr9	21994622.0	21994736.0	sense	0.8577541767354365	0.06663715851954644	0.15
BCL6B	71	88	0.3816240523812683	0.17278272172782722	chr9	21994622.0	21994736.0	antisense	0.7712749683115521	0.11279076341327707	0.15
Rarg	73	89	0.3779235062825838	0.3511648835116488	chr9	21994622.0	21994736.0	sense	0.7991355370900679	0.09737955608236926	0.15
IRF8	68	82	0.3775675343809417	0.34526547345265474	chr9	21994622.0	21994736.0	sense	0.7928884102740168	0.10078793022635152	0.15
POU3F3	70	83	0.3762874871393503	0.6053394660533946	chr9	21994622.0	21994736.0	sense	0.8577541767354365	0.06663715851954644	0.15
LHX9	76	84	0.37397799174133195	0.6884311568843116	chr9	21994622.0	21994736.0	sense	0.8577541767354365	0.06663715851954644	0.15
Prrx2	76	84	0.37193839267132495	0.7873212678732127	chr9	21994622.0	21994736.0	sense	0.8817756879774207	0.05464187956595335	0.15
Gfi1b	72	83	0.37150198240841287	0.5433456654334566	chr9	21994622.0	21994736.0	sense	0.8577541767354365	0.06663715851954644	0.15
POU2F2	71	84	0.3689341567542199	0.5251474852514748	chr9	21994622.0	21994736.0	antisense	0.8577541767354365	0.06663715851954644	0.15
UNCX	76	84	0.36865118980751166	0.7216278372162783	chr9	21994622.0	21994736.0	sense	0.8653874338593537	0.06278941540626187	0.15
GATA3	79	87	0.36666979592803683	0.36806319368063195	chr9	21994622.0	21994736.0	sense	0.8117831074035453	0.09055999026652453	0.15
Sox17	72	81	0.36658621172374706	0.6089391060893911	chr9	21994622.0	21994736.0	antisense	0.8577541767354365	0.06663715851954644	0.15
RAX2	76	84	0.3648337883620108	0.7816218378162184	chr9	21994622.0	21994736.0	sense	0.8817756879774207	0.05464187956595335	0.15
BATF::JUN	73	84	0.3629176439709173	0.5891410858914109	chr9	21994622.0	21994736.0	sense	0.8577541767354365	0.06663715851954644	0.15
LMX1A	76	84	0.3611194768153618	0.6174382561743825	chr9	21994622.0	21994736.0	sense	0.8577541767354365	0.06663715851954644	0.15
ESRRB	78	89	0.35829579581747173	0.49725027497250274	chr9	21994622.0	21994736.0	antisense	0.8577541767354365	0.06663715851954644	0.15
LHX2	75	85	0.35656787563165004	0.6679332066793321	chr9	21994622.0	21994736.0	sense	0.8577541767354365	0.06663715851954644	0.15
Rarb(var.2)	68	85	0.3542331216748786	0.391960803919608	chr9	21994622.0	21994736.0	sense	0.8166167383261673	0.08798172251712455	0.15
Znf423	71	86	0.35383519117599316	0.45725427457254275	chr9	21994622.0	21994736.0	antisense	0.8518649865117295	0.06962923182874646	0.15
BHLHE41	71	81	0.35379328452682934	0.41615838416158385	chr9	21994622.0	21994736.0	sense	0.8404132349410973	0.07550711688409122	0.15
TBX19	69	89	0.3521940577816123	0.8265173482651735	chr9	21994622.0	21994736.0	sense	0.8899637007253632	0.05062770672156496	0.15
SHOX	76	84	0.3519214410111607	0.7303269673032696	chr9	21994622.0	21994736.0	antisense	0.8653874338593537	0.06278941540626187	0.15
ZBED1	68	81	0.3492148816638621	0.45345465453454653	chr9	21994622.0	21994736.0	antisense	0.8518649865117295	0.06962923182874646	0.15
Hoxa9	71	82	0.348371436662658	0.6049395060493951	chr9	21994622.0	21994736.0	antisense	0.8577541767354365	0.06663715851954644	0.15
RAX	75	85	0.34484240253625703	0.652034796520348	chr9	21994622.0	21994736.0	sense	0.8577541767354365	0.06663715851954644	0.15
SOX9	78	87	0.344036306001523	0.8005199480051994	chr9	21994622.0	21994736.0	antisense	0.8817756879774207	0.05464187956595335	0.15
GLIS3	70	84	0.3406578708879104	0.39246075392460755	chr9	21994622.0	21994736.0	antisense	0.8166167383261673	0.08798172251712455	0.15
DBP	75	87	0.33993876642235704	0.6682331766823317	chr9	21994622.0	21994736.0	antisense	0.8577541767354365	0.06663715851954644	0.15
Lhx4	76	84	0.33771576043584606	0.6131386861313869	chr9	21994622.0	21994736.0	antisense	0.8577541767354365	0.06663715851954644	0.15
POU6F1	75	85	0.3368002122126797	0.6122387761223878	chr9	21994622.0	21994736.0	sense	0.8577541767354365	0.06663715851954644	0.15
NFIA	76	86	0.3361463711374542	0.7274272572742726	chr9	21994622.0	21994736.0	antisense	0.8653874338593537	0.06278941540626187	0.15
NFIC::TLX1	73	87	0.3337496879182301	0.5833416658334166	chr9	21994622.0	21994736.0	antisense	0.8577541767354365	0.06663715851954644	0.15
PRRX1	76	84	0.3325222946183313	0.6707329267073293	chr9	21994622.0	21994736.0	sense	0.8577541767354365	0.06663715851954644	0.15
CLOCK	67	77	0.3319117738090811	0.8047195280471953	chr9	21994622.0	21994736.0	sense	0.8817756879774207	0.05464187956595335	0.15
FOXC2	73	85	0.33065378673676415	0.5587441255874412	chr9	21994622.0	21994736.0	sense	0.8577541767354365	0.06663715851954644	0.15
HOXA5	78	86	0.33049369766071846	0.6894310568943106	chr9	21994622.0	21994736.0	antisense	0.8577541767354365	0.06663715851954644	0.15
POU3F2	71	83	0.32617249633175727	0.5860413958604139	chr9	21994622.0	21994736.0	sense	0.8577541767354365	0.06663715851954644	0.15
Esrra	70	81	0.3250638178929881	0.47425257474252575	chr9	21994622.0	21994736.0	sense	0.8518649865117295	0.06962923182874646	0.15
CDX2	74	85	0.3243964205587943	0.45685431456854314	chr9	21994622.0	21994736.0	sense	0.8518649865117295	0.06962923182874646	0.15
EBF1	72	86	0.32040784864816885	0.7377262273772622	chr9	21994622.0	21994736.0	sense	0.8664789629634322	0.06224197695445513	0.15
ISL2	74	82	0.32018995050739985	0.7932206779322067	chr9	21994622.0	21994736.0	antisense	0.8817756879774207	0.05464187956595335	0.15
Sox6	77	87	0.31868234122296163	0.44815518448155184	chr9	21994622.0	21994736.0	antisense	0.8518649865117295	0.06962923182874646	0.15
Nr2f6(var.2)	70	85	0.31729359124387124	0.3862613738626137	chr9	21994622.0	21994736.0	sense	0.8166167383261673	0.08798172251712455	0.15
HOXC11	74	85	0.316954320166129	0.6691330866913309	chr9	21994622.0	21994736.0	antisense	0.8577541767354365	0.06663715851954644	0.15
Dlx3	76	84	0.3169308741800377	0.807019298070193	chr9	21994622.0	21994736.0	antisense	0.8817756879774207	0.05464187956595335	0.15
HNF1B	72	85	0.31417699814525446	0.5853414658534146	chr9	21994622.0	21994736.0	sense	0.8577541767354365	0.06663715851954644	0.15
LEF1	71	86	0.30723799262280127	0.5512448755124487	chr9	21994622.0	21994736.0	sense	0.8577541767354365	0.06663715851954644	0.15
Foxa2	76	88	0.3026429367344247	0.6276372362763724	chr9	21994622.0	21994736.0	antisense	0.8577541767354365	0.06663715851954644	0.15
Myb	69	79	0.30068761034992136	0.6422357764223577	chr9	21994622.0	21994736.0	antisense	0.8577541767354365	0.06663715851954644	0.15
Dlx4	76	84	0.2976513863427872	0.8086191380861913	chr9	21994622.0	21994736.0	antisense	0.8817756879774207	0.05464187956595335	0.15
SRY	75	84	0.29130883681601016	0.702929707029297	chr9	21994622.0	21994736.0	sense	0.8604257498778424	0.0652866010013135	0.15
CEBPB	75	85	0.29075103375898836	0.7763223677632237	chr9	21994622.0	21994736.0	antisense	0.8817756879774207	0.05464187956595335	0.15
CEBPE	75	85	0.2906769789287518	0.8573142685731426	chr9	21994622.0	21994736.0	antisense	0.9043620028241078	0.04365769302115128	0.15
GBX2	75	85	0.2901111893346051	0.7288271172882712	chr9	21994622.0	21994736.0	sense	0.8653874338593537	0.06278941540626187	0.15
FOXD1	73	81	0.28975387929310814	0.5843415658434157	chr9	21994622.0	21994736.0	antisense	0.8577541767354365	0.06663715851954644	0.15
HES5	74	86	0.2896768911916986	0.5052494750524947	chr9	21994622.0	21994736.0	antisense	0.8577541767354365	0.06663715851954644	0.15
HOXC12	74	85	0.28904262298707806	0.6444355564443556	chr9	21994622.0	21994736.0	antisense	0.8577541767354365	0.06663715851954644	0.15
Arid3b	76	87	0.2865319984834807	0.6197380261973803	chr9	21994622.0	21994736.0	antisense	0.8577541767354365	0.06663715851954644	0.15
ZNF143	67	83	0.2843251953914956	0.5709429057094291	chr9	21994622.0	21994736.0	antisense	0.8577541767354365	0.06663715851954644	0.15
TEF	75	87	0.283680015156437	0.6623337666233376	chr9	21994622.0	21994736.0	antisense	0.8577541767354365	0.06663715851954644	0.15
ONECUT2	70	84	0.2826588594479415	0.5949405059494051	chr9	21994622.0	21994736.0	sense	0.8577541767354365	0.06663715851954644	0.15
OLIG3	67	77	0.28226193387521203	0.8963103689631037	chr9	21994622.0	21994736.0	antisense	0.9303701629837016	0.03134422590140005	0.15
DUX4	77	88	0.28202026812865616	0.5655434456554345	chr9	21994622.0	21994736.0	antisense	0.8577541767354365	0.06663715851954644	0.15
Foxd3	73	85	0.277381395790768	0.537946205379462	chr9	21994622.0	21994736.0	antisense	0.8577541767354365	0.06663715851954644	0.15
CEBPD	75	85	0.275308812113477	0.7527247275272473	chr9	21994622.0	21994736.0	antisense	0.8720181553273244	0.05947447300734832	0.15
IRF9	67	82	0.2750740462660704	0.39336066393360664	chr9	21994622.0	21994736.0	sense	0.8166167383261673	0.08798172251712455	0.15
CEBPG	75	85	0.2749821030844748	0.6404359564043596	chr9	21994622.0	21994736.0	antisense	0.8577541767354365	0.06663715851954644	0.15
CDX1	76	85	0.273561874342616	0.6295370462953704	chr9	21994622.0	21994736.0	sense	0.8577541767354365	0.06663715851954644	0.15
DLX6	76	84	0.27151859754803526	0.7824217578242175	chr9	21994622.0	21994736.0	antisense	0.8817756879774207	0.05464187956595335	0.15
HOXC13	74	85	0.26863954560173103	0.689031096890311	chr9	21994622.0	21994736.0	antisense	0.8577541767354365	0.06663715851954644	0.15
NKX6-2	76	84	0.2678280365067159	0.7626237376262374	chr9	21994622.0	21994736.0	sense	0.8795593773955938	0.05573483681503455	0.15
LHX6	75	85	0.26500589559865373	0.7786221377862214	chr9	21994622.0	21994736.0	sense	0.8817756879774207	0.05464187956595335	0.15
FOXP2	74	85	0.2622556721288557	0.48175182481751827	chr9	21994622.0	21994736.0	sense	0.8573092355194011	0.06686249773190439	0.15
MLXIPL	67	77	0.2621277606921788	0.8791120887911209	chr9	21994622.0	21994736.0	sense	0.915803008877469	0.03819793392828776	0.15
HESX1	75	85	0.2616420957443084	0.7444255574442555	chr9	21994622.0	21994736.0	antisense	0.8673182009153344	0.06182153972272587	0.15
OLIG2	68	78	0.2595574199455959	0.8387161283871613	chr9	21994622.0	21994736.0	antisense	0.8975127229545087	0.04695938623736223	0.15
Sox2	74	82	0.252187873805364	0.46995300469953005	chr9	21994622.0	21994736.0	antisense	0.8518649865117295	0.06962923182874646	0.15
Atoh1	74	84	0.24971126954870043	0.8805119488051195	chr9	21994622.0	21994736.0	sense	0.915803008877469	0.03819793392828776	0.15
MYBL1	72	84	0.24660104291352242	0.8795120487951205	chr9	21994622.0	21994736.0	antisense	0.915803008877469	0.03819793392828776	0.15
BHLHE22	78	88	0.24247395739653896	0.8006199380061993	chr9	21994622.0	21994736.0	antisense	0.8817756879774207	0.05464187956595335	0.15
MSX1	70	78	0.24199168921191322	0.9024097590240976	chr9	21994622.0	21994736.0	antisense	0.9329694520587781	0.03013257599572865	0.15
VENTX	75	84	0.2414888991130608	0.7934206579342066	chr9	21994622.0	21994736.0	sense	0.8817756879774207	0.05464187956595335	0.15
MSC	76	86	0.24031119496237846	0.8749125087491251	chr9	21994622.0	21994736.0	sense	0.915803008877469	0.03819793392828776	0.15
FOXD2	79	86	0.2355635303807435	0.6463353664633537	chr9	21994622.0	21994736.0	sense	0.8577541767354365	0.06663715851954644	0.15
BARX1	76	84	0.2339762498046193	0.795020497950205	chr9	21994622.0	21994736.0	sense	0.8817756879774207	0.05464187956595335	0.15
Sox5	81	88	0.23359845943262142	0.571042895710429	chr9	21994622.0	21994736.0	antisense	0.8577541767354365	0.06663715851954644	0.15
SMAD3	74	84	0.2309070988068521	0.6833316668333167	chr9	21994622.0	21994736.0	antisense	0.8577541767354365	0.06663715851954644	0.15
Twist2	67	77	0.22798438841223298	0.9117088291170883	chr9	21994622.0	21994736.0	antisense	0.9354398552239638	0.02898413054136241	0.15
Dux	79	87	0.226657996848078	0.6284371562843716	chr9	21994622.0	21994736.0	antisense	0.8577541767354365	0.06663715851954644	0.15
BSX	76	84	0.22616205910081286	0.783921607839216	chr9	21994622.0	21994736.0	sense	0.8817756879774207	0.05464187956595335	0.15
RORA(var.2)	67	81	0.22528455364631736	0.7283271672832716	chr9	21994622.0	21994736.0	sense	0.8653874338593537	0.06278941540626187	0.15
NFIL3	77	88	0.22435459261067195	0.6908309169083092	chr9	21994622.0	21994736.0	sense	0.8577541767354365	0.06663715851954644	0.15
GRHL1	74	86	0.22358729058099056	0.9014098590140985	chr9	21994622.0	21994736.0	sense	0.9329694520587781	0.03013257599572865	0.15
CUX2	71	81	0.22250888744023087	0.8047195280471953	chr9	21994622.0	21994736.0	sense	0.8817756879774207	0.05464187956595335	0.15
CUX1	73	83	0.22050410140598203	0.7823217678232177	chr9	21994622.0	21994736.0	antisense	0.8817756879774207	0.05464187956595335	0.15
HOXD11	67	77	0.21898989337479005	0.7110288971102889	chr9	21994622.0	21994736.0	sense	0.8653874338593537	0.06278941540626187	0.15
HOXD12	74	85	0.2186925489785289	0.7331266873312668	chr9	21994622.0	21994736.0	antisense	0.8664789629634322	0.06224197695445513	0.15
NKX6-1	76	84	0.21498884657654843	0.700929907009299	chr9	21994622.0	21994736.0	antisense	0.860006197961764	0.06549841883678853	0.15
FOXO3	76	84	0.21451885827345074	0.47035296470352966	chr9	21994622.0	21994736.0	sense	0.8518649865117295	0.06962923182874646	0.15
BHLHE23	73	85	0.21368738647701846	0.7446255374462554	chr9	21994622.0	21994736.0	sense	0.8673182009153344	0.06182153972272587	0.15
HOXC10	67	77	0.21342700701064352	0.7883211678832117	chr9	21994622.0	21994736.0	sense	0.8817756879774207	0.05464187956595335	0.15
VSX1	76	84	0.21318307137326303	0.8061193880611939	chr9	21994622.0	21994736.0	antisense	0.8817756879774207	0.05464187956595335	0.15
Nr2e3	82	89	0.21282649974606901	0.7453254674532547	chr9	21994622.0	21994736.0	sense	0.8673182009153344	0.06182153972272587	0.15
ZNF410	67	84	0.21269099732248006	0.5745425457454254	chr9	21994622.0	21994736.0	antisense	0.8577541767354365	0.06663715851954644	0.15
FOXC1	73	84	0.20855415201159333	0.6643335666433356	chr9	21994622.0	21994736.0	sense	0.8577541767354365	0.06663715851954644	0.15
Bhlha15	68	76	0.2011839164841982	0.845015498450155	chr9	21994622.0	21994736.0	antisense	0.902393094023931	0.044604236985262384	0.15
PAX4	80	88	0.19999540467683896	0.7677232276772322	chr9	21994622.0	21994736.0	antisense	0.8815229096559369	0.054766396458400854	0.15
Shox2	76	84	0.19323067619296547	0.7134286571342866	chr9	21994622.0	21994736.0	sense	0.8653874338593537	0.06278941540626187	0.15
FOXB1	73	84	0.19103018380371115	0.6787321267873213	chr9	21994622.0	21994736.0	sense	0.8577541767354365	0.06663715851954644	0.15
PROX1	72	84	0.18992219534769206	0.8175182481751825	chr9	21994622.0	21994736.0	antisense	0.8879658059298674	0.05160375784966327	0.15
E2F3	69	87	0.1875184105245546	0.6312368763123688	chr9	21994622.0	21994736.0	sense	0.8577541767354365	0.06663715851954644	0.15
MYF6	67	77	0.1866621134990531	0.8613138686131386	chr9	21994622.0	21994736.0	antisense	0.9067381294324928	0.042518121279053585	0.15
Foxj2	79	87	0.1835341225583851	0.58994100589941	chr9	21994622.0	21994736.0	sense	0.8577541767354365	0.06663715851954644	0.15
ONECUT1	70	84	0.1835059160847837	0.6865313468653135	chr9	21994622.0	21994736.0	sense	0.8577541767354365	0.06663715851954644	0.15
HES7	69	81	0.18168828185153288	0.634936506349365	chr9	21994622.0	21994736.0	antisense	0.8577541767354365	0.06663715851954644	0.15
GBX1	75	85	0.18111795244717557	0.7972202779722027	chr9	21994622.0	21994736.0	sense	0.8817756879774207	0.05464187956595335	0.15
TFCP2	75	85	0.17613817682935645	0.9808019198080192	chr9	21994622.0	21994736.0	sense	0.9826953598076487	0.007581094639632448	0.15
mix-a	75	86	0.17143988691577056	0.6746325367463254	chr9	21994622.0	21994736.0	antisense	0.8577541767354365	0.06663715851954644	0.15
EN1	76	84	0.1709898630411779	0.824017598240176	chr9	21994622.0	21994736.0	antisense	0.8891167016354498	0.05104123166201222	0.15
MLX	67	77	0.16700453111802188	0.934906509349065	chr9	21994622.0	21994736.0	sense	0.9532740242675142	0.02078224089264585	0.15
NEUROG2	74	84	0.16314067967298337	0.8356164383561644	chr9	21994622.0	21994736.0	antisense	0.8960432469149778	0.04767102890564354	0.15
FOXG1	79	87	0.16250661742733385	0.541045895410459	chr9	21994622.0	21994736.0	sense	0.8577541767354365	0.06663715851954644	0.15
TFAP4	67	77	0.161864086109385	0.9451054894510549	chr9	21994622.0	21994736.0	antisense	0.9599016614972554	0.017773256602786124	0.15
POU4F2	72	88	0.15983030337974888	0.620937906209379	chr9	21994622.0	21994736.0	sense	0.8577541767354365	0.06663715851954644	0.15
POU3F4	72	81	0.14997227319470108	0.6579342065793421	chr9	21994622.0	21994736.0	sense	0.8577541767354365	0.06663715851954644	0.15
PHOX2A	77	88	0.14922623962407988	0.7379262073792621	chr9	21994622.0	21994736.0	antisense	0.8664789629634322	0.06224197695445513	0.15
FOXO4	81	88	0.1437253908396411	0.662033796620338	chr9	21994622.0	21994736.0	sense	0.8577541767354365	0.06663715851954644	0.15
HOXD13	76	86	0.14279782076048192	0.6952304769523048	chr9	21994622.0	21994736.0	sense	0.8591062322339195	0.06595313044068955	0.15
FOXL1	79	86	0.13998939747415867	0.6546345365463454	chr9	21994622.0	21994736.0	sense	0.8577541767354365	0.06663715851954644	0.15
LBX1	80	88	0.1396000056218478	0.8208179182081792	chr9	21994622.0	21994736.0	sense	0.8891167016354498	0.05104123166201222	0.15
HOXA13	76	86	0.13941257629372122	0.7293270672932707	chr9	21994622.0	21994736.0	sense	0.8653874338593537	0.06278941540626187	0.15
Lhx8	76	84	0.1386367522219188	0.9084091590840916	chr9	21994622.0	21994736.0	antisense	0.9354398552239638	0.02898413054136241	0.15
TGIF2	77	89	0.13785899188124237	0.9472052794720528	chr9	21994622.0	21994736.0	sense	0.9601553516523348	0.01765849309904563	0.15
Lhx3	74	87	0.1355137751410372	0.6237376262373763	chr9	21994622.0	21994736.0	antisense	0.8577541767354365	0.06663715851954644	0.15
FOXI1	76	83	0.13087224030764577	0.6842315768423157	chr9	21994622.0	21994736.0	sense	0.8577541767354365	0.06663715851954644	0.15
HOXB13	76	86	0.1306355354881452	0.7143285671432856	chr9	21994622.0	21994736.0	sense	0.8653874338593537	0.06278941540626187	0.15
FOXO6	81	88	0.12984283518469536	0.6826317368263174	chr9	21994622.0	21994736.0	sense	0.8577541767354365	0.06663715851954644	0.15
Foxq1	71	82	0.12393253413801106	0.6845315468453155	chr9	21994622.0	21994736.0	sense	0.8577541767354365	0.06663715851954644	0.15
T	71	87	0.11729054838782646	0.9701029897010299	chr9	21994622.0	21994736.0	sense	0.9757431233620825	0.010664500765571369	0.15
PDX1	76	84	0.11622261786710672	0.8087191280871913	chr9	21994622.0	21994736.0	antisense	0.8817756879774207	0.05464187956595335	0.15
Nkx2-5	81	88	0.11313031996230248	0.8544145585441456	chr9	21994622.0	21994736.0	sense	0.9043620028241078	0.04365769302115128	0.15
MEF2D	68	80	0.11131293438948359	0.5945405459454055	chr9	21994622.0	21994736.0	sense	0.8577541767354365	0.06663715851954644	0.15
VSX2	76	84	0.10925049078872916	0.8571142885711429	chr9	21994622.0	21994736.0	antisense	0.9043620028241078	0.04365769302115128	0.15
Tcf21	68	82	0.10629443086633653	0.9672032796720328	chr9	21994622.0	21994736.0	sense	0.9747155381549223	0.011122110696250763	0.15
MEF2A	68	80	0.10541260571464896	0.6606339366063394	chr9	21994622.0	21994736.0	sense	0.8577541767354365	0.06663715851954644	0.15
SRF	70	86	0.1017434702594867	0.912008799120088	chr9	21994622.0	21994736.0	sense	0.9354398552239638	0.02898413054136241	0.15
Arid3a	79	85	0.09982228869840601	0.6353364663533647	chr9	21994622.0	21994736.0	sense	0.8577541767354365	0.06663715851954644	0.15
MSX2	70	78	0.09733341042625322	0.8539146085391461	chr9	21994622.0	21994736.0	antisense	0.9043620028241078	0.04365769302115128	0.15
Msx3	76	84	0.09048035694691188	0.8178182181781822	chr9	21994622.0	21994736.0	sense	0.8879658059298674	0.05160375784966327	0.15
Nobox	77	85	0.08824824346254942	0.8796120387961204	chr9	21994622.0	21994736.0	sense	0.915803008877469	0.03819793392828776	0.15
MEF2B	68	80	0.08339605598161116	0.6743325667433256	chr9	21994622.0	21994736.0	sense	0.8577541767354365	0.06663715851954644	0.15
OLIG1	74	84	0.07982758990055626	0.9077092290770923	chr9	21994622.0	21994736.0	sense	0.9354398552239638	0.02898413054136241	0.15
ISX	76	84	0.07410627692072867	0.7841215878412159	chr9	21994622.0	21994736.0	sense	0.8817756879774207	0.05464187956595335	0.15
ONECUT3	70	84	0.06885497512068302	0.7272272772722728	chr9	21994622.0	21994736.0	sense	0.8653874338593537	0.06278941540626187	0.15
Sox1	70	85	0.0618681263076811	0.8321167883211679	chr9	21994622.0	21994736.0	antisense	0.8941379154010064	0.04859548872298851	0.15
LIN54	73	82	0.05235944907211066	0.8554144585541446	chr9	21994622.0	21994736.0	antisense	0.9043620028241078	0.04365769302115128	0.15
PKNOX2	75	87	0.04143881814574853	0.9245075492450755	chr9	21994622.0	21994736.0	sense	0.9445264135003822	0.024785892610261127	0.15
Phox2b	77	88	0.03801159688307926	0.8796120387961204	chr9	21994622.0	21994736.0	antisense	0.915803008877469	0.03819793392828776	0.15
PROP1	72	83	0.028430449329123537	0.7256274372562743	chr9	21994622.0	21994736.0	antisense	0.8653874338593537	0.06278941540626187	0.15
PKNOX1	75	87	0.021261053807922425	0.9594040595940406	chr9	21994622.0	21994736.0	sense	0.9701502612384676	0.013160995040196346	0.15
SOX21	70	85	0.009267236236063996	0.7951204879512048	chr9	21994622.0	21994736.0	sense	0.8817756879774207	0.05464187956595335	0.15
PAX7	73	83	0.004204726169414991	0.7487251274872513	chr9	21994622.0	21994736.0	sense	0.8693251480221106	0.06081775683029245	0.15
PAX3	79	89	-0.0	0.9746025397460254	chr9	21994622.0	21994736.0	sense	0.9783727623369192	0.009495646457702064	0.15
SOX8	71	87	-0.0	0.7706229377062294	chr9	21994622.0	21994736.0	sense	0.8817756879774207	0.05464187956595335	0.15
TGIF1	73	85	-0.004856067225520493	0.9903009699030098	chr9	21994622.0	21994736.0	sense	0.9903009699030098	0.004232795600819888	0.15
E2F2	70	86	-0.0063223422043580885	0.9227077292270773	chr9	21994622.0	21994736.0	antisense	0.9445264135003822	0.024785892610261127	0.15
Sox11	71	86	-0.073162951611226	0.9392060793920608	chr9	21994622.0	21994736.0	antisense	0.9557803043225089	0.01964192318976349	0.15
SOX4	67	83	-0.09871490629241132	0.9608039196080392	chr9	21994622.0	21994736.0	antisense	0.9701502612384676	0.013160995040196346	0.15
