motif	start	end	score	pval	tile_chr	tile_start	tile_end	strand	padj	neg_log_pval	fdr_cutoff
Hes1	83	93	1.2016977927767427	0.0086991300869913	chr13	50656285.0	50656399.0	sense	0.30098990100989903	0.5214480758654675	0.05
EGR4	78	94	1.1444524856057068	0.0011998800119988001	chr13	50656285.0	50656399.0	antisense	0.06919308069193081	1.1599373328201048	0.05
Tcfl5	81	91	1.0540094519002177	0.014898510148985102	chr13	50656285.0	50656399.0	sense	0.40280257688516863	0.3949077597583663	0.05
SP3	84	95	1.0334710783680654	0.0013998600139986002	chr13	50656285.0	50656399.0	antisense	0.07265273472652735	1.1387480337501668	0.05
EGR2	81	92	1.017732243144694	9.999000099990002e-05	chr13	50656285.0	50656399.0	antisense	0.017298270172982702	1.7619973241480673	0.05
Pax6	81	95	0.9747016595791231	0.0007999200079992001	chr13	50656285.0	50656399.0	antisense	0.05930835487879784	1.226884122450718	0.05
EGR1	81	95	0.9708161813867217	9.999000099990002e-05	chr13	50656285.0	50656399.0	antisense	0.017298270172982702	1.7619973241480673	0.05
GCM2	85	95	0.9570207430276814	0.0005999400059994001	chr13	50656285.0	50656399.0	sense	0.051894810518948106	1.2848760694284047	0.05
NRF1	82	93	0.9564086894433022	9.999000099990002e-05	chr13	50656285.0	50656399.0	sense	0.017298270172982702	1.7619973241480673	0.05
EGR3	79	94	0.9521572674847099	0.00039996000399960006	chr13	50656285.0	50656399.0	antisense	0.04151584841515849	1.3817860824364612	0.05
Hes2	82	95	0.9505780156659769	0.016198380161983803	chr13	50656285.0	50656399.0	antisense	0.40280257688516863	0.3949077597583663	0.05
Ahr::Arnt	87	93	0.9178022545863517	0.00029997000299970003	chr13	50656285.0	50656399.0	sense	0.03892110788921108	1.4098148060367048	0.05
SP8	83	95	0.9112383644310641	0.0021997800219978004	chr13	50656285.0	50656399.0	antisense	0.10378962103789623	0.9838460737644236	0.05
KLF16	84	95	0.8840869459805787	0.0010998900109989002	chr13	50656285.0	50656399.0	antisense	0.06919308069193081	1.1599373328201048	0.05
Gmeb1	75	92	0.7659215775060464	0.22907709229077092	chr13	50656285.0	50656399.0	antisense	0.9901864652244452	0.004283014298728366	0.05
SP2	80	95	0.7198076053612839	0.016298370162983702	chr13	50656285.0	50656399.0	antisense	0.40280257688516863	0.3949077597583663	0.05
TFAP2A(var.2)	81	93	0.7127761753141969	0.026597340265973404	chr13	50656285.0	50656399.0	antisense	0.4913789871012899	0.30858341924600574	0.05
MAFG	74	95	0.6637673287564103	0.09219078092190781	chr13	50656285.0	50656399.0	sense	0.6739016239221148	0.17140349709385075	0.05
HEY1	85	95	0.6630650639229754	0.0082991700829917	chr13	50656285.0	50656399.0	antisense	0.30098990100989903	0.5214480758654675	0.05
ARNT::HIF1A	86	94	0.6572357810628318	0.006299370062993701	chr13	50656285.0	50656399.0	sense	0.25149023559182543	0.5994788722816599	0.05
RUNX1	84	95	0.6527959290183712	0.0461953804619538	chr13	50656285.0	50656399.0	sense	0.5266771195220903	0.2784555483240084	0.05
ZBTB33	76	91	0.6434511893285559	0.0374962503749625	chr13	50656285.0	50656399.0	antisense	0.5175824522810877	0.28602045607714266	0.05
HEY2	85	95	0.6423858857107612	0.012398760123987601	chr13	50656285.0	50656399.0	antisense	0.40218478152184783	0.3955743669220945	0.05
CENPB	78	93	0.6267965063929983	0.06229377062293771	chr13	50656285.0	50656399.0	antisense	0.6313868613138687	0.1997044596915925	0.05
Npas2	85	95	0.6203147664748133	0.015498450154984501	chr13	50656285.0	50656399.0	sense	0.40280257688516863	0.3949077597583663	0.05
THAP1	83	92	0.619699238208252	0.10168983101689831	chr13	50656285.0	50656399.0	antisense	0.7036936306369362	0.1526163798973603	0.05
RUNX2	86	95	0.6178057617717552	0.0131986801319868	chr13	50656285.0	50656399.0	antisense	0.40280257688516863	0.3949077597583663	0.05
TFAP2C(var.2)	83	94	0.6125676768033027	0.0324967503249675	chr13	50656285.0	50656399.0	antisense	0.49374205436599194	0.3064998802723606	0.05
TFAP2B(var.2)	83	94	0.595571014331467	0.024997500249975	chr13	50656285.0	50656399.0	antisense	0.4862735948627359	0.31311931241157426	0.05
HINFP	82	94	0.5934585774695543	0.035896410358964105	chr13	50656285.0	50656399.0	antisense	0.5175065826750659	0.28608412161737284	0.05
RUNX3	85	95	0.5859055021492761	0.029997000299970003	chr13	50656285.0	50656399.0	antisense	0.4913789871012899	0.30858341924600574	0.05
EBF1	80	94	0.5840248369683985	0.023397660233976603	chr13	50656285.0	50656399.0	antisense	0.4862735948627359	0.31311931241157426	0.05
TFAP2C	81	93	0.582854289917907	0.0882911708829117	chr13	50656285.0	50656399.0	antisense	0.6612881568985959	0.17960925506653858	0.05
SP1	84	95	0.582184962800638	0.017998200179982	chr13	50656285.0	50656399.0	antisense	0.40613329971350687	0.39133140034269165	0.05
TFAP2B	81	93	0.580671767739111	0.07729227077292271	chr13	50656285.0	50656399.0	antisense	0.6313868613138687	0.1997044596915925	0.05
HIC2	85	94	0.5805888657922136	0.0476952304769523	chr13	50656285.0	50656399.0	antisense	0.5266771195220903	0.2784555483240084	0.05
Rhox11	78	95	0.5792621634349963	0.23117688231176883	chr13	50656285.0	50656399.0	antisense	0.9901864652244452	0.004283014298728366	0.05
TBX5	86	94	0.5734601082094274	0.046795320467953205	chr13	50656285.0	50656399.0	sense	0.5266771195220903	0.2784555483240084	0.05
Mlxip	86	94	0.559306208942351	0.005599440055994401	chr13	50656285.0	50656399.0	sense	0.24217578242175786	0.6158692884698291	0.05
CLOCK	85	95	0.5540213483753542	0.025297470252974703	chr13	50656285.0	50656399.0	sense	0.4862735948627359	0.31311931241157426	0.05
TFAP2A	83	94	0.5523576033572668	0.06459354064593541	chr13	50656285.0	50656399.0	antisense	0.6313868613138687	0.1997044596915925	0.05
GLIS2	80	94	0.5485734134442403	0.0420957904209579	chr13	50656285.0	50656399.0	antisense	0.5266771195220903	0.2784555483240084	0.05
PAX5	76	95	0.547397150965637	0.25737426257374263	chr13	50656285.0	50656399.0	sense	0.9978119429436367	0.00095130223740787	0.05
MZF1(var.2)	85	95	0.5454633108256525	0.07789221077892211	chr13	50656285.0	50656399.0	sense	0.6313868613138687	0.1997044596915925	0.05
Mitf	84	94	0.5454429841260009	0.1528847115288471	chr13	50656285.0	50656399.0	sense	0.8276692738889376	0.08214316710171277	0.05
TCF4	81	91	0.5344349556067104	0.0301969803019698	chr13	50656285.0	50656399.0	antisense	0.4913789871012899	0.30858341924600574	0.05
ZBTB7C	80	92	0.5317551295804989	0.1486851314868513	chr13	50656285.0	50656399.0	antisense	0.8276692738889376	0.08214316710171277	0.05
ZNF740	84	94	0.5280815962642148	0.024397560243975602	chr13	50656285.0	50656399.0	antisense	0.4862735948627359	0.31311931241157426	0.05
IRF7	78	92	0.5255847902694339	0.04129587041295871	chr13	50656285.0	50656399.0	antisense	0.5266771195220903	0.2784555483240084	0.05
NHLH1	81	91	0.5249240098034708	0.030296970302969704	chr13	50656285.0	50656399.0	antisense	0.4913789871012899	0.30858341924600574	0.05
TCF3	83	93	0.5204738680226737	0.0397960203979602	chr13	50656285.0	50656399.0	antisense	0.5266771195220903	0.2784555483240084	0.05
ELF1	83	95	0.5146418713928114	0.029397060293970604	chr13	50656285.0	50656399.0	antisense	0.4913789871012899	0.30858341924600574	0.05
Mafb	83	95	0.5111405849960479	0.11708829117088292	chr13	50656285.0	50656399.0	antisense	0.7419722313482937	0.12961234808738045	0.05
ZIC3	80	95	0.510778874204857	0.0710928907109289	chr13	50656285.0	50656399.0	antisense	0.6313868613138687	0.1997044596915925	0.05
ELF4	83	95	0.5082096543254068	0.0316968303169683	chr13	50656285.0	50656399.0	antisense	0.49374205436599194	0.3064998802723606	0.05
ELF5	83	94	0.5057056689790063	0.11248875112488751	chr13	50656285.0	50656399.0	antisense	0.7419722313482937	0.12961234808738045	0.05
TP53	77	95	0.5025350170285924	0.0725927407259274	chr13	50656285.0	50656399.0	antisense	0.6313868613138687	0.1997044596915925	0.05
NRL	84	95	0.4994131051483154	0.263973602639736	chr13	50656285.0	50656399.0	antisense	0.9978119429436367	0.00095130223740787	0.05
MNT	85	95	0.49838906232142094	0.061993800619938005	chr13	50656285.0	50656399.0	antisense	0.6313868613138687	0.1997044596915925	0.05
TBX4	86	94	0.49187372181242256	0.05649435056494351	chr13	50656285.0	50656399.0	sense	0.5983789376164425	0.22302370163747995	0.05
ZIC4	80	95	0.49070566759860185	0.17588241175882413	chr13	50656285.0	50656399.0	antisense	0.8949310951257815	0.04821040173286113	0.05
Arntl	84	94	0.4895883713175396	0.07949205079492051	chr13	50656285.0	50656399.0	sense	0.6313868613138687	0.1997044596915925	0.05
TBX21	85	95	0.48652510701697055	0.051994800519948	chr13	50656285.0	50656399.0	sense	0.5621937806219378	0.2501139631691929	0.05
CTCF	73	92	0.4851123074366685	0.19858014198580143	chr13	50656285.0	50656399.0	sense	0.954287904542879	0.02032058075599215	0.05
MAX	85	95	0.4795913018332383	0.0665933406659334	chr13	50656285.0	50656399.0	antisense	0.6313868613138687	0.1997044596915925	0.05
PAX1	78	95	0.4762193388036319	0.0846915308469153	chr13	50656285.0	50656399.0	sense	0.6560433508887916	0.1830674617985244	0.05
EHF	83	95	0.4762026345962718	0.06729327067293271	chr13	50656285.0	50656399.0	antisense	0.6313868613138687	0.1997044596915925	0.05
KLF5	85	95	0.47388743351832124	0.045495450454954504	chr13	50656285.0	50656399.0	antisense	0.5266771195220903	0.2784555483240084	0.05
E2F4	82	93	0.4728542847313943	0.07219278072192781	chr13	50656285.0	50656399.0	sense	0.6313868613138687	0.1997044596915925	0.05
Zfx	81	95	0.4727022129013443	0.18448155184481552	chr13	50656285.0	50656399.0	sense	0.910117478818156	0.04090254492127646	0.05
Myc	84	94	0.47243676834260606	0.037896210378962104	chr13	50656285.0	50656399.0	sense	0.5175824522810877	0.28602045607714266	0.05
TFE3	85	95	0.4716124423247291	0.15628437156284372	chr13	50656285.0	50656399.0	antisense	0.8276692738889376	0.08214316710171277	0.05
Nkx2-5(var.2)	83	94	0.4694202251433382	0.0790920907909209	chr13	50656285.0	50656399.0	antisense	0.6313868613138687	0.1997044596915925	0.05
E2F6	82	93	0.4683969225033891	0.06569343065693431	chr13	50656285.0	50656399.0	sense	0.6313868613138687	0.1997044596915925	0.05
SPDEF	83	94	0.4643110459832099	0.045995400459954004	chr13	50656285.0	50656399.0	antisense	0.5266771195220903	0.2784555483240084	0.05
Hmx3	77	94	0.45537069750586745	0.35226477352264773	chr13	50656285.0	50656399.0	antisense	0.999000099990001	0.00043446830544563664	0.05
ZBTB7A	81	93	0.4544722784964814	0.145985401459854	chr13	50656285.0	50656399.0	antisense	0.8276692738889376	0.08214316710171277	0.05
GCM1	83	94	0.4529722216780557	0.08919108089191082	chr13	50656285.0	50656399.0	sense	0.6612881568985959	0.17960925506653858	0.05
Hmx2	77	94	0.44838047966261246	0.3340665933406659	chr13	50656285.0	50656399.0	antisense	0.999000099990001	0.00043446830544563664	0.05
PAX9	78	95	0.44674107841863897	0.0736926307369263	chr13	50656285.0	50656399.0	sense	0.6313868613138687	0.1997044596915925	0.05
Pparg::Rxra	79	94	0.44652716054189723	0.37566243375662434	chr13	50656285.0	50656399.0	sense	0.999000099990001	0.00043446830544563664	0.05
T	78	94	0.4452399353728472	0.11748825117488251	chr13	50656285.0	50656399.0	antisense	0.7419722313482937	0.12961234808738045	0.05
Klf1	83	94	0.4433772239647568	0.09579042095790422	chr13	50656285.0	50656399.0	antisense	0.6810305270842779	0.16683342047031627	0.05
ETV5	83	93	0.4421522516462518	0.1877812218778122	chr13	50656285.0	50656399.0	antisense	0.9108266743419116	0.04056425918352236	0.05
Klf4	83	93	0.4417936403890505	0.07589241075892411	chr13	50656285.0	50656399.0	sense	0.6313868613138687	0.1997044596915925	0.05
Pax2	86	94	0.438957206951388	0.294970502949705	chr13	50656285.0	50656399.0	antisense	0.999000099990001	0.00043446830544563664	0.05
ZBTB7B	80	92	0.4330515886591639	0.13858614138586142	chr13	50656285.0	50656399.0	antisense	0.7991800819918009	0.0973553485919417	0.05
ID4	85	95	0.4295034086914071	0.11948805119488051	chr13	50656285.0	50656399.0	antisense	0.7419722313482937	0.12961234808738045	0.05
ETV6	81	91	0.42848375464533645	0.1050894910508949	chr13	50656285.0	50656399.0	sense	0.7130481757019104	0.1468811269017197	0.05
Creb3l2	85	94	0.42826717312304213	0.045495450454954504	chr13	50656285.0	50656399.0	sense	0.5266771195220903	0.2784555483240084	0.05
MGA	86	94	0.4272814056843264	0.08029197080291971	chr13	50656285.0	50656399.0	sense	0.6313868613138687	0.1997044596915925	0.05
SNAI2	83	92	0.423628501385422	0.15608439156084392	chr13	50656285.0	50656399.0	sense	0.8276692738889376	0.08214316710171277	0.05
Id2	86	94	0.4235165830691334	0.0332966703329667	chr13	50656285.0	50656399.0	sense	0.49374205436599194	0.3064998802723606	0.05
ELF3	82	95	0.4198818826968206	0.09559044095590441	chr13	50656285.0	50656399.0	antisense	0.6810305270842779	0.16683342047031627	0.05
Arnt	87	93	0.4193293036217079	0.017598240175982403	chr13	50656285.0	50656399.0	sense	0.40613329971350687	0.39133140034269165	0.05
IRF1	74	95	0.4174439397876401	0.3528647135286471	chr13	50656285.0	50656399.0	sense	0.999000099990001	0.00043446830544563664	0.05
ZNF263	74	95	0.4142011215231955	0.43855614438556145	chr13	50656285.0	50656399.0	sense	0.999000099990001	0.00043446830544563664	0.05
GLI2	80	92	0.40809472702100325	0.17518248175182483	chr13	50656285.0	50656399.0	antisense	0.8949310951257815	0.04821040173286113	0.05
PLAG1	79	93	0.40659121030942597	0.08709129087091291	chr13	50656285.0	50656399.0	sense	0.6612881568985959	0.17960925506653858	0.05
Myod1	81	94	0.40416405529563065	0.22627737226277372	chr13	50656285.0	50656399.0	sense	0.9901864652244452	0.004283014298728366	0.05
GMEB2	86	94	0.4035144820748563	0.10578942105789421	chr13	50656285.0	50656399.0	antisense	0.7130481757019104	0.1468811269017197	0.05
KLF14	80	94	0.40019810443649695	0.17298270172982702	chr13	50656285.0	50656399.0	antisense	0.8949310951257815	0.04821040173286113	0.05
TFAP2A(var.3)	81	94	0.39978444968212357	0.21347865213478653	chr13	50656285.0	50656399.0	sense	0.9892161226355239	0.004708813949861811	0.05
HSF4	82	95	0.3977413428455967	0.25477452254774524	chr13	50656285.0	50656399.0	antisense	0.9978119429436367	0.00095130223740787	0.05
INSM1	81	93	0.39705348729453	0.128987101289871	chr13	50656285.0	50656399.0	sense	0.7683970239339702	0.11441432586598875	0.05
ZEB1	83	92	0.39596489219449954	0.0736926307369263	chr13	50656285.0	50656399.0	antisense	0.6313868613138687	0.1997044596915925	0.05
MAFF	68	86	0.395963846274054	0.5878412158784122	chr13	50656285.0	50656399.0	antisense	0.999000099990001	0.00043446830544563664	0.05
ZIC1	81	95	0.3915304586194092	0.12788721127887212	chr13	50656285.0	50656399.0	antisense	0.7683970239339702	0.11441432586598875	0.05
MAX::MYC	84	95	0.3914058532440286	0.1302869713028697	chr13	50656285.0	50656399.0	sense	0.7683970239339702	0.11441432586598875	0.05
Nr1h3::Rxra	76	95	0.39025605568005806	0.6855314468553144	chr13	50656285.0	50656399.0	antisense	0.999000099990001	0.00043446830544563664	0.05
TFAP2C(var.3)	81	94	0.38807271153971323	0.21537846215378462	chr13	50656285.0	50656399.0	sense	0.9892161226355239	0.004708813949861811	0.05
Hmx1	77	94	0.38491982739130326	0.5202479752024798	chr13	50656285.0	50656399.0	antisense	0.999000099990001	0.00043446830544563664	0.05
TFEC	81	91	0.376165484465805	0.23327667233276672	chr13	50656285.0	50656399.0	antisense	0.9901864652244452	0.004283014298728366	0.05
NR2C2	80	95	0.37585338957334635	0.2518748125187481	chr13	50656285.0	50656399.0	sense	0.9978119429436367	0.00095130223740787	0.05
TFAP2B(var.3)	81	94	0.3755367562340145	0.23447655234476553	chr13	50656285.0	50656399.0	sense	0.9901864652244452	0.004283014298728366	0.05
Hic1	83	92	0.36863414052727145	0.26777322267773224	chr13	50656285.0	50656399.0	antisense	0.9978119429436367	0.00095130223740787	0.05
ATF4	71	84	0.3682094376050644	0.20727927207279273	chr13	50656285.0	50656399.0	antisense	0.9691706505025174	0.013599746121201378	0.05
GLIS1	78	94	0.3660753982966323	0.09989001099890012	chr13	50656285.0	50656399.0	antisense	0.7005799420057995	0.15454230093339863	0.05
TBX19	74	94	0.365734425734116	0.5341465853414659	chr13	50656285.0	50656399.0	sense	0.999000099990001	0.00043446830544563664	0.05
ZNF143	79	95	0.36199031615380334	0.15358464153584642	chr13	50656285.0	50656399.0	antisense	0.8276692738889376	0.08214316710171277	0.05
BHLHE40	81	91	0.3616585330917806	0.1616838316168383	chr13	50656285.0	50656399.0	antisense	0.8476152384761524	0.07180124411955359	0.05
NKX3-2	86	95	0.3593771454866593	0.250974902509749	chr13	50656285.0	50656399.0	antisense	0.9978119429436367	0.00095130223740787	0.05
Ddit3::Cebpa	82	94	0.3582137585162128	0.3905609439056094	chr13	50656285.0	50656399.0	antisense	0.999000099990001	0.00043446830544563664	0.05
Atf1	87	95	0.35697569877721247	0.13588641135886412	chr13	50656285.0	50656399.0	antisense	0.7924162639915784	0.10104661934082328	0.05
Gabpa	82	93	0.35655340507823785	0.23497650234976503	chr13	50656285.0	50656399.0	sense	0.9901864652244452	0.004283014298728366	0.05
ISL2	86	94	0.3541194852747489	0.35176482351764826	chr13	50656285.0	50656399.0	antisense	0.999000099990001	0.00043446830544563664	0.05
MTF1	81	95	0.35310662203339394	0.15128487151284872	chr13	50656285.0	50656399.0	antisense	0.8276692738889376	0.08214316710171277	0.05
RARA::RXRA	78	95	0.3529882122284842	0.5132486751324867	chr13	50656285.0	50656399.0	sense	0.999000099990001	0.00043446830544563664	0.05
NFYA	77	95	0.35274836541159676	0.501949805019498	chr13	50656285.0	50656399.0	sense	0.999000099990001	0.00043446830544563664	0.05
TBX2	83	94	0.3525146780160504	0.41655834416558346	chr13	50656285.0	50656399.0	sense	0.999000099990001	0.00043446830544563664	0.05
POU2F1	83	95	0.34845747470204336	0.39006099390060994	chr13	50656285.0	50656399.0	antisense	0.999000099990001	0.00043446830544563664	0.05
ZNF354C	88	94	0.34812217970519316	0.1151884811518848	chr13	50656285.0	50656399.0	antisense	0.7419722313482937	0.12961234808738045	0.05
ETV3	83	93	0.3465466880516184	0.2756724327567243	chr13	50656285.0	50656399.0	antisense	0.9978119429436367	0.00095130223740787	0.05
TBX1	86	94	0.34646792347303457	0.12008799120087991	chr13	50656285.0	50656399.0	sense	0.7419722313482937	0.12961234808738045	0.05
Gfi1b	84	95	0.3459046389517116	0.23457654234576542	chr13	50656285.0	50656399.0	antisense	0.9901864652244452	0.004283014298728366	0.05
FEV	83	93	0.3451293932499667	0.25377462253774624	chr13	50656285.0	50656399.0	antisense	0.9978119429436367	0.00095130223740787	0.05
GLIS3	79	93	0.34467998510908865	0.1473852614738526	chr13	50656285.0	50656399.0	antisense	0.8276692738889376	0.08214316710171277	0.05
Klf12	79	94	0.3432154769439691	0.2900709929007099	chr13	50656285.0	50656399.0	antisense	0.999000099990001	0.00043446830544563664	0.05
MEIS1	88	95	0.3430153575690455	0.24547545245475452	chr13	50656285.0	50656399.0	antisense	0.9978119429436367	0.00095130223740787	0.05
Neurog1	83	93	0.34298856791768284	0.7244275572442755	chr13	50656285.0	50656399.0	sense	0.999000099990001	0.00043446830544563664	0.05
USF2	83	94	0.34255445953392505	0.23157684231576842	chr13	50656285.0	50656399.0	sense	0.9901864652244452	0.004283014298728366	0.05
NKX2-8	69	78	0.3383624702012435	0.3545645435456454	chr13	50656285.0	50656399.0	sense	0.999000099990001	0.00043446830544563664	0.05
Hand1::Tcf3	82	92	0.3380952361634478	0.3722627737226277	chr13	50656285.0	50656399.0	sense	0.999000099990001	0.00043446830544563664	0.05
Znf423	80	95	0.3366270991432199	0.20727927207279273	chr13	50656285.0	50656399.0	antisense	0.9691706505025174	0.013599746121201378	0.05
MLXIPL	85	95	0.33636736111521953	0.22497750224977503	chr13	50656285.0	50656399.0	sense	0.9901864652244452	0.004283014298728366	0.05
ERG	83	93	0.33627618126249825	0.2582741725827417	chr13	50656285.0	50656399.0	antisense	0.9978119429436367	0.00095130223740787	0.05
IRF9	78	93	0.3354128231240249	0.11958804119588042	chr13	50656285.0	50656399.0	antisense	0.7419722313482937	0.12961234808738045	0.05
TEAD1	81	91	0.33494761953214236	0.3975602439756024	chr13	50656285.0	50656399.0	antisense	0.999000099990001	0.00043446830544563664	0.05
TBX15	86	94	0.3336496326524016	0.12248775122487751	chr13	50656285.0	50656399.0	sense	0.7478957986554287	0.12615890644214622	0.05
USF1	84	95	0.3331339003311399	0.27717228277172284	chr13	50656285.0	50656399.0	antisense	0.9978119429436367	0.00095130223740787	0.05
Dmbx1	78	95	0.3318171407237261	0.6979302069793021	chr13	50656285.0	50656399.0	sense	0.999000099990001	0.00043446830544563664	0.05
ELK4	81	92	0.3315439647897663	0.28787121287871215	chr13	50656285.0	50656399.0	antisense	0.999000099990001	0.00043446830544563664	0.05
PRDM1	79	94	0.3292048375411214	0.42105789421057893	chr13	50656285.0	50656399.0	sense	0.999000099990001	0.00043446830544563664	0.05
Nkx3-1	86	95	0.32798861354045417	0.26377362263773624	chr13	50656285.0	50656399.0	antisense	0.9978119429436367	0.00095130223740787	0.05
YY2	83	94	0.3275865429548347	0.39766023397660233	chr13	50656285.0	50656399.0	antisense	0.999000099990001	0.00043446830544563664	0.05
NKX2-3	81	91	0.3262780162237175	0.3421657834216578	chr13	50656285.0	50656399.0	antisense	0.999000099990001	0.00043446830544563664	0.05
FOXF2	81	95	0.3248822194406808	0.39736026397360263	chr13	50656285.0	50656399.0	antisense	0.999000099990001	0.00043446830544563664	0.05
Rfx1	79	93	0.3245788844129026	0.45045495450454953	chr13	50656285.0	50656399.0	antisense	0.999000099990001	0.00043446830544563664	0.05
ETS1	83	93	0.3243533465803672	0.27617238276172384	chr13	50656285.0	50656399.0	antisense	0.9978119429436367	0.00095130223740787	0.05
GSC2	82	92	0.323412073241108	0.6264373562643736	chr13	50656285.0	50656399.0	antisense	0.999000099990001	0.00043446830544563664	0.05
TFEB	81	91	0.3228483021229584	0.33636636336366366	chr13	50656285.0	50656399.0	antisense	0.999000099990001	0.00043446830544563664	0.05
FOS::JUN	87	94	0.3206842009052584	0.20157984201579843	chr13	50656285.0	50656399.0	antisense	0.9598159450110035	0.017812039595540747	0.05
CEBPE	85	95	0.31675841286177775	0.3217678232176782	chr13	50656285.0	50656399.0	antisense	0.999000099990001	0.00043446830544563664	0.05
TEAD4	81	91	0.3129978112715581	0.44585541445855414	chr13	50656285.0	50656399.0	antisense	0.999000099990001	0.00043446830544563664	0.05
GATA1::TAL1	73	91	0.3121198743463729	0.7583241675832417	chr13	50656285.0	50656399.0	antisense	0.999000099990001	0.00043446830544563664	0.05
NFIX	84	93	0.31121065640293577	0.5565443455654434	chr13	50656285.0	50656399.0	antisense	0.999000099990001	0.00043446830544563664	0.05
Barhl1	75	85	0.310078744554936	0.7713228677132287	chr13	50656285.0	50656399.0	sense	0.999000099990001	0.00043446830544563664	0.05
Twist2	83	93	0.31000112584919043	0.32786721327867213	chr13	50656285.0	50656399.0	sense	0.999000099990001	0.00043446830544563664	0.05
TBR1	84	94	0.309726116367266	0.32466753324667535	chr13	50656285.0	50656399.0	sense	0.999000099990001	0.00043446830544563664	0.05
CEBPB	85	95	0.3082758321683032	0.27717228277172284	chr13	50656285.0	50656399.0	antisense	0.9978119429436367	0.00095130223740787	0.05
TP73	77	95	0.3080145613169683	0.5980401959804019	chr13	50656285.0	50656399.0	antisense	0.999000099990001	0.00043446830544563664	0.05
CUX2	85	95	0.307414091711262	0.36126387361263873	chr13	50656285.0	50656399.0	antisense	0.999000099990001	0.00043446830544563664	0.05
SREBF2	85	95	0.30677138230817463	0.25347465253474655	chr13	50656285.0	50656399.0	sense	0.9978119429436367	0.00095130223740787	0.05
SREBF1	85	95	0.3063905147645912	0.24237576242375763	chr13	50656285.0	50656399.0	antisense	0.9978119429436367	0.00095130223740787	0.05
ETV1	83	93	0.30598404784687433	0.42885711428857115	chr13	50656285.0	50656399.0	antisense	0.999000099990001	0.00043446830544563664	0.05
MZF1	87	93	0.30507076795123467	0.18588141185881413	chr13	50656285.0	50656399.0	sense	0.910117478818156	0.04090254492127646	0.05
Nr5a2	79	94	0.30470887422010573	0.5824417558244176	chr13	50656285.0	50656399.0	antisense	0.999000099990001	0.00043446830544563664	0.05
NR2F1	70	83	0.3042669804447424	0.49935006499350065	chr13	50656285.0	50656399.0	antisense	0.999000099990001	0.00043446830544563664	0.05
FIGLA	83	93	0.30402041866952656	0.46155384461553844	chr13	50656285.0	50656399.0	antisense	0.999000099990001	0.00043446830544563664	0.05
MAFK	70	85	0.303215516806356	0.6702329767023297	chr13	50656285.0	50656399.0	antisense	0.999000099990001	0.00043446830544563664	0.05
IRF8	78	92	0.30262721740355625	0.17888211178882113	chr13	50656285.0	50656399.0	antisense	0.9013574370718268	0.04510295356620402	0.05
HNF4G	80	95	0.3021757381966178	0.6335366463353664	chr13	50656285.0	50656399.0	sense	0.999000099990001	0.00043446830544563664	0.05
FLI1	83	93	0.3020811433115019	0.27877212278772123	chr13	50656285.0	50656399.0	antisense	0.9978119429436367	0.00095130223740787	0.05
ETV4	83	93	0.30190574722892494	0.43325667433256676	chr13	50656285.0	50656399.0	antisense	0.999000099990001	0.00043446830544563664	0.05
CUX1	85	95	0.3018889067144269	0.37336266373362664	chr13	50656285.0	50656399.0	antisense	0.999000099990001	0.00043446830544563664	0.05
Nfe2l2	76	91	0.3001748420388125	0.5572442755724427	chr13	50656285.0	50656399.0	sense	0.999000099990001	0.00043446830544563664	0.05
EOMES	81	94	0.300091033388292	0.5513448655134486	chr13	50656285.0	50656399.0	sense	0.999000099990001	0.00043446830544563664	0.05
CEBPD	85	95	0.2988730832729932	0.28177182281771823	chr13	50656285.0	50656399.0	antisense	0.999000099990001	0.00043446830544563664	0.05
RREB1	73	93	0.29845930249430713	0.32696730326967305	chr13	50656285.0	50656399.0	antisense	0.999000099990001	0.00043446830544563664	0.05
MEIS3	87	95	0.2968754927547934	0.40435956404359563	chr13	50656285.0	50656399.0	antisense	0.999000099990001	0.00043446830544563664	0.05
E2F1	78	90	0.29681863304549433	0.49845015498450157	chr13	50656285.0	50656399.0	sense	0.999000099990001	0.00043446830544563664	0.05
RXRA::VDR	80	95	0.2914243988732533	0.3076692330766923	chr13	50656285.0	50656399.0	sense	0.999000099990001	0.00043446830544563664	0.05
IRF2	73	91	0.28979900748029386	0.3795620437956204	chr13	50656285.0	50656399.0	antisense	0.999000099990001	0.00043446830544563664	0.05
ELK1	83	93	0.2891340868265447	0.2780721927807219	chr13	50656285.0	50656399.0	antisense	0.9978119429436367	0.00095130223740787	0.05
Srebf1(var.2)	85	95	0.2887482592137015	0.23657634236576341	chr13	50656285.0	50656399.0	antisense	0.9901864652244452	0.004283014298728366	0.05
Mycn	85	93	0.28868726335244443	0.18368163183681632	chr13	50656285.0	50656399.0	sense	0.910117478818156	0.04090254492127646	0.05
Alx4	74	91	0.2884944579186137	0.6996300369963003	chr13	50656285.0	50656399.0	antisense	0.999000099990001	0.00043446830544563664	0.05
SP4	78	95	0.28769865252061627	0.38396160383961603	chr13	50656285.0	50656399.0	antisense	0.999000099990001	0.00043446830544563664	0.05
ERF	81	91	0.28641218981569405	0.3581641835816418	chr13	50656285.0	50656399.0	sense	0.999000099990001	0.00043446830544563664	0.05
Ascl2	81	91	0.28635036506160116	0.3231676832316768	chr13	50656285.0	50656399.0	sense	0.999000099990001	0.00043446830544563664	0.05
Atf3	84	92	0.2859323076009469	0.26447355264473554	chr13	50656285.0	50656399.0	sense	0.9978119429436367	0.00095130223740787	0.05
MAF::NFE2	80	95	0.285537581309666	0.5204479552044795	chr13	50656285.0	50656399.0	sense	0.999000099990001	0.00043446830544563664	0.05
POU4F3	70	86	0.2818822186429957	0.6782321767823217	chr13	50656285.0	50656399.0	antisense	0.999000099990001	0.00043446830544563664	0.05
SREBF2(var.2)	85	95	0.2817152818381159	0.2308769123087691	chr13	50656285.0	50656399.0	antisense	0.9901864652244452	0.004283014298728366	0.05
Sox3	85	95	0.2811980043960507	0.29817018298170184	chr13	50656285.0	50656399.0	sense	0.999000099990001	0.00043446830544563664	0.05
ELK3	83	93	0.2791899915467009	0.45845415458454153	chr13	50656285.0	50656399.0	antisense	0.999000099990001	0.00043446830544563664	0.05
HLTF	84	94	0.2783326849920538	0.6805319468053195	chr13	50656285.0	50656399.0	antisense	0.999000099990001	0.00043446830544563664	0.05
KLF13	73	91	0.277902799723765	0.46465353464653536	chr13	50656285.0	50656399.0	sense	0.999000099990001	0.00043446830544563664	0.05
Myog	80	91	0.2775810090180637	0.4156584341565843	chr13	50656285.0	50656399.0	antisense	0.999000099990001	0.00043446830544563664	0.05
POU1F1	81	95	0.27692792050119885	0.5724427557244276	chr13	50656285.0	50656399.0	antisense	0.999000099990001	0.00043446830544563664	0.05
CEBPG	85	95	0.2768144751233371	0.27087291270872915	chr13	50656285.0	50656399.0	antisense	0.9978119429436367	0.00095130223740787	0.05
MLX	85	95	0.2763991908440462	0.29357064293570645	chr13	50656285.0	50656399.0	sense	0.999000099990001	0.00043446830544563664	0.05
HOXB3	82	92	0.2762833580388569	0.7289271072892711	chr13	50656285.0	50656399.0	antisense	0.999000099990001	0.00043446830544563664	0.05
Bcl6	81	95	0.2733004618284686	0.6731326867313269	chr13	50656285.0	50656399.0	antisense	0.999000099990001	0.00043446830544563664	0.05
REST	72	93	0.27284441434048173	0.5824417558244176	chr13	50656285.0	50656399.0	sense	0.999000099990001	0.00043446830544563664	0.05
HES5	82	94	0.272514604509938	0.27447255274472554	chr13	50656285.0	50656399.0	antisense	0.9978119429436367	0.00095130223740787	0.05
EN2	75	85	0.2720802826937176	0.6797320267973203	chr13	50656285.0	50656399.0	antisense	0.999000099990001	0.00043446830544563664	0.05
TBP	75	90	0.2709036315721214	0.8243175682431757	chr13	50656285.0	50656399.0	sense	0.999000099990001	0.00043446830544563664	0.05
SCRT2	79	92	0.2659457071317318	0.39646035396460355	chr13	50656285.0	50656399.0	antisense	0.999000099990001	0.00043446830544563664	0.05
POU2F2	81	94	0.2654249208030581	0.5133486651334866	chr13	50656285.0	50656399.0	sense	0.999000099990001	0.00043446830544563664	0.05
Tcf12	80	91	0.26318043647956474	0.46855314468553144	chr13	50656285.0	50656399.0	antisense	0.999000099990001	0.00043446830544563664	0.05
ZBTB18	82	95	0.26222170733184114	0.5449455054494551	chr13	50656285.0	50656399.0	antisense	0.999000099990001	0.00043446830544563664	0.05
Vdr	79	95	0.25848846579793805	0.45695430456954306	chr13	50656285.0	50656399.0	sense	0.999000099990001	0.00043446830544563664	0.05
SPIC	77	91	0.2567732302533088	0.635036496350365	chr13	50656285.0	50656399.0	antisense	0.999000099990001	0.00043446830544563664	0.05
SOX10	86	92	0.2565683618961946	0.3521647835216478	chr13	50656285.0	50656399.0	sense	0.999000099990001	0.00043446830544563664	0.05
BHLHE23	82	94	0.25648251374055386	0.4684531546845315	chr13	50656285.0	50656399.0	antisense	0.999000099990001	0.00043446830544563664	0.05
CREB1	86	94	0.25498144673770345	0.45325467453254675	chr13	50656285.0	50656399.0	antisense	0.999000099990001	0.00043446830544563664	0.05
CREB3L1	81	95	0.25310078167136363	0.5969403059694031	chr13	50656285.0	50656399.0	antisense	0.999000099990001	0.00043446830544563664	0.05
Pou2f3	76	92	0.25256045045091363	0.7397260273972602	chr13	50656285.0	50656399.0	sense	0.999000099990001	0.00043446830544563664	0.05
TBX20	83	94	0.24984180323388494	0.4938506149385061	chr13	50656285.0	50656399.0	sense	0.999000099990001	0.00043446830544563664	0.05
RFX4	78	94	0.24902919190075984	0.7886211378862114	chr13	50656285.0	50656399.0	antisense	0.999000099990001	0.00043446830544563664	0.05
CREB3	81	95	0.2485113606134714	0.6787321267873213	chr13	50656285.0	50656399.0	antisense	0.999000099990001	0.00043446830544563664	0.05
ETV2	83	94	0.24729964933935922	0.4557544245575442	chr13	50656285.0	50656399.0	antisense	0.999000099990001	0.00043446830544563664	0.05
NFYB	79	94	0.2456929907643005	0.763023697630237	chr13	50656285.0	50656399.0	antisense	0.999000099990001	0.00043446830544563664	0.05
BHLHE41	81	91	0.2456030508483274	0.34196580341965804	chr13	50656285.0	50656399.0	antisense	0.999000099990001	0.00043446830544563664	0.05
RORA(var.2)	81	95	0.2447737925849738	0.5308469153084692	chr13	50656285.0	50656399.0	sense	0.999000099990001	0.00043446830544563664	0.05
HES7	82	94	0.24331296895465876	0.3277672232776722	chr13	50656285.0	50656399.0	antisense	0.999000099990001	0.00043446830544563664	0.05
POU5F1B	86	95	0.24293391279640225	0.5453454654534546	chr13	50656285.0	50656399.0	antisense	0.999000099990001	0.00043446830544563664	0.05
Six3	78	95	0.2412898200511867	0.8861113888611138	chr13	50656285.0	50656399.0	antisense	0.999000099990001	0.00043446830544563664	0.05
Atoh1	83	93	0.24099217308523557	0.6145385461453855	chr13	50656285.0	50656399.0	antisense	0.999000099990001	0.00043446830544563664	0.05
NEUROD2	83	93	0.238869099921213	0.6993300669933007	chr13	50656285.0	50656399.0	antisense	0.999000099990001	0.00043446830544563664	0.05
YY1	81	93	0.238509723198111	0.6096390360963904	chr13	50656285.0	50656399.0	sense	0.999000099990001	0.00043446830544563664	0.05
ESR2	80	95	0.23729001824026688	0.9039096090390961	chr13	50656285.0	50656399.0	antisense	0.999000099990001	0.00043446830544563664	0.05
NFIC::TLX1	72	86	0.2360974048748045	0.5104489551044895	chr13	50656285.0	50656399.0	antisense	0.999000099990001	0.00043446830544563664	0.05
Foxj3	78	95	0.23432279886111482	0.7758224177582241	chr13	50656285.0	50656399.0	antisense	0.999000099990001	0.00043446830544563664	0.05
Bach1::Mafk	77	92	0.23327245367823712	0.6604339566043396	chr13	50656285.0	50656399.0	antisense	0.999000099990001	0.00043446830544563664	0.05
Arid5a	71	85	0.23304742625581348	0.8778122187781222	chr13	50656285.0	50656399.0	antisense	0.999000099990001	0.00043446830544563664	0.05
ZBED1	76	89	0.23269973662139923	0.46305369463053697	chr13	50656285.0	50656399.0	antisense	0.999000099990001	0.00043446830544563664	0.05
LBX2	82	92	0.23241892089933733	0.9283071692830717	chr13	50656285.0	50656399.0	antisense	0.999000099990001	0.00043446830544563664	0.05
Sox6	85	95	0.232389280175852	0.44445555444455553	chr13	50656285.0	50656399.0	sense	0.999000099990001	0.00043446830544563664	0.05
Crem	84	94	0.23235765637282552	0.6000399960003999	chr13	50656285.0	50656399.0	sense	0.999000099990001	0.00043446830544563664	0.05
Foxd3	82	94	0.23228942869807018	0.536046395360464	chr13	50656285.0	50656399.0	sense	0.999000099990001	0.00043446830544563664	0.05
HOXD12	83	94	0.23157218698121998	0.5452454754524547	chr13	50656285.0	50656399.0	antisense	0.999000099990001	0.00043446830544563664	0.05
CDX1	68	77	0.23049252390723704	0.6048395160483951	chr13	50656285.0	50656399.0	antisense	0.999000099990001	0.00043446830544563664	0.05
RFX3	78	94	0.2300341212662476	0.7893210678932107	chr13	50656285.0	50656399.0	antisense	0.999000099990001	0.00043446830544563664	0.05
Foxk1	78	95	0.22966182536116667	0.7445255474452555	chr13	50656285.0	50656399.0	antisense	0.999000099990001	0.00043446830544563664	0.05
SMAD2::SMAD3::SMAD4	68	81	0.2277313216653361	0.7473252674732527	chr13	50656285.0	50656399.0	sense	0.999000099990001	0.00043446830544563664	0.05
FOXC2	81	93	0.22750848270146415	0.6646335366463354	chr13	50656285.0	50656399.0	antisense	0.999000099990001	0.00043446830544563664	0.05
SCRT1	79	94	0.22749090901559485	0.6758324167583242	chr13	50656285.0	50656399.0	sense	0.999000099990001	0.00043446830544563664	0.05
Stat6	80	95	0.22515683800771844	0.831916808319168	chr13	50656285.0	50656399.0	sense	0.999000099990001	0.00043446830544563664	0.05
SOX9	85	94	0.22427885822669727	0.7536246375362464	chr13	50656285.0	50656399.0	sense	0.999000099990001	0.00043446830544563664	0.05
MYBL1	81	93	0.22378705385548225	0.6346365363463654	chr13	50656285.0	50656399.0	antisense	0.999000099990001	0.00043446830544563664	0.05
PAX7	85	95	0.223180791571672	0.36446355364463556	chr13	50656285.0	50656399.0	antisense	0.999000099990001	0.00043446830544563664	0.05
Bhlha15	84	92	0.22313553567850425	0.4383561643835616	chr13	50656285.0	50656399.0	sense	0.999000099990001	0.00043446830544563664	0.05
Stat5a::Stat5b	70	81	0.22207910005595247	0.6163383661633837	chr13	50656285.0	50656399.0	antisense	0.999000099990001	0.00043446830544563664	0.05
FOXA1	70	85	0.2198147261058631	0.7888211178882112	chr13	50656285.0	50656399.0	sense	0.999000099990001	0.00043446830544563664	0.05
POU3F4	86	95	0.21864083126316491	0.45585441455854414	chr13	50656285.0	50656399.0	antisense	0.999000099990001	0.00043446830544563664	0.05
POU3F3	70	83	0.2181439886510059	0.7199280071992801	chr13	50656285.0	50656399.0	sense	0.999000099990001	0.00043446830544563664	0.05
PBX1	72	84	0.21805445885961308	0.5931406859314069	chr13	50656285.0	50656399.0	antisense	0.999000099990001	0.00043446830544563664	0.05
HOXC13	83	94	0.2173404610087033	0.6147385261473852	chr13	50656285.0	50656399.0	antisense	0.999000099990001	0.00043446830544563664	0.05
PAX3	85	95	0.21656765238681233	0.41275872412758724	chr13	50656285.0	50656399.0	sense	0.999000099990001	0.00043446830544563664	0.05
CDX2	68	79	0.21452431613614759	0.5562443755624438	chr13	50656285.0	50656399.0	antisense	0.999000099990001	0.00043446830544563664	0.05
NOTO	82	92	0.21390276570974706	0.7717228277172283	chr13	50656285.0	50656399.0	antisense	0.999000099990001	0.00043446830544563664	0.05
STAT3	83	94	0.21273166212930608	0.6821317868213179	chr13	50656285.0	50656399.0	sense	0.999000099990001	0.00043446830544563664	0.05
JUN(var.2)	81	95	0.21264863820034355	0.8635136486351365	chr13	50656285.0	50656399.0	sense	0.999000099990001	0.00043446830544563664	0.05
TCF7L2	68	82	0.20945745450876507	0.7681231876812319	chr13	50656285.0	50656399.0	antisense	0.999000099990001	0.00043446830544563664	0.05
DMRT3	72	83	0.20804262794657527	0.8202179782021798	chr13	50656285.0	50656399.0	antisense	0.999000099990001	0.00043446830544563664	0.05
STAT1::STAT2	69	84	0.2079914619203306	0.6586341365863414	chr13	50656285.0	50656399.0	sense	0.999000099990001	0.00043446830544563664	0.05
POU3F1	71	83	0.20729780610287196	0.7813218678132187	chr13	50656285.0	50656399.0	sense	0.999000099990001	0.00043446830544563664	0.05
BCL6B	74	91	0.20729529560044185	0.40305969403059694	chr13	50656285.0	50656399.0	antisense	0.999000099990001	0.00043446830544563664	0.05
OLIG3	83	93	0.20685855570419495	0.7701229877012299	chr13	50656285.0	50656399.0	sense	0.999000099990001	0.00043446830544563664	0.05
Foxq1	71	82	0.2065124846839292	0.5627437256274372	chr13	50656285.0	50656399.0	sense	0.999000099990001	0.00043446830544563664	0.05
EVX1	75	85	0.20431712464500484	0.9295070492950704	chr13	50656285.0	50656399.0	antisense	0.999000099990001	0.00043446830544563664	0.05
EVX2	75	85	0.20395277607264561	0.935006499350065	chr13	50656285.0	50656399.0	antisense	0.999000099990001	0.00043446830544563664	0.05
TFCP2	85	95	0.20383089330113977	0.7476252374762524	chr13	50656285.0	50656399.0	antisense	0.999000099990001	0.00043446830544563664	0.05
LHX2	82	92	0.20337048905931712	0.7216278372162783	chr13	50656285.0	50656399.0	antisense	0.999000099990001	0.00043446830544563664	0.05
POU4F2	76	92	0.20283863582324171	0.6185381461853815	chr13	50656285.0	50656399.0	antisense	0.999000099990001	0.00043446830544563664	0.05
HSF1	82	95	0.2025813786086214	0.6263373662633737	chr13	50656285.0	50656399.0	antisense	0.999000099990001	0.00043446830544563664	0.05
Sox2	85	93	0.20218020104640735	0.38936106389361064	chr13	50656285.0	50656399.0	sense	0.999000099990001	0.00043446830544563664	0.05
GSX2	82	92	0.20165261164222836	0.917008299170083	chr13	50656285.0	50656399.0	antisense	0.999000099990001	0.00043446830544563664	0.05
NFATC1	70	80	0.20048716844230582	0.8263173682631737	chr13	50656285.0	50656399.0	sense	0.999000099990001	0.00043446830544563664	0.05
ONECUT3	69	83	0.19910673114569022	0.607039296070393	chr13	50656285.0	50656399.0	antisense	0.999000099990001	0.00043446830544563664	0.05
JUNB	84	95	0.19906531028460914	0.7326267373262674	chr13	50656285.0	50656399.0	sense	0.999000099990001	0.00043446830544563664	0.05
Alx1	68	85	0.19896053105352962	0.9067093290670933	chr13	50656285.0	50656399.0	antisense	0.999000099990001	0.00043446830544563664	0.05
SRY	72	81	0.19878916244702827	0.7341265873412659	chr13	50656285.0	50656399.0	antisense	0.999000099990001	0.00043446830544563664	0.05
BHLHE22	83	93	0.19851791311145492	0.684931506849315	chr13	50656285.0	50656399.0	sense	0.999000099990001	0.00043446830544563664	0.05
Foxo1	71	82	0.19771354223279022	0.6934306569343066	chr13	50656285.0	50656399.0	sense	0.999000099990001	0.00043446830544563664	0.05
E2F7	81	95	0.19711149618188575	0.40785921407859216	chr13	50656285.0	50656399.0	antisense	0.999000099990001	0.00043446830544563664	0.05
E2F8	80	92	0.19693822332243	0.4410558944105589	chr13	50656285.0	50656399.0	antisense	0.999000099990001	0.00043446830544563664	0.05
PPARG	72	92	0.1964627115857361	0.9332066793320668	chr13	50656285.0	50656399.0	sense	0.999000099990001	0.00043446830544563664	0.05
HLF	71	83	0.19632369252556497	0.8544145585441456	chr13	50656285.0	50656399.0	antisense	0.999000099990001	0.00043446830544563664	0.05
MEIS2	87	95	0.19606572243614814	0.6835316468353164	chr13	50656285.0	50656399.0	antisense	0.999000099990001	0.00043446830544563664	0.05
RFX5	78	94	0.19561536869537982	0.7533246675332467	chr13	50656285.0	50656399.0	sense	0.999000099990001	0.00043446830544563664	0.05
JDP2	86	95	0.19557518814411512	0.47805219478052197	chr13	50656285.0	50656399.0	antisense	0.999000099990001	0.00043446830544563664	0.05
Hoxc9	73	86	0.19520097416321652	0.8277172282771723	chr13	50656285.0	50656399.0	antisense	0.999000099990001	0.00043446830544563664	0.05
HSF2	82	95	0.19458141760459227	0.7378262173782622	chr13	50656285.0	50656399.0	antisense	0.999000099990001	0.00043446830544563664	0.05
Nr2e1	86	95	0.19431572952879242	0.6864313568643136	chr13	50656285.0	50656399.0	sense	0.999000099990001	0.00043446830544563664	0.05
SPI1	79	93	0.1940896914776196	0.5178482151784821	chr13	50656285.0	50656399.0	sense	0.999000099990001	0.00043446830544563664	0.05
TAL1::TCF3	81	93	0.193639031347403	0.8125187481251874	chr13	50656285.0	50656399.0	sense	0.999000099990001	0.00043446830544563664	0.05
GSC	82	92	0.19362635660078398	0.8575142485751425	chr13	50656285.0	50656399.0	sense	0.999000099990001	0.00043446830544563664	0.05
Hoxa11	82	94	0.19328796597296372	0.9002099790020998	chr13	50656285.0	50656399.0	antisense	0.999000099990001	0.00043446830544563664	0.05
MAFG::NFE2L1	70	76	0.19327547892740574	0.6355364463553644	chr13	50656285.0	50656399.0	antisense	0.999000099990001	0.00043446830544563664	0.05
Rarg(var.2)	78	95	0.19195239530858468	0.6356364363563644	chr13	50656285.0	50656399.0	sense	0.999000099990001	0.00043446830544563664	0.05
RFX2	78	94	0.19192534525533134	0.783021697830217	chr13	50656285.0	50656399.0	sense	0.999000099990001	0.00043446830544563664	0.05
NFIC	85	91	0.1893251605677286	0.7135286471352865	chr13	50656285.0	50656399.0	sense	0.999000099990001	0.00043446830544563664	0.05
Hoxb5	71	87	0.18884660932860547	0.9819018098190181	chr13	50656285.0	50656399.0	antisense	0.999000099990001	0.00043446830544563664	0.05
Arx	69	86	0.18772654569871852	0.914008599140086	chr13	50656285.0	50656399.0	antisense	0.999000099990001	0.00043446830544563664	0.05
FOXP1	71	86	0.18718563911727104	0.7668233176682332	chr13	50656285.0	50656399.0	antisense	0.999000099990001	0.00043446830544563664	0.05
CEBPA	72	83	0.1857308836412109	0.7748225177482252	chr13	50656285.0	50656399.0	sense	0.999000099990001	0.00043446830544563664	0.05
NFATC3	70	80	0.18572726997264585	0.8229177082291771	chr13	50656285.0	50656399.0	sense	0.999000099990001	0.00043446830544563664	0.05
NFIA	71	81	0.18515084738406212	0.8053194680531947	chr13	50656285.0	50656399.0	antisense	0.999000099990001	0.00043446830544563664	0.05
POU6F2	83	93	0.18500458822937701	0.7685231476852314	chr13	50656285.0	50656399.0	antisense	0.999000099990001	0.00043446830544563664	0.05
POU3F2	71	83	0.18500121798606714	0.7493250674932507	chr13	50656285.0	50656399.0	sense	0.999000099990001	0.00043446830544563664	0.05
Stat4	77	91	0.18497870000921998	0.9032096790320968	chr13	50656285.0	50656399.0	sense	0.999000099990001	0.00043446830544563664	0.05
SPIB	87	94	0.1848863046756779	0.5712428757124287	chr13	50656285.0	50656399.0	sense	0.999000099990001	0.00043446830544563664	0.05
Tcf21	78	92	0.18425647249490562	0.7889211078892111	chr13	50656285.0	50656399.0	sense	0.999000099990001	0.00043446830544563664	0.05
DUXA	82	95	0.1836774180468865	0.8381161883811619	chr13	50656285.0	50656399.0	antisense	0.999000099990001	0.00043446830544563664	0.05
GSX1	81	91	0.18232128438902032	0.9628037196280372	chr13	50656285.0	50656399.0	antisense	0.999000099990001	0.00043446830544563664	0.05
GRHL1	83	95	0.18172901252366053	0.81991800819918	chr13	50656285.0	50656399.0	antisense	0.999000099990001	0.00043446830544563664	0.05
FOSL2	84	95	0.1803193207808936	0.8063193680631937	chr13	50656285.0	50656399.0	sense	0.999000099990001	0.00043446830544563664	0.05
Spz1	81	92	0.1796846296923522	0.8546145385461453	chr13	50656285.0	50656399.0	sense	0.999000099990001	0.00043446830544563664	0.05
SMAD3	69	79	0.17935992779987572	0.6452354764523548	chr13	50656285.0	50656399.0	sense	0.999000099990001	0.00043446830544563664	0.05
Hoxd3	71	87	0.17826778260879997	0.9763023697630236	chr13	50656285.0	50656399.0	sense	0.999000099990001	0.00043446830544563664	0.05
BARHL2	83	93	0.17770854365274177	0.9615038496150385	chr13	50656285.0	50656399.0	sense	0.999000099990001	0.00043446830544563664	0.05
SOX21	78	93	0.1767753011990575	0.5955404459554045	chr13	50656285.0	50656399.0	sense	0.999000099990001	0.00043446830544563664	0.05
HOXA5	83	91	0.17662501925531976	0.7842215778422158	chr13	50656285.0	50656399.0	antisense	0.999000099990001	0.00043446830544563664	0.05
Pou5f1::Sox2	79	94	0.17644591924423048	0.9019098090190981	chr13	50656285.0	50656399.0	sense	0.999000099990001	0.00043446830544563664	0.05
ESX1	75	85	0.17589882100818796	0.9332066793320668	chr13	50656285.0	50656399.0	antisense	0.999000099990001	0.00043446830544563664	0.05
ONECUT2	69	83	0.17584732341053813	0.7662233776622338	chr13	50656285.0	50656399.0	antisense	0.999000099990001	0.00043446830544563664	0.05
RARA(var.2)	77	94	0.17577696994904238	0.7953204679532047	chr13	50656285.0	50656399.0	sense	0.999000099990001	0.00043446830544563664	0.05
ONECUT1	69	83	0.17558850057649886	0.7509249075092491	chr13	50656285.0	50656399.0	antisense	0.999000099990001	0.00043446830544563664	0.05
HOXA2	75	85	0.1743030745859665	0.9591040895910409	chr13	50656285.0	50656399.0	antisense	0.999000099990001	0.00043446830544563664	0.05
Dlx1	75	85	0.1741207817218801	0.948005199480052	chr13	50656285.0	50656399.0	antisense	0.999000099990001	0.00043446830544563664	0.05
NR1H2::RXRA	72	89	0.17349146435222315	0.6311368863113689	chr13	50656285.0	50656399.0	antisense	0.999000099990001	0.00043446830544563664	0.05
HOXC11	83	94	0.17269892473115311	0.8481151884811519	chr13	50656285.0	50656399.0	antisense	0.999000099990001	0.00043446830544563664	0.05
Nr2f6	81	95	0.17011565837625348	0.818018198180182	chr13	50656285.0	50656399.0	sense	0.999000099990001	0.00043446830544563664	0.05
GBX2	75	85	0.17003027264001658	0.8629137086291371	chr13	50656285.0	50656399.0	antisense	0.999000099990001	0.00043446830544563664	0.05
XBP1	79	93	0.16873448735971724	0.9375062493750624	chr13	50656285.0	50656399.0	antisense	0.999000099990001	0.00043446830544563664	0.05
DBP	71	83	0.16860029432437848	0.8414158584141586	chr13	50656285.0	50656399.0	antisense	0.999000099990001	0.00043446830544563664	0.05
Dlx3	86	94	0.16804937022098365	0.9006099390060994	chr13	50656285.0	50656399.0	antisense	0.999000099990001	0.00043446830544563664	0.05
BARX1	69	77	0.1679704733930011	0.8298170182981702	chr13	50656285.0	50656399.0	antisense	0.999000099990001	0.00043446830544563664	0.05
HOXB2	75	85	0.16741624931037805	0.9497050294970503	chr13	50656285.0	50656399.0	antisense	0.999000099990001	0.00043446830544563664	0.05
TEAD3	86	94	0.16662471786614308	0.6695330466953304	chr13	50656285.0	50656399.0	antisense	0.999000099990001	0.00043446830544563664	0.05
LEF1	68	83	0.1663783661322457	0.8113188681131887	chr13	50656285.0	50656399.0	antisense	0.999000099990001	0.00043446830544563664	0.05
MEF2C	77	92	0.165153387743721	0.8578142185781422	chr13	50656285.0	50656399.0	antisense	0.999000099990001	0.00043446830544563664	0.05
Nr2e3	72	79	0.1641629567909563	0.6315368463153684	chr13	50656285.0	50656399.0	sense	0.999000099990001	0.00043446830544563664	0.05
NEUROG2	83	93	0.16383745138575637	0.7566243375662434	chr13	50656285.0	50656399.0	antisense	0.999000099990001	0.00043446830544563664	0.05
Foxa2	74	86	0.16359878013803142	0.8471152884711529	chr13	50656285.0	50656399.0	sense	0.999000099990001	0.00043446830544563664	0.05
PROX1	81	93	0.16355062559554598	0.807019298070193	chr13	50656285.0	50656399.0	antisense	0.999000099990001	0.00043446830544563664	0.05
Hnf4a	72	88	0.16097814902438598	0.823017698230177	chr13	50656285.0	50656399.0	antisense	0.999000099990001	0.00043446830544563664	0.05
FOXP2	72	83	0.16051609428384941	0.7288271172882712	chr13	50656285.0	50656399.0	antisense	0.999000099990001	0.00043446830544563664	0.05
MSC	83	93	0.16000828465386874	0.8165183481651834	chr13	50656285.0	50656399.0	antisense	0.999000099990001	0.00043446830544563664	0.05
Dlx4	69	77	0.15966983812659347	0.9003099690030997	chr13	50656285.0	50656399.0	sense	0.999000099990001	0.00043446830544563664	0.05
POU4F1	78	92	0.15958870992018778	0.8904109589041096	chr13	50656285.0	50656399.0	antisense	0.999000099990001	0.00043446830544563664	0.05
Hoxa9	74	85	0.15943510904334257	0.8041195880411959	chr13	50656285.0	50656399.0	antisense	0.999000099990001	0.00043446830544563664	0.05
Myb	85	95	0.15922182831001122	0.8054194580541946	chr13	50656285.0	50656399.0	antisense	0.999000099990001	0.00043446830544563664	0.05
BATF::JUN	83	94	0.15916801410119008	0.8683131686831317	chr13	50656285.0	50656399.0	sense	0.999000099990001	0.00043446830544563664	0.05
FOXH1	74	85	0.15873439659705932	0.7679232076792321	chr13	50656285.0	50656399.0	antisense	0.999000099990001	0.00043446830544563664	0.05
Hoxd9	74	84	0.15868534766579365	0.8248175182481752	chr13	50656285.0	50656399.0	antisense	0.999000099990001	0.00043446830544563664	0.05
MYF6	83	93	0.15852121785023143	0.7874212578742126	chr13	50656285.0	50656399.0	sense	0.999000099990001	0.00043446830544563664	0.05
TP63	75	93	0.15828189083160915	0.8703129687031297	chr13	50656285.0	50656399.0	antisense	0.999000099990001	0.00043446830544563664	0.05
BATF3	77	91	0.15799979908144784	0.7162283771622838	chr13	50656285.0	50656399.0	sense	0.999000099990001	0.00043446830544563664	0.05
MIXL1	82	92	0.15765938589309533	0.9731026897310269	chr13	50656285.0	50656399.0	antisense	0.999000099990001	0.00043446830544563664	0.05
Esrrg	80	90	0.15762029694303833	0.8823117688231177	chr13	50656285.0	50656399.0	antisense	0.999000099990001	0.00043446830544563664	0.05
RORA	68	78	0.15747143273540098	0.8746125387461254	chr13	50656285.0	50656399.0	antisense	0.999000099990001	0.00043446830544563664	0.05
EMX1	75	85	0.15731736355821796	0.979002099790021	chr13	50656285.0	50656399.0	sense	0.999000099990001	0.00043446830544563664	0.05
HOXA10	74	85	0.1573083280569564	0.8803119688031197	chr13	50656285.0	50656399.0	antisense	0.999000099990001	0.00043446830544563664	0.05
HOXC12	83	94	0.15590107073259687	0.8371162883711629	chr13	50656285.0	50656399.0	antisense	0.999000099990001	0.00043446830544563664	0.05
PITX3	82	91	0.15494636812501764	0.9232076792320768	chr13	50656285.0	50656399.0	antisense	0.999000099990001	0.00043446830544563664	0.05
RXRG	81	95	0.15486724217290726	0.7230276972302769	chr13	50656285.0	50656399.0	sense	0.999000099990001	0.00043446830544563664	0.05
OLIG1	83	93	0.1546895388447095	0.7653234676532347	chr13	50656285.0	50656399.0	antisense	0.999000099990001	0.00043446830544563664	0.05
PKNOX2	82	94	0.1541285364359943	0.7079292070792921	chr13	50656285.0	50656399.0	sense	0.999000099990001	0.00043446830544563664	0.05
ZNF410	73	90	0.15292184766863867	0.7090290970902909	chr13	50656285.0	50656399.0	antisense	0.999000099990001	0.00043446830544563664	0.05
Sox17	69	78	0.1527269725049015	0.8799120087991201	chr13	50656285.0	50656399.0	sense	0.999000099990001	0.00043446830544563664	0.05
Tcf7	70	82	0.15243235203739	0.7465253474652535	chr13	50656285.0	50656399.0	antisense	0.999000099990001	0.00043446830544563664	0.05
Rxra	81	95	0.15200579063321282	0.7268273172682732	chr13	50656285.0	50656399.0	sense	0.999000099990001	0.00043446830544563664	0.05
REL	85	95	0.151368928992848	0.9068093190680931	chr13	50656285.0	50656399.0	sense	0.999000099990001	0.00043446830544563664	0.05
PHOX2A	84	95	0.15128773128702325	0.7698230176982301	chr13	50656285.0	50656399.0	sense	0.999000099990001	0.00043446830544563664	0.05
MEOX2	75	85	0.15126930934167576	0.9798020197980202	chr13	50656285.0	50656399.0	antisense	0.999000099990001	0.00043446830544563664	0.05
MSX1	69	77	0.15103310563549371	0.8985101489851015	chr13	50656285.0	50656399.0	antisense	0.999000099990001	0.00043446830544563664	0.05
NFATC2	88	95	0.14997179698894733	0.704029597040296	chr13	50656285.0	50656399.0	antisense	0.999000099990001	0.00043446830544563664	0.05
MYBL2	73	88	0.1493129290811537	0.9755024497550245	chr13	50656285.0	50656399.0	antisense	0.999000099990001	0.00043446830544563664	0.05
HOXC10	83	93	0.14868756703504662	0.9066093390660934	chr13	50656285.0	50656399.0	antisense	0.999000099990001	0.00043446830544563664	0.05
DLX6	69	77	0.1480076492898538	0.8808119188081192	chr13	50656285.0	50656399.0	sense	0.999000099990001	0.00043446830544563664	0.05
TEF	71	83	0.14799695420990186	0.8708129187081292	chr13	50656285.0	50656399.0	antisense	0.999000099990001	0.00043446830544563664	0.05
ATF7	77	91	0.14768526400139942	0.9465053494650535	chr13	50656285.0	50656399.0	antisense	0.999000099990001	0.00043446830544563664	0.05
Dux	82	90	0.1467219571291074	0.7035296470352965	chr13	50656285.0	50656399.0	antisense	0.999000099990001	0.00043446830544563664	0.05
HOXD11	77	87	0.14637520663006406	0.8605139486051395	chr13	50656285.0	50656399.0	antisense	0.999000099990001	0.00043446830544563664	0.05
TGIF2	82	94	0.14470852278535662	0.8791120887911209	chr13	50656285.0	50656399.0	sense	0.999000099990001	0.00043446830544563664	0.05
DUX4	83	94	0.14438767048063242	0.7453254674532547	chr13	50656285.0	50656399.0	antisense	0.999000099990001	0.00043446830544563664	0.05
HESX1	75	85	0.14363300511111207	0.9217078292170783	chr13	50656285.0	50656399.0	sense	0.999000099990001	0.00043446830544563664	0.05
VAX1	69	77	0.143560009939841	0.950904909509049	chr13	50656285.0	50656399.0	sense	0.999000099990001	0.00043446830544563664	0.05
FOXP3	83	90	0.1432880123177745	0.8132186781321867	chr13	50656285.0	50656399.0	antisense	0.999000099990001	0.00043446830544563664	0.05
ESRRB	79	90	0.14318892857528934	0.8742125787421258	chr13	50656285.0	50656399.0	antisense	0.999000099990001	0.00043446830544563664	0.05
NFAT5	70	80	0.14294441381912734	0.8655134486551345	chr13	50656285.0	50656399.0	sense	0.999000099990001	0.00043446830544563664	0.05
Nr2f6(var.2)	80	95	0.14279429730011653	0.7402259774022598	chr13	50656285.0	50656399.0	sense	0.999000099990001	0.00043446830544563664	0.05
Crx	80	91	0.1426833642251403	0.8484151584841516	chr13	50656285.0	50656399.0	sense	0.999000099990001	0.00043446830544563664	0.05
Sox5	87	94	0.1425275829958799	0.692930706929307	chr13	50656285.0	50656399.0	sense	0.999000099990001	0.00043446830544563664	0.05
Phox2b	84	95	0.1419213072602999	0.7477252274772522	chr13	50656285.0	50656399.0	antisense	0.999000099990001	0.00043446830544563664	0.05
OLIG2	83	93	0.14184722927407267	0.9256074392560744	chr13	50656285.0	50656399.0	antisense	0.999000099990001	0.00043446830544563664	0.05
GBX1	75	85	0.14182987196682934	0.8976102389761024	chr13	50656285.0	50656399.0	antisense	0.999000099990001	0.00043446830544563664	0.05
EMX2	82	92	0.14161375783503224	0.941005899410059	chr13	50656285.0	50656399.0	sense	0.999000099990001	0.00043446830544563664	0.05
NR3C2	73	90	0.14141117252411087	0.9553044695530447	chr13	50656285.0	50656399.0	antisense	0.999000099990001	0.00043446830544563664	0.05
VENTX	83	92	0.14038748677142499	0.9168083191680831	chr13	50656285.0	50656399.0	antisense	0.999000099990001	0.00043446830544563664	0.05
Gata1	70	81	0.14003229186461827	0.8000199980002	chr13	50656285.0	50656399.0	sense	0.999000099990001	0.00043446830544563664	0.05
VAX2	69	77	0.1394296361005562	0.9463053694630537	chr13	50656285.0	50656399.0	sense	0.999000099990001	0.00043446830544563664	0.05
Gfi1	80	90	0.13913257720642366	0.9689031096890312	chr13	50656285.0	50656399.0	antisense	0.999000099990001	0.00043446830544563664	0.05
PKNOX1	82	94	0.1389214799124104	0.7862213778622138	chr13	50656285.0	50656399.0	sense	0.999000099990001	0.00043446830544563664	0.05
Sox1	78	93	0.13808432406013443	0.8377162283771623	chr13	50656285.0	50656399.0	antisense	0.999000099990001	0.00043446830544563664	0.05
ALX3	85	95	0.1374633245590631	0.9751024897510249	chr13	50656285.0	50656399.0	antisense	0.999000099990001	0.00043446830544563664	0.05
Foxj2	73	81	0.13744972051112078	0.7278272172782722	chr13	50656285.0	50656399.0	antisense	0.999000099990001	0.00043446830544563664	0.05
HMBOX1	71	81	0.13660748587005453	0.9841015898410159	chr13	50656285.0	50656399.0	sense	0.999000099990001	0.00043446830544563664	0.05
Esrra	80	91	0.1364050256159916	0.8655134486551345	chr13	50656285.0	50656399.0	antisense	0.999000099990001	0.00043446830544563664	0.05
Gata4	71	82	0.13480503596278873	0.823917608239176	chr13	50656285.0	50656399.0	sense	0.999000099990001	0.00043446830544563664	0.05
Sox11	80	95	0.13468033309194619	0.7058294170582942	chr13	50656285.0	50656399.0	sense	0.999000099990001	0.00043446830544563664	0.05
Nkx2-5	70	77	0.13467725092432806	0.8236176382361764	chr13	50656285.0	50656399.0	antisense	0.999000099990001	0.00043446830544563664	0.05
PROP1	84	95	0.13391989790073086	0.6812318768123188	chr13	50656285.0	50656399.0	antisense	0.999000099990001	0.00043446830544563664	0.05
SOX8	77	93	0.1334535573532763	0.7242275772422758	chr13	50656285.0	50656399.0	sense	0.999000099990001	0.00043446830544563664	0.05
Dlx2	69	77	0.13331874429999158	0.8822117788221178	chr13	50656285.0	50656399.0	antisense	0.999000099990001	0.00043446830544563664	0.05
SRF	79	95	0.13320210083814615	0.9533046695330467	chr13	50656285.0	50656399.0	antisense	0.999000099990001	0.00043446830544563664	0.05
RXRB	81	95	0.13225812439028575	0.8035196480351965	chr13	50656285.0	50656399.0	sense	0.999000099990001	0.00043446830544563664	0.05
PAX4	83	91	0.13204665169553728	0.8934106589341065	chr13	50656285.0	50656399.0	antisense	0.999000099990001	0.00043446830544563664	0.05
Prrx2	69	77	0.13030488377455934	0.9644035596440356	chr13	50656285.0	50656399.0	sense	0.999000099990001	0.00043446830544563664	0.05
Ar	77	94	0.12957523824729408	0.9775022497750225	chr13	50656285.0	50656399.0	antisense	0.999000099990001	0.00043446830544563664	0.05
NFE2	72	83	0.1294847921671334	0.8877112288771123	chr13	50656285.0	50656399.0	sense	0.999000099990001	0.00043446830544563664	0.05
FOXD2	83	90	0.12902356474013818	0.8358164183581642	chr13	50656285.0	50656399.0	antisense	0.999000099990001	0.00043446830544563664	0.05
RHOXF1	73	81	0.12898682993670688	0.9587041295870413	chr13	50656285.0	50656399.0	antisense	0.999000099990001	0.00043446830544563664	0.05
MEOX1	82	92	0.12840995023519144	0.9771022897710229	chr13	50656285.0	50656399.0	antisense	0.999000099990001	0.00043446830544563664	0.05
Rarb	79	95	0.1283065039059842	0.7892210778922107	chr13	50656285.0	50656399.0	sense	0.999000099990001	0.00043446830544563664	0.05
E2F3	77	95	0.12781698041092407	0.9025097490250975	chr13	50656285.0	50656399.0	antisense	0.999000099990001	0.00043446830544563664	0.05
JUND(var.2)	71	86	0.12719135158752265	0.9876012398760124	chr13	50656285.0	50656399.0	antisense	0.999000099990001	0.00043446830544563664	0.05
LIN54	86	95	0.12618860615362731	0.8025197480251974	chr13	50656285.0	50656399.0	sense	0.999000099990001	0.00043446830544563664	0.05
JUN	72	85	0.12579590659356235	0.9724027597240276	chr13	50656285.0	50656399.0	antisense	0.999000099990001	0.00043446830544563664	0.05
SHOX	69	77	0.12483299409718619	0.9488051194880512	chr13	50656285.0	50656399.0	antisense	0.999000099990001	0.00043446830544563664	0.05
Nobox	70	78	0.12479665575924473	0.8708129187081292	chr13	50656285.0	50656399.0	sense	0.999000099990001	0.00043446830544563664	0.05
MNX1	68	78	0.12475122524687221	0.9561043895610439	chr13	50656285.0	50656399.0	antisense	0.999000099990001	0.00043446830544563664	0.05
Hoxd8	78	95	0.12422638453556488	0.9894010598940106	chr13	50656285.0	50656399.0	sense	0.999000099990001	0.00043446830544563664	0.05
FOSL1	79	90	0.12419695869926023	0.962903709629037	chr13	50656285.0	50656399.0	antisense	0.999000099990001	0.00043446830544563664	0.05
RAX	75	85	0.1230615324339176	0.9574042595740426	chr13	50656285.0	50656399.0	antisense	0.999000099990001	0.00043446830544563664	0.05
SOX4	78	94	0.12252031128899357	0.8065193480651934	chr13	50656285.0	50656399.0	antisense	0.999000099990001	0.00043446830544563664	0.05
RAX2	69	77	0.12148954782055482	0.9708029197080292	chr13	50656285.0	50656399.0	sense	0.999000099990001	0.00043446830544563664	0.05
FOXG1	73	81	0.1211181012686789	0.7357264273572642	chr13	50656285.0	50656399.0	antisense	0.999000099990001	0.00043446830544563664	0.05
FOXO3	73	81	0.11922545100733815	0.7698230176982301	chr13	50656285.0	50656399.0	antisense	0.999000099990001	0.00043446830544563664	0.05
TFAP4	83	93	0.11915547563057995	0.9531046895310469	chr13	50656285.0	50656399.0	antisense	0.999000099990001	0.00043446830544563664	0.05
LHX6	82	92	0.11874551636762821	0.9645035496450355	chr13	50656285.0	50656399.0	antisense	0.999000099990001	0.00043446830544563664	0.05
GATA2	71	85	0.11873954263566001	0.9717028297170283	chr13	50656285.0	50656399.0	sense	0.999000099990001	0.00043446830544563664	0.05
Rarb(var.2)	78	95	0.11772525014421573	0.9407059294070593	chr13	50656285.0	50656399.0	sense	0.999000099990001	0.00043446830544563664	0.05
LHX9	69	77	0.11733954413756424	0.9543045695430457	chr13	50656285.0	50656399.0	sense	0.999000099990001	0.00043446830544563664	0.05
NFKB2	74	87	0.11579608544463797	0.9379062093790621	chr13	50656285.0	50656399.0	sense	0.999000099990001	0.00043446830544563664	0.05
GATA5	71	79	0.11190565827545955	0.9459054094590541	chr13	50656285.0	50656399.0	antisense	0.999000099990001	0.00043446830544563664	0.05
EWSR1-FLI1	68	86	0.11039837902263235	0.5178482151784821	chr13	50656285.0	50656399.0	antisense	0.999000099990001	0.00043446830544563664	0.05
NR3C1	73	90	0.10983473510859869	0.9883011698830118	chr13	50656285.0	50656399.0	antisense	0.999000099990001	0.00043446830544563664	0.05
GATA3	71	79	0.1096297823774217	0.734026597340266	chr13	50656285.0	50656399.0	antisense	0.999000099990001	0.00043446830544563664	0.05
JDP2(var.2)	78	90	0.10934821620637625	0.9761023897610239	chr13	50656285.0	50656399.0	sense	0.999000099990001	0.00043446830544563664	0.05
FOXC1	82	93	0.10878473190789956	0.9326067393260674	chr13	50656285.0	50656399.0	antisense	0.999000099990001	0.00043446830544563664	0.05
STAT1	69	80	0.10809652876113181	0.9618038196180382	chr13	50656285.0	50656399.0	antisense	0.999000099990001	0.00043446830544563664	0.05
FOXD1	73	81	0.10576080946917937	0.9131086891310869	chr13	50656285.0	50656399.0	antisense	0.999000099990001	0.00043446830544563664	0.05
NFIL3	83	94	0.10365245987987518	0.9521047895210479	chr13	50656285.0	50656399.0	antisense	0.999000099990001	0.00043446830544563664	0.05
HOXB13	75	85	0.1032037606353872	0.8698130186981302	chr13	50656285.0	50656399.0	antisense	0.999000099990001	0.00043446830544563664	0.05
PDX1	69	77	0.10310685008194825	0.931006899310069	chr13	50656285.0	50656399.0	antisense	0.999000099990001	0.00043446830544563664	0.05
E2F2	78	94	0.1027926446350187	0.9307069293070693	chr13	50656285.0	50656399.0	antisense	0.999000099990001	0.00043446830544563664	0.05
Msx3	69	77	0.1025161479506231	0.9115088491150884	chr13	50656285.0	50656399.0	antisense	0.999000099990001	0.00043446830544563664	0.05
MSX2	69	77	0.10191088628186454	0.9205079492050795	chr13	50656285.0	50656399.0	antisense	0.999000099990001	0.00043446830544563664	0.05
OTX1	77	85	0.10150615425215975	0.98000199980002	chr13	50656285.0	50656399.0	sense	0.999000099990001	0.00043446830544563664	0.05
RELA	75	85	0.10010974261716805	0.9317068293170683	chr13	50656285.0	50656399.0	antisense	0.999000099990001	0.00043446830544563664	0.05
HOXA13	71	81	0.1000776582404575	0.8709129087091291	chr13	50656285.0	50656399.0	antisense	0.999000099990001	0.00043446830544563664	0.05
FOS	72	83	0.09987931465855948	0.9853014698530147	chr13	50656285.0	50656399.0	sense	0.999000099990001	0.00043446830544563664	0.05
BSX	69	77	0.09915637129084787	0.9722027797220278	chr13	50656285.0	50656399.0	sense	0.999000099990001	0.00043446830544563664	0.05
Rarg	72	88	0.09851875432377986	0.9273072692730727	chr13	50656285.0	50656399.0	antisense	0.999000099990001	0.00043446830544563664	0.05
Arid3b	70	81	0.0979780564040071	0.9453054694530547	chr13	50656285.0	50656399.0	sense	0.999000099990001	0.00043446830544563664	0.05
VSX1	69	77	0.09747489285654999	0.9774022597740226	chr13	50656285.0	50656399.0	sense	0.999000099990001	0.00043446830544563664	0.05
JUND	72	83	0.09603589740156636	0.992000799920008	chr13	50656285.0	50656399.0	sense	0.999000099990001	0.00043446830544563664	0.05
NR4A2	87	95	0.09577370320591766	0.9874012598740126	chr13	50656285.0	50656399.0	sense	0.999000099990001	0.00043446830544563664	0.05
EN1	69	77	0.09470481537205501	0.97000299970003	chr13	50656285.0	50656399.0	antisense	0.999000099990001	0.00043446830544563664	0.05
NKX6-2	69	77	0.0943340330264607	0.988001199880012	chr13	50656285.0	50656399.0	sense	0.999000099990001	0.00043446830544563664	0.05
NFKB1	74	87	0.09180228524726616	0.9402059794020597	chr13	50656285.0	50656399.0	antisense	0.999000099990001	0.00043446830544563664	0.05
RARA	70	88	0.09124000686089773	0.9438056194380562	chr13	50656285.0	50656399.0	antisense	0.999000099990001	0.00043446830544563664	0.05
FOXO4	74	81	0.09120286443938919	0.8976102389761024	chr13	50656285.0	50656399.0	antisense	0.999000099990001	0.00043446830544563664	0.05
HOXD13	81	91	0.09107615296685237	0.8776122387761224	chr13	50656285.0	50656399.0	antisense	0.999000099990001	0.00043446830544563664	0.05
UNCX	69	77	0.09004041078731076	0.9939006099390061	chr13	50656285.0	50656399.0	sense	0.999000099990001	0.00043446830544563664	0.05
OTX2	70	78	0.08897048691304238	0.9791020897910209	chr13	50656285.0	50656399.0	sense	0.999000099990001	0.00043446830544563664	0.05
FOXO6	74	81	0.08854915058589433	0.8921107889211078	chr13	50656285.0	50656399.0	antisense	0.999000099990001	0.00043446830544563664	0.05
Lhx8	69	77	0.08806781027496913	0.9895010498950105	chr13	50656285.0	50656399.0	sense	0.999000099990001	0.00043446830544563664	0.05
FOXL1	74	81	0.08699695092711274	0.8924107589241076	chr13	50656285.0	50656399.0	antisense	0.999000099990001	0.00043446830544563664	0.05
Mecom	81	95	0.08693751097659315	0.9169083091690831	chr13	50656285.0	50656399.0	antisense	0.999000099990001	0.00043446830544563664	0.05
TGIF1	82	94	0.0863417470241673	0.9743025697430256	chr13	50656285.0	50656399.0	sense	0.999000099990001	0.00043446830544563664	0.05
LBX1	83	91	0.0860900282408044	0.9626037396260374	chr13	50656285.0	50656399.0	sense	0.999000099990001	0.00043446830544563664	0.05
Pitx1	70	78	0.08536459069328721	0.9963003699630038	chr13	50656285.0	50656399.0	sense	0.999000099990001	0.00043446830544563664	0.05
FOXI1	74	81	0.08376504802976778	0.9101089891010898	chr13	50656285.0	50656399.0	antisense	0.999000099990001	0.00043446830544563664	0.05
MEF2B	78	90	0.08310544780915455	0.9503049695030497	chr13	50656285.0	50656399.0	sense	0.999000099990001	0.00043446830544563664	0.05
Creb5	78	90	0.0805378893370872	0.9976002399760024	chr13	50656285.0	50656399.0	antisense	0.999000099990001	0.00043446830544563664	0.05
VSX2	69	77	0.08051955591583819	0.9854014598540146	chr13	50656285.0	50656399.0	sense	0.999000099990001	0.00043446830544563664	0.05
FOXB1	69	80	0.07867919882827702	0.981001899810019	chr13	50656285.0	50656399.0	antisense	0.999000099990001	0.00043446830544563664	0.05
MEF2D	69	81	0.07865780442696763	0.9183081691830817	chr13	50656285.0	50656399.0	antisense	0.999000099990001	0.00043446830544563664	0.05
LMX1B	69	77	0.07631038099540696	0.9928007199280072	chr13	50656285.0	50656399.0	antisense	0.999000099990001	0.00043446830544563664	0.05
ESR1	72	89	0.07610427049605982	0.999000099990001	chr13	50656285.0	50656399.0	sense	0.999000099990001	0.00043446830544563664	0.05
MEF2A	78	90	0.07441115178874716	0.9408059194080592	chr13	50656285.0	50656399.0	antisense	0.999000099990001	0.00043446830544563664	0.05
Arid3a	72	78	0.07392542190893935	0.829017098290171	chr13	50656285.0	50656399.0	antisense	0.999000099990001	0.00043446830544563664	0.05
NKX6-1	69	77	0.06865084234318553	0.9867013298670133	chr13	50656285.0	50656399.0	antisense	0.999000099990001	0.00043446830544563664	0.05
PRRX1	69	77	0.06553480396533842	0.9963003699630038	chr13	50656285.0	50656399.0	antisense	0.999000099990001	0.00043446830544563664	0.05
Lhx4	73	81	0.06332565574356168	0.9931006899310069	chr13	50656285.0	50656399.0	antisense	0.999000099990001	0.00043446830544563664	0.05
Shox2	69	77	0.06230044763812184	0.9904009599040096	chr13	50656285.0	50656399.0	sense	0.999000099990001	0.00043446830544563664	0.05
LMX1A	73	81	0.06106962886606415	0.9953004699530047	chr13	50656285.0	50656399.0	antisense	0.999000099990001	0.00043446830544563664	0.05
POU6F1	69	79	0.060903061721460656	0.9969003099690031	chr13	50656285.0	50656399.0	sense	0.999000099990001	0.00043446830544563664	0.05
HNF1B	82	95	0.05916192169689731	0.9958004199580042	chr13	50656285.0	50656399.0	sense	0.999000099990001	0.00043446830544563664	0.05
mix-a	68	79	0.0585043476154316	0.9918008199180082	chr13	50656285.0	50656399.0	antisense	0.999000099990001	0.00043446830544563664	0.05
HNF1A	68	83	0.05694505722799949	0.9989001099890011	chr13	50656285.0	50656399.0	sense	0.999000099990001	0.00043446830544563664	0.05
ISX	69	77	0.05441460776088047	0.9841015898410159	chr13	50656285.0	50656399.0	antisense	0.999000099990001	0.00043446830544563664	0.05
Lhx3	71	84	0.03969294378156252	0.9873012698730127	chr13	50656285.0	50656399.0	antisense	0.999000099990001	0.00043446830544563664	0.05
