motif	start	end	score	pval	tile_chr	tile_start	tile_end	strand	padj	neg_log_pval	fdr_cutoff
TFCP2	81	91	6.0939112338613945	0.0005999400059994001	chr11	65265021.0	65265135.0	sense	0.19028097190280974	0.7206046389898422	0.15
LBX2	79	89	5.911049649241184	0.010298970102989701	chr11	65265021.0	65265135.0	antisense	0.5939072759390728	0.22628135416255746	0.15
GRHL1	80	92	5.5500231643033535	0.0010998900109989002	chr11	65265021.0	65265135.0	antisense	0.19028097190280974	0.7206046389898422	0.15
SPDEF	82	93	5.277783935725716	0.0008999100089991	chr11	65265021.0	65265135.0	sense	0.19028097190280974	0.7206046389898422	0.15
Barhl1	79	89	4.849012824402444	0.0453954604539546	chr11	65265021.0	65265135.0	sense	0.6851326540497701	0.16422533311458162	0.15
GSX2	79	89	4.662773991567122	0.09379062093790622	chr11	65265021.0	65265135.0	antisense	0.6851326540497701	0.16422533311458162	0.15
CENPB	74	89	4.574010142705281	0.0122987701229877	chr11	65265021.0	65265135.0	antisense	0.6192780721927807	0.20811429750419286	0.15
GSX1	79	89	4.5502047080312416	0.10128987101289871	chr11	65265021.0	65265135.0	antisense	0.6851326540497701	0.16422533311458162	0.15
ETV4	83	93	4.4734105025812285	0.006899310068993101	chr11	65265021.0	65265135.0	sense	0.5939072759390728	0.22628135416255746	0.15
ETV1	83	93	4.4733146487135045	0.007899210078992101	chr11	65265021.0	65265135.0	sense	0.5939072759390728	0.22628135416255746	0.15
ETV3	83	93	4.4429450135143735	0.007399260073992601	chr11	65265021.0	65265135.0	sense	0.5939072759390728	0.22628135416255746	0.15
THAP1	80	89	4.34317163596354	0.0627937206279372	chr11	65265021.0	65265135.0	sense	0.6851326540497701	0.16422533311458162	0.15
TBP	71	86	4.206433907620663	0.07649235076492351	chr11	65265021.0	65265135.0	antisense	0.6851326540497701	0.16422533311458162	0.15
HOXA10	75	86	4.180967255217539	0.035096490350964904	chr11	65265021.0	65265135.0	antisense	0.6851326540497701	0.16422533311458162	0.15
ELK3	83	93	4.10413076407353	0.008599140085991401	chr11	65265021.0	65265135.0	sense	0.5939072759390728	0.22628135416255746	0.15
DUXA	80	93	4.001285811685433	0.0178982101789821	chr11	65265021.0	65265135.0	sense	0.6192780721927807	0.20811429750419286	0.15
EVX2	79	89	3.988354572798913	0.08359164083591641	chr11	65265021.0	65265135.0	antisense	0.6851326540497701	0.16422533311458162	0.15
ETV5	83	93	3.9746439375931124	0.025997400259974	chr11	65265021.0	65265135.0	sense	0.6851326540497701	0.16422533311458162	0.15
HOXB3	79	89	3.924020283032337	0.0888911108889111	chr11	65265021.0	65265135.0	antisense	0.6851326540497701	0.16422533311458162	0.15
ELF5	82	93	3.8403422764489177	0.030396960303969604	chr11	65265021.0	65265135.0	sense	0.6851326540497701	0.16422533311458162	0.15
Nr1h3::Rxra	71	90	3.823948282165203	0.09929007099290071	chr11	65265021.0	65265135.0	sense	0.6851326540497701	0.16422533311458162	0.15
BSX	80	88	3.7536366514468975	0.0164983501649835	chr11	65265021.0	65265135.0	antisense	0.6192780721927807	0.20811429750419286	0.15
ZNF263	71	92	3.693747546256801	0.06509349065093491	chr11	65265021.0	65265135.0	antisense	0.6851326540497701	0.16422533311458162	0.15
Arid5a	71	85	3.6186827484450443	0.1357864213578642	chr11	65265021.0	65265135.0	sense	0.6851326540497701	0.16422533311458162	0.15
FEV	83	93	3.541030467766877	0.0178982101789821	chr11	65265021.0	65265135.0	sense	0.6192780721927807	0.20811429750419286	0.15
Hoxd8	74	91	3.521639611028717	0.1411858814118588	chr11	65265021.0	65265135.0	sense	0.6851326540497701	0.16422533311458162	0.15
Pax2	84	92	3.443123240644049	0.1643835616438356	chr11	65265021.0	65265135.0	antisense	0.6851326540497701	0.16422533311458162	0.15
SNAI2	81	90	3.3891989273838283	0.04129587041295871	chr11	65265021.0	65265135.0	antisense	0.6851326540497701	0.16422533311458162	0.15
MEF2C	72	87	3.370883564108537	0.04609539046095391	chr11	65265021.0	65265135.0	antisense	0.6851326540497701	0.16422533311458162	0.15
ETV2	82	93	3.3415669870257125	0.009799020097990201	chr11	65265021.0	65265135.0	sense	0.5939072759390728	0.22628135416255746	0.15
Hes2	71	84	3.3357339799503927	0.384961503849615	chr11	65265021.0	65265135.0	antisense	0.7019266931438345	0.15370824175270548	0.15
ERF	83	93	3.330233828589818	0.0143985601439856	chr11	65265021.0	65265135.0	sense	0.6192780721927807	0.20811429750419286	0.15
Hes1	81	91	3.2874853055154407	0.5560443955604439	chr11	65265021.0	65265135.0	sense	0.7629495625635326	0.11750417164455125	0.15
HLTF	82	92	3.238951271478076	0.1151884811518848	chr11	65265021.0	65265135.0	sense	0.6851326540497701	0.16422533311458162	0.15
Dmbx1	75	92	3.1930055915683826	0.12438756124387561	chr11	65265021.0	65265135.0	antisense	0.6851326540497701	0.16422533311458162	0.15
HMBOX1	79	89	3.1886381007462283	0.07989201079892011	chr11	65265021.0	65265135.0	antisense	0.6851326540497701	0.16422533311458162	0.15
Spz1	76	87	3.1654149670242915	0.04079592040795921	chr11	65265021.0	65265135.0	antisense	0.6851326540497701	0.16422533311458162	0.15
ELK1	83	93	3.072697029810853	0.015898410158984102	chr11	65265021.0	65265135.0	sense	0.6192780721927807	0.20811429750419286	0.15
MSC	83	93	2.97883940050251	0.0212978702129787	chr11	65265021.0	65265135.0	antisense	0.6851326540497701	0.16422533311458162	0.15
RUNX2	81	90	2.974627205777752	0.030996900309969003	chr11	65265021.0	65265135.0	sense	0.6851326540497701	0.16422533311458162	0.15
HOXA2	79	89	2.963406979074078	0.20577942205779423	chr11	65265021.0	65265135.0	antisense	0.6851326540497701	0.16422533311458162	0.15
REL	76	86	2.9515316130584774	0.07549245075492451	chr11	65265021.0	65265135.0	sense	0.6851326540497701	0.16422533311458162	0.15
RUNX3	81	91	2.883923811486605	0.04459554044595541	chr11	65265021.0	65265135.0	sense	0.6851326540497701	0.16422533311458162	0.15
MNX1	76	86	2.88041900639599	0.13978602139786023	chr11	65265021.0	65265135.0	sense	0.6851326540497701	0.16422533311458162	0.15
EVX1	76	86	2.867269713884903	0.2243775622437756	chr11	65265021.0	65265135.0	antisense	0.6851326540497701	0.16422533311458162	0.15
TP73	72	90	2.8467574980905956	0.0403959604039596	chr11	65265021.0	65265135.0	antisense	0.6851326540497701	0.16422533311458162	0.15
GSC2	79	89	2.8272312258988443	0.3066693330666933	chr11	65265021.0	65265135.0	sense	0.6851326540497701	0.16422533311458162	0.15
Gfi1	72	82	2.8156867921567987	0.11968803119688032	chr11	65265021.0	65265135.0	antisense	0.6851326540497701	0.16422533311458162	0.15
RARA::RXRA	70	87	2.790804209835408	0.1322867713228677	chr11	65265021.0	65265135.0	antisense	0.6851326540497701	0.16422533311458162	0.15
SOX9	72	81	2.7860552747246556	0.1264873512648735	chr11	65265021.0	65265135.0	sense	0.6851326540497701	0.16422533311458162	0.15
Hoxa11	76	88	2.7605536387826013	0.1217878212178782	chr11	65265021.0	65265135.0	sense	0.6851326540497701	0.16422533311458162	0.15
BARHL2	79	89	2.7554056262471054	0.18088191180881913	chr11	65265021.0	65265135.0	sense	0.6851326540497701	0.16422533311458162	0.15
HSF4	78	91	2.739541699429661	0.08749125087491251	chr11	65265021.0	65265135.0	sense	0.6851326540497701	0.16422533311458162	0.15
Mitf	81	91	2.6441205797944387	0.33926607339266074	chr11	65265021.0	65265135.0	antisense	0.6851326540497701	0.16422533311458162	0.15
SPIC	79	93	2.6364814149867764	0.1862813718628137	chr11	65265021.0	65265135.0	sense	0.6851326540497701	0.16422533311458162	0.15
ESR2	72	87	2.630917739098903	0.18938106189381063	chr11	65265021.0	65265135.0	sense	0.6851326540497701	0.16422533311458162	0.15
NRL	74	85	2.630174692229362	0.40085991400859916	chr11	65265021.0	65265135.0	sense	0.704904509549045	0.15186971107207187	0.15
NFYB	70	85	2.619899848848023	0.08349165083491651	chr11	65265021.0	65265135.0	antisense	0.6851326540497701	0.16422533311458162	0.15
Hoxd9	78	88	2.5426021598166444	0.16868313168683133	chr11	65265021.0	65265135.0	antisense	0.6851326540497701	0.16422533311458162	0.15
ALX3	73	83	2.5218627845645636	0.38676132386761325	chr11	65265021.0	65265135.0	sense	0.7019266931438345	0.15370824175270548	0.15
EOMES	75	88	2.5111467416022215	0.16618338166183383	chr11	65265021.0	65265135.0	antisense	0.6851326540497701	0.16422533311458162	0.15
PRDM1	75	90	2.503453522574035	0.11208879112088792	chr11	65265021.0	65265135.0	antisense	0.6851326540497701	0.16422533311458162	0.15
TBX2	77	88	2.4857343993001417	0.22027797220277973	chr11	65265021.0	65265135.0	antisense	0.6851326540497701	0.16422533311458162	0.15
Hmx3	75	92	2.4772794851470197	0.2501749825017498	chr11	65265021.0	65265135.0	antisense	0.6851326540497701	0.16422533311458162	0.15
POU3F1	75	87	2.4561655352476226	0.1596840315968403	chr11	65265021.0	65265135.0	sense	0.6851326540497701	0.16422533311458162	0.15
Rhox11	72	89	2.455600927811135	0.3541645835416458	chr11	65265021.0	65265135.0	sense	0.6910203716470458	0.1605091492054159	0.15
TBX5	79	87	2.4388000896138533	0.19978002199780023	chr11	65265021.0	65265135.0	antisense	0.6851326540497701	0.16422533311458162	0.15
LIN54	76	85	2.4379439210604534	0.05219478052194781	chr11	65265021.0	65265135.0	antisense	0.6851326540497701	0.16422533311458162	0.15
FIGLA	83	93	2.4079997022730097	0.13088691130886912	chr11	65265021.0	65265135.0	sense	0.6851326540497701	0.16422533311458162	0.15
Pparg::Rxra	74	89	2.4072162651864946	0.297970202979702	chr11	65265021.0	65265135.0	antisense	0.6851326540497701	0.16422533311458162	0.15
HOXB2	79	89	2.4043295503520135	0.3902609739026097	chr11	65265021.0	65265135.0	antisense	0.7019266931438345	0.15370824175270548	0.15
Foxo1	72	83	2.3774694192147106	0.06579342065793421	chr11	65265021.0	65265135.0	sense	0.6851326540497701	0.16422533311458162	0.15
YY2	82	93	2.372341767058166	0.1473852614738526	chr11	65265021.0	65265135.0	sense	0.6851326540497701	0.16422533311458162	0.15
NFIX	76	85	2.334477739828362	0.29427057294270575	chr11	65265021.0	65265135.0	sense	0.6851326540497701	0.16422533311458162	0.15
Crx	80	91	2.333447877925208	0.0826917308269173	chr11	65265021.0	65265135.0	antisense	0.6851326540497701	0.16422533311458162	0.15
ETS1	83	93	2.329429505721134	0.0827917208279172	chr11	65265021.0	65265135.0	sense	0.6851326540497701	0.16422533311458162	0.15
SMAD2::SMAD3::SMAD4	74	87	2.3218230047872166	0.14288571142885712	chr11	65265021.0	65265135.0	sense	0.6851326540497701	0.16422533311458162	0.15
TBR1	77	87	2.2969753005011144	0.10978902109789021	chr11	65265021.0	65265135.0	antisense	0.6851326540497701	0.16422533311458162	0.15
VAX1	77	85	2.289821763129217	0.34296570342965704	chr11	65265021.0	65265135.0	antisense	0.6872555987644479	0.16288171346688618	0.15
TAL1::TCF3	81	93	2.2845438477692954	0.0790920907909209	chr11	65265021.0	65265135.0	sense	0.6851326540497701	0.16422533311458162	0.15
RUNX1	70	81	2.2832635597530233	0.23937606239376064	chr11	65265021.0	65265135.0	sense	0.6851326540497701	0.16422533311458162	0.15
Hand1::Tcf3	81	91	2.2792122554276975	0.21857814218578142	chr11	65265021.0	65265135.0	antisense	0.6851326540497701	0.16422533311458162	0.15
ERG	83	93	2.2732700000055575	0.0892910708929107	chr11	65265021.0	65265135.0	sense	0.6851326540497701	0.16422533311458162	0.15
MZF1(var.2)	82	92	2.270652766306458	0.20767923207679231	chr11	65265021.0	65265135.0	antisense	0.6851326540497701	0.16422533311458162	0.15
Hic1	77	86	2.2586158348798175	0.19758024197580243	chr11	65265021.0	65265135.0	sense	0.6851326540497701	0.16422533311458162	0.15
Ddit3::Cebpa	76	88	2.2279635892615386	0.20937906209379062	chr11	65265021.0	65265135.0	sense	0.6851326540497701	0.16422533311458162	0.15
PPARG	70	90	2.223414300950947	0.14438556144385561	chr11	65265021.0	65265135.0	sense	0.6851326540497701	0.16422533311458162	0.15
MEOX2	76	86	2.210716132283898	0.5007499250074993	chr11	65265021.0	65265135.0	sense	0.751124887511249	0.12428784801880811	0.15
HOXC12	75	86	2.2037134365581053	0.07139286071392861	chr11	65265021.0	65265135.0	antisense	0.6851326540497701	0.16422533311458162	0.15
VAX2	77	85	2.2024896419183317	0.31126887311268875	chr11	65265021.0	65265135.0	antisense	0.6851326540497701	0.16422533311458162	0.15
FLI1	83	93	2.1932206414122675	0.0704929507049295	chr11	65265021.0	65265135.0	sense	0.6851326540497701	0.16422533311458162	0.15
DMRT3	77	88	2.191621707285117	0.18118188181181882	chr11	65265021.0	65265135.0	sense	0.6851326540497701	0.16422533311458162	0.15
TBX21	78	88	2.1879486132226758	0.0846915308469153	chr11	65265021.0	65265135.0	antisense	0.6851326540497701	0.16422533311458162	0.15
SRY	73	82	2.1872076316967526	0.20927907209279073	chr11	65265021.0	65265135.0	antisense	0.6851326540497701	0.16422533311458162	0.15
ZEB1	79	88	2.181186062696469	0.045795420457954206	chr11	65265021.0	65265135.0	sense	0.6851326540497701	0.16422533311458162	0.15
MIXL1	73	83	2.1748774316740422	0.5440455954404559	chr11	65265021.0	65265135.0	antisense	0.7629495625635326	0.11750417164455125	0.15
GATA1::TAL1	75	93	2.163560477203888	0.2508749125087491	chr11	65265021.0	65265135.0	sense	0.6851326540497701	0.16422533311458162	0.15
VENTX	80	89	2.1500512707496098	0.10438956104389562	chr11	65265021.0	65265135.0	antisense	0.6851326540497701	0.16422533311458162	0.15
Pitx1	85	93	2.125720815971906	0.24887511248875113	chr11	65265021.0	65265135.0	antisense	0.6851326540497701	0.16422533311458162	0.15
RHOXF1	85	93	2.10736165594036	0.2054794520547945	chr11	65265021.0	65265135.0	antisense	0.6851326540497701	0.16422533311458162	0.15
GSC	79	89	2.10075327063398	0.2830716928307169	chr11	65265021.0	65265135.0	sense	0.6851326540497701	0.16422533311458162	0.15
NFATC1	75	85	2.0855460498235057	0.3521647835216478	chr11	65265021.0	65265135.0	sense	0.6910203716470458	0.1605091492054159	0.15
MYBL2	74	89	2.0776287927069013	0.11488851114888511	chr11	65265021.0	65265135.0	antisense	0.6851326540497701	0.16422533311458162	0.15
DUX4	81	92	2.0760891200578997	0.05959404059594041	chr11	65265021.0	65265135.0	sense	0.6851326540497701	0.16422533311458162	0.15
ISL2	77	85	2.070924389944771	0.30746925307469253	chr11	65265021.0	65265135.0	sense	0.6851326540497701	0.16422533311458162	0.15
Foxq1	72	83	2.068444466666358	0.0715928407159284	chr11	65265021.0	65265135.0	sense	0.6851326540497701	0.16422533311458162	0.15
ESX1	76	86	2.062708495758854	0.49275072492750727	chr11	65265021.0	65265135.0	sense	0.7430735187350831	0.12896821557803198	0.15
HOXA5	72	80	2.0484623356351546	0.17118288171182883	chr11	65265021.0	65265135.0	sense	0.6851326540497701	0.16422533311458162	0.15
Six3	73	90	2.045509145860776	0.3294670532946705	chr11	65265021.0	65265135.0	antisense	0.6851326540497701	0.16422533311458162	0.15
TEAD1	74	84	2.0434276213939992	0.2338766123387661	chr11	65265021.0	65265135.0	sense	0.6851326540497701	0.16422533311458162	0.15
NFAT5	75	85	2.04158452935775	0.23647635236476353	chr11	65265021.0	65265135.0	sense	0.6851326540497701	0.16422533311458162	0.15
FOXP1	72	87	2.0312979057900318	0.15598440155984403	chr11	65265021.0	65265135.0	antisense	0.6851326540497701	0.16422533311458162	0.15
TFAP4	83	93	2.010109889744252	0.0710928907109289	chr11	65265021.0	65265135.0	antisense	0.6851326540497701	0.16422533311458162	0.15
Neurog1	83	93	2.003352738719939	0.7268273172682732	chr11	65265021.0	65265135.0	sense	0.8209736510080011	0.0856707812550548	0.15
ZBTB7C	80	92	1.9989857946557525	0.32836716328367166	chr11	65265021.0	65265135.0	sense	0.6851326540497701	0.16422533311458162	0.15
NR4A2	80	88	1.9895736196118208	0.1588841115888411	chr11	65265021.0	65265135.0	antisense	0.6851326540497701	0.16422533311458162	0.15
NKX2-3	69	79	1.9703985748638264	0.18518148185181482	chr11	65265021.0	65265135.0	antisense	0.6851326540497701	0.16422533311458162	0.15
Stat4	71	85	1.9552323028895038	0.1708829117088291	chr11	65265021.0	65265135.0	antisense	0.6851326540497701	0.16422533311458162	0.15
PITX3	76	85	1.94353941766105	0.33726627337266274	chr11	65265021.0	65265135.0	antisense	0.6851326540497701	0.16422533311458162	0.15
POU2F1	74	86	1.943151610378254	0.26977302269773024	chr11	65265021.0	65265135.0	sense	0.6851326540497701	0.16422533311458162	0.15
Alx1	69	86	1.9342795076429369	0.26577342265773424	chr11	65265021.0	65265135.0	antisense	0.6851326540497701	0.16422533311458162	0.15
FOXP3	80	87	1.9217649419689762	0.20237976202379762	chr11	65265021.0	65265135.0	sense	0.6851326540497701	0.16422533311458162	0.15
MTF1	77	91	1.921764454432072	0.0382961703829617	chr11	65265021.0	65265135.0	sense	0.6851326540497701	0.16422533311458162	0.15
TCF7L2	74	88	1.9202873915268635	0.2131786821317868	chr11	65265021.0	65265135.0	antisense	0.6851326540497701	0.16422533311458162	0.15
HOXC11	75	86	1.9200253591778988	0.128987101289871	chr11	65265021.0	65265135.0	antisense	0.6851326540497701	0.16422533311458162	0.15
MEF2A	73	85	1.913346670157823	0.051394860513948606	chr11	65265021.0	65265135.0	antisense	0.6851326540497701	0.16422533311458162	0.15
Sox6	71	81	1.9086125249626384	0.06259374062593741	chr11	65265021.0	65265135.0	sense	0.6851326540497701	0.16422533311458162	0.15
Hmx1	75	92	1.9008207299970887	0.43275672432756723	chr11	65265021.0	65265135.0	antisense	0.7152889806560746	0.14551846540310667	0.15
Foxj3	70	87	1.8909527718285202	0.268973102689731	chr11	65265021.0	65265135.0	antisense	0.6851326540497701	0.16422533311458162	0.15
SP3	81	92	1.8901345251908026	0.25037496250374963	chr11	65265021.0	65265135.0	sense	0.6851326540497701	0.16422533311458162	0.15
GATA5	84	92	1.8875048466081827	0.30926907309269075	chr11	65265021.0	65265135.0	antisense	0.6851326540497701	0.16422533311458162	0.15
NFATC3	75	85	1.8805548520162716	0.3885611438856114	chr11	65265021.0	65265135.0	sense	0.7019266931438345	0.15370824175270548	0.15
Pou5f1::Sox2	70	85	1.87636014933407	0.24597540245975402	chr11	65265021.0	65265135.0	sense	0.6851326540497701	0.16422533311458162	0.15
Nkx2-5(var.2)	69	80	1.8748661958669504	0.16628337166283372	chr11	65265021.0	65265135.0	antisense	0.6851326540497701	0.16422533311458162	0.15
POU5F1B	76	85	1.8708322168385472	0.1987801219878012	chr11	65265021.0	65265135.0	sense	0.6851326540497701	0.16422533311458162	0.15
Tcfl5	82	92	1.8617345524185052	0.8418158184181582	chr11	65265021.0	65265135.0	sense	0.8983023668885678	0.046577456018296826	0.15
EGR1	78	92	1.8568240067785533	0.1797820217978202	chr11	65265021.0	65265135.0	sense	0.6851326540497701	0.16422533311458162	0.15
CDX1	76	85	1.8385701726579715	0.25617438256174385	chr11	65265021.0	65265135.0	antisense	0.6851326540497701	0.16422533311458162	0.15
PHOX2A	81	92	1.8315417415979929	0.26037396260373963	chr11	65265021.0	65265135.0	sense	0.6851326540497701	0.16422533311458162	0.15
PBX1	72	84	1.8278538915446128	0.18018198180181982	chr11	65265021.0	65265135.0	sense	0.6851326540497701	0.16422533311458162	0.15
Hmx2	75	92	1.8235286270372435	0.3511648835116488	chr11	65265021.0	65265135.0	antisense	0.6910203716470458	0.1605091492054159	0.15
NKX2-8	71	80	1.8074386263307558	0.32686731326867313	chr11	65265021.0	65265135.0	sense	0.6851326540497701	0.16422533311458162	0.15
NFIL3	76	87	1.774358623094721	0.1294870512948705	chr11	65265021.0	65265135.0	sense	0.6851326540497701	0.16422533311458162	0.15
Gfi1b	70	81	1.7742413296986894	0.14328567143285673	chr11	65265021.0	65265135.0	antisense	0.6851326540497701	0.16422533311458162	0.15
FOXD1	80	88	1.7645383416245304	0.1486851314868513	chr11	65265021.0	65265135.0	sense	0.6851326540497701	0.16422533311458162	0.15
OLIG3	83	93	1.7591793927351063	0.27717228277172284	chr11	65265021.0	65265135.0	sense	0.6851326540497701	0.16422533311458162	0.15
Dlx3	77	85	1.7571348261413795	0.5354464553544646	chr11	65265021.0	65265135.0	sense	0.7629495625635326	0.11750417164455125	0.15
NFKB2	75	88	1.7554185627028278	0.10678932106789321	chr11	65265021.0	65265135.0	sense	0.6851326540497701	0.16422533311458162	0.15
Phox2b	81	92	1.745360470606645	0.193980601939806	chr11	65265021.0	65265135.0	sense	0.6851326540497701	0.16422533311458162	0.15
HOXD11	75	85	1.687046778069721	0.1678832116788321	chr11	65265021.0	65265135.0	antisense	0.6851326540497701	0.16422533311458162	0.15
NKX3-2	70	79	1.6865223673279954	0.29527047295270475	chr11	65265021.0	65265135.0	antisense	0.6851326540497701	0.16422533311458162	0.15
GCM2	82	92	1.6755948695622453	0.3224677532246775	chr11	65265021.0	65265135.0	antisense	0.6851326540497701	0.16422533311458162	0.15
CUX2	81	91	1.6746088534486085	0.21357864213578642	chr11	65265021.0	65265135.0	sense	0.6851326540497701	0.16422533311458162	0.15
Foxk1	70	87	1.6730985284558795	0.25997400259974	chr11	65265021.0	65265135.0	antisense	0.6851326540497701	0.16422533311458162	0.15
POU4F1	69	83	1.668561591800164	0.3852614738526147	chr11	65265021.0	65265135.0	antisense	0.7019266931438345	0.15370824175270548	0.15
TP63	72	90	1.6680337781493135	0.0357964203579642	chr11	65265021.0	65265135.0	antisense	0.6851326540497701	0.16422533311458162	0.15
Ascl2	83	93	1.6617055977034212	0.16828317168283172	chr11	65265021.0	65265135.0	sense	0.6851326540497701	0.16422533311458162	0.15
UNCX	77	85	1.6592551345299351	0.6139386061393861	chr11	65265021.0	65265135.0	sense	0.7867509545341763	0.10416272150190563	0.15
OTX1	80	88	1.655094691799256	0.2506749325067493	chr11	65265021.0	65265135.0	sense	0.6851326540497701	0.16422533311458162	0.15
TBX4	79	87	1.6539852776357031	0.2977702229777022	chr11	65265021.0	65265135.0	antisense	0.6851326540497701	0.16422533311458162	0.15
Dlx4	77	85	1.6500651270971656	0.5415458454154585	chr11	65265021.0	65265135.0	sense	0.7629495625635326	0.11750417164455125	0.15
Nobox	71	79	1.645192285557438	0.24527547245275472	chr11	65265021.0	65265135.0	sense	0.6851326540497701	0.16422533311458162	0.15
Nkx3-1	70	79	1.6446628047472756	0.24677532246775322	chr11	65265021.0	65265135.0	antisense	0.6851326540497701	0.16422533311458162	0.15
Dlx1	73	83	1.641451408706143	0.6878312168783122	chr11	65265021.0	65265135.0	sense	0.8094884389112109	0.09178934944664206	0.15
ZBTB7A	71	83	1.6372725704125053	0.3344665533446655	chr11	65265021.0	65265135.0	antisense	0.6851326540497701	0.16422533311458162	0.15
NFIA	76	86	1.6368372644210285	0.18498150184981502	chr11	65265021.0	65265135.0	sense	0.6851326540497701	0.16422533311458162	0.15
GCM1	80	91	1.6349780408519206	0.2293770622937706	chr11	65265021.0	65265135.0	antisense	0.6851326540497701	0.16422533311458162	0.15
Klf1	75	86	1.632426693301591	0.1635836416358364	chr11	65265021.0	65265135.0	antisense	0.6851326540497701	0.16422533311458162	0.15
CLOCK	70	80	1.6281773494160854	0.24277572242775722	chr11	65265021.0	65265135.0	antisense	0.6851326540497701	0.16422533311458162	0.15
Gmeb1	76	93	1.6184651597054571	0.9397060293970603	chr11	65265021.0	65265135.0	antisense	0.9488471386324402	0.022803747736747523	0.15
KLF16	81	92	1.6128241829881351	0.12368763123687632	chr11	65265021.0	65265135.0	sense	0.6851326540497701	0.16422533311458162	0.15
HOXD12	73	84	1.6100509279002568	0.1596840315968403	chr11	65265021.0	65265135.0	sense	0.6851326540497701	0.16422533311458162	0.15
ONECUT3	70	84	1.5942971908342993	0.10138986101389862	chr11	65265021.0	65265135.0	antisense	0.6851326540497701	0.16422533311458162	0.15
BATF::JUN	75	86	1.5850212501044236	0.17488251174882513	chr11	65265021.0	65265135.0	antisense	0.6851326540497701	0.16422533311458162	0.15
E2F1	80	92	1.582659506125453	0.37176282371762825	chr11	65265021.0	65265135.0	sense	0.6990757445994532	0.1554757660577427	0.15
NFIC	78	84	1.5820535554144768	0.32156784321567844	chr11	65265021.0	65265135.0	antisense	0.6851326540497701	0.16422533311458162	0.15
ZNF354C	74	80	1.5780619122762543	0.17278272172782722	chr11	65265021.0	65265135.0	antisense	0.6851326540497701	0.16422533311458162	0.15
HIC2	80	89	1.573164337203071	0.48775122487751227	chr11	65265021.0	65265135.0	sense	0.7401838763492072	0.13066037950682802	0.15
GATA2	76	90	1.5550574629871587	0.27987201279872015	chr11	65265021.0	65265135.0	antisense	0.6851326540497701	0.16422533311458162	0.15
Esrrg	80	90	1.5539817637355187	0.2116788321167883	chr11	65265021.0	65265135.0	antisense	0.6851326540497701	0.16422533311458162	0.15
EN2	70	80	1.5513211265095515	0.5372462753724627	chr11	65265021.0	65265135.0	antisense	0.7629495625635326	0.11750417164455125	0.15
Sox3	72	82	1.5498999262713677	0.11278872112788721	chr11	65265021.0	65265135.0	sense	0.6851326540497701	0.16422533311458162	0.15
NEUROD2	83	93	1.5486478807565072	0.37736226377362264	chr11	65265021.0	65265135.0	antisense	0.7019266931438345	0.15370824175270548	0.15
MAFF	72	90	1.5479231018592965	0.5534446555344466	chr11	65265021.0	65265135.0	antisense	0.7629495625635326	0.11750417164455125	0.15
GBX2	69	79	1.5365682080513021	0.30256974302569745	chr11	65265021.0	65265135.0	antisense	0.6851326540497701	0.16422533311458162	0.15
HEY2	80	90	1.5310964191155454	0.3116688331166883	chr11	65265021.0	65265135.0	sense	0.6851326540497701	0.16422533311458162	0.15
SP8	81	93	1.5292240448631358	0.27977202279772023	chr11	65265021.0	65265135.0	sense	0.6851326540497701	0.16422533311458162	0.15
Nr2e1	74	83	1.5282613632033328	0.29027097290270976	chr11	65265021.0	65265135.0	antisense	0.6851326540497701	0.16422533311458162	0.15
TCF3	83	93	1.5018117402732936	0.27957204279572045	chr11	65265021.0	65265135.0	antisense	0.6851326540497701	0.16422533311458162	0.15
Prrx2	85	93	1.4955369748981537	0.7363263673632636	chr11	65265021.0	65265135.0	sense	0.8253852800465094	0.08334328061438087	0.15
Myb	80	90	1.4942404785639716	0.16878312168783122	chr11	65265021.0	65265135.0	sense	0.6851326540497701	0.16422533311458162	0.15
ZBTB33	78	93	1.492703881929374	0.37676232376762325	chr11	65265021.0	65265135.0	sense	0.7019266931438345	0.15370824175270548	0.15
CDX2	76	87	1.4901945486020427	0.15728427157284272	chr11	65265021.0	65265135.0	antisense	0.6851326540497701	0.16422533311458162	0.15
TCF4	80	90	1.4841707547462768	0.21377862213778623	chr11	65265021.0	65265135.0	sense	0.6851326540497701	0.16422533311458162	0.15
LMX1B	74	82	1.4810751839157448	0.6579342065793421	chr11	65265021.0	65265135.0	antisense	0.7959623618057775	0.09910746799917354	0.15
Myod1	69	82	1.4762911002171695	0.25177482251774824	chr11	65265021.0	65265135.0	sense	0.6851326540497701	0.16422533311458162	0.15
Hoxc9	73	86	1.4659842880711529	0.30226977302269775	chr11	65265021.0	65265135.0	antisense	0.6851326540497701	0.16422533311458162	0.15
HOXC10	75	85	1.4650483269351775	0.32496750324967505	chr11	65265021.0	65265135.0	antisense	0.6851326540497701	0.16422533311458162	0.15
FOS::JUN	85	92	1.4560206726481217	0.3444655534446555	chr11	65265021.0	65265135.0	sense	0.6876062393760624	0.16266019115557817	0.15
ID4	83	93	1.4452126742970126	0.33386661333866613	chr11	65265021.0	65265135.0	antisense	0.6851326540497701	0.16422533311458162	0.15
Hoxd3	71	87	1.4339963252637864	0.6506349365063494	chr11	65265021.0	65265135.0	antisense	0.7937713270926428	0.10030459289465202	0.15
NR2F1	77	90	1.433226263390352	0.36276372362763726	chr11	65265021.0	65265135.0	antisense	0.6921851932453814	0.15977769507454584	0.15
RAX2	85	93	1.4225296614698684	0.7406259374062594	chr11	65265021.0	65265135.0	sense	0.8284156498143289	0.08175170533169097	0.15
Sox5	73	80	1.4224978448193404	0.22127787221277873	chr11	65265021.0	65265135.0	sense	0.6851326540497701	0.16422533311458162	0.15
DLX6	70	78	1.4219410924788034	0.49395060493950604	chr11	65265021.0	65265135.0	antisense	0.7430735187350831	0.12896821557803198	0.15
TBX20	77	88	1.4213581171820158	0.2445755424457554	chr11	65265021.0	65265135.0	antisense	0.6851326540497701	0.16422533311458162	0.15
FOS	73	84	1.3978901647802526	0.2216778322167783	chr11	65265021.0	65265135.0	antisense	0.6851326540497701	0.16422533311458162	0.15
Hoxb5	74	90	1.3952478676399152	0.6487351264873512	chr11	65265021.0	65265135.0	sense	0.7937713270926428	0.10030459289465202	0.15
EMX1	76	86	1.3838912468833653	0.7441255874412559	chr11	65265021.0	65265135.0	sense	0.8305401717892726	0.0806393566328435	0.15
HOXC13	75	86	1.3821466110994165	0.22137786221377861	chr11	65265021.0	65265135.0	antisense	0.6851326540497701	0.16422533311458162	0.15
MEIS1	84	91	1.3653176474418018	0.5496450354964504	chr11	65265021.0	65265135.0	antisense	0.7629495625635326	0.11750417164455125	0.15
MYF6	70	80	1.3586748112867784	0.1598840115988401	chr11	65265021.0	65265135.0	antisense	0.6851326540497701	0.16422533311458162	0.15
Sox17	70	79	1.356763761147034	0.40215978402159785	chr11	65265021.0	65265135.0	antisense	0.704904509549045	0.15186971107207187	0.15
ZNF740	81	91	1.3555393652437466	0.13788621137886212	chr11	65265021.0	65265135.0	sense	0.6851326540497701	0.16422533311458162	0.15
VSX1	74	82	1.343929495768414	0.607039296070393	chr11	65265021.0	65265135.0	sense	0.7824140662856791	0.10656335037876553	0.15
BARX1	71	79	1.3401982663276653	0.40655934406559346	chr11	65265021.0	65265135.0	antisense	0.704904509549045	0.15186971107207187	0.15
ELF3	78	91	1.34011594285318	0.17178282171782822	chr11	65265021.0	65265135.0	antisense	0.6851326540497701	0.16422533311458162	0.15
RORA	81	91	1.329315445398912	0.25407459254074594	chr11	65265021.0	65265135.0	antisense	0.6851326540497701	0.16422533311458162	0.15
PAX4	74	82	1.3255791425429893	0.3698630136986301	chr11	65265021.0	65265135.0	antisense	0.6980323785803236	0.15612443194327347	0.15
Atoh1	83	93	1.316962033038229	0.40415958404159585	chr11	65265021.0	65265135.0	sense	0.704904509549045	0.15186971107207187	0.15
POU4F3	69	85	1.3163758844648765	0.5377462253774623	chr11	65265021.0	65265135.0	sense	0.7629495625635326	0.11750417164455125	0.15
SHOX	74	82	1.3154056541898604	0.7275272472752725	chr11	65265021.0	65265135.0	sense	0.8209736510080011	0.0856707812550548	0.15
NHLH1	80	90	1.3093320359250478	0.36106389361063895	chr11	65265021.0	65265135.0	sense	0.6914839881325521	0.16021787187598394	0.15
NFATC2	76	83	1.3042666381829635	0.40475952404759524	chr11	65265021.0	65265135.0	sense	0.704904509549045	0.15186971107207187	0.15
Arid3b	74	85	1.2980423979280047	0.47865213478652135	chr11	65265021.0	65265135.0	antisense	0.7349717690952798	0.13372934222411098	0.15
TEAD4	74	84	1.2958955362766802	0.41615838416158385	chr11	65265021.0	65265135.0	sense	0.7060736923050366	0.1511499696404702	0.15
PAX5	72	91	1.2950785984756605	0.5184481551844815	chr11	65265021.0	65265135.0	sense	0.7629495625635326	0.11750417164455125	0.15
ONECUT2	70	84	1.2859381570008253	0.27087291270872915	chr11	65265021.0	65265135.0	antisense	0.6851326540497701	0.16422533311458162	0.15
PRRX1	74	82	1.2843165805041523	0.589041095890411	chr11	65265021.0	65265135.0	antisense	0.773835495238355	0.11135135340438346	0.15
NR2C2	74	89	1.2769600105720933	0.22297770222977703	chr11	65265021.0	65265135.0	antisense	0.6851326540497701	0.16422533311458162	0.15
HLF	74	86	1.2735346967765273	0.39416058394160586	chr11	65265021.0	65265135.0	sense	0.7029874332154413	0.1530524384708877	0.15
Foxd3	69	81	1.2724755780946113	0.2618738126187381	chr11	65265021.0	65265135.0	sense	0.6851326540497701	0.16422533311458162	0.15
EHF	81	93	1.2715089182956898	0.2843715628437156	chr11	65265021.0	65265135.0	sense	0.6851326540497701	0.16422533311458162	0.15
LHX6	73	83	1.266302645152097	0.44745525447455253	chr11	65265021.0	65265135.0	sense	0.7242780365926256	0.14009468438543876	0.15
NKX6-2	77	85	1.2639057786408254	0.7068293170682932	chr11	65265021.0	65265135.0	antisense	0.8152098123520982	0.08873060154244948	0.15
ONECUT1	70	84	1.2619610064399591	0.22377762223777622	chr11	65265021.0	65265135.0	antisense	0.6851326540497701	0.16422533311458162	0.15
MEF2B	73	85	1.2558936923594841	0.07229277072292771	chr11	65265021.0	65265135.0	antisense	0.6851326540497701	0.16422533311458162	0.15
RAX	69	79	1.2462297588807487	0.45795420457954206	chr11	65265021.0	65265135.0	antisense	0.7279426602794266	0.13790282852348162	0.15
SOX10	76	82	1.2447379934552991	0.40885911408859116	chr11	65265021.0	65265135.0	sense	0.7049763462191988	0.1518254544679121	0.15
FOXP2	73	84	1.2411994264769812	0.1832816718328167	chr11	65265021.0	65265135.0	antisense	0.6851326540497701	0.16422533311458162	0.15
HOXA13	75	85	1.2381362924491393	0.3487651234876512	chr11	65265021.0	65265135.0	antisense	0.6910203716470458	0.1605091492054159	0.15
RORA(var.2)	69	83	1.2125611276405286	0.1648835116488351	chr11	65265021.0	65265135.0	antisense	0.6851326540497701	0.16422533311458162	0.15
TFEC	80	90	1.209494573627506	0.4597540245975402	chr11	65265021.0	65265135.0	antisense	0.7279426602794266	0.13790282852348162	0.15
HOXD13	75	85	1.2093120228108598	0.3187681231876812	chr11	65265021.0	65265135.0	antisense	0.6851326540497701	0.16422533311458162	0.15
CUX1	71	81	1.2008112809118263	0.3371662833716628	chr11	65265021.0	65265135.0	antisense	0.6851326540497701	0.16422533311458162	0.15
MSX1	70	78	1.1973046064513393	0.640935906409359	chr11	65265021.0	65265135.0	antisense	0.7937713270926428	0.10030459289465202	0.15
MEOX1	73	83	1.1915765864602095	0.630936906309369	chr11	65265021.0	65265135.0	sense	0.7937713270926428	0.10030459289465202	0.15
mix-a	73	84	1.1823037514505466	0.2943705629437056	chr11	65265021.0	65265135.0	antisense	0.6851326540497701	0.16422533311458162	0.15
FOXD2	75	82	1.1775861311968399	0.3865613438656134	chr11	65265021.0	65265135.0	antisense	0.7019266931438345	0.15370824175270548	0.15
MAFK	74	89	1.1759205934964676	0.5361463853614639	chr11	65265021.0	65265135.0	antisense	0.7629495625635326	0.11750417164455125	0.15
OTX2	74	82	1.1710819781812103	0.5474452554744526	chr11	65265021.0	65265135.0	sense	0.7629495625635326	0.11750417164455125	0.15
LHX9	70	78	1.164546879799952	0.7292270772922708	chr11	65265021.0	65265135.0	antisense	0.8209736510080011	0.0856707812550548	0.15
GBX1	69	79	1.1629639769617217	0.35906409359064095	chr11	65265021.0	65265135.0	antisense	0.6914839881325521	0.16021787187598394	0.15
Mafb	74	86	1.1610544059776535	0.6288371162883711	chr11	65265021.0	65265135.0	sense	0.7937713270926428	0.10030459289465202	0.15
LHX2	69	79	1.1517151771982985	0.5170482951704829	chr11	65265021.0	65265135.0	antisense	0.7629495625635326	0.11750417164455125	0.15
FOXL1	75	82	1.1506146183807782	0.21807819218078192	chr11	65265021.0	65265135.0	antisense	0.6851326540497701	0.16422533311458162	0.15
HESX1	69	79	1.1330302805863492	0.42425757424257576	chr11	65265021.0	65265135.0	sense	0.71028929365128	0.14856473149606164	0.15
TFAP2A(var.2)	75	87	1.132412224888989	0.5924407559244076	chr11	65265021.0	65265135.0	sense	0.7745006355787596	0.11097822150937836	0.15
LMX1A	77	85	1.1308804103857226	0.7050294970502949	chr11	65265021.0	65265135.0	antisense	0.8149450088398732	0.08887169575468555	0.15
Stat6	72	87	1.1283995141191299	0.40705929407059294	chr11	65265021.0	65265135.0	antisense	0.704904509549045	0.15186971107207187	0.15
MYBL1	76	88	1.1237512996328325	0.2716728327167283	chr11	65265021.0	65265135.0	antisense	0.6851326540497701	0.16422533311458162	0.15
MSX2	70	78	1.1091772574953875	0.38016198380161986	chr11	65265021.0	65265135.0	antisense	0.7019266931438345	0.15370824175270548	0.15
Dux	74	82	1.1064719575238244	0.2636736326367363	chr11	65265021.0	65265135.0	antisense	0.6851326540497701	0.16422533311458162	0.15
Tcf12	82	93	1.1039551137129966	0.29317068293170684	chr11	65265021.0	65265135.0	antisense	0.6851326540497701	0.16422533311458162	0.15
NOTO	70	80	1.1024458495627856	0.5557444255574443	chr11	65265021.0	65265135.0	antisense	0.7629495625635326	0.11750417164455125	0.15
POU6F2	72	82	1.0929320897794028	0.41425857414258577	chr11	65265021.0	65265135.0	sense	0.7060736923050366	0.1511499696404702	0.15
ZBTB7B	70	82	1.0854626660871882	0.35406459354064596	chr11	65265021.0	65265135.0	antisense	0.6910203716470458	0.1605091492054159	0.15
Msx3	70	78	1.0829764552955945	0.3421657834216578	chr11	65265021.0	65265135.0	antisense	0.6872555987644479	0.16288171346688618	0.15
Foxj2	74	82	1.0798056866788193	0.25177482251774824	chr11	65265021.0	65265135.0	antisense	0.6851326540497701	0.16422533311458162	0.15
Alx4	69	86	1.0657622671320255	0.45565443455654436	chr11	65265021.0	65265135.0	antisense	0.7279426602794266	0.13790282852348162	0.15
EN1	74	82	1.060771463347302	0.5461453854614539	chr11	65265021.0	65265135.0	antisense	0.7629495625635326	0.11750417164455125	0.15
EMX2	70	80	1.0498758394337178	0.5438456154384561	chr11	65265021.0	65265135.0	antisense	0.7629495625635326	0.11750417164455125	0.15
SCRT2	71	84	1.0479818173372024	0.18048195180481952	chr11	65265021.0	65265135.0	antisense	0.6851326540497701	0.16422533311458162	0.15
LBX1	74	82	1.047778021145564	0.4507549245075492	chr11	65265021.0	65265135.0	antisense	0.7242780365926256	0.14009468438543876	0.15
Myog	82	93	1.0422548101616145	0.31596840315968405	chr11	65265021.0	65265135.0	antisense	0.6851326540497701	0.16422533311458162	0.15
ELF4	81	93	1.0334639502156755	0.295970402959704	chr11	65265021.0	65265135.0	sense	0.6851326540497701	0.16422533311458162	0.15
Gata4	76	87	1.0288908834526458	0.33796620337966204	chr11	65265021.0	65265135.0	sense	0.6851326540497701	0.16422533311458162	0.15
HNF4G	69	84	1.0285012533709779	0.5567443255674432	chr11	65265021.0	65265135.0	antisense	0.7629495625635326	0.11750417164455125	0.15
Nr5a2	71	86	1.0276354837074446	0.5548445155484452	chr11	65265021.0	65265135.0	antisense	0.7629495625635326	0.11750417164455125	0.15
FOXO4	75	82	1.0265008151418278	0.25837416258374163	chr11	65265021.0	65265135.0	antisense	0.6851326540497701	0.16422533311458162	0.15
CREB1	81	89	1.0258761046138047	0.5497450254974503	chr11	65265021.0	65265135.0	antisense	0.7629495625635326	0.11750417164455125	0.15
MEIS3	83	91	1.0216978229203961	0.6862313768623137	chr11	65265021.0	65265135.0	antisense	0.8094884389112109	0.09178934944664206	0.15
SPIB	75	82	1.0206949716053615	0.47865213478652135	chr11	65265021.0	65265135.0	antisense	0.7349717690952798	0.13372934222411098	0.15
POU1F1	77	91	1.0192020676857052	0.5885411458854115	chr11	65265021.0	65265135.0	antisense	0.773835495238355	0.11135135340438346	0.15
ELF1	81	93	1.0191769424767878	0.32626737326267374	chr11	65265021.0	65265135.0	sense	0.6851326540497701	0.16422533311458162	0.15
Lhx3	71	84	1.0085677837648395	0.25807419258074193	chr11	65265021.0	65265135.0	sense	0.6851326540497701	0.16422533311458162	0.15
MZF1	81	87	1.0006526415309547	0.4176582341765823	chr11	65265021.0	65265135.0	antisense	0.7060736923050366	0.1511499696404702	0.15
ESR1	71	88	0.9995912849675217	0.13988601139886012	chr11	65265021.0	65265135.0	antisense	0.6851326540497701	0.16422533311458162	0.15
MEF2D	73	85	0.9974258824710512	0.11158884111588842	chr11	65265021.0	65265135.0	antisense	0.6851326540497701	0.16422533311458162	0.15
EGR4	75	91	0.9941972922966174	0.5660433956604339	chr11	65265021.0	65265135.0	sense	0.7650430269473053	0.1163141389113418	0.15
PAX3	71	81	0.9923529876978482	0.13878612138786123	chr11	65265021.0	65265135.0	antisense	0.6851326540497701	0.16422533311458162	0.15
Ar	69	86	0.9883637999735545	0.2521747825217478	chr11	65265021.0	65265135.0	sense	0.6851326540497701	0.16422533311458162	0.15
Bhlha15	84	92	0.9872316620065992	0.3106689331066893	chr11	65265021.0	65265135.0	sense	0.6851326540497701	0.16422533311458162	0.15
Npas2	70	80	0.9841900178554449	0.5504449555044496	chr11	65265021.0	65265135.0	antisense	0.7629495625635326	0.11750417164455125	0.15
POU3F3	71	84	0.9736304085732472	0.5552444755524447	chr11	65265021.0	65265135.0	sense	0.7629495625635326	0.11750417164455125	0.15
FOXF2	73	87	0.9727591900410597	0.39376062393760625	chr11	65265021.0	65265135.0	antisense	0.7029874332154413	0.1530524384708877	0.15
POU3F2	72	84	0.9703242895821024	0.41345865413458655	chr11	65265021.0	65265135.0	sense	0.7060736923050366	0.1511499696404702	0.15
JUN(var.2)	69	83	0.9686921899309306	0.5506449355064493	chr11	65265021.0	65265135.0	sense	0.7629495625635326	0.11750417164455125	0.15
TBX15	79	87	0.9662602081493318	0.2532746725327467	chr11	65265021.0	65265135.0	antisense	0.6851326540497701	0.16422533311458162	0.15
Klf4	82	92	0.9661516698270392	0.26617338266173385	chr11	65265021.0	65265135.0	antisense	0.6851326540497701	0.16422533311458162	0.15
STAT3	74	85	0.9659287105005591	0.45665433456654336	chr11	65265021.0	65265135.0	sense	0.7279426602794266	0.13790282852348162	0.15
RARA(var.2)	70	87	0.9586869180206631	0.0871912808719128	chr11	65265021.0	65265135.0	antisense	0.6851326540497701	0.16422533311458162	0.15
Pou2f3	73	89	0.9558619507919096	0.4757524247575243	chr11	65265021.0	65265135.0	sense	0.7349717690952798	0.13372934222411098	0.15
USF2	79	90	0.9555859693964172	0.4490550944905509	chr11	65265021.0	65265135.0	antisense	0.7242780365926256	0.14009468438543876	0.15
Atf3	78	86	0.9495692549114633	0.4834516548345166	chr11	65265021.0	65265135.0	antisense	0.7358105831645575	0.13323397000188203	0.15
Rfx1	74	88	0.949373947789332	0.6451354864513549	chr11	65265021.0	65265135.0	antisense	0.7937713270926428	0.10030459289465202	0.15
FOXI1	75	82	0.9441086959228072	0.25817418258174185	chr11	65265021.0	65265135.0	antisense	0.6851326540497701	0.16422533311458162	0.15
PROX1	69	81	0.9430294751460112	0.20927907209279073	chr11	65265021.0	65265135.0	sense	0.6851326540497701	0.16422533311458162	0.15
FOXO6	75	82	0.940107455290512	0.25007499250074994	chr11	65265021.0	65265135.0	antisense	0.6851326540497701	0.16422533311458162	0.15
FOXG1	74	82	0.9380465774783601	0.18908109189081093	chr11	65265021.0	65265135.0	antisense	0.6851326540497701	0.16422533311458162	0.15
Myc	70	80	0.9375116582663634	0.33356664333566644	chr11	65265021.0	65265135.0	sense	0.6851326540497701	0.16422533311458162	0.15
Stat5a::Stat5b	75	86	0.937461911366837	0.40745925407459255	chr11	65265021.0	65265135.0	antisense	0.704904509549045	0.15186971107207187	0.15
IRF7	78	92	0.9309801085335572	0.2586741325867413	chr11	65265021.0	65265135.0	sense	0.6851326540497701	0.16422533311458162	0.15
E2F6	80	91	0.9295287321050787	0.3053694630536946	chr11	65265021.0	65265135.0	antisense	0.6851326540497701	0.16422533311458162	0.15
MGA	75	83	0.9284869853220779	0.45015498450154984	chr11	65265021.0	65265135.0	sense	0.7242780365926256	0.14009468438543876	0.15
POU6F1	73	83	0.9270803744322081	0.686031396860314	chr11	65265021.0	65265135.0	sense	0.8094884389112109	0.09178934944664206	0.15
ELK4	78	89	0.9240858757328478	0.4316568343165683	chr11	65265021.0	65265135.0	sense	0.7152889806560746	0.14551846540310667	0.15
NRF1	80	91	0.9207877825512457	0.42155784421557846	chr11	65265021.0	65265135.0	antisense	0.7080534664980105	0.1499339466487492	0.15
Mecom	79	93	0.9201299794614778	0.3391660833916608	chr11	65265021.0	65265135.0	antisense	0.6851326540497701	0.16422533311458162	0.15
JUND	69	80	0.9177327132157509	0.3233676632336766	chr11	65265021.0	65265135.0	sense	0.6851326540497701	0.16422533311458162	0.15
TBX1	79	87	0.9171785485223384	0.36906309369063095	chr11	65265021.0	65265135.0	antisense	0.6980323785803236	0.15612443194327347	0.15
TFE3	80	90	0.9117870811620741	0.8655134486551345	chr11	65265021.0	65265135.0	sense	0.9074777370747773	0.04216402059947935	0.15
Rarb(var.2)	70	87	0.9104512715368236	0.09499050094990501	chr11	65265021.0	65265135.0	antisense	0.6851326540497701	0.16422533311458162	0.15
NKX6-1	77	85	0.901561920625562	0.5764423557644236	chr11	65265021.0	65265135.0	sense	0.7651498277282247	0.11625351519355374	0.15
PROP1	72	83	0.8997477822515186	0.2823717628237176	chr11	65265021.0	65265135.0	antisense	0.6851326540497701	0.16422533311458162	0.15
MAX	69	79	0.8966578220584621	0.5528447155284472	chr11	65265021.0	65265135.0	antisense	0.7629495625635326	0.11750417164455125	0.15
Lhx8	74	82	0.8963295706057335	0.575042495750425	chr11	65265021.0	65265135.0	antisense	0.7651498277282247	0.11625351519355374	0.15
STAT1	74	85	0.8959140765854472	0.39866013398660133	chr11	65265021.0	65265135.0	antisense	0.704904509549045	0.15186971107207187	0.15
TP53	72	90	0.8956077207130035	0.33356664333566644	chr11	65265021.0	65265135.0	antisense	0.6851326540497701	0.16422533311458162	0.15
SP2	77	92	0.8835068232977171	0.44465553444655537	chr11	65265021.0	65265135.0	sense	0.7234364337860885	0.14059962303665133	0.15
RFX4	70	86	0.8775668909175657	0.4767523247675233	chr11	65265021.0	65265135.0	sense	0.7349717690952798	0.13372934222411098	0.15
MAFG::NFE2L1	79	85	0.8729070088203368	0.6228377162283771	chr11	65265021.0	65265135.0	sense	0.7937713270926428	0.10030459289465202	0.15
Sox2	71	79	0.8666719270534057	0.22657734226577342	chr11	65265021.0	65265135.0	sense	0.6851326540497701	0.16422533311458162	0.15
SCRT1	69	84	0.8662497152871945	0.3043695630436956	chr11	65265021.0	65265135.0	antisense	0.6851326540497701	0.16422533311458162	0.15
NFE2	69	80	0.8643840215429259	0.21427857214278573	chr11	65265021.0	65265135.0	sense	0.6851326540497701	0.16422533311458162	0.15
E2F4	80	91	0.8590308372919868	0.3575642435756424	chr11	65265021.0	65265135.0	antisense	0.6914839881325521	0.16021787187598394	0.15
GATA3	84	92	0.8578012954904801	0.21627837216278373	chr11	65265021.0	65265135.0	antisense	0.6851326540497701	0.16422533311458162	0.15
Dlx2	71	79	0.8544326392772364	0.6977302269773022	chr11	65265021.0	65265135.0	antisense	0.8149450088398732	0.08887169575468555	0.15
FOXO3	74	82	0.8483831639889838	0.2221777822217778	chr11	65265021.0	65265135.0	antisense	0.6851326540497701	0.16422533311458162	0.15
IRF8	78	92	0.848276006085619	0.09909009099090091	chr11	65265021.0	65265135.0	sense	0.6851326540497701	0.16422533311458162	0.15
Lhx4	75	83	0.8406952634373782	0.7656234376562344	chr11	65265021.0	65265135.0	sense	0.8454437534969907	0.07291528027018386	0.15
SP1	81	92	0.8351005971295388	0.31716828317168283	chr11	65265021.0	65265135.0	sense	0.6851326540497701	0.16422533311458162	0.15
SMAD3	77	87	0.8349459854743129	0.23057694230576942	chr11	65265021.0	65265135.0	sense	0.6851326540497701	0.16422533311458162	0.15
Zfx	75	89	0.8308881710499758	0.5729427057294271	chr11	65265021.0	65265135.0	antisense	0.7651498277282247	0.11625351519355374	0.15
FOXH1	72	83	0.8307594922364192	0.37966203379662034	chr11	65265021.0	65265135.0	antisense	0.7019266931438345	0.15370824175270548	0.15
PAX1	75	92	0.8285122173265049	0.2715728427157284	chr11	65265021.0	65265135.0	antisense	0.6851326540497701	0.16422533311458162	0.15
PDX1	71	79	0.8220630592955915	0.514048595140486	chr11	65265021.0	65265135.0	antisense	0.7629495625635326	0.11750417164455125	0.15
OLIG2	69	79	0.8184487866457478	0.5376462353764624	chr11	65265021.0	65265135.0	antisense	0.7629495625635326	0.11750417164455125	0.15
LEF1	69	84	0.8156368871875195	0.30016998300169984	chr11	65265021.0	65265135.0	antisense	0.6851326540497701	0.16422533311458162	0.15
Arx	70	87	0.8154849286058611	0.521047895210479	chr11	65265021.0	65265135.0	antisense	0.7629495625635326	0.11750417164455125	0.15
MNT	69	79	0.8148634774432225	0.6103389661033897	chr11	65265021.0	65265135.0	antisense	0.7840740678407407	0.1056429095921857	0.15
Shox2	70	78	0.8133036290105246	0.6421357864213578	chr11	65265021.0	65265135.0	antisense	0.7937713270926428	0.10030459289465202	0.15
Nkx2-5	72	79	0.8128947815596997	0.6452354764523548	chr11	65265021.0	65265135.0	antisense	0.7937713270926428	0.10030459289465202	0.15
TFAP2C	78	90	0.8126483239954061	0.7238276172382762	chr11	65265021.0	65265135.0	antisense	0.8209736510080011	0.0856707812550548	0.15
Nr2e3	81	88	0.8031966411513755	0.35976402359764026	chr11	65265021.0	65265135.0	sense	0.6914839881325521	0.16021787187598394	0.15
FOSL2	70	81	0.8000699116556401	0.42755724427557246	chr11	65265021.0	65265135.0	antisense	0.7135119285499103	0.1465987619185019	0.15
HOXB13	75	85	0.7998188426677916	0.48235176482351766	chr11	65265021.0	65265135.0	antisense	0.7358105831645575	0.13323397000188203	0.15
MAX::MYC	72	83	0.7995707883335706	0.6631336866313369	chr11	65265021.0	65265135.0	antisense	0.800386938050381	0.09670000746577423	0.15
JUNB	70	81	0.7991243246373497	0.46285371462853714	chr11	65265021.0	65265135.0	antisense	0.7279426602794266	0.13790282852348162	0.15
Gabpa	77	88	0.7987608663757028	0.5706429357064293	chr11	65265021.0	65265135.0	antisense	0.7651498277282247	0.11625351519355374	0.15
VSX2	70	78	0.7967432960345988	0.6313368663133687	chr11	65265021.0	65265135.0	antisense	0.7937713270926428	0.10030459289465202	0.15
NR3C1	69	86	0.7858722224225059	0.23707629237076291	chr11	65265021.0	65265135.0	antisense	0.6851326540497701	0.16422533311458162	0.15
FOSL1	69	80	0.7857523697469228	0.3565643435656434	chr11	65265021.0	65265135.0	sense	0.6914839881325521	0.16021787187598394	0.15
HNF1A	72	87	0.7788432429224269	0.5571442855714429	chr11	65265021.0	65265135.0	sense	0.7629495625635326	0.11750417164455125	0.15
HNF1B	73	86	0.7740608185488163	0.4667533246675332	chr11	65265021.0	65265135.0	antisense	0.7288649513427037	0.1373529330262205	0.15
JUND(var.2)	71	86	0.7678656600876812	0.5312468753124687	chr11	65265021.0	65265135.0	sense	0.7629495625635326	0.11750417164455125	0.15
YY1	80	92	0.7557899240842525	0.5651434856514349	chr11	65265021.0	65265135.0	antisense	0.7650430269473053	0.1163141389113418	0.15
BHLHE22	69	79	0.7541916006886132	0.43925607439256076	chr11	65265021.0	65265135.0	antisense	0.7214364006637312	0.14180194878148816	0.15
ISX	70	78	0.7324076547187676	0.4383561643835616	chr11	65265021.0	65265135.0	antisense	0.7214364006637312	0.14180194878148816	0.15
Tcf7	72	84	0.7054877103971434	0.29757024297570245	chr11	65265021.0	65265135.0	antisense	0.6851326540497701	0.16422533311458162	0.15
NR3C2	69	86	0.704891336734952	0.30896910308969106	chr11	65265021.0	65265135.0	antisense	0.6851326540497701	0.16422533311458162	0.15
Nr2f6(var.2)	73	88	0.6964323278915014	0.08919108089191082	chr11	65265021.0	65265135.0	antisense	0.6851326540497701	0.16422533311458162	0.15
JUN	80	93	0.6882902099065028	0.5029497050294971	chr11	65265021.0	65265135.0	antisense	0.7522504233726485	0.12363755916335106	0.15
TFEB	70	80	0.6872133575767788	0.7178282171782822	chr11	65265021.0	65265135.0	antisense	0.8206009795496222	0.08586796895240892	0.15
RFX3	70	86	0.680116364160446	0.4654534546545345	chr11	65265021.0	65265135.0	sense	0.7288649513427037	0.1373529330262205	0.15
Twist2	69	79	0.6777145561082929	0.6515348465153484	chr11	65265021.0	65265135.0	antisense	0.7937713270926428	0.10030459289465202	0.15
CEBPE	75	85	0.6736424695579233	0.6851314868513149	chr11	65265021.0	65265135.0	sense	0.8094884389112109	0.09178934944664206	0.15
IRF1	69	90	0.6728038530518913	0.33856614338566143	chr11	65265021.0	65265135.0	sense	0.6851326540497701	0.16422533311458162	0.15
JDP2	70	79	0.6681935627889098	0.2666733326667333	chr11	65265021.0	65265135.0	sense	0.6851326540497701	0.16422533311458162	0.15
Pax6	69	83	0.664217077283586	0.7673232676732327	chr11	65265021.0	65265135.0	antisense	0.8455218172450271	0.07287518169500345	0.15
Hoxa9	74	85	0.6586742537216868	0.5604439556044396	chr11	65265021.0	65265135.0	antisense	0.7648014726086446	0.11645128450654754	0.15
ETV6	75	85	0.6453705189582364	0.6406359364063594	chr11	65265021.0	65265135.0	antisense	0.7937713270926428	0.10030459289465202	0.15
Nr2f6	74	88	0.6431651327983076	0.39036096390360964	chr11	65265021.0	65265135.0	antisense	0.7019266931438345	0.15370824175270548	0.15
Vdr	71	87	0.6410861421708306	0.2546745325467453	chr11	65265021.0	65265135.0	antisense	0.6851326540497701	0.16422533311458162	0.15
EGR2	81	92	0.6403623334106081	0.44365563443655637	chr11	65265021.0	65265135.0	sense	0.7234364337860885	0.14059962303665133	0.15
PAX7	71	81	0.636039475342403	0.21147885211478853	chr11	65265021.0	65265135.0	antisense	0.6851326540497701	0.16422533311458162	0.15
SREBF1	80	90	0.6204236295133696	0.46765323467653236	chr11	65265021.0	65265135.0	sense	0.7288649513427037	0.1373529330262205	0.15
GLI2	70	82	0.6057732494595243	0.6437356264373563	chr11	65265021.0	65265135.0	antisense	0.7937713270926428	0.10030459289465202	0.15
HINFP	81	93	0.5959276643889619	0.7125287471252875	chr11	65265021.0	65265135.0	sense	0.8179446955966655	0.0872760596650623	0.15
Arntl	82	92	0.595562169200349	0.8567143285671432	chr11	65265021.0	65265135.0	antisense	0.9055697281595669	0.04307810372757407	0.15
OLIG1	69	79	0.5940407938901425	0.3661633836616338	chr11	65265021.0	65265135.0	antisense	0.6961128063017873	0.15732037650348324	0.15
Rarg(var.2)	71	88	0.5917303150188927	0.13288671132886712	chr11	65265021.0	65265135.0	antisense	0.6851326540497701	0.16422533311458162	0.15
Gata1	75	86	0.5881949815093614	0.5334466553344666	chr11	65265021.0	65265135.0	sense	0.7629495625635326	0.11750417164455125	0.15
ZIC1	79	93	0.5866408226230968	0.33426657334266574	chr11	65265021.0	65265135.0	sense	0.6851326540497701	0.16422533311458162	0.15
RFX2	70	86	0.5816438068961882	0.27287271272872715	chr11	65265021.0	65265135.0	antisense	0.6851326540497701	0.16422533311458162	0.15
Mycn	71	79	0.5787713269985453	0.4627537246275372	chr11	65265021.0	65265135.0	antisense	0.7279426602794266	0.13790282852348162	0.15
TEAD3	75	83	0.5597882470027299	0.5904409559044096	chr11	65265021.0	65265135.0	sense	0.773835495238355	0.11135135340438346	0.15
FOXC2	70	82	0.5558841536523944	0.645035496450355	chr11	65265021.0	65265135.0	antisense	0.7937713270926428	0.10030459289465202	0.15
Foxa2	72	84	0.5491494565573073	0.6075392460753924	chr11	65265021.0	65265135.0	sense	0.7824140662856791	0.10656335037876553	0.15
FOXC1	72	83	0.5487764217453238	0.6379362063793621	chr11	65265021.0	65265135.0	antisense	0.7937713270926428	0.10030459289465202	0.15
SREBF2	80	90	0.5487285555805821	0.6035396460353964	chr11	65265021.0	65265135.0	antisense	0.7824140662856791	0.10656335037876553	0.15
Srebf1(var.2)	80	90	0.5454964456997187	0.48195180481951805	chr11	65265021.0	65265135.0	antisense	0.7358105831645575	0.13323397000188203	0.15
XBP1	69	83	0.5387165474678242	0.6167383261673832	chr11	65265021.0	65265135.0	antisense	0.7883920967509159	0.10325773796269844	0.15
E2F8	77	89	0.5372785288611088	0.25517448255174485	chr11	65265021.0	65265135.0	sense	0.6851326540497701	0.16422533311458162	0.15
NEUROG2	69	79	0.5369562223248713	0.40705929407059294	chr11	65265021.0	65265135.0	antisense	0.704904509549045	0.15186971107207187	0.15
ESRRB	79	90	0.5301940756704563	0.42945705429457054	chr11	65265021.0	65265135.0	antisense	0.7143852922400067	0.14606749527958654	0.15
POU3F4	73	82	0.528357183191809	0.41535846415358463	chr11	65265021.0	65265135.0	sense	0.7060736923050366	0.1511499696404702	0.15
TFAP2A(var.3)	77	90	0.518522027314349	0.7027297270272973	chr11	65265021.0	65265135.0	antisense	0.8149450088398732	0.08887169575468555	0.15
USF1	79	90	0.5126528001287438	0.7531246875312468	chr11	65265021.0	65265135.0	antisense	0.8376511385264043	0.07693681688093085	0.15
MLXIPL	69	79	0.5063920059144766	0.654934506549345	chr11	65265021.0	65265135.0	sense	0.7959623618057775	0.09910746799917354	0.15
BHLHE23	69	81	0.5032989968213395	0.49095090490950904	chr11	65265021.0	65265135.0	antisense	0.742867404221677	0.12908869734820683	0.15
STAT1::STAT2	69	84	0.5009573662080893	0.38946105389461055	chr11	65265021.0	65265135.0	antisense	0.7019266931438345	0.15370824175270548	0.15
SPI1	79	93	0.49296366818768705	0.2318768123187681	chr11	65265021.0	65265135.0	sense	0.6851326540497701	0.16422533311458162	0.15
RXRA::VDR	71	86	0.4915015966244366	0.2943705629437056	chr11	65265021.0	65265135.0	antisense	0.6851326540497701	0.16422533311458162	0.15
TFAP2C(var.3)	77	90	0.48893452613782845	0.625037496250375	chr11	65265021.0	65265135.0	antisense	0.7937713270926428	0.10030459289465202	0.15
FOXB1	71	82	0.4836603003571245	0.6945305469453055	chr11	65265021.0	65265135.0	antisense	0.8149450088398732	0.08887169575468555	0.15
MLX	69	79	0.47888025475503954	0.5252474752524747	chr11	65265021.0	65265135.0	sense	0.7629495625635326	0.11750417164455125	0.15
Arid3a	73	79	0.46398017144148795	0.5976402359764024	chr11	65265021.0	65265135.0	antisense	0.7793348805822935	0.10827588566841108	0.15
IRF9	77	92	0.451068112727275	0.12048795120487951	chr11	65265021.0	65265135.0	sense	0.6851326540497701	0.16422533311458162	0.15
SREBF2(var.2)	80	90	0.4241508883129279	0.41675832416758324	chr11	65265021.0	65265135.0	sense	0.7060736923050366	0.1511499696404702	0.15
INSM1	74	86	0.4220743811318521	0.5614438556144385	chr11	65265021.0	65265135.0	antisense	0.7648014726086446	0.11645128450654754	0.15
KLF5	69	79	0.40847847673777055	0.5417458254174583	chr11	65265021.0	65265135.0	antisense	0.7629495625635326	0.11750417164455125	0.15
CEBPB	75	85	0.40370353137389653	0.7291270872912708	chr11	65265021.0	65265135.0	sense	0.8209736510080011	0.0856707812550548	0.15
CEBPA	74	85	0.40215033207019146	0.7537246275372462	chr11	65265021.0	65265135.0	antisense	0.8376511385264043	0.07693681688093085	0.15
ARNT::HIF1A	73	81	0.3999126296171984	0.783921607839216	chr11	65265021.0	65265135.0	antisense	0.8608175123291053	0.0650889063726993	0.15
BHLHE40	69	79	0.3914600334042085	0.6685331466853315	chr11	65265021.0	65265135.0	antisense	0.8031682942816829	0.09519344398676721	0.15
MEIS2	77	85	0.38956175922614555	0.8552144785521448	chr11	65265021.0	65265135.0	antisense	0.9055697281595669	0.04307810372757407	0.15
CEBPD	75	85	0.38010108046473756	0.6874312568743126	chr11	65265021.0	65265135.0	sense	0.8094884389112109	0.09178934944664206	0.15
Creb3l2	70	79	0.38000353295697836	0.5871412858714129	chr11	65265021.0	65265135.0	sense	0.773835495238355	0.11135135340438346	0.15
KLF14	72	86	0.37986920341460106	0.5078492150784921	chr11	65265021.0	65265135.0	antisense	0.7573958121429236	0.12067710054638806	0.15
CREB3	71	85	0.37365770101176116	0.7013298670132987	chr11	65265021.0	65265135.0	antisense	0.8149450088398732	0.08887169575468555	0.15
HEY1	70	80	0.36428821953423324	0.7845215478452154	chr11	65265021.0	65265135.0	antisense	0.8608175123291053	0.0650889063726993	0.15
RFX5	70	86	0.3627832493048573	0.34936506349365065	chr11	65265021.0	65265135.0	antisense	0.6910203716470458	0.1605091492054159	0.15
Ahr::Arnt	80	86	0.35782626975282905	0.803919608039196	chr11	65265021.0	65265135.0	antisense	0.8728750555906752	0.059047917292072434	0.15
Mlxip	71	79	0.3255262898603792	0.6672332766723328	chr11	65265021.0	65265135.0	sense	0.8031682942816829	0.09519344398676721	0.15
Id2	70	78	0.3119658874448537	0.6827317268273173	chr11	65265021.0	65265135.0	sense	0.8094884389112109	0.09178934944664206	0.15
Rxra	74	88	0.3006340671208307	0.23687631236876314	chr11	65265021.0	65265135.0	antisense	0.6851326540497701	0.16422533311458162	0.15
RXRG	74	88	0.29170276935165484	0.26377362263773624	chr11	65265021.0	65265135.0	antisense	0.6851326540497701	0.16422533311458162	0.15
RXRB	74	88	0.2834694788549044	0.23707629237076291	chr11	65265021.0	65265135.0	antisense	0.6851326540497701	0.16422533311458162	0.15
DBP	74	86	0.27146602279560406	0.7874212578742126	chr11	65265021.0	65265135.0	sense	0.8621764405837897	0.06440384864085176	0.15
MAFG	70	91	0.2660870700935817	0.8856114388561144	chr11	65265021.0	65265135.0	antisense	0.9211068873072613	0.0356899703739963	0.15
Bcl6	71	85	0.25076309407867886	0.9089091090890911	chr11	65265021.0	65265135.0	antisense	0.9378207308493802	0.02788017126236479	0.15
Hnf4a	71	87	0.2503016222346049	0.3124687531246875	chr11	65265021.0	65265135.0	antisense	0.6851326540497701	0.16422533311458162	0.15
RARA	70	88	0.24709291867797864	0.12708729127087293	chr11	65265021.0	65265135.0	antisense	0.6851326540497701	0.16422533311458162	0.15
TFAP2B	81	93	0.24217360991087403	0.8818118188181182	chr11	65265021.0	65265135.0	sense	0.9189966545514124	0.036686069585059135	0.15
ATF4	73	86	0.23895475712977932	0.656934306569343	chr11	65265021.0	65265135.0	sense	0.7959623618057775	0.09910746799917354	0.15
NFIC::TLX1	69	83	0.2282194930658073	0.5249475052494751	chr11	65265021.0	65265135.0	antisense	0.7629495625635326	0.11750417164455125	0.15
KLF13	69	87	0.22814242161635281	0.44115588441155884	chr11	65265021.0	65265135.0	antisense	0.7222709905665585	0.1412998278780033	0.15
IRF2	69	87	0.22241588605762785	0.33906609339066096	chr11	65265021.0	65265135.0	sense	0.6851326540497701	0.16422533311458162	0.15
POU2F2	72	85	0.2222527545504293	0.6751324867513249	chr11	65265021.0	65265135.0	antisense	0.8073588954468609	0.09293336532331685	0.15
Arnt	71	77	0.2157908283766501	0.7638236176382361	chr11	65265021.0	65265135.0	sense	0.8452547069386878	0.0730124021158083	0.15
CTCF	72	91	0.19308434693208573	0.7048295170482952	chr11	65265021.0	65265135.0	antisense	0.8149450088398732	0.08887169575468555	0.15
ZIC4	71	86	0.19040598297017505	0.9078092190780922	chr11	65265021.0	65265135.0	sense	0.9378207308493802	0.02788017126236479	0.15
Rarg	72	88	0.18162932452792327	0.22717728227177283	chr11	65265021.0	65265135.0	antisense	0.6851326540497701	0.16422533311458162	0.15
POU4F2	69	85	0.17870398007058264	0.4193580641935806	chr11	65265021.0	65265135.0	sense	0.7066455692093129	0.15079835979952402	0.15
Atf1	77	85	0.1763890213397292	0.9186081391860814	chr11	65265021.0	65265135.0	antisense	0.9396921364615006	0.027014407395654253	0.15
HSF1	71	84	0.16428534671552344	0.46085391460853914	chr11	65265021.0	65265135.0	antisense	0.7279426602794266	0.13790282852348162	0.15
HSF2	71	84	0.15891481203782634	0.6496350364963503	chr11	65265021.0	65265135.0	antisense	0.7937713270926428	0.10030459289465202	0.15
TEF	74	86	0.1551762019351894	0.7139286071392861	chr11	65265021.0	65265135.0	sense	0.8179446955966655	0.0872760596650623	0.15
Bach1::Mafk	73	88	0.15362570942137624	0.7014298570142986	chr11	65265021.0	65265135.0	sense	0.8149450088398732	0.08887169575468555	0.15
CREB3L1	70	84	0.1350986695577598	0.8479152084791521	chr11	65265021.0	65265135.0	sense	0.9017786745915572	0.04490003917440161	0.15
BHLHE41	69	79	0.12984233564354591	0.5997400259974003	chr11	65265021.0	65265135.0	antisense	0.7801129661469943	0.10784250369164472	0.15
FOXA1	74	89	0.10425717765668054	0.8525147485251475	chr11	65265021.0	65265135.0	sense	0.9048162668395737	0.043439600240911674	0.15
MAF::NFE2	70	85	0.1016977546544092	0.8297170282971703	chr11	65265021.0	65265135.0	sense	0.889717226624445	0.05074800057986309	0.15
TBX19	73	93	0.08876196977025479	0.8755124487551245	chr11	65265021.0	65265135.0	antisense	0.9160426009712913	0.038084328803173965	0.15
TFAP2C(var.2)	75	86	0.07183403906275695	0.9039096090390961	chr11	65265021.0	65265135.0	antisense	0.9363854033758301	0.02854536482028722	0.15
GMEB2	74	82	0.0655057598441847	0.9775022497750225	chr11	65265021.0	65265135.0	antisense	0.981283689812837	0.008205419623868273	0.15
ZBTB18	69	82	0.06399044008724016	0.76002399760024	chr11	65265021.0	65265135.0	antisense	0.8428471255438559	0.0742511899701054	0.15
Tcf21	70	84	0.06391342508813415	0.6395360463953604	chr11	65265021.0	65265135.0	sense	0.7937713270926428	0.10030459289465202	0.15
NR1H2::RXRA	71	88	0.04866348923281414	0.2425757424257574	chr11	65265021.0	65265135.0	antisense	0.6851326540497701	0.16422533311458162	0.15
Sox1	70	85	0.04595244451463714	0.46965303469653036	chr11	65265021.0	65265135.0	antisense	0.7297901946332314	0.13680197605672034	0.15
TFAP2A	75	86	0.04134122786228376	0.924907509249075	chr11	65265021.0	65265135.0	sense	0.9396921364615006	0.027014407395654253	0.15
NFYA	73	91	0.03708160773695195	0.821017898210179	chr11	65265021.0	65265135.0	antisense	0.8858800190667004	0.05262509367245048	0.15
ZNF410	69	86	0.03311476197746498	0.27877212278772123	chr11	65265021.0	65265135.0	sense	0.6851326540497701	0.16422533311458162	0.15
PLAG1	75	89	0.03140210896735563	0.5684431556844316	chr11	65265021.0	65265135.0	antisense	0.7651498277282247	0.11625351519355374	0.15
Crem	70	80	0.023845075751703422	0.9462053794620537	chr11	65265021.0	65265135.0	antisense	0.9535545474578755	0.02065445837846998	0.15
Nfe2l2	74	89	0.0068756071817248805	0.9291070892910709	chr11	65265021.0	65265135.0	antisense	0.9418097252774723	0.026036829276037704	0.15
TFAP2B(var.2)	75	86	0.005907161728423198	0.9252074792520748	chr11	65265021.0	65265135.0	antisense	0.9396921364615006	0.027014407395654253	0.15
HES5	73	85	-0.0	0.6733326667333267	chr11	65265021.0	65265135.0	sense	0.8070661755995301	0.09309085372970048	0.15
TGIF2	73	85	-0.0	0.8002199780021998	chr11	65265021.0	65265135.0	sense	0.8725087575276086	0.05923020525493949	0.15
PKNOX1	73	85	-0.0	0.5735426457354265	chr11	65265021.0	65265135.0	sense	0.7651498277282247	0.11625351519355374	0.15
HES7	73	85	-0.0	0.648035196480352	chr11	65265021.0	65265135.0	sense	0.7937713270926428	0.10030459289465202	0.15
PKNOX2	73	85	-0.0	0.5731426857314269	chr11	65265021.0	65265135.0	sense	0.7651498277282247	0.11625351519355374	0.15
Klf12	74	89	-0.0	0.6357364263573643	chr11	65265021.0	65265135.0	sense	0.7937713270926428	0.10030459289465202	0.15
Rarb	69	85	-0.0	0.2822717728227177	chr11	65265021.0	65265135.0	sense	0.6851326540497701	0.16422533311458162	0.15
TGIF1	73	85	-0.0	0.5638436156384361	chr11	65265021.0	65265135.0	sense	0.7650430269473053	0.1163141389113418	0.15
GLIS2	71	85	-0.021902544808681746	0.8034196580341966	chr11	65265021.0	65265135.0	sense	0.8728750555906752	0.059047917292072434	0.15
CEBPG	69	79	-0.058674850812737295	0.9162083791620838	chr11	65265021.0	65265135.0	antisense	0.9396921364615006	0.027014407395654253	0.15
Creb5	74	86	-0.11352460543311091	0.8772122787721228	chr11	65265021.0	65265135.0	antisense	0.9160426009712913	0.038084328803173965	0.15
RELA	74	84	-0.14122667105360004	0.9338066193380662	chr11	65265021.0	65265135.0	antisense	0.9447283341841254	0.024693059138043403	0.15
ZIC3	75	90	-0.14220635134176118	0.863013698630137	chr11	65265021.0	65265135.0	sense	0.9074777370747773	0.04216402059947935	0.15
TFAP2B(var.3)	77	90	-0.151890380246139	0.8955104489551045	chr11	65265021.0	65265135.0	sense	0.9295398460153984	0.03173198885743099	0.15
Esrra	72	83	-0.2117231082442037	0.9179082091790821	chr11	65265021.0	65265135.0	antisense	0.9396921364615006	0.027014407395654253	0.15
ZBED1	70	83	-0.22555230493420747	0.7966203379662034	chr11	65265021.0	65265135.0	antisense	0.870412537693599	0.06027486188770417	0.15
EBF1	72	86	-0.2476706379192895	0.9231076892310769	chr11	65265021.0	65265135.0	sense	0.9396921364615006	0.027014407395654253	0.15
BCL6B	70	87	-0.266819618219259	0.23707629237076291	chr11	65265021.0	65265135.0	antisense	0.6851326540497701	0.16422533311458162	0.15
JDP2(var.2)	69	81	-0.2778787320682849	0.9522047795220479	chr11	65265021.0	65265135.0	antisense	0.9577408538215947	0.0187519867254937	0.15
PAX9	75	92	-0.30143553612231766	0.722027797220278	chr11	65265021.0	65265135.0	antisense	0.8209736510080011	0.0856707812550548	0.15
BATF3	78	92	-0.346475012126795	0.722027797220278	chr11	65265021.0	65265135.0	antisense	0.8209736510080011	0.0856707812550548	0.15
SRF	69	85	-0.37493793815232085	0.8404159584041596	chr11	65265021.0	65265135.0	antisense	0.8983023668885678	0.046577456018296826	0.15
NFKB1	70	83	-0.37549811844593484	0.8138186181381862	chr11	65265021.0	65265135.0	sense	0.8799413808619139	0.055546258322733466	0.15
ATF7	73	87	-0.3807541760924481	0.9151084891510849	chr11	65265021.0	65265135.0	sense	0.9396921364615006	0.027014407395654253	0.15
Znf423	71	86	-0.3899782074441332	0.734026597340266	chr11	65265021.0	65265135.0	sense	0.8245883203887404	0.08376282091307866	0.15
ZNF143	73	89	-0.42179563122526	0.8093190680931907	chr11	65265021.0	65265135.0	sense	0.8769031238838538	0.05704838278742013	0.15
E2F7	76	90	-0.42864527814735115	0.6052394760523948	chr11	65265021.0	65265135.0	sense	0.7824140662856791	0.10656335037876553	0.15
EGR3	70	85	-0.4501223392484305	0.8275172482751725	chr11	65265021.0	65265135.0	sense	0.8891955524944399	0.051002718186220014	0.15
RREB1	72	92	-0.45567954869061755	0.39086091390860916	chr11	65265021.0	65265135.0	sense	0.7019266931438345	0.15370824175270548	0.15
E2F2	69	85	-0.4801706790473375	0.7136286371362863	chr11	65265021.0	65265135.0	sense	0.8179446955966655	0.0872760596650623	0.15
Sox11	71	86	-0.5243731930834947	0.5897410258974103	chr11	65265021.0	65265135.0	sense	0.773835495238355	0.11135135340438346	0.15
SOX21	71	86	-0.5514816978387651	0.6773322667733227	chr11	65265021.0	65265135.0	antisense	0.8081274631157574	0.09252013407443062	0.15
SP4	70	87	-0.6728620616376645	0.8608139186081392	chr11	65265021.0	65265135.0	sense	0.9074777370747773	0.04216402059947935	0.15
E2F3	69	87	-0.6772808534378394	0.8236176382361764	chr11	65265021.0	65265135.0	antisense	0.8868413988476671	0.05215404168357026	0.15
SOX4	70	86	-0.6799125640164082	0.696930306969303	chr11	65265021.0	65265135.0	sense	0.8149450088398732	0.08887169575468555	0.15
T	77	93	-0.725817147313204	0.9991000899910009	chr11	65265021.0	65265135.0	antisense	0.9991000899910009	0.00039100191078358866	0.15
REST	71	92	-0.7527302297372266	0.8653134686531346	chr11	65265021.0	65265135.0	sense	0.9074777370747773	0.04216402059947935	0.15
GLIS3	69	83	-0.7654720808860122	0.9795020497950205	chr11	65265021.0	65265135.0	antisense	0.9813929803930804	0.008157052720961322	0.15
EWSR1-FLI1	72	90	-0.826338384549044	0.33456654334566543	chr11	65265021.0	65265135.0	antisense	0.6851326540497701	0.16422533311458162	0.15
SOX8	69	85	-0.9100821654652996	0.8429157084291571	chr11	65265021.0	65265135.0	antisense	0.8983023668885678	0.046577456018296826	0.15
GLIS1	77	93	-1.033674350581994	0.9219078092190781	chr11	65265021.0	65265135.0	sense	0.9396921364615006	0.027014407395654253	0.15
