motif	start	end	score	pval	tile_chr	tile_start	tile_end	strand	padj	neg_log_pval	fdr_cutoff
SP2	15	30	2.4622115928929467	0.00029997000299970003	chr16	86543231.0	86543345.0	antisense	0.12108789121087893	0.9168992841338104	0.15
Hes1	18	28	2.3266963836106465	0.017198280171982803	chr16	86543231.0	86543345.0	sense	0.343304131125349	0.46432097049167387	0.15
EGR3	14	29	2.080015673676578	0.0005999400059994001	chr16	86543231.0	86543345.0	antisense	0.12108789121087893	0.9168992841338104	0.15
EGR4	13	29	2.0733329853400386	0.0032996700329967	chr16	86543231.0	86543345.0	antisense	0.2854214578542146	0.5445133799341609	0.15
EGR2	16	27	1.887785837897943	0.0006999300069993001	chr16	86543231.0	86543345.0	antisense	0.12108789121087893	0.9168992841338104	0.15
MZF1(var.2)	19	29	1.8061085509603423	0.0065993400659934	chr16	86543231.0	86543345.0	sense	0.343304131125349	0.46432097049167387	0.15
THAP1	18	27	1.780184137266044	0.0240975902409759	chr16	86543231.0	86543345.0	antisense	0.3754742172841539	0.4254198793672808	0.15
SP1	19	30	1.7734961640074345	0.0013998600139986002	chr16	86543231.0	86543345.0	antisense	0.1453054694530547	0.8377180380861855	0.15
SP8	18	30	1.733917984901968	0.007699230076992301	chr16	86543231.0	86543345.0	antisense	0.343304131125349	0.46432097049167387	0.15
SP3	19	30	1.7222084076649455	0.013598640135986401	chr16	86543231.0	86543345.0	antisense	0.343304131125349	0.46432097049167387	0.15
NRF1	16	27	1.719780110605506	0.0010998900109989002	chr16	86543231.0	86543345.0	antisense	0.14271072892710732	0.8455433755981421	0.15
EGR1	16	30	1.6958421224252558	0.011398860113988602	chr16	86543231.0	86543345.0	antisense	0.343304131125349	0.46432097049167387	0.15
YY2	18	29	1.6832985699977907	0.004299570042995701	chr16	86543231.0	86543345.0	antisense	0.31878240747353837	0.4965056538630751	0.15
MAFG	12	33	1.6213743831525447	0.009299070092990702	chr16	86543231.0	86543345.0	sense	0.343304131125349	0.46432097049167387	0.15
CENPB	13	28	1.6189540761853292	0.014098590140985901	chr16	86543231.0	86543345.0	antisense	0.343304131125349	0.46432097049167387	0.15
Mitf	17	27	1.576500404184351	0.034896510348965105	chr16	86543231.0	86543345.0	sense	0.4211927644444858	0.37551909804881145	0.15
SMAD2::SMAD3::SMAD4	14	27	1.5606725263386578	0.008799120087991202	chr16	86543231.0	86543345.0	antisense	0.343304131125349	0.46432097049167387	0.15
HINFP	21	33	1.5492096797311665	0.008999100089991	chr16	86543231.0	86543345.0	antisense	0.343304131125349	0.46432097049167387	0.15
Zfx	19	33	1.5254486626404289	0.0184981501849815	chr16	86543231.0	86543345.0	sense	0.3507373400590975	0.4550179959708849	0.15
Hic1	18	27	1.5215237295473976	0.013498650134986502	chr16	86543231.0	86543345.0	antisense	0.343304131125349	0.46432097049167387	0.15
KLF14	17	31	1.4730806955629925	0.011498850114988501	chr16	86543231.0	86543345.0	antisense	0.343304131125349	0.46432097049167387	0.15
ZIC4	14	29	1.4610498620536838	0.028497150284971504	chr16	86543231.0	86543345.0	antisense	0.3938683054771446	0.40464896539596545	0.15
HIC2	18	27	1.4287057594629935	0.026497350264973504	chr16	86543231.0	86543345.0	antisense	0.38200346632003473	0.4179326962588842	0.15
Gmeb1	16	33	1.3930109829058068	0.264973502649735	chr16	86543231.0	86543345.0	antisense	0.8403317562980545	0.07554922407498414	0.15
KLF5	20	30	1.3705351741820433	0.0100989901009899	chr16	86543231.0	86543345.0	antisense	0.343304131125349	0.46432097049167387	0.15
KLF16	19	30	1.3697350174686491	0.017198280171982803	chr16	86543231.0	86543345.0	antisense	0.343304131125349	0.46432097049167387	0.15
RUNX3	20	30	1.3547459260746109	0.0131986801319868	chr16	86543231.0	86543345.0	antisense	0.343304131125349	0.46432097049167387	0.15
ZBTB7A	16	28	1.3447163033861376	0.022997700229977002	chr16	86543231.0	86543345.0	antisense	0.3754742172841539	0.4254198793672808	0.15
E2F4	21	32	1.3431563844597134	0.0164983501649835	chr16	86543231.0	86543345.0	sense	0.343304131125349	0.46432097049167387	0.15
PAX5	13	32	1.3340374456548865	0.05959404059594041	chr16	86543231.0	86543345.0	antisense	0.5623510376235105	0.24999249918241215	0.15
ZBTB7C	15	27	1.330936237473593	0.056194380561943806	chr16	86543231.0	86543345.0	antisense	0.5502808209745064	0.25941562346013275	0.15
TFAP2A	15	26	1.321758821465488	0.0254974502549745	chr16	86543231.0	86543345.0	antisense	0.37809076235233613	0.42240393334472537	0.15
HNF4G	12	27	1.3001268076773524	0.042495750424957505	chr16	86543231.0	86543345.0	sense	0.4901176549011766	0.3096996531534369	0.15
GCM2	20	30	1.2903124192150446	0.0245975402459754	chr16	86543231.0	86543345.0	sense	0.3754742172841539	0.4254198793672808	0.15
NFIC	20	26	1.2851789823725572	0.0192980701929807	chr16	86543231.0	86543345.0	sense	0.3507373400590975	0.4550179959708849	0.15
NRL	18	29	1.2841161776441363	0.1156884311568843	chr16	86543231.0	86543345.0	sense	0.7362576242375762	0.1329701948912069	0.15
NFIX	19	28	1.2804091500405077	0.058994100589941006	chr16	86543231.0	86543345.0	antisense	0.5623510376235105	0.24999249918241215	0.15
E2F6	21	32	1.2665723950199013	0.019598040195980403	chr16	86543231.0	86543345.0	sense	0.3507373400590975	0.4550179959708849	0.15
E2F1	19	31	1.2561984129521164	0.029097090290970903	chr16	86543231.0	86543345.0	antisense	0.3938683054771446	0.40464896539596545	0.15
SP4	16	33	1.2475088361456796	0.016998300169983	chr16	86543231.0	86543345.0	antisense	0.343304131125349	0.46432097049167387	0.15
BARHL2	18	28	1.2225646565692965	0.0710928907109289	chr16	86543231.0	86543345.0	sense	0.5856700044281287	0.23234701815222017	0.15
Klf4	20	30	1.1963231241548393	0.023997600239976002	chr16	86543231.0	86543345.0	sense	0.3754742172841539	0.4254198793672808	0.15
TFAP2A(var.2)	14	26	1.1910869272129094	0.0741925807419258	chr16	86543231.0	86543345.0	antisense	0.5923992216162999	0.22738552079223334	0.15
ZIC3	18	33	1.1692644123465716	0.034596540345965404	chr16	86543231.0	86543345.0	antisense	0.4211927644444858	0.37551909804881145	0.15
Pparg::Rxra	12	27	1.1678141442496233	0.14108589141085892	chr16	86543231.0	86543345.0	sense	0.7471793636962835	0.12657513136655182	0.15
RUNX2	21	30	1.1437037058295247	0.0230976902309769	chr16	86543231.0	86543345.0	antisense	0.3754742172841539	0.4254198793672808	0.15
TBX5	21	29	1.142137750676886	0.06159384061593841	chr16	86543231.0	86543345.0	sense	0.5708429157084292	0.24348338427017976	0.15
GLIS2	19	33	1.131935131705763	0.029597040295970403	chr16	86543231.0	86543345.0	antisense	0.3938683054771446	0.40464896539596545	0.15
Klf1	20	31	1.124763296158051	0.0321967803219678	chr16	86543231.0	86543345.0	antisense	0.41775322467753223	0.3790801890605363	0.15
GCM1	20	31	1.1202109713552433	0.033396660333966606	chr16	86543231.0	86543345.0	sense	0.4211927644444858	0.37551909804881145	0.15
ZNF263	12	33	1.1048242701289832	0.08599140085991401	chr16	86543231.0	86543345.0	sense	0.666112493228289	0.17645242088566357	0.15
ZBTB7B	15	27	1.1004674959317207	0.0420957904209579	chr16	86543231.0	86543345.0	antisense	0.4901176549011766	0.3096996531534369	0.15
Tcfl5	18	28	1.0717891989479122	0.33896610338966104	chr16	86543231.0	86543345.0	sense	0.8499494628850368	0.07060689621823582	0.15
TEAD1	16	26	1.065787631910851	0.08899110088991101	chr16	86543231.0	86543345.0	antisense	0.6701199445272865	0.17384745612878527	0.15
YY1	16	28	1.0637679766936912	0.0496950304969503	chr16	86543231.0	86543345.0	sense	0.5263616495493307	0.2787157607235864	0.15
EMX1	14	24	1.0624195149159583	0.18318168183181682	chr16	86543231.0	86543345.0	antisense	0.8169108089191082	0.08782535755419602	0.15
SMAD3	16	26	1.062155813997215	0.015798420157984203	chr16	86543231.0	86543345.0	antisense	0.343304131125349	0.46432097049167387	0.15
TFAP2C(var.2)	15	26	1.0580542739896135	0.07229277072292771	chr16	86543231.0	86543345.0	sense	0.5862491875812419	0.23191774611776114	0.15
TCF7L2	12	26	1.0548223970476174	0.10238976102389762	chr16	86543231.0	86543345.0	sense	0.7279491228959296	0.13789897290904876	0.15
MEIS3	20	28	1.038752583637648	0.0654934506549345	chr16	86543231.0	86543345.0	sense	0.5733951195044429	0.24154600790385208	0.15
ESR2	16	31	1.0357977971334067	0.143985601439856	chr16	86543231.0	86543345.0	antisense	0.750917908209179	0.12440753830936736	0.15
GLI2	15	27	1.028740276616853	0.06309369063093691	chr16	86543231.0	86543345.0	antisense	0.5733951195044429	0.24154600790385208	0.15
TFAP2C	14	26	1.022807777650155	0.14108589141085892	chr16	86543231.0	86543345.0	sense	0.7471793636962835	0.12657513136655182	0.15
TFAP2B	14	26	1.0171374050227004	0.12758724127587243	chr16	86543231.0	86543345.0	sense	0.7362576242375762	0.1329701948912069	0.15
Barhl1	14	24	1.01469417041554	0.31456854314568544	chr16	86543231.0	86543345.0	antisense	0.8499494628850368	0.07060689621823582	0.15
TFE3	18	28	1.011118023177714	0.13538646135386462	chr16	86543231.0	86543345.0	antisense	0.7362576242375762	0.1329701948912069	0.15
Gfi1b	22	33	0.9982310732056113	0.0542945705429457	chr16	86543231.0	86543345.0	antisense	0.541901579072862	0.266079583474357	0.15
TFAP2B(var.2)	15	26	0.9961926929175846	0.0673932606739326	chr16	86543231.0	86543345.0	sense	0.5733951195044429	0.24154600790385208	0.15
Hand1::Tcf3	20	30	0.9954892106545884	0.10818918108189181	chr16	86543231.0	86543345.0	antisense	0.7362576242375762	0.1329701948912069	0.15
Ascl2	22	32	0.9856172335129905	0.044995500449955005	chr16	86543231.0	86543345.0	antisense	0.4919195580441956	0.3081059101468796	0.15
MAFK	12	27	0.9838511414646707	0.132986701329867	chr16	86543231.0	86543345.0	antisense	0.7362576242375762	0.1329701948912069	0.15
TBP	14	29	0.9818387057107976	0.2686731326867313	chr16	86543231.0	86543345.0	sense	0.8403317562980545	0.07554922407498414	0.15
Hoxb5	12	28	0.9749631538229544	0.23737626237376264	chr16	86543231.0	86543345.0	sense	0.8268340951139785	0.08258162322210644	0.15
ELF5	21	32	0.9734895464520616	0.1342865713428657	chr16	86543231.0	86543345.0	sense	0.7362576242375762	0.1329701948912069	0.15
MAFF	14	32	0.9641459296587913	0.21787821217878212	chr16	86543231.0	86543345.0	sense	0.8233041560708795	0.08443969224778529	0.15
Myb	21	31	0.9635334106822943	0.045495450454954504	chr16	86543231.0	86543345.0	antisense	0.4919195580441956	0.3081059101468796	0.15
E2F8	19	31	0.9626558652519436	0.016698330166983303	chr16	86543231.0	86543345.0	antisense	0.343304131125349	0.46432097049167387	0.15
Pax2	17	25	0.9580193597625709	0.2626737326267373	chr16	86543231.0	86543345.0	sense	0.8403317562980545	0.07554922407498414	0.15
GSC2	14	24	0.9539730989391546	0.27917208279172084	chr16	86543231.0	86543345.0	antisense	0.8423855288889716	0.07448910238483025	0.15
NR2C2	12	27	0.9466000364897056	0.08559144085591441	chr16	86543231.0	86543345.0	sense	0.666112493228289	0.17645242088566357	0.15
INSM1	14	26	0.9290937097255364	0.0655934406559344	chr16	86543231.0	86543345.0	sense	0.5733951195044429	0.24154600790385208	0.15
GSX1	14	24	0.9256730182909801	0.44155584441555845	chr16	86543231.0	86543345.0	antisense	0.8499494628850368	0.07060689621823582	0.15
ZIC1	19	33	0.907222033659834	0.05089491050894911	chr16	86543231.0	86543345.0	antisense	0.5282891710828918	0.2771282914276648	0.15
E2F7	18	32	0.9061594633878111	0.015598440155984402	chr16	86543231.0	86543345.0	antisense	0.343304131125349	0.46432097049167387	0.15
SPIC	12	26	0.8955723726917212	0.21157884211578842	chr16	86543231.0	86543345.0	sense	0.8233041560708795	0.08443969224778529	0.15
HOXB3	14	24	0.8912811868508378	0.3311668833116688	chr16	86543231.0	86543345.0	sense	0.8499494628850368	0.07060689621823582	0.15
TBX4	21	29	0.8889283774178149	0.10118988101189881	chr16	86543231.0	86543345.0	sense	0.7279491228959296	0.13789897290904876	0.15
KLF13	14	32	0.8839259806196159	0.0694930506949305	chr16	86543231.0	86543345.0	antisense	0.5817240856559505	0.23528295433654486	0.15
HOXB2	14	24	0.8836981807440385	0.34976502349765026	chr16	86543231.0	86543345.0	sense	0.8499494628850368	0.07060689621823582	0.15
EVX2	14	24	0.878270575998886	0.3457654234576542	chr16	86543231.0	86543345.0	sense	0.8499494628850368	0.07060689621823582	0.15
Hoxd3	12	28	0.8775298182725683	0.34736526347365265	chr16	86543231.0	86543345.0	antisense	0.8499494628850368	0.07060689621823582	0.15
Hes2	14	27	0.8757276921423602	0.5778422157784222	chr16	86543231.0	86543345.0	sense	0.8499494628850368	0.07060689621823582	0.15
PROX1	19	31	0.8656804086538642	0.05299470052994701	chr16	86543231.0	86543345.0	antisense	0.5392990112753431	0.2681703759255521	0.15
PRDM1	12	27	0.8617751879150031	0.18318168183181682	chr16	86543231.0	86543345.0	sense	0.8169108089191082	0.08782535755419602	0.15
NR2F1	13	26	0.8608921381572667	0.16618338166183383	chr16	86543231.0	86543345.0	sense	0.8169108089191082	0.08782535755419602	0.15
EVX1	14	24	0.8572410185885982	0.34826517348265174	chr16	86543231.0	86543345.0	sense	0.8499494628850368	0.07060689621823582	0.15
ESX1	15	25	0.8566260366387185	0.37406259374062595	chr16	86543231.0	86543345.0	antisense	0.8499494628850368	0.07060689621823582	0.15
RUNX1	22	33	0.8510457543589475	0.23397660233976603	chr16	86543231.0	86543345.0	sense	0.8233041560708795	0.08443969224778529	0.15
TBX2	20	31	0.843114014407439	0.2586741325867413	chr16	86543231.0	86543345.0	sense	0.8403317562980545	0.07554922407498414	0.15
HEY2	18	28	0.8402823727553501	0.1274872512748725	chr16	86543231.0	86543345.0	antisense	0.7362576242375762	0.1329701948912069	0.15
GSC	14	24	0.838620200581684	0.23047695230476953	chr16	86543231.0	86543345.0	antisense	0.8233041560708795	0.08443969224778529	0.15
FOXP3	19	26	0.834064872855266	0.11438856114388561	chr16	86543231.0	86543345.0	sense	0.7362576242375762	0.1329701948912069	0.15
RARA::RXRA	13	30	0.8322952773209625	0.2248775122487751	chr16	86543231.0	86543345.0	sense	0.8233041560708795	0.08443969224778529	0.15
HOXA2	14	24	0.83108611617401	0.3631636836316368	chr16	86543231.0	86543345.0	antisense	0.8499494628850368	0.07060689621823582	0.15
Klf12	16	31	0.8257259348510095	0.10938906109389061	chr16	86543231.0	86543345.0	antisense	0.7362576242375762	0.1329701948912069	0.15
Neurog1	18	28	0.8233077839364227	0.5090490950904909	chr16	86543231.0	86543345.0	antisense	0.8499494628850368	0.07060689621823582	0.15
ETV6	22	32	0.8213522916755718	0.11708829117088292	chr16	86543231.0	86543345.0	sense	0.7362576242375762	0.1329701948912069	0.15
ELK4	15	26	0.8182752662115212	0.12658734126587343	chr16	86543231.0	86543345.0	antisense	0.7362576242375762	0.1329701948912069	0.15
ZNF740	15	25	0.8164157113038157	0.11398860113988601	chr16	86543231.0	86543345.0	antisense	0.7362576242375762	0.1329701948912069	0.15
LEF1	12	27	0.8140041830074249	0.10838916108389161	chr16	86543231.0	86543345.0	sense	0.7362576242375762	0.1329701948912069	0.15
MAF::NFE2	15	30	0.8111377507278701	0.12668733126687332	chr16	86543231.0	86543345.0	sense	0.7362576242375762	0.1329701948912069	0.15
GSX2	18	28	0.8101278548456202	0.5491450854914508	chr16	86543231.0	86543345.0	antisense	0.8499494628850368	0.07060689621823582	0.15
EOMES	20	33	0.805755983585012	0.2676732326767323	chr16	86543231.0	86543345.0	sense	0.8403317562980545	0.07554922407498414	0.15
MEIS1	20	27	0.8018286470942939	0.18018198180181982	chr16	86543231.0	86543345.0	sense	0.8169108089191082	0.08782535755419602	0.15
ZBTB18	20	33	0.8001011677467126	0.12568743125687432	chr16	86543231.0	86543345.0	sense	0.7362576242375762	0.1329701948912069	0.15
MGA	21	29	0.79205272710929	0.10968903109689031	chr16	86543231.0	86543345.0	sense	0.7362576242375762	0.1329701948912069	0.15
FIGLA	18	28	0.7908984552511802	0.2054794520547945	chr16	86543231.0	86543345.0	antisense	0.8233041560708795	0.08443969224778529	0.15
E2F2	17	33	0.7892656937289478	0.0448955104489551	chr16	86543231.0	86543345.0	sense	0.4919195580441956	0.3081059101468796	0.15
NFIA	18	28	0.7884757661335237	0.12888711128887112	chr16	86543231.0	86543345.0	antisense	0.7362576242375762	0.1329701948912069	0.15
Mafb	21	33	0.7880373033043617	0.2890710928907109	chr16	86543231.0	86543345.0	antisense	0.8476152384761524	0.07180124411955359	0.15
Pax6	16	30	0.7879985676204594	0.24297570242975702	chr16	86543231.0	86543345.0	antisense	0.8403317562980545	0.07554922407498414	0.15
Nr5a2	14	29	0.7874861021201457	0.22597740225977403	chr16	86543231.0	86543345.0	sense	0.8233041560708795	0.08443969224778529	0.15
Bach1::Mafk	12	27	0.7817148402234694	0.1126887311268873	chr16	86543231.0	86543345.0	sense	0.7362576242375762	0.1329701948912069	0.15
ETV5	22	32	0.7815616222598181	0.26687331266873315	chr16	86543231.0	86543345.0	sense	0.8403317562980545	0.07554922407498414	0.15
Spz1	14	25	0.7809238746227626	0.18588141185881413	chr16	86543231.0	86543345.0	sense	0.8169108089191082	0.08782535755419602	0.15
ARNT::HIF1A	21	29	0.780801796269354	0.1361863813618638	chr16	86543231.0	86543345.0	sense	0.7362576242375762	0.1329701948912069	0.15
EHF	20	32	0.7741839950298537	0.1446855314468553	chr16	86543231.0	86543345.0	sense	0.750917908209179	0.12440753830936736	0.15
NFYA	12	30	0.7738514583542041	0.20957904209579042	chr16	86543231.0	86543345.0	antisense	0.8233041560708795	0.08443969224778529	0.15
PITX3	15	24	0.7732450552234442	0.2726727327267273	chr16	86543231.0	86543345.0	antisense	0.8403317562980545	0.07554922407498414	0.15
Bcl6	13	27	0.7687830885035059	0.254974502549745	chr16	86543231.0	86543345.0	antisense	0.8403317562980545	0.07554922407498414	0.15
Tcf7	12	24	0.7659006820055315	0.0973902609739026	chr16	86543231.0	86543345.0	sense	0.7148327420779049	0.14579556335987864	0.15
Rfx1	15	29	0.7636089558238829	0.2221777822217778	chr16	86543231.0	86543345.0	antisense	0.8233041560708795	0.08443969224778529	0.15
CTCF	13	32	0.7627653593147645	0.18448155184481552	chr16	86543231.0	86543345.0	sense	0.8169108089191082	0.08782535755419602	0.15
PAX1	14	31	0.7620290178880279	0.12008799120087991	chr16	86543231.0	86543345.0	antisense	0.7362576242375762	0.1329701948912069	0.15
Nkx2-5(var.2)	15	26	0.761465862285054	0.17218278172182783	chr16	86543231.0	86543345.0	antisense	0.8169108089191082	0.08782535755419602	0.15
TFAP2B(var.3)	13	26	0.7598514650538288	0.16978302169783022	chr16	86543231.0	86543345.0	sense	0.8169108089191082	0.08782535755419602	0.15
Dlx1	14	24	0.7592495909661001	0.49245075492450757	chr16	86543231.0	86543345.0	antisense	0.8499494628850368	0.07060689621823582	0.15
NFATC1	22	32	0.7567804053151249	0.37796220377962203	chr16	86543231.0	86543345.0	antisense	0.8499494628850368	0.07060689621823582	0.15
GLIS3	15	29	0.7560477858893085	0.06679332066793321	chr16	86543231.0	86543345.0	antisense	0.5733951195044429	0.24154600790385208	0.15
PLAG1	13	27	0.7506576176279803	0.09779022097790221	chr16	86543231.0	86543345.0	sense	0.7148327420779049	0.14579556335987864	0.15
TCF3	18	28	0.750638192780593	0.1790820917908209	chr16	86543231.0	86543345.0	antisense	0.8169108089191082	0.08782535755419602	0.15
Myod1	19	32	0.7411176573894769	0.2318768123187681	chr16	86543231.0	86543345.0	sense	0.8233041560708795	0.08443969224778529	0.15
MAX::MYC	17	28	0.7391452773583325	0.1655834416558344	chr16	86543231.0	86543345.0	sense	0.8169108089191082	0.08782535755419602	0.15
REL	17	27	0.7374503243929568	0.23477652234776522	chr16	86543231.0	86543345.0	antisense	0.8233041560708795	0.08443969224778529	0.15
TFCP2	20	30	0.7360140506097134	0.18758124187581243	chr16	86543231.0	86543345.0	antisense	0.8169108089191082	0.08782535755419602	0.15
VAX1	15	23	0.7332802735490349	0.39856014398560147	chr16	86543231.0	86543345.0	antisense	0.8499494628850368	0.07060689621823582	0.15
TFAP2A(var.3)	13	26	0.7325535682707807	0.22867713228677133	chr16	86543231.0	86543345.0	sense	0.8233041560708795	0.08443969224778529	0.15
MEOX2	14	24	0.7287187329337032	0.5254474552544746	chr16	86543231.0	86543345.0	sense	0.8499494628850368	0.07060689621823582	0.15
TFAP2C(var.3)	13	26	0.7284770284460315	0.20217978202179782	chr16	86543231.0	86543345.0	sense	0.8233041560708795	0.08443969224778529	0.15
Gabpa	16	27	0.7180176608715154	0.20137986201379862	chr16	86543231.0	86543345.0	sense	0.8233041560708795	0.08443969224778529	0.15
Nfe2l2	12	27	0.7149778749139982	0.25517448255174485	chr16	86543231.0	86543345.0	antisense	0.8403317562980545	0.07554922407498414	0.15
VAX2	15	23	0.7073313056078241	0.37946205379462056	chr16	86543231.0	86543345.0	antisense	0.8499494628850368	0.07060689621823582	0.15
OTX1	19	27	0.7021730797329602	0.2096790320967903	chr16	86543231.0	86543345.0	sense	0.8233041560708795	0.08443969224778529	0.15
HLTF	16	26	0.700219832746508	0.46335366463353667	chr16	86543231.0	86543345.0	antisense	0.8499494628850368	0.07060689621823582	0.15
JUN(var.2)	18	32	0.6941475904454015	0.30646935306469353	chr16	86543231.0	86543345.0	antisense	0.8499494628850368	0.07060689621823582	0.15
TBR1	21	31	0.6939479562311037	0.22347765223477653	chr16	86543231.0	86543345.0	sense	0.8233041560708795	0.08443969224778529	0.15
CREB3L1	13	27	0.6922966212223859	0.20377962203779623	chr16	86543231.0	86543345.0	antisense	0.8233041560708795	0.08443969224778529	0.15
Dmbx1	14	31	0.6859225238489978	0.4460553944605539	chr16	86543231.0	86543345.0	antisense	0.8499494628850368	0.07060689621823582	0.15
Myog	22	33	0.6849700900322293	0.19168083191680832	chr16	86543231.0	86543345.0	sense	0.8173432656734325	0.08759551130278558	0.15
MYBL2	14	29	0.6831243890752906	0.22907709229077092	chr16	86543231.0	86543345.0	sense	0.8233041560708795	0.08443969224778529	0.15
MEIS2	23	31	0.6829965156554675	0.17418258174182583	chr16	86543231.0	86543345.0	antisense	0.8169108089191082	0.08782535755419602	0.15
VENTX	14	23	0.6824278969232346	0.21277872212778723	chr16	86543231.0	86543345.0	sense	0.8233041560708795	0.08443969224778529	0.15
GATA5	17	25	0.677568006048283	0.3177682231776822	chr16	86543231.0	86543345.0	sense	0.8499494628850368	0.07060689621823582	0.15
Gata4	14	25	0.6772263466158004	0.1952804719528047	chr16	86543231.0	86543345.0	antisense	0.8173432656734325	0.08759551130278558	0.15
NFATC3	22	32	0.6769311196808313	0.410958904109589	chr16	86543231.0	86543345.0	antisense	0.8499494628850368	0.07060689621823582	0.15
ELF3	20	33	0.67577164870574	0.1635836416358364	chr16	86543231.0	86543345.0	sense	0.8169108089191082	0.08782535755419602	0.15
ELF1	20	32	0.6739950839254614	0.17318268173182683	chr16	86543231.0	86543345.0	sense	0.8169108089191082	0.08782535755419602	0.15
TBX21	20	30	0.6738545977237251	0.1952804719528047	chr16	86543231.0	86543345.0	sense	0.8173432656734325	0.08759551130278558	0.15
TEAD4	16	26	0.6713705565519199	0.35326467353264673	chr16	86543231.0	86543345.0	antisense	0.8499494628850368	0.07060689621823582	0.15
Ar	15	32	0.6699438758724048	0.18888111188881113	chr16	86543231.0	86543345.0	sense	0.8169108089191082	0.08782535755419602	0.15
ELF4	20	32	0.6673115973200157	0.1738826117388261	chr16	86543231.0	86543345.0	sense	0.8169108089191082	0.08782535755419602	0.15
Tcf12	21	32	0.6653312436002602	0.20957904209579042	chr16	86543231.0	86543345.0	antisense	0.8233041560708795	0.08443969224778529	0.15
ETV4	22	32	0.6652737120961421	0.3047695230476952	chr16	86543231.0	86543345.0	sense	0.8499494628850368	0.07060689621823582	0.15
TP53	12	30	0.6604493335186012	0.17498250174982502	chr16	86543231.0	86543345.0	sense	0.8169108089191082	0.08782535755419602	0.15
HMBOX1	14	24	0.6568968996520694	0.42625737426257376	chr16	86543231.0	86543345.0	sense	0.8499494628850368	0.07060689621823582	0.15
NHLH1	22	32	0.6564455796317021	0.22807719228077192	chr16	86543231.0	86543345.0	antisense	0.8233041560708795	0.08443969224778529	0.15
TCF4	22	32	0.6557302516913815	0.23397660233976603	chr16	86543231.0	86543345.0	antisense	0.8233041560708795	0.08443969224778529	0.15
ID4	18	28	0.6551258898195286	0.2702729727027297	chr16	86543231.0	86543345.0	antisense	0.8403317562980545	0.07554922407498414	0.15
ETV1	22	32	0.6546376388860913	0.33296670332966705	chr16	86543231.0	86543345.0	sense	0.8499494628850368	0.07060689621823582	0.15
Crx	21	32	0.6542800464249986	0.24487551244875513	chr16	86543231.0	86543345.0	sense	0.8403317562980545	0.07554922407498414	0.15
Ahr::Arnt	22	28	0.6542636839978405	0.127987201279872	chr16	86543231.0	86543345.0	sense	0.7362576242375762	0.1329701948912069	0.15
GBX1	14	24	0.6533556511722878	0.27687231276872315	chr16	86543231.0	86543345.0	sense	0.8403317562980545	0.07554922407498414	0.15
LHX6	14	24	0.648277280532286	0.31096890310968905	chr16	86543231.0	86543345.0	sense	0.8499494628850368	0.07060689621823582	0.15
XBP1	14	28	0.6448572018692561	0.2763723627637236	chr16	86543231.0	86543345.0	antisense	0.8403317562980545	0.07554922407498414	0.15
GATA2	14	28	0.636405822217434	0.35466453354664534	chr16	86543231.0	86543345.0	antisense	0.8499494628850368	0.07060689621823582	0.15
Foxo1	14	25	0.6329003915777963	0.25177482251774824	chr16	86543231.0	86543345.0	antisense	0.8403317562980545	0.07554922407498414	0.15
FOS::JUN	19	26	0.6310185382806468	0.22777722227777222	chr16	86543231.0	86543345.0	antisense	0.8233041560708795	0.08443969224778529	0.15
ZBTB33	18	33	0.6294366887539623	0.38576142385761425	chr16	86543231.0	86543345.0	sense	0.8499494628850368	0.07060689621823582	0.15
CREB3	13	27	0.6275867556974213	0.29147085291470853	chr16	86543231.0	86543345.0	antisense	0.8498504082176052	0.07065751264226593	0.15
mix-a	13	24	0.6271818287493708	0.26607339266073393	chr16	86543231.0	86543345.0	sense	0.8403317562980545	0.07554922407498414	0.15
LBX2	15	25	0.6267978971517126	0.7434256574342566	chr16	86543231.0	86543345.0	antisense	0.8610185339081987	0.06498750001274863	0.15
Foxa2	12	24	0.6211817811033867	0.2880711928807119	chr16	86543231.0	86543345.0	sense	0.8476152384761524	0.07180124411955359	0.15
PAX9	14	31	0.6137372136945022	0.1506849315068493	chr16	86543231.0	86543345.0	antisense	0.7743116777431167	0.11108419089641562	0.15
MIXL1	15	25	0.6124989187676393	0.6686331366863314	chr16	86543231.0	86543345.0	antisense	0.8499494628850368	0.07060689621823582	0.15
POU3F3	18	31	0.6123283437123856	0.39486051394860516	chr16	86543231.0	86543345.0	sense	0.8499494628850368	0.07060689621823582	0.15
RAX	15	25	0.609952079518887	0.41385861413858616	chr16	86543231.0	86543345.0	antisense	0.8499494628850368	0.07060689621823582	0.15
Arntl	17	27	0.6055793540639062	0.3915608439156084	chr16	86543231.0	86543345.0	sense	0.8499494628850368	0.07060689621823582	0.15
NFIC::TLX1	16	30	0.6041101989051025	0.19418058194180582	chr16	86543231.0	86543345.0	antisense	0.8173432656734325	0.08759551130278558	0.15
ELK3	22	32	0.6035231157191074	0.3417658234176582	chr16	86543231.0	86543345.0	sense	0.8499494628850368	0.07060689621823582	0.15
SNAI2	18	27	0.6032509344485139	0.41305869413058693	chr16	86543231.0	86543345.0	sense	0.8499494628850368	0.07060689621823582	0.15
NFYB	16	31	0.6031667661362811	0.4002599740025997	chr16	86543231.0	86543345.0	antisense	0.8499494628850368	0.07060689621823582	0.15
Pou5f1::Sox2	14	29	0.6008219297646298	0.40755924407559246	chr16	86543231.0	86543345.0	sense	0.8499494628850368	0.07060689621823582	0.15
TP73	12	30	0.5987456415977069	0.28857114288571145	chr16	86543231.0	86543345.0	antisense	0.8476152384761524	0.07180124411955359	0.15
IRF2	12	30	0.5969039088525686	0.1566843315668433	chr16	86543231.0	86543345.0	sense	0.7972467459136439	0.09840724472173229	0.15
PPARG	13	33	0.5955319164339385	0.20977902209779023	chr16	86543231.0	86543345.0	antisense	0.8233041560708795	0.08443969224778529	0.15
ALX3	14	24	0.5945923956946949	0.6515348465153484	chr16	86543231.0	86543345.0	antisense	0.8499494628850368	0.07060689621823582	0.15
SPI1	18	32	0.5926913208977135	0.13088691130886912	chr16	86543231.0	86543345.0	sense	0.7362576242375762	0.1329701948912069	0.15
FEV	22	32	0.5914661713673374	0.3411658834116588	chr16	86543231.0	86543345.0	sense	0.8499494628850368	0.07060689621823582	0.15
PDX1	15	23	0.5875181154211064	0.2725727427257274	chr16	86543231.0	86543345.0	sense	0.8403317562980545	0.07554922407498414	0.15
ETV3	19	29	0.5858002721031317	0.40405959404059594	chr16	86543231.0	86543345.0	sense	0.8499494628850368	0.07060689621823582	0.15
CREB1	21	29	0.5803189905684953	0.30786921307869214	chr16	86543231.0	86543345.0	antisense	0.8499494628850368	0.07060689621823582	0.15
SPDEF	21	32	0.5772590561442091	0.2556744325567443	chr16	86543231.0	86543345.0	sense	0.8403317562980545	0.07554922407498414	0.15
RFX4	13	29	0.5737865484134522	0.39766023397660233	chr16	86543231.0	86543345.0	sense	0.8499494628850368	0.07060689621823582	0.15
POU4F1	13	27	0.572899894072367	0.49555044495550443	chr16	86543231.0	86543345.0	antisense	0.8499494628850368	0.07060689621823582	0.15
EMX2	14	24	0.5728719175277786	0.43655634436556345	chr16	86543231.0	86543345.0	sense	0.8499494628850368	0.07060689621823582	0.15
HOXA5	24	32	0.5696282627638181	0.37776222377762225	chr16	86543231.0	86543345.0	sense	0.8499494628850368	0.07060689621823582	0.15
GBX2	14	24	0.5681970575203483	0.43715628437156284	chr16	86543231.0	86543345.0	sense	0.8499494628850368	0.07060689621823582	0.15
ESR1	15	32	0.5669650438524645	0.18238176182381763	chr16	86543231.0	86543345.0	sense	0.8169108089191082	0.08782535755419602	0.15
ERG	22	32	0.565758844972647	0.3437656234376562	chr16	86543231.0	86543345.0	sense	0.8499494628850368	0.07060689621823582	0.15
Gata1	15	26	0.56506162875784	0.29487051294870514	chr16	86543231.0	86543345.0	antisense	0.8499494628850368	0.07060689621823582	0.15
RFX3	13	29	0.5642147905526151	0.34536546345365465	chr16	86543231.0	86543345.0	antisense	0.8499494628850368	0.07060689621823582	0.15
HEY1	18	28	0.5621939410816322	0.34666533346665335	chr16	86543231.0	86543345.0	antisense	0.8499494628850368	0.07060689621823582	0.15
LHX2	14	24	0.5621416226089299	0.44915508449155084	chr16	86543231.0	86543345.0	antisense	0.8499494628850368	0.07060689621823582	0.15
Pou2f3	17	33	0.5550641082196767	0.47405259474052597	chr16	86543231.0	86543345.0	sense	0.8499494628850368	0.07060689621823582	0.15
Prrx2	16	24	0.5542898335968652	0.6411358864113589	chr16	86543231.0	86543345.0	antisense	0.8499494628850368	0.07060689621823582	0.15
ETS1	22	32	0.5526170427080934	0.35506449355064496	chr16	86543231.0	86543345.0	sense	0.8499494628850368	0.07060689621823582	0.15
MEOX1	14	24	0.5504948155175725	0.5488451154884512	chr16	86543231.0	86543345.0	antisense	0.8499494628850368	0.07060689621823582	0.15
GATA1::TAL1	14	32	0.5491432170836266	0.5272472752724727	chr16	86543231.0	86543345.0	sense	0.8499494628850368	0.07060689621823582	0.15
VSX1	15	23	0.5447575728694376	0.5234476552344766	chr16	86543231.0	86543345.0	antisense	0.8499494628850368	0.07060689621823582	0.15
Ddit3::Cebpa	19	31	0.5421450805806304	0.5634436556344365	chr16	86543231.0	86543345.0	sense	0.8499494628850368	0.07060689621823582	0.15
Gfi1	13	23	0.5374805027193958	0.5821417858214178	chr16	86543231.0	86543345.0	antisense	0.8499494628850368	0.07060689621823582	0.15
NOTO	14	24	0.5372691168680509	0.5298470152984701	chr16	86543231.0	86543345.0	antisense	0.8499494628850368	0.07060689621823582	0.15
SCRT1	14	29	0.5363218254392594	0.31666833316668336	chr16	86543231.0	86543345.0	sense	0.8499494628850368	0.07060689621823582	0.15
Hoxc9	13	26	0.534843518870594	0.44995500449955006	chr16	86543231.0	86543345.0	antisense	0.8499494628850368	0.07060689621823582	0.15
Sox3	14	24	0.5339653897992773	0.2512748725127487	chr16	86543231.0	86543345.0	antisense	0.8403317562980545	0.07554922407498414	0.15
SOX9	24	33	0.5332496686303482	0.5658434156584341	chr16	86543231.0	86543345.0	sense	0.8499494628850368	0.07060689621823582	0.15
POU6F1	14	24	0.5304867667971321	0.4727527247275273	chr16	86543231.0	86543345.0	sense	0.8499494628850368	0.07060689621823582	0.15
RAX2	16	24	0.5294650398130903	0.6453354664533547	chr16	86543231.0	86543345.0	antisense	0.8499494628850368	0.07060689621823582	0.15
TBX20	13	24	0.5278578473856116	0.38316168383161686	chr16	86543231.0	86543345.0	sense	0.8499494628850368	0.07060689621823582	0.15
SREBF1	19	29	0.5272087327432643	0.2850714928507149	chr16	86543231.0	86543345.0	antisense	0.8476152384761524	0.07180124411955359	0.15
VSX2	15	23	0.5265206152400443	0.42115788421157885	chr16	86543231.0	86543345.0	antisense	0.8499494628850368	0.07060689621823582	0.15
PBX1	15	27	0.5245733023497365	0.395960403959604	chr16	86543231.0	86543345.0	antisense	0.8499494628850368	0.07060689621823582	0.15
MNX1	14	24	0.5226492369004822	0.5949405059494051	chr16	86543231.0	86543345.0	sense	0.8499494628850368	0.07060689621823582	0.15
T	13	29	0.5201630248849849	0.3371662833716628	chr16	86543231.0	86543345.0	antisense	0.8499494628850368	0.07060689621823582	0.15
ZEB1	15	24	0.5196162892556382	0.27517248275172485	chr16	86543231.0	86543345.0	antisense	0.8403317562980545	0.07554922407498414	0.15
TFEC	18	28	0.5195633969214544	0.49855014498550143	chr16	86543231.0	86543345.0	sense	0.8499494628850368	0.07060689621823582	0.15
BARX1	15	23	0.519384102962357	0.46905309469053097	chr16	86543231.0	86543345.0	sense	0.8499494628850368	0.07060689621823582	0.15
SCRT2	14	27	0.518936989205895	0.274972502749725	chr16	86543231.0	86543345.0	sense	0.8403317562980545	0.07554922407498414	0.15
MNT	22	32	0.5114306672701792	0.48665133486651335	chr16	86543231.0	86543345.0	antisense	0.8499494628850368	0.07060689621823582	0.15
NFAT5	14	24	0.5110438327822366	0.5088491150884912	chr16	86543231.0	86543345.0	antisense	0.8499494628850368	0.07060689621823582	0.15
Foxq1	13	24	0.5084027820459956	0.3126687331266873	chr16	86543231.0	86543345.0	sense	0.8499494628850368	0.07060689621823582	0.15
Pitx1	15	23	0.507952562397485	0.5698430156984302	chr16	86543231.0	86543345.0	antisense	0.8499494628850368	0.07060689621823582	0.15
GLIS1	14	30	0.5061385347450289	0.12968703129687031	chr16	86543231.0	86543345.0	antisense	0.7362576242375762	0.1329701948912069	0.15
ETV2	21	32	0.5048572708548089	0.32796720327967205	chr16	86543231.0	86543345.0	sense	0.8499494628850368	0.07060689621823582	0.15
FLI1	22	32	0.5028480047508594	0.35706429357064295	chr16	86543231.0	86543345.0	sense	0.8499494628850368	0.07060689621823582	0.15
HOXB13	14	24	0.5014419835349566	0.35866413358664134	chr16	86543231.0	86543345.0	antisense	0.8499494628850368	0.07060689621823582	0.15
Hmx2	14	31	0.5009713730423083	0.5705429457054294	chr16	86543231.0	86543345.0	antisense	0.8499494628850368	0.07060689621823582	0.15
EN2	14	24	0.500547829758311	0.6975302469753024	chr16	86543231.0	86543345.0	antisense	0.8552988887157796	0.06788209224647475	0.15
ERF	22	32	0.49750045885556826	0.388961103889611	chr16	86543231.0	86543345.0	sense	0.8499494628850368	0.07060689621823582	0.15
ELK1	22	32	0.4971098012886767	0.33126687331266874	chr16	86543231.0	86543345.0	sense	0.8499494628850368	0.07060689621823582	0.15
RHOXF1	24	32	0.4935085461721394	0.5555444455554445	chr16	86543231.0	86543345.0	antisense	0.8499494628850368	0.07060689621823582	0.15
SHOX	16	24	0.49290047162309375	0.6494350564943505	chr16	86543231.0	86543345.0	sense	0.8499494628850368	0.07060689621823582	0.15
Hmx3	14	31	0.4914109602148993	0.6332366763323668	chr16	86543231.0	86543345.0	antisense	0.8499494628850368	0.07060689621823582	0.15
LHX9	16	24	0.4908321162619984	0.6104389561043896	chr16	86543231.0	86543345.0	antisense	0.8499494628850368	0.07060689621823582	0.15
HOXA10	22	33	0.4895848394985983	0.6207379262073792	chr16	86543231.0	86543345.0	sense	0.8499494628850368	0.07060689621823582	0.15
LBX1	15	23	0.4894193086793991	0.40135986401359863	chr16	86543231.0	86543345.0	sense	0.8499494628850368	0.07060689621823582	0.15
NR3C1	15	32	0.4877588906503783	0.30556944305569445	chr16	86543231.0	86543345.0	sense	0.8499494628850368	0.07060689621823582	0.15
NR3C2	15	32	0.4813427636669428	0.3351664833516648	chr16	86543231.0	86543345.0	sense	0.8499494628850368	0.07060689621823582	0.15
Arx	12	29	0.48013690066873327	0.5365463453654634	chr16	86543231.0	86543345.0	antisense	0.8499494628850368	0.07060689621823582	0.15
CEBPA	17	28	0.4799537784659091	0.46135386461353867	chr16	86543231.0	86543345.0	antisense	0.8499494628850368	0.07060689621823582	0.15
HESX1	15	25	0.4798385673007833	0.5202479752024798	chr16	86543231.0	86543345.0	sense	0.8499494628850368	0.07060689621823582	0.15
FOXF2	14	28	0.47936320916550884	0.4477552244775522	chr16	86543231.0	86543345.0	antisense	0.8499494628850368	0.07060689621823582	0.15
Six3	12	29	0.47773397021603714	0.635036496350365	chr16	86543231.0	86543345.0	antisense	0.8499494628850368	0.07060689621823582	0.15
Dlx3	19	27	0.47614855670227857	0.7217278272172782	chr16	86543231.0	86543345.0	antisense	0.8610185339081987	0.06498750001274863	0.15
HOXA13	14	24	0.47588578757811273	0.4036596340365963	chr16	86543231.0	86543345.0	antisense	0.8499494628850368	0.07060689621823582	0.15
POU5F1B	20	29	0.4753784377327691	0.5109489051094891	chr16	86543231.0	86543345.0	sense	0.8499494628850368	0.07060689621823582	0.15
RFX5	13	29	0.473772941954444	0.29417058294170584	chr16	86543231.0	86543345.0	antisense	0.8499494628850368	0.07060689621823582	0.15
Lhx8	15	23	0.47125551294556195	0.5051494850514948	chr16	86543231.0	86543345.0	antisense	0.8499494628850368	0.07060689621823582	0.15
NR4A2	20	28	0.46851960176603213	0.4841515848415158	chr16	86543231.0	86543345.0	sense	0.8499494628850368	0.07060689621823582	0.15
Foxd3	21	33	0.4682469774302751	0.39476052394760525	chr16	86543231.0	86543345.0	antisense	0.8499494628850368	0.07060689621823582	0.15
EN1	15	23	0.46769298887617106	0.5070492950704929	chr16	86543231.0	86543345.0	sense	0.8499494628850368	0.07060689621823582	0.15
PAX4	15	23	0.4667267487531732	0.5038496150384961	chr16	86543231.0	86543345.0	antisense	0.8499494628850368	0.07060689621823582	0.15
POU2F1	18	30	0.4666069906801537	0.6322367763223677	chr16	86543231.0	86543345.0	sense	0.8499494628850368	0.07060689621823582	0.15
Hoxa11	21	33	0.4660315479372662	0.6626337366263374	chr16	86543231.0	86543345.0	sense	0.8499494628850368	0.07060689621823582	0.15
NEUROD2	22	32	0.46542062496965986	0.6291370862913709	chr16	86543231.0	86543345.0	sense	0.8499494628850368	0.07060689621823582	0.15
Znf423	13	28	0.4649876871848532	0.2608739126087391	chr16	86543231.0	86543345.0	antisense	0.8403317562980545	0.07554922407498414	0.15
USF1	14	25	0.45999944895671124	0.5085491450854914	chr16	86543231.0	86543345.0	antisense	0.8499494628850368	0.07060689621823582	0.15
BATF::JUN	19	30	0.4598197385654372	0.4627537246275372	chr16	86543231.0	86543345.0	antisense	0.8499494628850368	0.07060689621823582	0.15
TEAD3	17	25	0.4592397591574674	0.3732626737326267	chr16	86543231.0	86543345.0	antisense	0.8499494628850368	0.07060689621823582	0.15
Hmx1	14	31	0.4541016592691701	0.7077292270772922	chr16	86543231.0	86543345.0	antisense	0.8552988887157796	0.06788209224647475	0.15
JUND(var.2)	14	29	0.4524490918065301	0.5656434356564344	chr16	86543231.0	86543345.0	sense	0.8499494628850368	0.07060689621823582	0.15
HOXC11	21	32	0.4478752251169123	0.5182481751824818	chr16	86543231.0	86543345.0	sense	0.8499494628850368	0.07060689621823582	0.15
Dlx4	19	27	0.4478146153264121	0.7242275772422758	chr16	86543231.0	86543345.0	antisense	0.8610185339081987	0.06498750001274863	0.15
Nobox	17	25	0.4477361022282768	0.5048495150484952	chr16	86543231.0	86543345.0	sense	0.8499494628850368	0.07060689621823582	0.15
UNCX	15	23	0.443347796142147	0.7405259474052595	chr16	86543231.0	86543345.0	antisense	0.8610185339081987	0.06498750001274863	0.15
OTX2	19	27	0.4432569361167358	0.5668433156684332	chr16	86543231.0	86543345.0	sense	0.8499494628850368	0.07060689621823582	0.15
Hoxd9	23	33	0.439047351173944	0.6126387361263873	chr16	86543231.0	86543345.0	sense	0.8499494628850368	0.07060689621823582	0.15
HSF4	20	33	0.4386763250344165	0.675032496750325	chr16	86543231.0	86543345.0	sense	0.8499494628850368	0.07060689621823582	0.15
Atf3	19	27	0.43790303420484206	0.45965403459654036	chr16	86543231.0	86543345.0	sense	0.8499494628850368	0.07060689621823582	0.15
MZF1	16	22	0.43746372029144237	0.37716228377162286	chr16	86543231.0	86543345.0	sense	0.8499494628850368	0.07060689621823582	0.15
NFKB2	19	32	0.43498515391177484	0.38506149385061494	chr16	86543231.0	86543345.0	sense	0.8499494628850368	0.07060689621823582	0.15
SRY	14	23	0.43463689204524064	0.6191380861913809	chr16	86543231.0	86543345.0	antisense	0.8499494628850368	0.07060689621823582	0.15
Stat4	12	26	0.434543387755798	0.5673432656734326	chr16	86543231.0	86543345.0	sense	0.8499494628850368	0.07060689621823582	0.15
MTF1	16	30	0.4329666049173053	0.30886911308869114	chr16	86543231.0	86543345.0	sense	0.8499494628850368	0.07060689621823582	0.15
POU6F2	15	25	0.4328486147233164	0.5677432256774323	chr16	86543231.0	86543345.0	antisense	0.8499494628850368	0.07060689621823582	0.15
HOXD12	21	32	0.4314594670664718	0.46815318468153183	chr16	86543231.0	86543345.0	sense	0.8499494628850368	0.07060689621823582	0.15
POU3F1	19	31	0.4289086514758508	0.6875312468753124	chr16	86543231.0	86543345.0	sense	0.8544021195966528	0.0683376829185287	0.15
Arid5a	19	33	0.42840933630618544	0.805019498050195	chr16	86543231.0	86543345.0	antisense	0.8723528482224847	0.0593078166263511	0.15
SREBF2	19	29	0.4265524678895707	0.45625437456254375	chr16	86543231.0	86543345.0	sense	0.8499494628850368	0.07060689621823582	0.15
MYF6	22	32	0.425878298770269	0.39646035396460355	chr16	86543231.0	86543345.0	antisense	0.8499494628850368	0.07060689621823582	0.15
TFAP4	19	29	0.4248417270088088	0.43625637436256376	chr16	86543231.0	86543345.0	antisense	0.8499494628850368	0.07060689621823582	0.15
Nr2f6	13	27	0.4229797086702997	0.44125587441255876	chr16	86543231.0	86543345.0	sense	0.8499494628850368	0.07060689621823582	0.15
CLOCK	18	28	0.42217448068264807	0.5801419858014198	chr16	86543231.0	86543345.0	antisense	0.8499494628850368	0.07060689621823582	0.15
EWSR1-FLI1	14	32	0.4221703563568472	0.08909109089091091	chr16	86543231.0	86543345.0	sense	0.6701199445272865	0.17384745612878527	0.15
DLX6	19	27	0.4219022932253333	0.6796320367963203	chr16	86543231.0	86543345.0	antisense	0.8499494628850368	0.07060689621823582	0.15
GRHL1	20	32	0.41797740710505715	0.5594440555944405	chr16	86543231.0	86543345.0	antisense	0.8499494628850368	0.07060689621823582	0.15
POU1F1	18	32	0.4166740247887258	0.6605339466053395	chr16	86543231.0	86543345.0	sense	0.8499494628850368	0.07060689621823582	0.15
HOXD13	14	24	0.4150812718803208	0.43755624437556245	chr16	86543231.0	86543345.0	antisense	0.8499494628850368	0.07060689621823582	0.15
TGIF2	18	30	0.4144237510881553	0.38076192380761925	chr16	86543231.0	86543345.0	antisense	0.8499494628850368	0.07060689621823582	0.15
NKX3-2	16	25	0.4124137235787887	0.6584341565843416	chr16	86543231.0	86543345.0	antisense	0.8499494628850368	0.07060689621823582	0.15
Vdr	15	31	0.4116073080158746	0.35976402359764026	chr16	86543231.0	86543345.0	sense	0.8499494628850368	0.07060689621823582	0.15
HLF	12	24	0.4106793068378507	0.6785321467853215	chr16	86543231.0	86543345.0	antisense	0.8499494628850368	0.07060689621823582	0.15
FOXH1	14	25	0.40995690649168887	0.5053494650534947	chr16	86543231.0	86543345.0	antisense	0.8499494628850368	0.07060689621823582	0.15
TFEB	22	32	0.409429042127356	0.6611338866113389	chr16	86543231.0	86543345.0	antisense	0.8499494628850368	0.07060689621823582	0.15
Sox2	16	24	0.4038201773705452	0.3123687631236876	chr16	86543231.0	86543345.0	antisense	0.8499494628850368	0.07060689621823582	0.15
MSC	22	32	0.40347113294529535	0.49075092490750927	chr16	86543231.0	86543345.0	sense	0.8499494628850368	0.07060689621823582	0.15
Arid3b	12	23	0.3953443139089947	0.6353364663533647	chr16	86543231.0	86543345.0	sense	0.8499494628850368	0.07060689621823582	0.15
NFIL3	15	26	0.395096176726312	0.5284471552844715	chr16	86543231.0	86543345.0	sense	0.8499494628850368	0.07060689621823582	0.15
NKX6-2	15	23	0.39377495740253804	0.7632236776322368	chr16	86543231.0	86543345.0	antisense	0.8630332618912022	0.06397246595636127	0.15
POU2F2	19	32	0.3906862436868799	0.5561443855614439	chr16	86543231.0	86543345.0	antisense	0.8499494628850368	0.07060689621823582	0.15
PRRX1	15	23	0.3880806229455584	0.7036296370362963	chr16	86543231.0	86543345.0	antisense	0.8552988887157796	0.06788209224647475	0.15
Hnf4a	13	29	0.3862928297433544	0.34526547345265474	chr16	86543231.0	86543345.0	sense	0.8499494628850368	0.07060689621823582	0.15
POU3F4	20	29	0.3854924395210538	0.43615638436156384	chr16	86543231.0	86543345.0	sense	0.8499494628850368	0.07060689621823582	0.15
DMRT3	22	33	0.3851177075834961	0.7512248775122488	chr16	86543231.0	86543345.0	antisense	0.8610185339081987	0.06498750001274863	0.15
USF2	15	26	0.38481375362407255	0.6393360663933607	chr16	86543231.0	86543345.0	sense	0.8499494628850368	0.07060689621823582	0.15
SPIB	22	29	0.38239716169785115	0.5498450154984501	chr16	86543231.0	86543345.0	sense	0.8499494628850368	0.07060689621823582	0.15
MAX	22	32	0.3818864142530598	0.6881311868813119	chr16	86543231.0	86543345.0	antisense	0.8544021195966528	0.0683376829185287	0.15
EBF1	14	28	0.38160850595204127	0.53994600539946	chr16	86543231.0	86543345.0	antisense	0.8499494628850368	0.07060689621823582	0.15
Dux	16	24	0.37975968878750793	0.4831516848315168	chr16	86543231.0	86543345.0	antisense	0.8499494628850368	0.07060689621823582	0.15
CDX2	21	32	0.3788069038812163	0.46785321467853214	chr16	86543231.0	86543345.0	sense	0.8499494628850368	0.07060689621823582	0.15
Nr2e1	20	29	0.37809447094595094	0.605039496050395	chr16	86543231.0	86543345.0	antisense	0.8499494628850368	0.07060689621823582	0.15
CUX2	13	23	0.3780906388019261	0.6596340365963403	chr16	86543231.0	86543345.0	sense	0.8499494628850368	0.07060689621823582	0.15
LMX1B	15	23	0.37795004662338283	0.7649235076492351	chr16	86543231.0	86543345.0	sense	0.8630332618912022	0.06397246595636127	0.15
FOXC2	20	32	0.3767702725356387	0.5945405459454055	chr16	86543231.0	86543345.0	sense	0.8499494628850368	0.07060689621823582	0.15
JUN	20	33	0.37616273920338905	0.6183381661833817	chr16	86543231.0	86543345.0	antisense	0.8499494628850368	0.07060689621823582	0.15
TAL1::TCF3	21	33	0.37539036851174507	0.6463353664633537	chr16	86543231.0	86543345.0	sense	0.8499494628850368	0.07060689621823582	0.15
JUND	17	28	0.3748377583333407	0.5423457654234577	chr16	86543231.0	86543345.0	antisense	0.8499494628850368	0.07060689621823582	0.15
Sox17	16	25	0.37479058633789136	0.676932306769323	chr16	86543231.0	86543345.0	sense	0.8499494628850368	0.07060689621823582	0.15
JUNB	18	29	0.37443616842393834	0.6119388061193881	chr16	86543231.0	86543345.0	antisense	0.8499494628850368	0.07060689621823582	0.15
CUX1	13	23	0.37391003792995314	0.6526347365263474	chr16	86543231.0	86543345.0	sense	0.8499494628850368	0.07060689621823582	0.15
FOXD1	19	27	0.3728149051080782	0.5264473552644735	chr16	86543231.0	86543345.0	sense	0.8499494628850368	0.07060689621823582	0.15
MEF2C	12	27	0.3718275572808237	0.6485351464853515	chr16	86543231.0	86543345.0	antisense	0.8499494628850368	0.07060689621823582	0.15
Hoxd8	12	29	0.37099050726012334	0.7631236876312368	chr16	86543231.0	86543345.0	sense	0.8630332618912022	0.06397246595636127	0.15
BHLHE40	22	32	0.370921362293867	0.6038396160383962	chr16	86543231.0	86543345.0	antisense	0.8499494628850368	0.07060689621823582	0.15
STAT1::STAT2	12	27	0.3707396772516861	0.4881511848815118	chr16	86543231.0	86543345.0	antisense	0.8499494628850368	0.07060689621823582	0.15
HOXC10	22	32	0.3704637640414878	0.6773322667733227	chr16	86543231.0	86543345.0	sense	0.8499494628850368	0.07060689621823582	0.15
IRF7	17	31	0.3685986606940005	0.4784521547845215	chr16	86543231.0	86543345.0	sense	0.8499494628850368	0.07060689621823582	0.15
Lhx3	12	25	0.3675104751790656	0.4560543945605439	chr16	86543231.0	86543345.0	sense	0.8499494628850368	0.07060689621823582	0.15
NKX6-1	15	23	0.36566926016735984	0.644935506449355	chr16	86543231.0	86543345.0	sense	0.8499494628850368	0.07060689621823582	0.15
Nkx3-1	15	24	0.3654556097086201	0.6734326567343266	chr16	86543231.0	86543345.0	antisense	0.8499494628850368	0.07060689621823582	0.15
NEUROG2	22	32	0.3616228170255492	0.49575042495750427	chr16	86543231.0	86543345.0	antisense	0.8499494628850368	0.07060689621823582	0.15
TBX15	21	29	0.359753609941472	0.45855414458554145	chr16	86543231.0	86543345.0	sense	0.8499494628850368	0.07060689621823582	0.15
ATF4	16	29	0.359400734854984	0.6085391460853915	chr16	86543231.0	86543345.0	sense	0.8499494628850368	0.07060689621823582	0.15
BHLHE23	21	33	0.3590449123905564	0.5674432556744325	chr16	86543231.0	86543345.0	antisense	0.8499494628850368	0.07060689621823582	0.15
Shox2	15	23	0.3587898615717095	0.6499350064993501	chr16	86543231.0	86543345.0	antisense	0.8499494628850368	0.07060689621823582	0.15
Rhox11	13	30	0.35720752610770473	0.8857114288571143	chr16	86543231.0	86543345.0	antisense	0.9157056405913193	0.03824411062468425	0.15
GMEB2	15	23	0.35707408738569235	0.6906309369063094	chr16	86543231.0	86543345.0	antisense	0.8552988887157796	0.06788209224647475	0.15
ZNF354C	19	25	0.35681715471045994	0.5202479752024798	chr16	86543231.0	86543345.0	antisense	0.8499494628850368	0.07060689621823582	0.15
ISL2	15	23	0.3566006985372075	0.8256174382561744	chr16	86543231.0	86543345.0	sense	0.8816778815945566	0.05469005409478615	0.15
Creb3l2	16	25	0.35653077516405995	0.5211478852114788	chr16	86543231.0	86543345.0	antisense	0.8499494628850368	0.07060689621823582	0.15
FOXP2	13	24	0.35600338729909614	0.46725327467253275	chr16	86543231.0	86543345.0	sense	0.8499494628850368	0.07060689621823582	0.15
Hoxa9	14	25	0.3548838570035253	0.6109389061093891	chr16	86543231.0	86543345.0	antisense	0.8499494628850368	0.07060689621823582	0.15
MSX1	19	27	0.3536417761035626	0.7991200879912009	chr16	86543231.0	86543345.0	antisense	0.8723528482224847	0.0593078166263511	0.15
FOS	17	28	0.35351651208194745	0.6458354164583542	chr16	86543231.0	86543345.0	sense	0.8499494628850368	0.07060689621823582	0.15
CEBPE	18	28	0.35324329416789757	0.7326267373262674	chr16	86543231.0	86543345.0	antisense	0.8610185339081987	0.06498750001274863	0.15
FOSL1	17	28	0.3530351740698815	0.5947405259474052	chr16	86543231.0	86543345.0	sense	0.8499494628850368	0.07060689621823582	0.15
Alx1	12	29	0.351305708878462	0.7050294970502949	chr16	86543231.0	86543345.0	sense	0.8552988887157796	0.06788209224647475	0.15
ZBED1	20	33	0.3511203339516082	0.46025397460253975	chr16	86543231.0	86543345.0	sense	0.8499494628850368	0.07060689621823582	0.15
Lhx4	15	23	0.34724360472121196	0.7086291370862914	chr16	86543231.0	86543345.0	sense	0.8552988887157796	0.06788209224647475	0.15
Nkx2-5	19	26	0.3467864694322649	0.6664333566643336	chr16	86543231.0	86543345.0	sense	0.8499494628850368	0.07060689621823582	0.15
RFX2	13	29	0.3460287745235901	0.47455254474552544	chr16	86543231.0	86543345.0	antisense	0.8499494628850368	0.07060689621823582	0.15
OLIG3	22	32	0.34541221670604255	0.7895210478952105	chr16	86543231.0	86543345.0	antisense	0.8699817916297542	0.06048983689572069	0.15
MAFG::NFE2L1	18	24	0.34359296588360383	0.6814318568143186	chr16	86543231.0	86543345.0	antisense	0.850151763669787	0.07050353988445517	0.15
Nr2e3	20	27	0.33906197455621767	0.5085491450854914	chr16	86543231.0	86543345.0	sense	0.8499494628850368	0.07060689621823582	0.15
MSX2	16	24	0.3369974945161662	0.649035096490351	chr16	86543231.0	86543345.0	antisense	0.8499494628850368	0.07060689621823582	0.15
ATF7	18	32	0.3362805964113001	0.6098390160983902	chr16	86543231.0	86543345.0	antisense	0.8499494628850368	0.07060689621823582	0.15
POU3F2	19	31	0.33483972583926	0.6706329367063294	chr16	86543231.0	86543345.0	sense	0.8499494628850368	0.07060689621823582	0.15
Npas2	22	32	0.33412411351851884	0.77992200779922	chr16	86543231.0	86543345.0	sense	0.8667655718368206	0.0620983473040366	0.15
MEF2A	12	24	0.3331609194502204	0.45895410458954106	chr16	86543231.0	86543345.0	antisense	0.8499494628850368	0.07060689621823582	0.15
Crem	13	23	0.3315646023236427	0.7313268673132687	chr16	86543231.0	86543345.0	sense	0.8610185339081987	0.06498750001274863	0.15
TBX1	21	29	0.33059905330171263	0.5696430356964304	chr16	86543231.0	86543345.0	sense	0.8499494628850368	0.07060689621823582	0.15
FOXB1	12	23	0.3290014665927059	0.6647335266473353	chr16	86543231.0	86543345.0	sense	0.8499494628850368	0.07060689621823582	0.15
Dlx2	15	23	0.32702227107950904	0.7510248975102489	chr16	86543231.0	86543345.0	sense	0.8610185339081987	0.06498750001274863	0.15
LMX1A	15	23	0.32676194985844437	0.7686231376862314	chr16	86543231.0	86543345.0	sense	0.863453265063104	0.06376116391526293	0.15
FOXC1	12	23	0.3265707794596915	0.66003399660034	chr16	86543231.0	86543345.0	sense	0.8499494628850368	0.07060689621823582	0.15
ISX	15	23	0.32572769369197085	0.5827417258274172	chr16	86543231.0	86543345.0	antisense	0.8499494628850368	0.07060689621823582	0.15
HOXC13	13	24	0.3242139444321169	0.6558344165583442	chr16	86543231.0	86543345.0	antisense	0.8499494628850368	0.07060689621823582	0.15
STAT3	16	27	0.3241472271510265	0.6959304069593041	chr16	86543231.0	86543345.0	antisense	0.8552988887157796	0.06788209224647475	0.15
Mycn	17	25	0.32364454142688137	0.5427457254274572	chr16	86543231.0	86543345.0	antisense	0.8499494628850368	0.07060689621823582	0.15
NKX2-8	15	24	0.3234223546377714	0.8562143785621438	chr16	86543231.0	86543345.0	antisense	0.901369700758119	0.04509704468385262	0.15
HOXC12	21	32	0.322910286699909	0.6596340365963403	chr16	86543231.0	86543345.0	sense	0.8499494628850368	0.07060689621823582	0.15
Atoh1	16	26	0.3227246607225023	0.7965203479652034	chr16	86543231.0	86543345.0	sense	0.8723528482224847	0.0593078166263511	0.15
HES5	21	33	0.32111911305593616	0.47565243475652436	chr16	86543231.0	86543345.0	antisense	0.8499494628850368	0.07060689621823582	0.15
Sox6	14	24	0.31817547632946663	0.5332466753324667	chr16	86543231.0	86543345.0	antisense	0.8499494628850368	0.07060689621823582	0.15
Arnt	20	26	0.31739674137368407	0.49445055494450557	chr16	86543231.0	86543345.0	antisense	0.8499494628850368	0.07060689621823582	0.15
Myc	21	31	0.3133997480073228	0.6691330866913309	chr16	86543231.0	86543345.0	antisense	0.8499494628850368	0.07060689621823582	0.15
Srebf1(var.2)	18	28	0.31311091233010646	0.6100389961003899	chr16	86543231.0	86543345.0	sense	0.8499494628850368	0.07060689621823582	0.15
DBP	13	25	0.30457601647744953	0.7489251074892511	chr16	86543231.0	86543345.0	sense	0.8610185339081987	0.06498750001274863	0.15
ZNF143	13	29	0.30437236386239913	0.4894510548945106	chr16	86543231.0	86543345.0	sense	0.8499494628850368	0.07060689621823582	0.15
GATA3	17	25	0.303331509470284	0.46205379462053797	chr16	86543231.0	86543345.0	sense	0.8499494628850368	0.07060689621823582	0.15
FOSL2	18	29	0.3033215003299804	0.7349265073492651	chr16	86543231.0	86543345.0	antisense	0.8610185339081987	0.06498750001274863	0.15
HES7	21	33	0.30332008775078256	0.47905209479052097	chr16	86543231.0	86543345.0	antisense	0.8499494628850368	0.07060689621823582	0.15
Tcf21	17	31	0.3026715034279212	0.6123387661233877	chr16	86543231.0	86543345.0	sense	0.8499494628850368	0.07060689621823582	0.15
RELA	17	27	0.3022680588633683	0.541945805419458	chr16	86543231.0	86543345.0	antisense	0.8499494628850368	0.07060689621823582	0.15
RARA(var.2)	14	31	0.30042214622702246	0.42595740425957407	chr16	86543231.0	86543345.0	antisense	0.8499494628850368	0.07060689621823582	0.15
Atf1	22	30	0.3001931280586864	0.7672232776722328	chr16	86543231.0	86543345.0	antisense	0.863453265063104	0.06376116391526293	0.15
FOXA1	14	29	0.30013977627241356	0.7746225377462254	chr16	86543231.0	86543345.0	sense	0.866252729565753	0.062355383914362655	0.15
BSX	16	24	0.2982375290588832	0.8051194880511949	chr16	86543231.0	86543345.0	antisense	0.8723528482224847	0.0593078166263511	0.15
CEBPG	18	28	0.296679511023257	0.6395360463953604	chr16	86543231.0	86543345.0	sense	0.8499494628850368	0.07060689621823582	0.15
FOXD2	18	25	0.2963949605504373	0.7022297770222977	chr16	86543231.0	86543345.0	antisense	0.8552988887157796	0.06788209224647475	0.15
ZNF410	12	29	0.29499845657749224	0.38406159384061594	chr16	86543231.0	86543345.0	antisense	0.8499494628850368	0.07060689621823582	0.15
Bhlha15	17	25	0.2949090534527937	0.6717328267173283	chr16	86543231.0	86543345.0	antisense	0.8499494628850368	0.07060689621823582	0.15
CDX1	23	32	0.2944083515335105	0.7492250774922508	chr16	86543231.0	86543345.0	sense	0.8610185339081987	0.06498750001274863	0.15
BHLHE22	22	32	0.2930516358204667	0.738026197380262	chr16	86543231.0	86543345.0	antisense	0.8610185339081987	0.06498750001274863	0.15
SOX10	18	24	0.291951538324827	0.6947305269473053	chr16	86543231.0	86543345.0	antisense	0.8552988887157796	0.06788209224647475	0.15
NKX2-3	15	25	0.2916012215386983	0.8449155084491551	chr16	86543231.0	86543345.0	antisense	0.8949207120104316	0.04821544050722616	0.15
CEBPB	18	28	0.29128252337926325	0.7761223877612239	chr16	86543231.0	86543345.0	sense	0.866252729565753	0.062355383914362655	0.15
JDP2(var.2)	19	31	0.2901751992042705	0.642935706429357	chr16	86543231.0	86543345.0	antisense	0.8499494628850368	0.07060689621823582	0.15
CEBPD	18	28	0.28857396497391974	0.7515248475152485	chr16	86543231.0	86543345.0	sense	0.8610185339081987	0.06498750001274863	0.15
NFATC2	16	23	0.28775129148857675	0.7171282871712829	chr16	86543231.0	86543345.0	antisense	0.859560233353108	0.06572368489162506	0.15
SOX8	15	31	0.28689250409995604	0.28257174282571745	chr16	86543231.0	86543345.0	sense	0.8476152384761524	0.07180124411955359	0.15
TEF	13	25	0.27909262843532123	0.7242275772422758	chr16	86543231.0	86543345.0	sense	0.8610185339081987	0.06498750001274863	0.15
Msx3	16	24	0.2779353977917345	0.7164283571642835	chr16	86543231.0	86543345.0	antisense	0.859560233353108	0.06572368489162506	0.15
SREBF2(var.2)	22	32	0.2776788280032461	0.6221377862213778	chr16	86543231.0	86543345.0	antisense	0.8499494628850368	0.07060689621823582	0.15
Stat5a::Stat5b	13	24	0.276678281048413	0.7486251374862514	chr16	86543231.0	86543345.0	antisense	0.8610185339081987	0.06498750001274863	0.15
E2F3	14	32	0.2747573368446782	0.39406059394060594	chr16	86543231.0	86543345.0	antisense	0.8499494628850368	0.07060689621823582	0.15
Creb5	19	31	0.271734327766629	0.7008299170082992	chr16	86543231.0	86543345.0	sense	0.8552988887157796	0.06788209224647475	0.15
IRF8	17	31	0.2700062280202567	0.47305269473052697	chr16	86543231.0	86543345.0	sense	0.8499494628850368	0.07060689621823582	0.15
NFE2	17	28	0.2694210162360815	0.6475352464753524	chr16	86543231.0	86543345.0	antisense	0.8499494628850368	0.07060689621823582	0.15
OLIG2	22	32	0.2677456410954894	0.8293170682931706	chr16	86543231.0	86543345.0	antisense	0.8838101816101757	0.05364099961504009	0.15
HOXD11	22	32	0.2645974383489968	0.7626237376262374	chr16	86543231.0	86543345.0	sense	0.8630332618912022	0.06397246595636127	0.15
Alx4	12	29	0.2601736887386611	0.7794220577942206	chr16	86543231.0	86543345.0	sense	0.8667655718368206	0.0620983473040366	0.15
BATF3	18	32	0.25948798853625177	0.5155484451554845	chr16	86543231.0	86543345.0	sense	0.8499494628850368	0.07060689621823582	0.15
Twist2	16	26	0.2564961429345203	0.8631136886311369	chr16	86543231.0	86543345.0	sense	0.9067935311731985	0.04249158667719747	0.15
RORA(var.2)	14	28	0.2534475032447055	0.7085291470852915	chr16	86543231.0	86543345.0	sense	0.8552988887157796	0.06788209224647475	0.15
Foxj3	13	30	0.24561014060074132	0.8046195380461953	chr16	86543231.0	86543345.0	antisense	0.8723528482224847	0.0593078166263511	0.15
Esrrg	18	28	0.24113664582046343	0.8691130886911309	chr16	86543231.0	86543345.0	sense	0.9082113921404641	0.041813054832419747	0.15
PAX3	12	22	0.24087793433846133	0.6040395960403959	chr16	86543231.0	86543345.0	sense	0.8499494628850368	0.07060689621823582	0.15
MYBL1	16	28	0.24015344239297196	0.8545145485451455	chr16	86543231.0	86543345.0	antisense	0.901369700758119	0.04509704468385262	0.15
TGIF1	18	30	0.23927185314666635	0.5354464553544646	chr16	86543231.0	86543345.0	antisense	0.8499494628850368	0.07060689621823582	0.15
PAX7	12	22	0.23602152489936815	0.5882411758824118	chr16	86543231.0	86543345.0	sense	0.8499494628850368	0.07060689621823582	0.15
NR1H2::RXRA	12	29	0.2351178824768951	0.42845715428457154	chr16	86543231.0	86543345.0	sense	0.8499494628850368	0.07060689621823582	0.15
Esrra	17	28	0.23474942916908104	0.7254274572542746	chr16	86543231.0	86543345.0	sense	0.8610185339081987	0.06498750001274863	0.15
IRF9	16	31	0.23332842298521186	0.45735426457354267	chr16	86543231.0	86543345.0	sense	0.8499494628850368	0.07060689621823582	0.15
RORA	12	22	0.23296143227856936	0.8697130286971303	chr16	86543231.0	86543345.0	sense	0.9082113921404641	0.041813054832419747	0.15
PKNOX2	17	29	0.22893659510946976	0.5685431456854314	chr16	86543231.0	86543345.0	sense	0.8499494628850368	0.07060689621823582	0.15
MEF2D	12	24	0.2257790034310804	0.5600439956004399	chr16	86543231.0	86543345.0	sense	0.8499494628850368	0.07060689621823582	0.15
Sox5	21	28	0.22167881413591844	0.7588241175882412	chr16	86543231.0	86543345.0	antisense	0.8630332618912022	0.06397246595636127	0.15
Rxra	13	27	0.21805354749751957	0.5751424857514249	chr16	86543231.0	86543345.0	sense	0.8499494628850368	0.07060689621823582	0.15
Rarg(var.2)	15	32	0.21739433614119358	0.5115488451154885	chr16	86543231.0	86543345.0	antisense	0.8499494628850368	0.07060689621823582	0.15
STAT1	16	27	0.21729609408543532	0.8121187881211879	chr16	86543231.0	86543345.0	antisense	0.8781034396560344	0.05645432164997388	0.15
HSF1	20	33	0.21551521605672372	0.7359264073592641	chr16	86543231.0	86543345.0	sense	0.8610185339081987	0.06498750001274863	0.15
RXRG	13	27	0.21326910035776775	0.5997400259974003	chr16	86543231.0	86543345.0	sense	0.8499494628850368	0.07060689621823582	0.15
RXRB	12	26	0.21218784128328327	0.5765423457654234	chr16	86543231.0	86543345.0	sense	0.8499494628850368	0.07060689621823582	0.15
MLXIPL	22	32	0.20944993534294462	0.9196080391960804	chr16	86543231.0	86543345.0	sense	0.931476442998975	0.03082812391848567	0.15
FOXP1	12	27	0.20908215324776408	0.7868213178682132	chr16	86543231.0	86543345.0	sense	0.8692932834376136	0.06083367592210274	0.15
JDP2	18	27	0.20753162193374455	0.7387261273872613	chr16	86543231.0	86543345.0	antisense	0.8610185339081987	0.06498750001274863	0.15
SOX4	17	33	0.20481049953869956	0.4467553244675532	chr16	86543231.0	86543345.0	antisense	0.8499494628850368	0.07060689621823582	0.15
OLIG1	22	32	0.20356784590119167	0.7957204279572043	chr16	86543231.0	86543345.0	antisense	0.8723528482224847	0.0593078166263511	0.15
PKNOX1	17	29	0.19756425157312554	0.6391360863913609	chr16	86543231.0	86543345.0	sense	0.8499494628850368	0.07060689621823582	0.15
RXRA::VDR	12	27	0.19319895224610742	0.7299270072992701	chr16	86543231.0	86543345.0	antisense	0.8610185339081987	0.06498750001274863	0.15
MLX	22	32	0.19222512755595556	0.8826117388261174	chr16	86543231.0	86543345.0	sense	0.9157056405913193	0.03824411062468425	0.15
FOXL1	18	25	0.19173520997405302	0.7595240475952405	chr16	86543231.0	86543345.0	antisense	0.8630332618912022	0.06397246595636127	0.15
DUXA	18	31	0.19032257958269375	0.9424057594240576	chr16	86543231.0	86543345.0	sense	0.9497254158079337	0.0224019395917654	0.15
Foxk1	13	30	0.19021448313792466	0.8216178382161784	chr16	86543231.0	86543345.0	antisense	0.8816778815945566	0.05469005409478615	0.15
BHLHE41	22	32	0.1870589606074814	0.8185181481851814	chr16	86543231.0	86543345.0	antisense	0.8813504541662016	0.054851367358003666	0.15
LIN54	14	23	0.18683517624884044	0.8256174382561744	chr16	86543231.0	86543345.0	antisense	0.8816778815945566	0.05469005409478615	0.15
MEF2B	12	24	0.18563901690406412	0.6664333566643336	chr16	86543231.0	86543345.0	sense	0.8499494628850368	0.07060689621823582	0.15
ESRRB	18	29	0.1833889911134784	0.8754124587541245	chr16	86543231.0	86543345.0	sense	0.9108111232964881	0.040571674195687975	0.15
HSF2	20	33	0.18154039496476054	0.8668133186681332	chr16	86543231.0	86543345.0	sense	0.9082113921404641	0.041813054832419747	0.15
Foxj2	15	23	0.1810957550708854	0.7728227177282272	chr16	86543231.0	86543345.0	sense	0.866252729565753	0.062355383914362655	0.15
FOXO4	15	22	0.18032179760998557	0.7872212778722127	chr16	86543231.0	86543345.0	sense	0.8692932834376136	0.06083367592210274	0.15
Stat6	14	29	0.17951395117746632	0.8977102289771023	chr16	86543231.0	86543345.0	antisense	0.9225972452259724	0.03498784648143215	0.15
Nr1h3::Rxra	14	33	0.17919252768393878	0.8996100389961004	chr16	86543231.0	86543345.0	sense	0.9227225498793994	0.03492886578901437	0.15
PHOX2A	12	23	0.17778907843285505	0.9018098190180982	chr16	86543231.0	86543345.0	antisense	0.9231544301191182	0.034725641835947216	0.15
TBX19	12	32	0.17591361027339325	0.7642235776422358	chr16	86543231.0	86543345.0	antisense	0.8630332618912022	0.06397246595636127	0.15
SOX21	16	31	0.17360312388729585	0.5824417558244176	chr16	86543231.0	86543345.0	sense	0.8499494628850368	0.07060689621823582	0.15
DUX4	12	23	0.16989557771012748	0.8435156484351565	chr16	86543231.0	86543345.0	antisense	0.8949207120104316	0.04821544050722616	0.15
FOXI1	15	22	0.1662264725848165	0.8011198880111989	chr16	86543231.0	86543345.0	sense	0.8723528482224847	0.0593078166263511	0.15
Mecom	18	32	0.16186191540606243	0.841915808419158	chr16	86543231.0	86543345.0	antisense	0.8949207120104316	0.04821544050722616	0.15
Rarb(var.2)	15	32	0.1564461495920113	0.6493350664933507	chr16	86543231.0	86543345.0	antisense	0.8499494628850368	0.07060689621823582	0.15
FOXO6	15	22	0.15624212134834098	0.8157184281571843	chr16	86543231.0	86543345.0	sense	0.8801618798619099	0.0554374448211608	0.15
Sox1	17	32	0.15615818382893207	0.7503249675032497	chr16	86543231.0	86543345.0	antisense	0.8610185339081987	0.06498750001274863	0.15
Phox2b	12	23	0.1558430329161787	0.889011098890111	chr16	86543231.0	86543345.0	antisense	0.9162934896986492	0.03796539910343275	0.15
Id2	23	31	0.15195354032631955	0.9207079292070793	chr16	86543231.0	86543345.0	sense	0.931476442998975	0.03082812391848567	0.15
ONECUT1	12	26	0.14907912964634223	0.8856114388561144	chr16	86543231.0	86543345.0	antisense	0.9157056405913193	0.03824411062468425	0.15
TP63	12	30	0.14582025269297588	0.644935506449355	chr16	86543231.0	86543345.0	sense	0.8499494628850368	0.07060689621823582	0.15
FOXO3	19	27	0.14467755926627776	0.8013198680131987	chr16	86543231.0	86543345.0	sense	0.8723528482224847	0.0593078166263511	0.15
Mlxip	23	31	0.14365991145340015	0.926907309269073	chr16	86543231.0	86543345.0	sense	0.9359239173358929	0.028759454279183475	0.15
RARA	15	33	0.14328606887379833	0.502049795020498	chr16	86543231.0	86543345.0	sense	0.8499494628850368	0.07060689621823582	0.15
ONECUT2	17	31	0.13841175906194747	0.9207079292070793	chr16	86543231.0	86543345.0	sense	0.931476442998975	0.03082812391848567	0.15
HNF1B	12	25	0.1296963811884845	0.905009499050095	chr16	86543231.0	86543345.0	antisense	0.923197464143566	0.03470539711508636	0.15
Nr2f6(var.2)	12	27	0.12876735615819115	0.7050294970502949	chr16	86543231.0	86543345.0	sense	0.8552988887157796	0.06788209224647475	0.15
BCL6B	13	30	0.12614470658691493	0.4891510848915108	chr16	86543231.0	86543345.0	sense	0.8499494628850368	0.07060689621823582	0.15
Rarg	12	28	0.12017795760390794	0.7157284271572842	chr16	86543231.0	86543345.0	sense	0.859560233353108	0.06572368489162506	0.15
SRF	12	28	0.10094347487933018	0.8514148585141486	chr16	86543231.0	86543345.0	sense	0.8999680480017171	0.04577290925275345	0.15
Arid3a	26	32	0.1005811625127548	0.8898110188981102	chr16	86543231.0	86543345.0	antisense	0.9162934896986492	0.03796539910343275	0.15
Sox11	17	32	0.09722292304946464	0.6762323767623237	chr16	86543231.0	86543345.0	antisense	0.8499494628850368	0.07060689621823582	0.15
FOXG1	15	23	0.0944871529400026	0.8757124287571243	chr16	86543231.0	86543345.0	antisense	0.9108111232964881	0.040571674195687975	0.15
POU4F3	14	30	0.08422995078736853	0.9758024197580242	chr16	86543231.0	86543345.0	sense	0.979577284051092	0.008961294520831298	0.15
ONECUT3	17	31	0.07274766550099342	0.9054094590540946	chr16	86543231.0	86543345.0	sense	0.923197464143566	0.03470539711508636	0.15
Rarb	13	29	0.05548804833155932	0.7862213778622138	chr16	86543231.0	86543345.0	antisense	0.8692932834376136	0.06083367592210274	0.15
PROP1	19	30	0.03895169109760579	0.952904709529047	chr16	86543231.0	86543345.0	antisense	0.9584448531890997	0.018432870417289776	0.15
REST	12	33	0.03181674351542611	0.49575042495750427	chr16	86543231.0	86543345.0	sense	0.8499494628850368	0.07060689621823582	0.15
NFKB1	16	29	0.02109846101849204	0.9162083791620838	chr16	86543231.0	86543345.0	sense	0.931476442998975	0.03082812391848567	0.15
HNF1A	17	32	0.019906887725507718	0.9882011798820118	chr16	86543231.0	86543345.0	antisense	0.9901089041674984	0.0043170338087271595	0.15
RREB1	12	32	-0.025716428206587014	0.6280371962803719	chr16	86543231.0	86543345.0	sense	0.8499494628850368	0.07060689621823582	0.15
POU4F2	13	29	-0.10519866235884444	0.9948005199480052	chr16	86543231.0	86543345.0	antisense	0.9948005199480052	0.002263996411258702	0.15
IRF1	12	33	-0.12212725751305717	0.8246175382461753	chr16	86543231.0	86543345.0	sense	0.8816778815945566	0.05469005409478615	0.15
