motif	start	end	score	pval	tile_chr	tile_start	tile_end	strand	padj	neg_log_pval	fdr_cutoff
EGR1	3	17	0.9046847403175474	0.000999900009999	chr7	130794716.0	130794830.0	sense	0.20757924207579243	0.6828160781004424	0.15
Zfx	5	19	0.7942299729494482	0.0013998600139986002	chr7	130794716.0	130794830.0	sense	0.20757924207579243	0.6828160781004424	0.15
SP2	9	24	0.7822791229950377	0.006099390060993901	chr7	130794716.0	130794830.0	sense	0.25532246775322465	0.5929109666610446	0.15
KLF14	8	22	0.7103366591022229	0.0012998700129987	chr7	130794716.0	130794830.0	sense	0.20757924207579243	0.6828160781004424	0.15
ZNF263	2	23	0.7015183044171711	0.0217978202179782	chr7	130794716.0	130794830.0	antisense	0.2828267173282672	0.5484795671517624	0.15
ZBTB7C	8	20	0.6956554893576836	0.0046995300469953	chr7	130794716.0	130794830.0	sense	0.25532246775322465	0.5929109666610446	0.15
SP3	8	19	0.6841134608458651	0.014598540145985401	chr7	130794716.0	130794830.0	sense	0.2612635288195318	0.5829212115429239	0.15
SP1	9	20	0.6506072872422938	0.0044995500449955	chr7	130794716.0	130794830.0	sense	0.25532246775322465	0.5929109666610446	0.15
SP8	8	20	0.6439263979521249	0.007799220077992201	chr7	130794716.0	130794830.0	sense	0.25532246775322465	0.5929109666610446	0.15
THAP1	12	21	0.6426039135437657	0.0231976802319768	chr7	130794716.0	130794830.0	sense	0.2936486839120966	0.5321719412572407	0.15
KLF16	8	19	0.616699318415363	0.008799120087991202	chr7	130794716.0	130794830.0	sense	0.25532246775322465	0.5929109666610446	0.15
SP4	5	22	0.6009820730089794	0.0023997600239976003	chr7	130794716.0	130794830.0	sense	0.24909509049095094	0.6036348320528175	0.15
ZBTB7A	7	19	0.5949445638875527	0.0066993300669933005	chr7	130794716.0	130794830.0	sense	0.25532246775322465	0.5929109666610446	0.15
YY1	11	23	0.5843633827378266	0.0015998400159984002	chr7	130794716.0	130794830.0	antisense	0.20757924207579243	0.6828160781004424	0.15
Klf4	8	18	0.576471630031009	0.007699230076992301	chr7	130794716.0	130794830.0	antisense	0.25532246775322465	0.5929109666610446	0.15
ZNF740	9	19	0.5717899420566277	0.0178982101789821	chr7	130794716.0	130794830.0	sense	0.2828267173282672	0.5484795671517624	0.15
KLF5	9	19	0.5652312422597737	0.0122987701229877	chr7	130794716.0	130794830.0	sense	0.25532246775322465	0.5929109666610446	0.15
EGR4	4	20	0.5631281310193443	0.0143985601439856	chr7	130794716.0	130794830.0	sense	0.2612635288195318	0.5829212115429239	0.15
ZBTB7B	8	20	0.5549977915620251	0.006299370062993701	chr7	130794716.0	130794830.0	sense	0.25532246775322465	0.5929109666610446	0.15
MZF1(var.2)	10	20	0.5376526915241547	0.027497250274972504	chr7	130794716.0	130794830.0	antisense	0.31713495317134954	0.4987558893734858	0.15
Klf12	7	22	0.5333667342044143	0.0065993400659934	chr7	130794716.0	130794830.0	sense	0.25532246775322465	0.5929109666610446	0.15
Klf1	7	18	0.5184606463206066	0.0122987701229877	chr7	130794716.0	130794830.0	sense	0.25532246775322465	0.5929109666610446	0.15
SPIC	10	24	0.5164277638211054	0.04889511048895111	chr7	130794716.0	130794830.0	antisense	0.38449336884493374	0.4151111458466532	0.15
TFAP2A	13	24	0.5040623696143501	0.0216978302169783	chr7	130794716.0	130794830.0	sense	0.2828267173282672	0.5484795671517624	0.15
NRF1	6	17	0.4983182790574764	0.0110988901109889	chr7	130794716.0	130794830.0	sense	0.25532246775322465	0.5929109666610446	0.15
Hes1	7	17	0.49613106917879257	0.1558844115588441	chr7	130794716.0	130794830.0	sense	0.5948824235223537	0.22556886260978065	0.15
FIGLA	11	21	0.4851532602074931	0.0105989401059894	chr7	130794716.0	130794830.0	sense	0.25532246775322465	0.5929109666610446	0.15
KLF13	6	24	0.48454410258401087	0.0072992700729927005	chr7	130794716.0	130794830.0	sense	0.25532246775322465	0.5929109666610446	0.15
INSM1	10	22	0.4788441484129672	0.016998300169983	chr7	130794716.0	130794830.0	antisense	0.2828267173282672	0.5484795671517624	0.15
Gabpa	8	19	0.4771058624256381	0.010498950104989501	chr7	130794716.0	130794830.0	antisense	0.25532246775322465	0.5929109666610446	0.15
EGR3	4	19	0.47261774523110006	0.020397960203979604	chr7	130794716.0	130794830.0	sense	0.2828267173282672	0.5484795671517624	0.15
E2F6	7	18	0.4706427607446166	0.03799620037996201	chr7	130794716.0	130794830.0	antisense	0.3623369805876555	0.44088733903873845	0.15
E2F4	7	18	0.46284381811624764	0.0435956404359564	chr7	130794716.0	130794830.0	antisense	0.36725558213409426	0.43503159438968636	0.15
Myod1	4	17	0.46039562852186683	0.017998200179982	chr7	130794716.0	130794830.0	sense	0.2828267173282672	0.5484795671517624	0.15
TCF3	11	21	0.4542854205798338	0.011998800119988001	chr7	130794716.0	130794830.0	sense	0.25532246775322465	0.5929109666610446	0.15
SNAI2	12	21	0.4509582791873706	0.014098590140985901	chr7	130794716.0	130794830.0	antisense	0.2612635288195318	0.5829212115429239	0.15
TCF4	11	21	0.4431366515757506	0.0178982101789821	chr7	130794716.0	130794830.0	sense	0.2828267173282672	0.5484795671517624	0.15
EGR2	6	17	0.4429649562753605	0.0207979202079792	chr7	130794716.0	130794830.0	sense	0.2828267173282672	0.5484795671517624	0.15
Gmeb1	2	19	0.43925433623419063	0.22327767223277672	chr7	130794716.0	130794830.0	antisense	0.6776673209871995	0.16898345674912071	0.15
NHLH1	7	17	0.43762953781589353	0.014198580141985802	chr7	130794716.0	130794830.0	sense	0.2612635288195318	0.5829212115429239	0.15
HINFP	3	15	0.4357959847006169	0.03189681031896811	chr7	130794716.0	130794830.0	antisense	0.34488426157384267	0.4623266237468109	0.15
YY2	10	21	0.4313615822255816	0.026497350264973504	chr7	130794716.0	130794830.0	sense	0.31372771813727723	0.5034471092835252	0.15
NFKB2	5	18	0.43041751402975226	0.008799120087991202	chr7	130794716.0	130794830.0	antisense	0.25532246775322465	0.5929109666610446	0.15
Spz1	8	19	0.4214684518242138	0.024197580241975804	chr7	130794716.0	130794830.0	antisense	0.29901295584727244	0.524309993845874	0.15
XBP1	5	19	0.4213199114983583	0.019498050194980503	chr7	130794716.0	130794830.0	antisense	0.2828267173282672	0.5484795671517624	0.15
TFAP2C(var.2)	13	24	0.4121411943666271	0.0408959104089591	chr7	130794716.0	130794830.0	sense	0.36585841415858417	0.43668695243700606	0.15
Hes2	4	17	0.4114672731106511	0.14958504149585042	chr7	130794716.0	130794830.0	sense	0.5827595018275951	0.23451063662737617	0.15
Bach1::Mafk	3	18	0.4104034506512307	0.0115988401159884	chr7	130794716.0	130794830.0	antisense	0.25532246775322465	0.5929109666610446	0.15
PLAG1	3	17	0.4055700540264103	0.0390960903909609	chr7	130794716.0	130794830.0	antisense	0.3623369805876555	0.44088733903873845	0.15
REL	7	17	0.40499105932981194	0.028997100289971003	chr7	130794716.0	130794830.0	antisense	0.327162935880325	0.4852359032110228	0.15
ESR2	3	18	0.4032400208759261	0.0580941905809419	chr7	130794716.0	130794830.0	antisense	0.43072692730726925	0.36579797705233097	0.15
ELK4	9	20	0.399124765445486	0.038396160383961604	chr7	130794716.0	130794830.0	sense	0.3623369805876555	0.44088733903873845	0.15
GLI2	8	20	0.39908595481062553	0.040495950404959506	chr7	130794716.0	130794830.0	sense	0.36585841415858417	0.43668695243700606	0.15
TBX5	10	18	0.3974280204501291	0.06729327067293271	chr7	130794716.0	130794830.0	antisense	0.44668950826436343	0.3499942480126099	0.15
CENPB	5	20	0.3923701156602288	0.0810918908109189	chr7	130794716.0	130794830.0	sense	0.5070685702514085	0.29493330759332276	0.15
ZIC4	9	24	0.38552838162139724	0.11898810118988101	chr7	130794716.0	130794830.0	sense	0.5477785554777855	0.2613949735788819	0.15
TFAP2B(var.2)	13	24	0.385444534874774	0.041995800419958006	chr7	130794716.0	130794830.0	sense	0.36585841415858417	0.43668695243700606	0.15
Tcfl5	7	17	0.3824512260467938	0.24917508249175083	chr7	130794716.0	130794830.0	sense	0.7105597132594433	0.14839941942634757	0.15
Ddit3::Cebpa	4	16	0.3783860385374986	0.055194480551944806	chr7	130794716.0	130794830.0	sense	0.42126375597734345	0.37544590440544223	0.15
CREB3L1	6	20	0.37138571473583143	0.026597340265973404	chr7	130794716.0	130794830.0	sense	0.31372771813727723	0.5034471092835252	0.15
MAFF	5	23	0.3655708242116521	0.11838816118388161	chr7	130794716.0	130794830.0	sense	0.5477785554777855	0.2613949735788819	0.15
SMAD2::SMAD3::SMAD4	5	18	0.3628880761343667	0.07189281071892811	chr7	130794716.0	130794830.0	sense	0.46640460953904617	0.3312371660374657	0.15
HIC2	8	17	0.35931270047682357	0.12088791120887911	chr7	130794716.0	130794830.0	sense	0.5477785554777855	0.2613949735788819	0.15
ETV5	10	20	0.3575919676963353	0.09569043095690431	chr7	130794716.0	130794830.0	antisense	0.5102133351021334	0.29224819471566615	0.15
ATF7	4	18	0.357557483407715	0.019598040195980403	chr7	130794716.0	130794830.0	sense	0.2828267173282672	0.5484795671517624	0.15
ETV6	10	20	0.35752754896107364	0.0608939106089391	chr7	130794716.0	130794830.0	antisense	0.4389436056394361	0.3575912732267979	0.15
Myog	6	17	0.3570486234998972	0.0367963203679632	chr7	130794716.0	130794830.0	antisense	0.3623369805876555	0.44088733903873845	0.15
MAFG	3	24	0.3567077995548832	0.07649235076492351	chr7	130794716.0	130794830.0	antisense	0.4901176549011766	0.3096996531534369	0.15
CTCF	4	23	0.35109014129731936	0.09269073092690731	chr7	130794716.0	130794830.0	antisense	0.5102133351021334	0.29224819471566615	0.15
JDP2(var.2)	5	17	0.34980287956614964	0.010198980101989802	chr7	130794716.0	130794830.0	sense	0.25532246775322465	0.5929109666610446	0.15
RARA::RXRA	7	24	0.3496837488905175	0.104989501049895	chr7	130794716.0	130794830.0	antisense	0.523937990816303	0.2807201096572471	0.15
GCM1	8	19	0.3495250823188842	0.044995500449955005	chr7	130794716.0	130794830.0	antisense	0.36725558213409426	0.43503159438968636	0.15
ZEB1	10	19	0.34915091184915775	0.038196180381961806	chr7	130794716.0	130794830.0	sense	0.3623369805876555	0.44088733903873845	0.15
NFKB1	5	18	0.34887672775318707	0.0122987701229877	chr7	130794716.0	130794830.0	sense	0.25532246775322465	0.5929109666610446	0.15
GATA1::TAL1	6	24	0.3488035460663864	0.11158884111588842	chr7	130794716.0	130794830.0	antisense	0.5463642315013783	0.26251774009161505	0.15
E2F1	8	20	0.34815041896124305	0.05089491050894911	chr7	130794716.0	130794830.0	sense	0.39424565006185947	0.4042330897924725	0.15
Rhox11	4	21	0.3421456881736387	0.18948105189481051	chr7	130794716.0	130794830.0	antisense	0.6217707421804404	0.20636971781636998	0.15
ZIC1	10	24	0.34127389983086237	0.06179382061793821	chr7	130794716.0	130794830.0	sense	0.4390574100484689	0.3574786887849741	0.15
Ascl2	7	17	0.3411039564254707	0.032596740325967405	chr7	130794716.0	130794830.0	sense	0.34525935161585886	0.4618545493889794	0.15
HLTF	13	23	0.33884354629816943	0.18638136186381363	chr7	130794716.0	130794830.0	sense	0.6204091129348603	0.20732183163816	0.15
CREB3	4	18	0.3343196589065597	0.0634936506349365	chr7	130794716.0	130794830.0	antisense	0.4390574100484689	0.3574786887849741	0.15
GSC2	9	19	0.3333842078643741	0.19288071192880712	chr7	130794716.0	130794830.0	sense	0.6217707421804404	0.20636971781636998	0.15
NFIC	13	19	0.33206276453464484	0.0653934606539346	chr7	130794716.0	130794830.0	antisense	0.44076891012197483	0.3557890462766194	0.15
ELF4	10	22	0.3303870331982858	0.0443955604439556	chr7	130794716.0	130794830.0	antisense	0.36725558213409426	0.43503159438968636	0.15
Nfe2l2	4	19	0.3303429376767675	0.07779222077792221	chr7	130794716.0	130794830.0	antisense	0.492367836387093	0.30771032482243255	0.15
TBX2	8	19	0.32806404626683805	0.1703829617038296	chr7	130794716.0	130794830.0	antisense	0.606742750382496	0.21699540409810827	0.15
ELF5	10	21	0.3275538997199963	0.12838716128387162	chr7	130794716.0	130794830.0	antisense	0.5506854273250361	0.2590964160120204	0.15
ELF1	10	22	0.326155033869635	0.0453954604539546	chr7	130794716.0	130794830.0	antisense	0.36725558213409426	0.43503159438968636	0.15
Hic1	12	21	0.3255058513970014	0.12248775122487751	chr7	130794716.0	130794830.0	sense	0.5477785554777855	0.2613949735788819	0.15
JUND(var.2)	5	20	0.3253422305319617	0.09359064093590641	chr7	130794716.0	130794830.0	antisense	0.5102133351021334	0.29224819471566615	0.15
Six3	2	19	0.3231285535573883	0.1498850114988501	chr7	130794716.0	130794830.0	antisense	0.5827595018275951	0.23451063662737617	0.15
ESR1	2	19	0.3230987815656609	0.030096990300969902	chr7	130794716.0	130794830.0	antisense	0.33234761630219956	0.47840743177027895	0.15
TBX4	10	18	0.3227807375344999	0.0907909209079092	chr7	130794716.0	130794830.0	antisense	0.5102133351021334	0.29224819471566615	0.15
Creb5	5	17	0.3225283915102391	0.033896610338966106	chr7	130794716.0	130794830.0	sense	0.3518468153184682	0.45364637556134146	0.15
Rfx1	5	19	0.31749459898244886	0.08289171082891711	chr7	130794716.0	130794830.0	antisense	0.5102133351021334	0.29224819471566615	0.15
HES5	6	18	0.31746959573017564	0.038896110388961104	chr7	130794716.0	130794830.0	sense	0.3623369805876555	0.44088733903873845	0.15
NFIA	11	21	0.31688476483499384	0.0565943405659434	chr7	130794716.0	130794830.0	sense	0.4256878659960091	0.3709087289773887	0.15
SPIB	13	20	0.3162345718676143	0.09919008099190081	chr7	130794716.0	130794830.0	antisense	0.5102133351021334	0.29224819471566615	0.15
GLIS2	10	24	0.31448866967827954	0.11968803119688032	chr7	130794716.0	130794830.0	sense	0.5477785554777855	0.2613949735788819	0.15
Nr1h3::Rxra	2	21	0.31011097033237295	0.21747825217478253	chr7	130794716.0	130794830.0	sense	0.6678769992823202	0.17530351275142225	0.15
MZF1	12	18	0.3096686864504986	0.09399060093990601	chr7	130794716.0	130794830.0	antisense	0.5102133351021334	0.29224819471566615	0.15
ID4	11	21	0.3059413684786514	0.09419058094190581	chr7	130794716.0	130794830.0	sense	0.5102133351021334	0.29224819471566615	0.15
NFIX	11	20	0.3044610194027952	0.20027997200279973	chr7	130794716.0	130794830.0	sense	0.6338128382283723	0.19803896818252645	0.15
ATF4	4	17	0.3008949626645349	0.09109089091090891	chr7	130794716.0	130794830.0	antisense	0.5102133351021334	0.29224819471566615	0.15
EHF	10	22	0.29718760898617197	0.09929007099290071	chr7	130794716.0	130794830.0	antisense	0.5102133351021334	0.29224819471566615	0.15
RUNX1	12	23	0.2958404806184636	0.23917608239176083	chr7	130794716.0	130794830.0	antisense	0.6934770210129826	0.1589679250919247	0.15
MGA	10	18	0.2957857894219134	0.09869013098690131	chr7	130794716.0	130794830.0	antisense	0.5102133351021334	0.29224819471566615	0.15
BATF3	4	18	0.294707462339947	0.0207979202079792	chr7	130794716.0	130794830.0	sense	0.2828267173282672	0.5484795671517624	0.15
GCM2	13	23	0.29389840165057823	0.15158484151584842	chr7	130794716.0	130794830.0	antisense	0.5827595018275951	0.23451063662737617	0.15
MTF1	5	19	0.2936654210359852	0.045995400459954004	chr7	130794716.0	130794830.0	sense	0.36725558213409426	0.43503159438968636	0.15
Crx	10	21	0.2910166579517184	0.14188581141885812	chr7	130794716.0	130794830.0	antisense	0.5712452010612892	0.24317743534459732	0.15
SPI1	10	24	0.2910128091797064	0.08999100089991001	chr7	130794716.0	130794830.0	antisense	0.5102133351021334	0.29224819471566615	0.15
FEV	10	20	0.2899769924479019	0.11488851114888511	chr7	130794716.0	130794830.0	antisense	0.5477785554777855	0.2613949735788819	0.15
HES7	6	18	0.2888459501650178	0.04229577042295771	chr7	130794716.0	130794830.0	sense	0.36585841415858417	0.43668695243700606	0.15
NRL	3	14	0.28874834389864434	0.32926707329267074	chr7	130794716.0	130794830.0	sense	0.8063278577802597	0.0934883355234207	0.15
Tcf12	4	15	0.2884666128897226	0.09479052094790522	chr7	130794716.0	130794830.0	sense	0.5102133351021334	0.29224819471566615	0.15
Mitf	4	14	0.2879511622509482	0.30546945305469453	chr7	130794716.0	130794830.0	antisense	0.7771502261538551	0.10949502227573059	0.15
TAL1::TCF3	12	24	0.2870814172608125	0.08969103089691031	chr7	130794716.0	130794830.0	sense	0.5102133351021334	0.29224819471566615	0.15
Myb	8	18	0.28626801554848874	0.0907909209079092	chr7	130794716.0	130794830.0	sense	0.5102133351021334	0.29224819471566615	0.15
EOMES	6	19	0.2848957536275933	0.23627637236276372	chr7	130794716.0	130794830.0	antisense	0.6934770210129826	0.1589679250919247	0.15
Neurog1	14	24	0.2842564028970143	0.36196380361963804	chr7	130794716.0	130794830.0	antisense	0.8210191480851915	0.08564671400021363	0.15
MAX	14	24	0.28425117918042847	0.11808819118088192	chr7	130794716.0	130794830.0	sense	0.5477785554777855	0.2613949735788819	0.15
ERG	10	20	0.2821467899993976	0.11768823117688232	chr7	130794716.0	130794830.0	antisense	0.5477785554777855	0.2613949735788819	0.15
NR2F1	8	21	0.2816306778755349	0.18648135186481352	chr7	130794716.0	130794830.0	antisense	0.6204091129348603	0.20732183163816	0.15
MAF::NFE2	6	21	0.2803296469573838	0.11538846115388461	chr7	130794716.0	130794830.0	sense	0.5477785554777855	0.2613949735788819	0.15
ETV3	10	20	0.28010366791345	0.1336866313368663	chr7	130794716.0	130794830.0	antisense	0.5633097980524528	0.24925269470268183	0.15
TFAP2A(var.2)	10	22	0.2788463009855656	0.25807419258074193	chr7	130794716.0	130794830.0	sense	0.7279375323337232	0.1379058878940724	0.15
ZNF354C	13	19	0.2782423652863007	0.0988901109889011	chr7	130794716.0	130794830.0	sense	0.5102133351021334	0.29224819471566615	0.15
JUN(var.2)	4	18	0.27813659692882037	0.17648235176482352	chr7	130794716.0	130794830.0	antisense	0.6204091129348603	0.20732183163816	0.15
JUND	5	16	0.2778826731224162	0.06369363063693631	chr7	130794716.0	130794830.0	sense	0.4390574100484689	0.3574786887849741	0.15
PROX1	8	20	0.27742691487690874	0.06429357064293571	chr7	130794716.0	130794830.0	sense	0.4390574100484689	0.3574786887849741	0.15
TBR1	8	18	0.2767717348293804	0.15078492150784922	chr7	130794716.0	130794830.0	antisense	0.5827595018275951	0.23451063662737617	0.15
NR2C2	6	21	0.2752486188073138	0.18048195180481952	chr7	130794716.0	130794830.0	antisense	0.6204091129348603	0.20732183163816	0.15
ETS1	10	20	0.27457800789537107	0.12198780121987801	chr7	130794716.0	130794830.0	antisense	0.5477785554777855	0.2613949735788819	0.15
FOSL2	6	17	0.2713181337163528	0.0846915308469153	chr7	130794716.0	130794830.0	antisense	0.5102133351021334	0.29224819471566615	0.15
ZIC3	9	24	0.269179446384125	0.1967803219678032	chr7	130794716.0	130794830.0	sense	0.6271949492167348	0.20259744767076968	0.15
Mycn	14	22	0.26847545024708924	0.06079392060793921	chr7	130794716.0	130794830.0	sense	0.4389436056394361	0.3575912732267979	0.15
NEUROD2	14	24	0.26637283894297026	0.14978502149785022	chr7	130794716.0	130794830.0	sense	0.5827595018275951	0.23451063662737617	0.15
TBX15	10	18	0.26457195365331154	0.0851914808519148	chr7	130794716.0	130794830.0	antisense	0.5102133351021334	0.29224819471566615	0.15
ERF	10	20	0.26291264189428043	0.12458754124587541	chr7	130794716.0	130794830.0	antisense	0.5479740161577062	0.26124003441137944	0.15
MYBL1	5	17	0.262703855940501	0.10428957104289571	chr7	130794716.0	130794830.0	sense	0.523937990816303	0.2807201096572471	0.15
JUNB	6	17	0.26242968514885234	0.10258974102589741	chr7	130794716.0	130794830.0	antisense	0.5220007411023603	0.2823288804145249	0.15
TBX1	10	18	0.2581837862438242	0.10648935106489352	chr7	130794716.0	130794830.0	antisense	0.5263616495493307	0.2787157607235864	0.15
Pax2	6	14	0.25751940646070304	0.37616238376162386	chr7	130794716.0	130794830.0	antisense	0.8210191480851915	0.08564671400021363	0.15
ELF3	9	22	0.25691144928000753	0.1386861313868613	chr7	130794716.0	130794830.0	antisense	0.5675739512662907	0.24597754464674607	0.15
MAFK	3	18	0.2560358031060598	0.28057194280571945	chr7	130794716.0	130794830.0	antisense	0.7569113554965747	0.12095497924881352	0.15
GLIS3	10	24	0.25551755269323617	0.126987301269873	chr7	130794716.0	130794830.0	sense	0.5492200779922007	0.2602535945200728	0.15
ZBTB33	3	18	0.25528061609328206	0.24777522247775222	chr7	130794716.0	130794830.0	sense	0.7105597132594433	0.14839941942634757	0.15
Stat4	9	23	0.25522704009223857	0.20677932206779323	chr7	130794716.0	130794830.0	antisense	0.6504149585041497	0.18680947922040617	0.15
RELA	8	18	0.25423054848500437	0.067993200679932	chr7	130794716.0	130794830.0	antisense	0.44668950826436343	0.3499942480126099	0.15
PRDM1	6	21	0.2520947340564676	0.28447155284471554	chr7	130794716.0	130794830.0	antisense	0.7589948697437949	0.11976115961109483	0.15
FLI1	10	20	0.251133096496368	0.13458654134586542	chr7	130794716.0	130794830.0	antisense	0.5633097980524528	0.24925269470268183	0.15
TBX20	8	19	0.25032988740189743	0.2086791320867913	chr7	130794716.0	130794830.0	antisense	0.6524365635725583	0.18546170840300594	0.15
RUNX2	9	18	0.2501766256829463	0.19198080191980801	chr7	130794716.0	130794830.0	sense	0.6217707421804404	0.20636971781636998	0.15
ELK1	10	20	0.24592723176208328	0.1267873212678732	chr7	130794716.0	130794830.0	antisense	0.5492200779922007	0.2602535945200728	0.15
Hoxb5	5	21	0.24575242603742276	0.40245975402459755	chr7	130794716.0	130794830.0	sense	0.8284709078499265	0.08172273743423446	0.15
TFAP2C	12	24	0.24502204197105987	0.34036596340365965	chr7	130794716.0	130794830.0	antisense	0.814055000029951	0.08934625186438401	0.15
PAX5	5	24	0.24384164562985033	0.40355964403559647	chr7	130794716.0	130794830.0	antisense	0.8284709078499265	0.08172273743423446	0.15
PPARG	3	23	0.24223109181695504	0.15778422157784222	chr7	130794716.0	130794830.0	antisense	0.5977373065613146	0.22348963771141014	0.15
RUNX3	9	19	0.24175855288788492	0.2385761423857614	chr7	130794716.0	130794830.0	sense	0.6934770210129826	0.1589679250919247	0.15
NR4A2	11	19	0.24125158951695266	0.16128387161283872	chr7	130794716.0	130794830.0	antisense	0.6022038083961389	0.22025650229353833	0.15
TBX21	9	19	0.24064239189601602	0.19218078192180782	chr7	130794716.0	130794830.0	antisense	0.6217707421804404	0.20636971781636998	0.15
Pparg::Rxra	6	21	0.23985163807206006	0.42625737426257376	chr7	130794716.0	130794830.0	antisense	0.8421560885736522	0.07460740716573036	0.15
SREBF2	11	21	0.23956931795523093	0.18288171182881713	chr7	130794716.0	130794830.0	antisense	0.6204091129348603	0.20732183163816	0.15
ETV4	10	20	0.23743926046235608	0.2612738726127387	chr7	130794716.0	130794830.0	antisense	0.7290383864839323	0.1372496039189955	0.15
TFCP2	12	22	0.23704776637443212	0.18348165183481652	chr7	130794716.0	130794830.0	sense	0.6204091129348603	0.20732183163816	0.15
HEY2	7	17	0.23660086058726384	0.21187881211878812	chr7	130794716.0	130794830.0	antisense	0.6584736735907247	0.18146158386519354	0.15
Tcf21	2	16	0.23655612157677364	0.13888611138886112	chr7	130794716.0	130794830.0	antisense	0.5675739512662907	0.24597754464674607	0.15
TP53	3	21	0.23575933326044787	0.17068293170682933	chr7	130794716.0	130794830.0	antisense	0.606742750382496	0.21699540409810827	0.15
SPDEF	10	21	0.23538504193886028	0.14458554144585542	chr7	130794716.0	130794830.0	antisense	0.5772299693107612	0.2386511287767296	0.15
ETV1	10	20	0.23511285978893287	0.26807319268073193	chr7	130794716.0	130794830.0	antisense	0.7400531223473397	0.13073710470920513	0.15
JUN	6	19	0.23333385795277836	0.21977802219778023	chr7	130794716.0	130794830.0	antisense	0.6709693736508703	0.17329730271920693	0.15
GLIS1	7	23	0.2327009620519976	0.1342865713428657	chr7	130794716.0	130794830.0	sense	0.5633097980524528	0.24925269470268183	0.15
TFAP2B	12	24	0.23247445678133724	0.35176482351764826	chr7	130794716.0	130794830.0	antisense	0.8210191480851915	0.08564671400021363	0.15
CREB1	7	15	0.23161799406678893	0.16098390160983903	chr7	130794716.0	130794830.0	sense	0.6022038083961389	0.22025650229353833	0.15
USF1	3	14	0.22994869917648011	0.22577742225777422	chr7	130794716.0	130794830.0	sense	0.6791320867913209	0.1680457500409664	0.15
RFX4	7	23	0.22829818305223476	0.2937706229377062	chr7	130794716.0	130794830.0	antisense	0.7661655944958268	0.11567735438387379	0.15
Sox2	15	23	0.22826703058553277	0.13738626137386262	chr7	130794716.0	130794830.0	sense	0.5675739512662907	0.24597754464674607	0.15
GSC	8	18	0.22798138945068158	0.33186681331866813	chr7	130794716.0	130794830.0	sense	0.8070370533040154	0.0931065251589093	0.15
FOSL1	5	16	0.22661339390054372	0.16798320167983202	chr7	130794716.0	130794830.0	sense	0.606742750382496	0.21699540409810827	0.15
RREB1	2	22	0.2265966843388938	0.24897510248975102	chr7	130794716.0	130794830.0	sense	0.7105597132594433	0.14839941942634757	0.15
Hand1::Tcf3	12	22	0.22379468948752249	0.3344665533446655	chr7	130794716.0	130794830.0	antisense	0.807386703190146	0.09291840724016827	0.15
TFE3	14	24	0.22345719481764104	0.37936206379362064	chr7	130794716.0	130794830.0	antisense	0.8210191480851915	0.08564671400021363	0.15
MNT	14	24	0.22303014661470397	0.29147085291470853	chr7	130794716.0	130794830.0	sense	0.7661655944958268	0.11567735438387379	0.15
Creb3l2	14	23	0.22207127375068006	0.141985801419858	chr7	130794716.0	130794830.0	sense	0.5712452010612892	0.24317743534459732	0.15
NKX2-3	14	24	0.221638803811041	0.2933706629337066	chr7	130794716.0	130794830.0	sense	0.7661655944958268	0.11567735438387379	0.15
RORA	12	22	0.2193765154241593	0.18988101189881013	chr7	130794716.0	130794830.0	antisense	0.6217707421804404	0.20636971781636998	0.15
NKX3-2	14	23	0.21800144694867482	0.3130686931306869	chr7	130794716.0	130794830.0	sense	0.7887507365768277	0.103060222180643	0.15
Atf3	6	14	0.21771780011753358	0.1643835616438356	chr7	130794716.0	130794830.0	antisense	0.606742750382496	0.21699540409810827	0.15
TFEC	11	21	0.21764327903420763	0.3027697230276972	chr7	130794716.0	130794830.0	antisense	0.7740762869525855	0.11121623651358263	0.15
POU6F2	14	24	0.21753807105421277	0.28147185281471854	chr7	130794716.0	130794830.0	sense	0.7569113554965747	0.12095497924881352	0.15
ARNT::HIF1A	12	20	0.21735184262418356	0.25417458254174585	chr7	130794716.0	130794830.0	antisense	0.7208557832741317	0.14215161294084486	0.15
SMAD3	7	17	0.21711779747322285	0.12348765123487651	chr7	130794716.0	130794830.0	sense	0.5477785554777855	0.2613949735788819	0.15
Nkx3-1	14	23	0.2161893212946185	0.2792720727927207	chr7	130794716.0	130794830.0	sense	0.7569113554965747	0.12095497924881352	0.15
ELK3	10	20	0.2159510955493295	0.28517148285171484	chr7	130794716.0	130794830.0	antisense	0.7589948697437949	0.11976115961109483	0.15
MAX::MYC	11	22	0.21448102586195122	0.23537646235376464	chr7	130794716.0	130794830.0	antisense	0.6934770210129826	0.1589679250919247	0.15
SREBF1	11	21	0.21435650228452494	0.23707629237076291	chr7	130794716.0	130794830.0	sense	0.6934770210129826	0.1589679250919247	0.15
MEIS2	5	13	0.20919621121301243	0.21407859214078592	chr7	130794716.0	130794830.0	antisense	0.6613499364349279	0.17956868385982935	0.15
Arntl	4	14	0.20915259760481927	0.35576442355764426	chr7	130794716.0	130794830.0	antisense	0.8210191480851915	0.08564671400021363	0.15
TEAD1	9	19	0.20784584627759078	0.41705829417058293	chr7	130794716.0	130794830.0	sense	0.8349076630798459	0.07836155281859253	0.15
TP73	3	21	0.20759845215287112	0.32936706329367066	chr7	130794716.0	130794830.0	antisense	0.8063278577802597	0.0934883355234207	0.15
E2F3	5	23	0.20621047722776117	0.1693830616938306	chr7	130794716.0	130794830.0	antisense	0.606742750382496	0.21699540409810827	0.15
NKX2-8	15	24	0.2061714889859374	0.38616138386161386	chr7	130794716.0	130794830.0	sense	0.8227226057882017	0.08474656950528474	0.15
NFYB	6	21	0.2060746593318671	0.39586041395860416	chr7	130794716.0	130794830.0	antisense	0.8284336888891756	0.08174224850241646	0.15
Hnf4a	4	20	0.20590073260935304	0.1842815718428157	chr7	130794716.0	130794830.0	antisense	0.6204091129348603	0.20732183163816	0.15
LBX2	14	24	0.20578476957068556	0.5988401159884011	chr7	130794716.0	130794830.0	sense	0.922525544055764	0.035021599706706985	0.15
Ar	7	24	0.20576091228415397	0.2653734626537346	chr7	130794716.0	130794830.0	antisense	0.7365177920710603	0.13281675743648708	0.15
Mafb	3	15	0.20546987196190517	0.46615338466153383	chr7	130794716.0	130794830.0	sense	0.8778872112788721	0.05656127756281671	0.15
NFE2	5	16	0.20521920736693683	0.16818318168183183	chr7	130794716.0	130794830.0	sense	0.606742750382496	0.21699540409810827	0.15
Twist2	14	24	0.20458936394953442	0.28757124287571245	chr7	130794716.0	130794830.0	sense	0.7614769135331365	0.11834325907403585	0.15
PITX3	9	18	0.20443693275263777	0.4016598340165983	chr7	130794716.0	130794830.0	sense	0.8284709078499265	0.08172273743423446	0.15
HEY1	7	17	0.20403436295719007	0.2966703329667033	chr7	130794716.0	130794830.0	sense	0.7698595140485951	0.1135885187755442	0.15
TFAP2A(var.3)	4	17	0.19729905781873958	0.3715628437156284	chr7	130794716.0	130794830.0	antisense	0.8210191480851915	0.08564671400021363	0.15
Nkx2-5(var.2)	3	14	0.19441463316595747	0.34836516348365165	chr7	130794716.0	130794830.0	antisense	0.8181064246516525	0.0871901967778899	0.15
E2F8	8	20	0.1934965029008318	0.16628337166283372	chr7	130794716.0	130794830.0	sense	0.606742750382496	0.21699540409810827	0.15
FOXH1	6	17	0.19312815139385778	0.3327667233276672	chr7	130794716.0	130794830.0	sense	0.8070370533040154	0.0931065251589093	0.15
TP63	3	21	0.19211895160209597	0.196980301969803	chr7	130794716.0	130794830.0	antisense	0.6271949492167348	0.20259744767076968	0.15
MYBL2	4	19	0.19200587794244936	0.36306369363063695	chr7	130794716.0	130794830.0	sense	0.8210191480851915	0.08564671400021363	0.15
Dmbx1	6	23	0.19159871885281626	0.5684431556844316	chr7	130794716.0	130794830.0	antisense	0.922525544055764	0.035021599706706985	0.15
OLIG3	14	24	0.19149221656802445	0.3731626837316268	chr7	130794716.0	130794830.0	sense	0.8210191480851915	0.08564671400021363	0.15
GRHL1	11	23	0.19145275090418246	0.3184681531846815	chr7	130794716.0	130794830.0	antisense	0.7946392860713929	0.09982996771979712	0.15
TEAD4	9	19	0.19097067846187002	0.46685331466853314	chr7	130794716.0	130794830.0	sense	0.8778872112788721	0.05656127756281671	0.15
TFAP2C(var.3)	4	17	0.19011458119809438	0.37046295370462956	chr7	130794716.0	130794830.0	antisense	0.8210191480851915	0.08564671400021363	0.15
NFATC1	10	20	0.18991990129937633	0.5043495650434956	chr7	130794716.0	130794830.0	sense	0.9184471026581551	0.03694585153587108	0.15
MEIS1	6	13	0.18968637176032124	0.41245875412458755	chr7	130794716.0	130794830.0	antisense	0.8329419976290309	0.07938523987375547	0.15
RFX5	4	20	0.18902865182341602	0.26037396260373963	chr7	130794716.0	130794830.0	sense	0.7290383864839323	0.1372496039189955	0.15
RFX3	4	20	0.1879161567373323	0.38866113388661133	chr7	130794716.0	130794830.0	antisense	0.8227226057882017	0.08474656950528474	0.15
Foxj3	2	19	0.187725697619873	0.43995600439956006	chr7	130794716.0	130794830.0	antisense	0.8551953793384707	0.0679346543067926	0.15
MEIS3	5	13	0.1877160642277152	0.42675732426757323	chr7	130794716.0	130794830.0	antisense	0.8421560885736522	0.07460740716573036	0.15
RFX2	4	20	0.18584288470886448	0.2780721927807219	chr7	130794716.0	130794830.0	sense	0.7569113554965747	0.12095497924881352	0.15
E2F2	6	22	0.1857216184749794	0.18068193180681932	chr7	130794716.0	130794830.0	sense	0.6204091129348603	0.20732183163816	0.15
Npas2	14	24	0.18555257219631804	0.38996100389961	chr7	130794716.0	130794830.0	antisense	0.8227226057882017	0.08474656950528474	0.15
OTX2	10	18	0.18343736426846138	0.38706129387061294	chr7	130794716.0	130794830.0	sense	0.8227226057882017	0.08474656950528474	0.15
Dlx3	15	23	0.18275895153714705	0.5346465353464653	chr7	130794716.0	130794830.0	sense	0.922525544055764	0.035021599706706985	0.15
FOXP1	4	19	0.18191609375955625	0.402959704029597	chr7	130794716.0	130794830.0	antisense	0.8284709078499265	0.08172273743423446	0.15
TFEB	14	24	0.18139135760711136	0.42005799420057993	chr7	130794716.0	130794830.0	antisense	0.8352877355942566	0.07816389522869382	0.15
TBP	9	24	0.179884300887657	0.5903409659034097	chr7	130794716.0	130794830.0	antisense	0.922525544055764	0.035021599706706985	0.15
USF2	10	21	0.17987703983308062	0.3668633136686331	chr7	130794716.0	130794830.0	antisense	0.8210191480851915	0.08564671400021363	0.15
FOXF2	5	19	0.1794230783423701	0.40385961403859616	chr7	130794716.0	130794830.0	antisense	0.8284709078499265	0.08172273743423446	0.15
TFAP2B(var.3)	4	17	0.17811551693105596	0.41005899410058994	chr7	130794716.0	130794830.0	antisense	0.8329419976290309	0.07938523987375547	0.15
OLIG2	14	24	0.17640727949795182	0.3635636436356364	chr7	130794716.0	130794830.0	sense	0.8210191480851915	0.08564671400021363	0.15
PKNOX2	10	22	0.1750441327734969	0.18448155184481552	chr7	130794716.0	130794830.0	antisense	0.6204091129348603	0.20732183163816	0.15
Dlx4	15	23	0.17437403759872022	0.5285471452854714	chr7	130794716.0	130794830.0	sense	0.922525544055764	0.035021599706706985	0.15
Pax6	9	23	0.17433071131167563	0.559044095590441	chr7	130794716.0	130794830.0	sense	0.922525544055764	0.035021599706706985	0.15
Atf1	3	11	0.17388492928190416	0.36136386361363865	chr7	130794716.0	130794830.0	sense	0.8210191480851915	0.08564671400021363	0.15
E2F7	7	21	0.17286000372591254	0.1840815918408159	chr7	130794716.0	130794830.0	sense	0.6204091129348603	0.20732183163816	0.15
Vdr	8	24	0.1728574559938059	0.3157684231576842	chr7	130794716.0	130794830.0	sense	0.791709234873614	0.10143428921304719	0.15
ZBED1	3	16	0.17215475990061654	0.2792720727927207	chr7	130794716.0	130794830.0	sense	0.7569113554965747	0.12095497924881352	0.15
Esrrg	11	21	0.17206906846524272	0.3772622737726227	chr7	130794716.0	130794830.0	antisense	0.8210191480851915	0.08564671400021363	0.15
IRF2	3	21	0.17117102501204925	0.34036596340365965	chr7	130794716.0	130794830.0	antisense	0.814055000029951	0.08934625186438401	0.15
PAX1	7	24	0.17082841142934296	0.40985901409859016	chr7	130794716.0	130794830.0	sense	0.8329419976290309	0.07938523987375547	0.15
Barhl1	8	18	0.16952817511997587	0.7428257174282572	chr7	130794716.0	130794830.0	sense	0.9299197468788153	0.031554529931645946	0.15
BHLHE22	14	24	0.16918411738637051	0.37636236376362364	chr7	130794716.0	130794830.0	sense	0.8210191480851915	0.08564671400021363	0.15
HNF4G	6	21	0.1691711231076705	0.583041695830417	chr7	130794716.0	130794830.0	antisense	0.922525544055764	0.035021599706706985	0.15
FOS::JUN	7	14	0.1676406850790619	0.37176282371762825	chr7	130794716.0	130794830.0	sense	0.8210191480851915	0.08564671400021363	0.15
Ahr::Arnt	11	17	0.16603054809420778	0.300969903009699	chr7	130794716.0	130794830.0	antisense	0.7732840577328405	0.1116609432811853	0.15
NFIC::TLX1	6	20	0.16566341697607634	0.34766523347665235	chr7	130794716.0	130794830.0	sense	0.8181064246516525	0.0871901967778899	0.15
FOS	5	16	0.16327126018666346	0.43585641435856415	chr7	130794716.0	130794830.0	sense	0.8525576013827189	0.06927626908904998	0.15
BARHL2	14	24	0.16295341145174913	0.6633336666333367	chr7	130794716.0	130794830.0	antisense	0.9299197468788153	0.031554529931645946	0.15
RARA(var.2)	7	24	0.16289690379859767	0.32826717328267174	chr7	130794716.0	130794830.0	antisense	0.8063278577802597	0.0934883355234207	0.15
ETV2	10	21	0.16207453247216178	0.38906109389061094	chr7	130794716.0	130794830.0	antisense	0.8227226057882017	0.08474656950528474	0.15
Nr5a2	5	20	0.16145791945654214	0.6026397360263973	chr7	130794716.0	130794830.0	sense	0.922525544055764	0.035021599706706985	0.15
Srebf1(var.2)	11	21	0.16109442580263975	0.34496550344965504	chr7	130794716.0	130794830.0	antisense	0.8181064246516525	0.0871901967778899	0.15
NFATC3	10	20	0.16104351979743817	0.5416458354164584	chr7	130794716.0	130794830.0	sense	0.922525544055764	0.035021599706706985	0.15
MSC	11	21	0.16082318816656524	0.35796420357964204	chr7	130794716.0	130794830.0	sense	0.8210191480851915	0.08564671400021363	0.15
ISL2	15	23	0.16081347455231537	0.6132386761323868	chr7	130794716.0	130794830.0	sense	0.922525544055764	0.035021599706706985	0.15
HOXA2	7	17	0.160557347968655	0.6459354064593541	chr7	130794716.0	130794830.0	sense	0.9248650477418012	0.03392163298727443	0.15
RHOXF1	10	18	0.16054258177420483	0.5266473352664733	chr7	130794716.0	130794830.0	sense	0.922525544055764	0.035021599706706985	0.15
DLX6	15	23	0.15951226924666775	0.5272472752724727	chr7	130794716.0	130794830.0	sense	0.922525544055764	0.035021599706706985	0.15
PKNOX1	10	22	0.15928344961648178	0.23017698230176983	chr7	130794716.0	130794830.0	antisense	0.6865623782449342	0.16331999841723152	0.15
NFATC2	11	18	0.15730391896528467	0.37236276372362764	chr7	130794716.0	130794830.0	sense	0.8210191480851915	0.08564671400021363	0.15
SOX9	15	24	0.156127714139354	0.5897410258974103	chr7	130794716.0	130794830.0	sense	0.922525544055764	0.035021599706706985	0.15
Rarg(var.2)	7	24	0.15576084356963063	0.3087691230876912	chr7	130794716.0	130794830.0	antisense	0.7817130482073744	0.10695263882046056	0.15
SCRT2	2	15	0.15539184309414286	0.41225877412258777	chr7	130794716.0	130794830.0	antisense	0.8329419976290309	0.07938523987375547	0.15
Id2	15	23	0.15528042791220104	0.3257674232576742	chr7	130794716.0	130794830.0	antisense	0.8063278577802597	0.0934883355234207	0.15
Hoxd3	5	21	0.15455328118687345	0.688931106889311	chr7	130794716.0	130794830.0	antisense	0.9299197468788153	0.031554529931645946	0.15
Mlxip	15	23	0.15406350997662846	0.34566543345665435	chr7	130794716.0	130794830.0	antisense	0.8181064246516525	0.0871901967778899	0.15
STAT1::STAT2	8	23	0.1539303106681212	0.43695630436956306	chr7	130794716.0	130794830.0	sense	0.8525576013827189	0.06927626908904998	0.15
Bhlha15	15	23	0.15390102989270002	0.36926307369263073	chr7	130794716.0	130794830.0	sense	0.8210191480851915	0.08564671400021363	0.15
HLF	5	17	0.15325071576274085	0.5832416758324167	chr7	130794716.0	130794830.0	sense	0.922525544055764	0.035021599706706985	0.15
STAT1	12	23	0.15225873491065559	0.416958304169583	chr7	130794716.0	130794830.0	antisense	0.8349076630798459	0.07836155281859253	0.15
Foxo1	4	15	0.15221820216480106	0.46155384461553844	chr7	130794716.0	130794830.0	sense	0.8778872112788721	0.05656127756281671	0.15
Nr2f6(var.2)	4	19	0.15213016832478177	0.2990700929907009	chr7	130794716.0	130794830.0	antisense	0.772225762498377	0.11225571381757551	0.15
EWSR1-FLI1	3	21	0.15202097548419385	0.2263773622637736	chr7	130794716.0	130794830.0	antisense	0.6791320867913209	0.1680457500409664	0.15
Foxa2	3	15	0.15147932955377988	0.4941505849415059	chr7	130794716.0	130794830.0	antisense	0.9126838205859129	0.039679648267424136	0.15
TGIF2	3	15	0.1489954962500336	0.39236076392360764	chr7	130794716.0	130794830.0	sense	0.8244341557747059	0.08384402398015965	0.15
FOXA1	4	19	0.14835819475057194	0.547945205479452	chr7	130794716.0	130794830.0	antisense	0.922525544055764	0.035021599706706985	0.15
EBF1	10	24	0.147968476601029	0.5135486451354865	chr7	130794716.0	130794830.0	antisense	0.922525544055764	0.035021599706706985	0.15
CLOCK	14	24	0.14687215118674826	0.5691430856914309	chr7	130794716.0	130794830.0	antisense	0.922525544055764	0.035021599706706985	0.15
Crem	4	14	0.1467527626646045	0.5396460353964604	chr7	130794716.0	130794830.0	antisense	0.922525544055764	0.035021599706706985	0.15
MSX1	15	23	0.1464408655684258	0.5902409759024098	chr7	130794716.0	130794830.0	sense	0.922525544055764	0.035021599706706985	0.15
Prrx2	15	23	0.1450615596342349	0.649035096490351	chr7	130794716.0	130794830.0	sense	0.9248650477418012	0.03392163298727443	0.15
BHLHE40	11	21	0.14352755146993118	0.5418458154184581	chr7	130794716.0	130794830.0	antisense	0.922525544055764	0.035021599706706985	0.15
Pitx1	10	18	0.14299974916020325	0.6029397060293971	chr7	130794716.0	130794830.0	sense	0.922525544055764	0.035021599706706985	0.15
RAX	14	24	0.1427418998214787	0.5944405559444056	chr7	130794716.0	130794830.0	sense	0.922525544055764	0.035021599706706985	0.15
MSX2	15	23	0.14271352237853935	0.5015498450154985	chr7	130794716.0	130794830.0	sense	0.9184471026581551	0.03694585153587108	0.15
NFYA	6	24	0.14224861725314858	0.6352364763523648	chr7	130794716.0	130794830.0	antisense	0.9242218635279329	0.03422376196184393	0.15
EN2	7	17	0.14192717118282916	0.7086291370862914	chr7	130794716.0	130794830.0	sense	0.9299197468788153	0.031554529931645946	0.15
HSF4	8	21	0.14128749150381273	0.6919308069193081	chr7	130794716.0	130794830.0	antisense	0.9299197468788153	0.031554529931645946	0.15
ESX1	14	24	0.1407192629578536	0.6931306869313069	chr7	130794716.0	130794830.0	sense	0.9299197468788153	0.031554529931645946	0.15
DMRT3	5	16	0.14007423326019158	0.6495350464953504	chr7	130794716.0	130794830.0	sense	0.9248650477418012	0.03392163298727443	0.15
Rarb(var.2)	7	24	0.13979147476253279	0.38546145385461456	chr7	130794716.0	130794830.0	antisense	0.8227226057882017	0.08474656950528474	0.15
BSX	15	23	0.13951079619245935	0.5697430256974303	chr7	130794716.0	130794830.0	sense	0.922525544055764	0.035021599706706985	0.15
Hoxa11	4	16	0.13918065524517398	0.6808319168083191	chr7	130794716.0	130794830.0	sense	0.9299197468788153	0.031554529931645946	0.15
RAX2	15	23	0.13880054911235873	0.6504349565043496	chr7	130794716.0	130794830.0	sense	0.9248650477418012	0.03392163298727443	0.15
SOX10	15	21	0.13873716186466103	0.458054194580542	chr7	130794716.0	130794830.0	sense	0.8772329409125509	0.05688506852672689	0.15
NR3C2	7	24	0.13866349553617435	0.52004799520048	chr7	130794716.0	130794830.0	antisense	0.922525544055764	0.035021599706706985	0.15
IRF7	2	16	0.13791547093687198	0.4577542245775422	chr7	130794716.0	130794830.0	antisense	0.8772329409125509	0.05688506852672689	0.15
ESRRB	10	21	0.13763908743639874	0.47385261473852613	chr7	130794716.0	130794830.0	antisense	0.8878321554126176	0.0516691297934522	0.15
MLXIPL	14	24	0.13717699076982534	0.599040095990401	chr7	130794716.0	130794830.0	antisense	0.922525544055764	0.035021599706706985	0.15
BATF::JUN	3	14	0.13592879873579092	0.5743425657434257	chr7	130794716.0	130794830.0	sense	0.922525544055764	0.035021599706706985	0.15
Atoh1	14	24	0.13574152685251667	0.6255374462553744	chr7	130794716.0	130794830.0	antisense	0.922525544055764	0.035021599706706985	0.15
VSX1	16	24	0.13569247307574991	0.6279372062793721	chr7	130794716.0	130794830.0	sense	0.922525544055764	0.035021599706706985	0.15
HESX1	14	24	0.13384759629589088	0.6167383261673832	chr7	130794716.0	130794830.0	antisense	0.922525544055764	0.035021599706706985	0.15
MYF6	11	21	0.13339830501752323	0.49065093490650935	chr7	130794716.0	130794830.0	sense	0.9094565543445655	0.04121804278970856	0.15
Sox17	2	11	0.13306225381853826	0.5961403859614038	chr7	130794716.0	130794830.0	sense	0.922525544055764	0.035021599706706985	0.15
Esrra	11	22	0.13279738362619822	0.45345465453454653	chr7	130794716.0	130794830.0	antisense	0.8748809133956493	0.05805105803469871	0.15
EVX2	8	18	0.13142470691575797	0.7837216278372163	chr7	130794716.0	130794830.0	antisense	0.9299197468788153	0.031554529931645946	0.15
RXRA::VDR	7	22	0.13037477315991017	0.5033496650334967	chr7	130794716.0	130794830.0	antisense	0.9184471026581551	0.03694585153587108	0.15
Myc	12	22	0.12903346616557826	0.5768423157684232	chr7	130794716.0	130794830.0	sense	0.922525544055764	0.035021599706706985	0.15
NR3C1	7	24	0.1288901113280639	0.5602439756024398	chr7	130794716.0	130794830.0	sense	0.922525544055764	0.035021599706706985	0.15
VENTX	14	23	0.12793619855244526	0.6334366563343665	chr7	130794716.0	130794830.0	sense	0.9242218635279329	0.03422376196184393	0.15
NEUROG2	14	24	0.12749317519922648	0.5094490550944906	chr7	130794716.0	130794830.0	antisense	0.922525544055764	0.035021599706706985	0.15
MAFG::NFE2L1	5	11	0.12747797737928418	0.6061393860613938	chr7	130794716.0	130794830.0	sense	0.922525544055764	0.035021599706706985	0.15
Nobox	14	22	0.12736801702991069	0.5615438456154385	chr7	130794716.0	130794830.0	antisense	0.922525544055764	0.035021599706706985	0.15
TFAP4	4	14	0.12702751683243335	0.575042495750425	chr7	130794716.0	130794830.0	sense	0.922525544055764	0.035021599706706985	0.15
LHX9	15	23	0.12691116704332805	0.6458354164583542	chr7	130794716.0	130794830.0	sense	0.9248650477418012	0.03392163298727443	0.15
HMBOX1	8	18	0.12662864545725688	0.7602239776022398	chr7	130794716.0	130794830.0	antisense	0.9299197468788153	0.031554529931645946	0.15
TGIF1	3	15	0.1259397454907202	0.37966203379662034	chr7	130794716.0	130794830.0	sense	0.8210191480851915	0.08564671400021363	0.15
TEAD3	10	18	0.12572530596600356	0.5317468253174683	chr7	130794716.0	130794830.0	sense	0.922525544055764	0.035021599706706985	0.15
SHOX	15	23	0.12470209625791222	0.6778322167783222	chr7	130794716.0	130794830.0	antisense	0.9299197468788153	0.031554529931645946	0.15
EMX1	7	17	0.1236759194060884	0.771922807719228	chr7	130794716.0	130794830.0	sense	0.9299197468788153	0.031554529931645946	0.15
Msx3	15	23	0.12357330496449244	0.557944205579442	chr7	130794716.0	130794830.0	sense	0.922525544055764	0.035021599706706985	0.15
IRF8	6	20	0.12292069387707122	0.41825817418258177	chr7	130794716.0	130794830.0	sense	0.8349076630798459	0.07836155281859253	0.15
GSX1	12	22	0.12282392560033742	0.7789221077892211	chr7	130794716.0	130794830.0	sense	0.9299197468788153	0.031554529931645946	0.15
NFAT5	10	20	0.12281846131165489	0.6034396560343965	chr7	130794716.0	130794830.0	sense	0.922525544055764	0.035021599706706985	0.15
GATA2	10	24	0.12193665359495223	0.6634336566343366	chr7	130794716.0	130794830.0	sense	0.9299197468788153	0.031554529931645946	0.15
LBX1	16	24	0.12171636448583804	0.5718428157184282	chr7	130794716.0	130794830.0	antisense	0.922525544055764	0.035021599706706985	0.15
JDP2	6	15	0.12133101258805354	0.48235176482351766	chr7	130794716.0	130794830.0	sense	0.8972780141340705	0.047072973569907466	0.15
CEBPE	3	13	0.12111407115462959	0.7294270572942706	chr7	130794716.0	130794830.0	sense	0.9299197468788153	0.031554529931645946	0.15
Foxk1	2	19	0.12070834859554871	0.5703429657034297	chr7	130794716.0	130794830.0	antisense	0.922525544055764	0.035021599706706985	0.15
Rarb	4	20	0.11937278146724987	0.42855714428557146	chr7	130794716.0	130794830.0	antisense	0.842504385925044	0.07442782959242596	0.15
OTX1	10	18	0.11889296202307525	0.6886311368863114	chr7	130794716.0	130794830.0	sense	0.9299197468788153	0.031554529931645946	0.15
Rarg	3	19	0.11816046271007324	0.45255474452554745	chr7	130794716.0	130794830.0	antisense	0.8748809133956493	0.05805105803469871	0.15
Gfi1	4	14	0.11813578091049302	0.7631236876312368	chr7	130794716.0	130794830.0	antisense	0.9299197468788153	0.031554529931645946	0.15
HOXB2	8	18	0.11746103552737674	0.7553244675532447	chr7	130794716.0	130794830.0	antisense	0.9299197468788153	0.031554529931645946	0.15
Sox6	3	13	0.11670154673112676	0.503949605039496	chr7	130794716.0	130794830.0	sense	0.9184471026581551	0.03694585153587108	0.15
MLX	14	24	0.1158546997850668	0.6292370762923708	chr7	130794716.0	130794830.0	antisense	0.922525544055764	0.035021599706706985	0.15
CEBPD	3	13	0.11558209812525477	0.6875312468753124	chr7	130794716.0	130794830.0	sense	0.9299197468788153	0.031554529931645946	0.15
CEBPB	3	13	0.11544127545559275	0.7118288171182882	chr7	130794716.0	130794830.0	sense	0.9299197468788153	0.031554529931645946	0.15
POU2F2	4	17	0.11541939394513716	0.6196380361963804	chr7	130794716.0	130794830.0	antisense	0.922525544055764	0.035021599706706985	0.15
HOXC11	4	15	0.11512766529575715	0.6862313768623137	chr7	130794716.0	130794830.0	sense	0.9299197468788153	0.031554529931645946	0.15
Nr2e3	12	19	0.11473372107971376	0.5649435056494351	chr7	130794716.0	130794830.0	sense	0.922525544055764	0.035021599706706985	0.15
HOXA5	16	24	0.11461709431778468	0.6966303369663034	chr7	130794716.0	130794830.0	sense	0.9299197468788153	0.031554529931645946	0.15
HOXC12	4	15	0.11423115774594791	0.6109389061093891	chr7	130794716.0	130794830.0	sense	0.922525544055764	0.035021599706706985	0.15
Znf423	8	23	0.1140652964802022	0.529047095290471	chr7	130794716.0	130794830.0	sense	0.922525544055764	0.035021599706706985	0.15
SOX21	8	23	0.11376228849664959	0.4634536546345365	chr7	130794716.0	130794830.0	antisense	0.8778872112788721	0.05656127756281671	0.15
MEOX2	7	17	0.1136706627371506	0.7875212478752125	chr7	130794716.0	130794830.0	sense	0.9299197468788153	0.031554529931645946	0.15
POU3F3	8	21	0.11313356172186968	0.6824317568243176	chr7	130794716.0	130794830.0	antisense	0.9299197468788153	0.031554529931645946	0.15
Gata4	7	18	0.1130528811006944	0.5977402259774023	chr7	130794716.0	130794830.0	sense	0.922525544055764	0.035021599706706985	0.15
Stat5a::Stat5b	13	24	0.1121263969048723	0.6771322867713229	chr7	130794716.0	130794830.0	antisense	0.9299197468788153	0.031554529931645946	0.15
Arid5a	10	24	0.11115951929974911	0.776022397760224	chr7	130794716.0	130794830.0	antisense	0.9299197468788153	0.031554529931645946	0.15
SRY	5	14	0.11072943806916531	0.6357364263573643	chr7	130794716.0	130794830.0	antisense	0.9242218635279329	0.03422376196184393	0.15
Sox3	3	13	0.11067993027097142	0.47835216478352166	chr7	130794716.0	130794830.0	sense	0.893038753678589	0.049129694366126665	0.15
RORA(var.2)	8	22	0.11033981399189972	0.6581341865813418	chr7	130794716.0	130794830.0	antisense	0.9299197468788153	0.031554529931645946	0.15
PBX1	12	24	0.11019950207928114	0.6272372762723728	chr7	130794716.0	130794830.0	sense	0.922525544055764	0.035021599706706985	0.15
OLIG1	14	24	0.11016734864506177	0.5961403859614038	chr7	130794716.0	130794830.0	antisense	0.922525544055764	0.035021599706706985	0.15
BHLHE41	3	13	0.10981838219645951	0.6161383861613838	chr7	130794716.0	130794830.0	sense	0.922525544055764	0.035021599706706985	0.15
HOXD11	5	15	0.10961514470474788	0.6394360563943605	chr7	130794716.0	130794830.0	sense	0.9248650477418012	0.03392163298727443	0.15
STAT3	12	23	0.10956518753170326	0.7223277672232776	chr7	130794716.0	130794830.0	antisense	0.9299197468788153	0.031554529931645946	0.15
Gata1	13	24	0.10954333995131056	0.5758424157584242	chr7	130794716.0	130794830.0	sense	0.922525544055764	0.035021599706706985	0.15
VSX2	16	24	0.10951138402344572	0.6891310868913109	chr7	130794716.0	130794830.0	sense	0.9299197468788153	0.031554529931645946	0.15
EVX1	7	17	0.10933856932328186	0.8526147385261473	chr7	130794716.0	130794830.0	antisense	0.931593787989622	0.03077341606997121	0.15
SREBF2(var.2)	11	21	0.10883470986223247	0.6284371562843716	chr7	130794716.0	130794830.0	antisense	0.922525544055764	0.035021599706706985	0.15
GBX2	14	24	0.10807784889514721	0.7234276572342766	chr7	130794716.0	130794830.0	sense	0.9299197468788153	0.031554529931645946	0.15
HOXD12	4	15	0.10757346176523047	0.6261373862613738	chr7	130794716.0	130794830.0	sense	0.922525544055764	0.035021599706706985	0.15
Arnt	13	19	0.1073534423543905	0.5172482751724827	chr7	130794716.0	130794830.0	antisense	0.922525544055764	0.035021599706706985	0.15
CEBPG	3	13	0.10623297879704399	0.6794320567943206	chr7	130794716.0	130794830.0	sense	0.9299197468788153	0.031554529931645946	0.15
HOXB3	8	18	0.10516290149012274	0.8202179782021798	chr7	130794716.0	130794830.0	antisense	0.9299197468788153	0.031554529931645946	0.15
GMEB2	4	12	0.10483716161209956	0.7746225377462254	chr7	130794716.0	130794830.0	sense	0.9299197468788153	0.031554529931645946	0.15
IRF9	5	20	0.10437009232269763	0.46555344465553444	chr7	130794716.0	130794830.0	sense	0.8778872112788721	0.05656127756281671	0.15
PAX4	16	24	0.10406179472837074	0.7121287871212879	chr7	130794716.0	130794830.0	sense	0.9299197468788153	0.031554529931645946	0.15
FOXP3	7	14	0.10316347142204739	0.6163383661633837	chr7	130794716.0	130794830.0	antisense	0.922525544055764	0.035021599706706985	0.15
GATA5	15	23	0.10259347563830565	0.7275272472752725	chr7	130794716.0	130794830.0	antisense	0.9299197468788153	0.031554529931645946	0.15
FOXP2	5	16	0.10196232162245236	0.5503449655034497	chr7	130794716.0	130794830.0	antisense	0.922525544055764	0.035021599706706985	0.15
Nr2f6	5	19	0.10191468016450228	0.7132286771322868	chr7	130794716.0	130794830.0	antisense	0.9299197468788153	0.031554529931645946	0.15
HSF2	8	21	0.1016077620004153	0.7266273372662734	chr7	130794716.0	130794830.0	antisense	0.9299197468788153	0.031554529931645946	0.15
FOXD1	8	16	0.10114475350574657	0.6199380061993801	chr7	130794716.0	130794830.0	sense	0.922525544055764	0.035021599706706985	0.15
VAX1	16	24	0.10104083088250525	0.7758224177582241	chr7	130794716.0	130794830.0	sense	0.9299197468788153	0.031554529931645946	0.15
CDX2	12	23	0.10019319101580486	0.563043695630437	chr7	130794716.0	130794830.0	sense	0.922525544055764	0.035021599706706985	0.15
FOXD2	7	14	0.09938092883098985	0.6112388761123888	chr7	130794716.0	130794830.0	antisense	0.922525544055764	0.035021599706706985	0.15
HSF1	8	21	0.09929526190170729	0.6884311568843116	chr7	130794716.0	130794830.0	antisense	0.9299197468788153	0.031554529931645946	0.15
VAX2	16	24	0.09925259874803427	0.7734226577342266	chr7	130794716.0	130794830.0	sense	0.9299197468788153	0.031554529931645946	0.15
DBP	2	14	0.09864166682274582	0.7414258574142586	chr7	130794716.0	130794830.0	sense	0.9299197468788153	0.031554529931645946	0.15
HOXC10	14	24	0.0985447189083582	0.7553244675532447	chr7	130794716.0	130794830.0	sense	0.9299197468788153	0.031554529931645946	0.15
PAX9	7	24	0.09805502144831302	0.7312268773122688	chr7	130794716.0	130794830.0	sense	0.9299197468788153	0.031554529931645946	0.15
ZNF143	7	23	0.09789137031579088	0.644035596440356	chr7	130794716.0	130794830.0	antisense	0.9248650477418012	0.03392163298727443	0.15
Hoxc9	4	17	0.0977537457289091	0.7893210678932107	chr7	130794716.0	130794830.0	sense	0.9299197468788153	0.031554529931645946	0.15
GSX2	14	24	0.09601102071396012	0.8011198880111989	chr7	130794716.0	130794830.0	sense	0.9299197468788153	0.031554529931645946	0.15
Gfi1b	4	15	0.09588485173085406	0.7162283771622838	chr7	130794716.0	130794830.0	antisense	0.9299197468788153	0.031554529931645946	0.15
FOXO6	7	14	0.09461804607136716	0.5608439156084392	chr7	130794716.0	130794830.0	antisense	0.922525544055764	0.035021599706706985	0.15
FOXO4	7	14	0.09459719673713936	0.5776422357764224	chr7	130794716.0	130794830.0	antisense	0.922525544055764	0.035021599706706985	0.15
ZBTB18	10	23	0.09382405045806383	0.8427157284271573	chr7	130794716.0	130794830.0	antisense	0.9299197468788153	0.031554529931645946	0.15
Pou2f3	6	22	0.0937522297679343	0.8178182181781822	chr7	130794716.0	130794830.0	antisense	0.9299197468788153	0.031554529931645946	0.15
FOXI1	8	15	0.0930626443824116	0.5793420657934206	chr7	130794716.0	130794830.0	sense	0.922525544055764	0.035021599706706985	0.15
Bcl6	10	24	0.09295619421861977	0.8648135186481352	chr7	130794716.0	130794830.0	antisense	0.9350796170382961	0.029151409696121823	0.15
HOXA10	6	17	0.0924010399971141	0.7323267673232676	chr7	130794716.0	130794830.0	antisense	0.9299197468788153	0.031554529931645946	0.15
RXRB	3	17	0.09173935681883215	0.6140385961403859	chr7	130794716.0	130794830.0	antisense	0.922525544055764	0.035021599706706985	0.15
Nr2e1	4	13	0.09074811156347724	0.6924307569243076	chr7	130794716.0	130794830.0	sense	0.9299197468788153	0.031554529931645946	0.15
Foxj2	6	14	0.08941079327017708	0.575042495750425	chr7	130794716.0	130794830.0	antisense	0.922525544055764	0.035021599706706985	0.15
FOXO3	6	14	0.08928275688100848	0.5713428657134286	chr7	130794716.0	130794830.0	antisense	0.922525544055764	0.035021599706706985	0.15
SCRT1	9	24	0.08909152447956278	0.7949205079492051	chr7	130794716.0	130794830.0	sense	0.9299197468788153	0.031554529931645946	0.15
Lhx8	16	24	0.08878479117349303	0.7714228577142286	chr7	130794716.0	130794830.0	sense	0.9299197468788153	0.031554529931645946	0.15
NOTO	14	24	0.0887767675445291	0.833016698330167	chr7	130794716.0	130794830.0	sense	0.9299197468788153	0.031554529931645946	0.15
POU2F1	10	22	0.08859969512234138	0.8043195680431957	chr7	130794716.0	130794830.0	antisense	0.9299197468788153	0.031554529931645946	0.15
TEF	2	14	0.08662499808417994	0.7686231376862314	chr7	130794716.0	130794830.0	sense	0.9299197468788153	0.031554529931645946	0.15
Stat6	7	22	0.08645786809877719	0.8569143085691431	chr7	130794716.0	130794830.0	sense	0.9323658829085645	0.030413626545320576	0.15
Dlx1	7	17	0.08556033812022926	0.8489151084891511	chr7	130794716.0	130794830.0	sense	0.9314734488496182	0.030829519922263696	0.15
FOXG1	6	14	0.08410968841198133	0.5589441055894411	chr7	130794716.0	130794830.0	antisense	0.922525544055764	0.035021599706706985	0.15
BARX1	14	22	0.08382361126972496	0.823917608239176	chr7	130794716.0	130794830.0	sense	0.9299197468788153	0.031554529931645946	0.15
RXRG	4	18	0.08368505289097272	0.6844315568443156	chr7	130794716.0	130794830.0	antisense	0.9299197468788153	0.031554529931645946	0.15
CEBPA	2	13	0.08361973516953436	0.8142185781421858	chr7	130794716.0	130794830.0	antisense	0.9299197468788153	0.031554529931645946	0.15
ALX3	14	24	0.08346104467737969	0.8008199180081992	chr7	130794716.0	130794830.0	sense	0.9299197468788153	0.031554529931645946	0.15
FOXL1	7	14	0.08312925872085657	0.6098390160983902	chr7	130794716.0	130794830.0	antisense	0.922525544055764	0.035021599706706985	0.15
POU1F1	8	22	0.08297950351020376	0.8143185681431857	chr7	130794716.0	130794830.0	antisense	0.9299197468788153	0.031554529931645946	0.15
Rxra	3	17	0.08276554320767651	0.6822317768223177	chr7	130794716.0	130794830.0	antisense	0.9299197468788153	0.031554529931645946	0.15
UNCX	15	23	0.08252293553729886	0.7734226577342266	chr7	130794716.0	130794830.0	sense	0.9299197468788153	0.031554529931645946	0.15
LHX6	14	24	0.08136440055175252	0.809019098090191	chr7	130794716.0	130794830.0	antisense	0.9299197468788153	0.031554529931645946	0.15
GATA3	15	23	0.08087939260472002	0.5620437956204379	chr7	130794716.0	130794830.0	antisense	0.922525544055764	0.035021599706706985	0.15
CUX1	3	13	0.08071728807806008	0.8296170382961704	chr7	130794716.0	130794830.0	antisense	0.9299197468788153	0.031554529931645946	0.15
NFIL3	4	15	0.08049396442780091	0.7473252674732527	chr7	130794716.0	130794830.0	sense	0.9299197468788153	0.031554529931645946	0.15
FOXC2	5	17	0.080469122664816	0.7039296070392961	chr7	130794716.0	130794830.0	sense	0.9299197468788153	0.031554529931645946	0.15
POU3F1	4	16	0.08032229494773169	0.8294170582941706	chr7	130794716.0	130794830.0	sense	0.9299197468788153	0.031554529931645946	0.15
TBX19	4	24	0.08030596889346837	0.8122187781221878	chr7	130794716.0	130794830.0	antisense	0.9299197468788153	0.031554529931645946	0.15
CUX2	3	13	0.07986928710669809	0.8353164683531646	chr7	130794716.0	130794830.0	antisense	0.9299197468788153	0.031554529931645946	0.15
HOXC13	12	23	0.07833322384822669	0.8197180281971803	chr7	130794716.0	130794830.0	sense	0.9299197468788153	0.031554529931645946	0.15
Dux	15	23	0.0772638280903337	0.7321267873212679	chr7	130794716.0	130794830.0	sense	0.9299197468788153	0.031554529931645946	0.15
CDX1	14	23	0.07704853294432103	0.7285271472852715	chr7	130794716.0	130794830.0	sense	0.9299197468788153	0.031554529931645946	0.15
Tcf7	3	15	0.07638931000422121	0.691030896910309	chr7	130794716.0	130794830.0	antisense	0.9299197468788153	0.031554529931645946	0.15
MIXL1	14	24	0.07634802678873001	0.8682131786821318	chr7	130794716.0	130794830.0	sense	0.9368038248150237	0.028351344779557412	0.15
REST	2	23	0.07561158443217939	0.5785421457854215	chr7	130794716.0	130794830.0	antisense	0.922525544055764	0.035021599706706985	0.15
Sox1	8	23	0.07550339650785348	0.7135286471352865	chr7	130794716.0	130794830.0	sense	0.9299197468788153	0.031554529931645946	0.15
NKX6-2	15	23	0.07544910580976485	0.7786221377862214	chr7	130794716.0	130794830.0	sense	0.9299197468788153	0.031554529931645946	0.15
MEOX1	14	24	0.0742359924749812	0.8795120487951205	chr7	130794716.0	130794830.0	sense	0.9403807570062666	0.026696266415982772	0.15
Shox2	15	23	0.07422481507182464	0.738026197380262	chr7	130794716.0	130794830.0	sense	0.9299197468788153	0.031554529931645946	0.15
GBX1	14	24	0.0739700166117496	0.8248175182481752	chr7	130794716.0	130794830.0	sense	0.9299197468788153	0.031554529931645946	0.15
PRRX1	15	23	0.07371744524928495	0.7633236676332367	chr7	130794716.0	130794830.0	sense	0.9299197468788153	0.031554529931645946	0.15
POU5F1B	5	14	0.0736897978036532	0.8429157084291571	chr7	130794716.0	130794830.0	sense	0.9299197468788153	0.031554529931645946	0.15
LHX2	14	24	0.07231303324227879	0.8298170182981702	chr7	130794716.0	130794830.0	sense	0.9299197468788153	0.031554529931645946	0.15
Mecom	4	18	0.07229469072815445	0.6668333166683331	chr7	130794716.0	130794830.0	antisense	0.9299197468788153	0.031554529931645946	0.15
Hoxd9	8	18	0.07051254418020624	0.77992200779922	chr7	130794716.0	130794830.0	sense	0.9299197468788153	0.031554529931645946	0.15
EN1	15	23	0.07012034501859929	0.8037196280371963	chr7	130794716.0	130794830.0	sense	0.9299197468788153	0.031554529931645946	0.15
ONECUT2	2	16	0.06892442170534392	0.7608239176082392	chr7	130794716.0	130794830.0	antisense	0.9299197468788153	0.031554529931645946	0.15
ONECUT1	2	16	0.06730577202791577	0.7569243075692431	chr7	130794716.0	130794830.0	antisense	0.9299197468788153	0.031554529931645946	0.15
Dlx2	15	23	0.06607373701978188	0.8121187881211879	chr7	130794716.0	130794830.0	sense	0.9299197468788153	0.031554529931645946	0.15
ISX	15	23	0.06573631167976335	0.7296270372962703	chr7	130794716.0	130794830.0	sense	0.9299197468788153	0.031554529931645946	0.15
DUXA	6	19	0.0657001959928369	0.8612138786121388	chr7	130794716.0	130794830.0	sense	0.9331315302707726	0.03005713562679957	0.15
BHLHE23	12	24	0.06454134971847758	0.8523147685231477	chr7	130794716.0	130794830.0	antisense	0.931593787989622	0.03077341606997121	0.15
NR1H2::RXRA	3	20	0.0637994636785063	0.7318268173182682	chr7	130794716.0	130794830.0	antisense	0.9299197468788153	0.031554529931645946	0.15
Hmx1	4	21	0.06346808529034177	0.923007699230077	chr7	130794716.0	130794830.0	sense	0.969718615183016	0.013354267384930894	0.15
EMX2	14	24	0.0632736131144643	0.9042095790420958	chr7	130794716.0	130794830.0	sense	0.9557734654233151	0.01964503071017876	0.15
BCL6B	7	24	0.06298445777384876	0.6504349565043496	chr7	130794716.0	130794830.0	sense	0.9248650477418012	0.03392163298727443	0.15
PDX1	16	24	0.06297522003651326	0.7896210378962104	chr7	130794716.0	130794830.0	antisense	0.9299197468788153	0.031554529931645946	0.15
POU3F2	4	16	0.06219054413545559	0.8437156284371563	chr7	130794716.0	130794830.0	sense	0.9299197468788153	0.031554529931645946	0.15
Foxd3	8	20	0.061192925595652904	0.724027597240276	chr7	130794716.0	130794830.0	antisense	0.9299197468788153	0.031554529931645946	0.15
Nkx2-5	16	23	0.06042541213523943	0.813018698130187	chr7	130794716.0	130794830.0	antisense	0.9299197468788153	0.031554529931645946	0.15
POU3F4	5	14	0.06030439523953745	0.8392160783921608	chr7	130794716.0	130794830.0	sense	0.9299197468788153	0.031554529931645946	0.15
RARA	4	22	0.05974638170646313	0.7034296570342966	chr7	130794716.0	130794830.0	antisense	0.9299197468788153	0.031554529931645946	0.15
MNX1	7	17	0.05748511149348865	0.8547145285471452	chr7	130794716.0	130794830.0	antisense	0.9319261351175806	0.030618508656866203	0.15
PHOX2A	12	23	0.05628798787026073	0.7806219378062194	chr7	130794716.0	130794830.0	sense	0.9299197468788153	0.031554529931645946	0.15
FOXB1	8	19	0.054942598909440955	0.8289171082891711	chr7	130794716.0	130794830.0	antisense	0.9299197468788153	0.031554529931645946	0.15
Phox2b	12	23	0.052651373138884724	0.7774222577742226	chr7	130794716.0	130794830.0	sense	0.9299197468788153	0.031554529931645946	0.15
FOXC1	8	19	0.051675062387896556	0.8403159684031597	chr7	130794716.0	130794830.0	antisense	0.9299197468788153	0.031554529931645946	0.15
LEF1	5	20	0.05102434355546621	0.8808119188081192	chr7	130794716.0	130794830.0	antisense	0.9403807570062666	0.026696266415982772	0.15
Hmx3	4	21	0.04747559512757874	0.934006599340066	chr7	130794716.0	130794830.0	sense	0.9714417335821529	0.012583242972194547	0.15
Hoxa9	13	24	0.04709116041872621	0.9136086391360864	chr7	130794716.0	130794830.0	sense	0.9629487355524083	0.016396832770923915	0.15
Hmx2	4	21	0.04660896294860174	0.9264073592640736	chr7	130794716.0	130794830.0	sense	0.9712490444503936	0.012669395465289683	0.15
T	7	23	0.042974783054854776	0.9713028697130287	chr7	130794716.0	130794830.0	sense	0.9904785991989037	0.0041549036188535515	0.15
Lhx4	16	24	0.04118419171372607	0.8069193080691931	chr7	130794716.0	130794830.0	antisense	0.9299197468788153	0.031554529931645946	0.15
Sox5	5	12	0.0410410873502939	0.8587141285871412	chr7	130794716.0	130794830.0	sense	0.9323695245538208	0.030411930276312595	0.15
MEF2C	7	22	0.04096181808193815	0.9282071792820717	chr7	130794716.0	130794830.0	antisense	0.9712490444503936	0.012669395465289683	0.15
PAX7	3	13	0.04086179217448822	0.8431156884311569	chr7	130794716.0	130794830.0	antisense	0.9299197468788153	0.031554529931645946	0.15
LMX1B	16	24	0.04056136942414772	0.825917408259174	chr7	130794716.0	130794830.0	sense	0.9299197468788153	0.031554529931645946	0.15
NKX6-1	16	24	0.039624995659640234	0.8439156084391561	chr7	130794716.0	130794830.0	sense	0.9299197468788153	0.031554529931645946	0.15
PAX3	3	13	0.03936746600904958	0.8488151184881512	chr7	130794716.0	130794830.0	antisense	0.9314734488496182	0.030829519922263696	0.15
DUX4	12	23	0.03600178858165894	0.8768123187681232	chr7	130794716.0	130794830.0	sense	0.9403807570062666	0.026696266415982772	0.15
Foxq1	4	15	0.03549298296701649	0.832016798320168	chr7	130794716.0	130794830.0	sense	0.9299197468788153	0.031554529931645946	0.15
ONECUT3	8	22	0.0349798195601931	0.8132186781321867	chr7	130794716.0	130794830.0	sense	0.9299197468788153	0.031554529931645946	0.15
LMX1A	16	24	0.03406595492171489	0.8187181281871813	chr7	130794716.0	130794830.0	sense	0.9299197468788153	0.031554529931645946	0.15
Hoxd8	2	19	0.03209649916592713	0.9395060493950604	chr7	130794716.0	130794830.0	antisense	0.9732607577565596	0.01177078719008233	0.15
HOXB13	14	24	0.031629932696342636	0.8785121487851215	chr7	130794716.0	130794830.0	sense	0.9403807570062666	0.026696266415982772	0.15
TCF7L2	6	20	0.030716634942326952	0.9698030196980302	chr7	130794716.0	130794830.0	antisense	0.9904785991989037	0.0041549036188535515	0.15
Pou5f1::Sox2	4	19	0.028973496363349623	0.9871012898710129	chr7	130794716.0	130794830.0	antisense	0.999000099990001	0.00043446830544563664	0.15
POU4F3	6	22	0.02858427409739788	0.9683031696830317	chr7	130794716.0	130794830.0	sense	0.9904785991989037	0.0041549036188535515	0.15
HOXA13	14	24	0.02849356377022755	0.8842115788421158	chr7	130794716.0	130794830.0	sense	0.9403807570062666	0.026696266415982772	0.15
HOXD13	14	24	0.02782433509218877	0.8829117088291171	chr7	130794716.0	130794830.0	sense	0.9403807570062666	0.026696266415982772	0.15
LIN54	4	13	0.025689973218135598	0.899010098990101	chr7	130794716.0	130794830.0	sense	0.952216819134413	0.021264151791611324	0.15
POU6F1	12	22	0.024792976451907534	0.8798120187981202	chr7	130794716.0	130794830.0	sense	0.9403807570062666	0.026696266415982772	0.15
SOX4	2	18	0.021241154063311386	0.9316068393160684	chr7	130794716.0	130794830.0	antisense	0.9714417335821529	0.012583242972194547	0.15
HNF1B	8	21	0.021049929586604756	0.9534046595340466	chr7	130794716.0	130794830.0	sense	0.9837316467160441	0.0071233571023078	0.15
PROP1	12	23	0.02040734573141452	0.8181181881811819	chr7	130794716.0	130794830.0	sense	0.9299197468788153	0.031554529931645946	0.15
SOX8	2	18	0.019890037558572122	0.932906709329067	chr7	130794716.0	130794830.0	antisense	0.9714417335821529	0.012583242972194547	0.15
IRF1	3	24	0.01754187314054028	0.7924207579242076	chr7	130794716.0	130794830.0	antisense	0.9299197468788153	0.031554529931645946	0.15
Sox11	2	17	0.017217172664946424	0.9378062193780622	chr7	130794716.0	130794830.0	antisense	0.9732607577565596	0.01177078719008233	0.15
HNF1A	7	22	0.01669197280289681	0.9731026897310269	chr7	130794716.0	130794830.0	antisense	0.9904785991989037	0.0041549036188535515	0.15
POU4F1	6	20	0.014784652406883246	0.9851014898510149	chr7	130794716.0	130794830.0	sense	0.999000099990001	0.00043446830544563664	0.15
POU4F2	6	22	0.009768026614133576	0.9593040695930407	chr7	130794716.0	130794830.0	sense	0.9878547859499764	0.00530689174405177	0.15
mix-a	7	18	0.009479974814216741	0.9733026697330267	chr7	130794716.0	130794830.0	antisense	0.9904785991989037	0.0041549036188535515	0.15
Arid3b	7	18	0.007607611730677311	0.9703029697030296	chr7	130794716.0	130794830.0	antisense	0.9904785991989037	0.0041549036188535515	0.15
ZNF410	7	24	0.007347124992823711	0.9484051594840516	chr7	130794716.0	130794830.0	sense	0.9805224656817186	0.008542451348742807	0.15
Lhx3	4	17	0.007314664574309297	0.9147085291470853	chr7	130794716.0	130794830.0	sense	0.9629487355524083	0.016396832770923915	0.15
Arid3a	16	22	0.002894050997043007	0.8915108489151085	chr7	130794716.0	130794830.0	antisense	0.9462047660264647	0.024014868743824982	0.15
Alx1	7	24	0.0014425040789353592	0.9899010098990101	chr7	130794716.0	130794830.0	sense	0.999000099990001	0.00043446830544563664	0.15
MEF2B	10	22	-0.0	0.999000099990001	chr7	130794716.0	130794830.0	sense	0.999000099990001	0.00043446830544563664	0.15
MEF2A	7	19	-0.0	0.9987001299870013	chr7	130794716.0	130794830.0	sense	0.999000099990001	0.00043446830544563664	0.15
Alx4	6	23	-0.0	0.9927007299270073	chr7	130794716.0	130794830.0	antisense	0.999000099990001	0.00043446830544563664	0.15
MEF2D	7	19	-0.0	0.9987001299870013	chr7	130794716.0	130794830.0	sense	0.999000099990001	0.00043446830544563664	0.15
SRF	2	18	-0.0032601502689353144	0.9945005499450055	chr7	130794716.0	130794830.0	antisense	0.999000099990001	0.00043446830544563664	0.15
Arx	7	24	-0.008826446103735487	0.996000399960004	chr7	130794716.0	130794830.0	antisense	0.999000099990001	0.00043446830544563664	0.15
