motif	start	end	score	pval	tile_chr	tile_start	tile_end	strand	padj	neg_log_pval	fdr_cutoff
EGR1	1	15	2.6136728314153435	0.0013998600139986002	chr1	211556065.0	211556179.0	sense	0.36326367363263673	0.439778029414148	0.1
SP2	1	16	2.468565111306576	0.004399560043995601	chr1	211556065.0	211556179.0	sense	0.761123887611239	0.11854464766187978	0.1
SPIB	2	9	2.238394341333543	9.999000099990002e-05	chr1	211556065.0	211556179.0	antisense	0.051894810518948106	1.2848760694284047	0.1
EGR4	2	18	1.8320049481375285	0.007799220077992201	chr1	211556065.0	211556179.0	sense	0.9803802985272073	0.0086054248035691	0.1
SP1	1	12	1.6988185033968892	0.0168983101689831	chr1	211556065.0	211556179.0	sense	0.9803802985272073	0.0086054248035691	0.1
MZF1(var.2)	2	12	1.5515756337083626	0.026297370262973702	chr1	211556065.0	211556179.0	antisense	0.9803802985272073	0.0086054248035691	0.1
EGR3	2	17	1.4837210857855525	0.009999000099990002	chr1	211556065.0	211556179.0	sense	0.9803802985272073	0.0086054248035691	0.1
CTCF	2	21	1.4108250912103755	0.0188981101889811	chr1	211556065.0	211556179.0	antisense	0.9803802985272073	0.0086054248035691	0.1
ZNF263	2	23	1.396446030830103	0.19768023197680232	chr1	211556065.0	211556179.0	antisense	0.9803802985272073	0.0086054248035691	0.1
Tcfl5	1	11	1.3399205706851807	0.1317868213178682	chr1	211556065.0	211556179.0	sense	0.9803802985272073	0.0086054248035691	0.1
THAP1	1	10	1.333629746461227	0.09719028097190281	chr1	211556065.0	211556179.0	sense	0.9803802985272073	0.0086054248035691	0.1
Hes1	1	11	1.3282530398948469	0.20177982201779823	chr1	211556065.0	211556179.0	sense	0.9803802985272073	0.0086054248035691	0.1
SP3	1	12	1.3129212813677167	0.12458754124587541	chr1	211556065.0	211556179.0	sense	0.9803802985272073	0.0086054248035691	0.1
E2F4	1	12	1.2972709166464098	0.043795620437956206	chr1	211556065.0	211556179.0	antisense	0.9803802985272073	0.0086054248035691	0.1
CENPB	3	18	1.2174953100880725	0.05399460053994601	chr1	211556065.0	211556179.0	sense	0.9803802985272073	0.0086054248035691	0.1
KLF5	1	11	1.2093506766115985	0.0807919208079192	chr1	211556065.0	211556179.0	sense	0.9803802985272073	0.0086054248035691	0.1
MAFG	1	22	1.1722021777115998	0.05549445055494451	chr1	211556065.0	211556179.0	antisense	0.9803802985272073	0.0086054248035691	0.1
YY2	2	13	1.127450043561221	0.028897110288971104	chr1	211556065.0	211556179.0	sense	0.9803802985272073	0.0086054248035691	0.1
ZBTB7C	2	14	1.1201914812134675	0.127987201279872	chr1	211556065.0	211556179.0	antisense	0.9803802985272073	0.0086054248035691	0.1
NRL	1	12	1.1125818700088381	0.09349065093490651	chr1	211556065.0	211556179.0	sense	0.9803802985272073	0.0086054248035691	0.1
PAX5	1	20	1.1003008577840483	0.15348465153484653	chr1	211556065.0	211556179.0	antisense	0.9803802985272073	0.0086054248035691	0.1
EGR2	4	15	1.0901344768658274	0.037696230376962306	chr1	211556065.0	211556179.0	sense	0.9803802985272073	0.0086054248035691	0.1
Bcl6	1	15	1.0740351340769985	0.038896110388961104	chr1	211556065.0	211556179.0	sense	0.9803802985272073	0.0086054248035691	0.1
TBX2	2	13	1.0453011994067727	0.10338966103389662	chr1	211556065.0	211556179.0	antisense	0.9803802985272073	0.0086054248035691	0.1
MZF1	3	9	1.0307977777777397	0.045495450454954504	chr1	211556065.0	211556179.0	antisense	0.9803802985272073	0.0086054248035691	0.1
RARA::RXRA	1	18	1.0304301473376754	0.09919008099190081	chr1	211556065.0	211556179.0	antisense	0.9803802985272073	0.0086054248035691	0.1
STAT3	1	12	1.0240063684788594	0.014898510148985102	chr1	211556065.0	211556179.0	sense	0.9803802985272073	0.0086054248035691	0.1
ELK4	4	15	1.0177070461900986	0.04689531046895311	chr1	211556065.0	211556179.0	sense	0.9803802985272073	0.0086054248035691	0.1
SP8	3	15	1.0132794434460246	0.15908409159084091	chr1	211556065.0	211556179.0	sense	0.9803802985272073	0.0086054248035691	0.1
Hand1::Tcf3	1	11	1.0116327403269627	0.057894210578942104	chr1	211556065.0	211556179.0	antisense	0.9803802985272073	0.0086054248035691	0.1
ZBTB33	1	16	0.9830273927994713	0.08239176082391761	chr1	211556065.0	211556179.0	sense	0.9803802985272073	0.0086054248035691	0.1
KLF16	3	14	0.9789113176491457	0.15878412158784122	chr1	211556065.0	211556179.0	sense	0.9803802985272073	0.0086054248035691	0.1
Klf4	3	13	0.978798034806261	0.12988701129887012	chr1	211556065.0	211556179.0	antisense	0.9803802985272073	0.0086054248035691	0.1
Gabpa	3	14	0.9642681418573471	0.049795020497950204	chr1	211556065.0	211556179.0	antisense	0.9803802985272073	0.0086054248035691	0.1
E2F1	2	14	0.9359663919160367	0.048595140485951406	chr1	211556065.0	211556179.0	sense	0.9803802985272073	0.0086054248035691	0.1
ETV5	3	13	0.9323256589569171	0.10618938106189381	chr1	211556065.0	211556179.0	sense	0.9803802985272073	0.0086054248035691	0.1
Pax2	4	12	0.927715765586857	0.130986901309869	chr1	211556065.0	211556179.0	antisense	0.9803802985272073	0.0086054248035691	0.1
INSM1	1	13	0.9244137883413577	0.10438956104389562	chr1	211556065.0	211556179.0	antisense	0.9803802985272073	0.0086054248035691	0.1
RREB1	4	24	0.912809335160963	0.18148185181481852	chr1	211556065.0	211556179.0	sense	0.9803802985272073	0.0086054248035691	0.1
MYBL1	3	15	0.9115694478433418	0.0193980601939806	chr1	211556065.0	211556179.0	sense	0.9803802985272073	0.0086054248035691	0.1
HIC2	2	11	0.893285857102935	0.15708429157084292	chr1	211556065.0	211556179.0	sense	0.9803802985272073	0.0086054248035691	0.1
Hes2	1	14	0.892487923681511	0.4012598740125987	chr1	211556065.0	211556179.0	sense	0.9803802985272073	0.0086054248035691	0.1
Pax6	1	15	0.8861604030630112	0.10718928107189281	chr1	211556065.0	211556179.0	sense	0.9803802985272073	0.0086054248035691	0.1
GCM2	1	11	0.8835910457285191	0.11018898110188981	chr1	211556065.0	211556179.0	antisense	0.9803802985272073	0.0086054248035691	0.1
ZNF740	4	14	0.8822226710794214	0.194980501949805	chr1	211556065.0	211556179.0	sense	0.9803802985272073	0.0086054248035691	0.1
KLF14	2	16	0.8725842502389726	0.14388561143885611	chr1	211556065.0	211556179.0	sense	0.9803802985272073	0.0086054248035691	0.1
HSF4	2	15	0.8696724030219007	0.09779022097790221	chr1	211556065.0	211556179.0	sense	0.9803802985272073	0.0086054248035691	0.1
Gmeb1	1	18	0.8579147831657696	0.6734326567343266	chr1	211556065.0	211556179.0	antisense	0.9803802985272073	0.0086054248035691	0.1
ZIC4	2	17	0.8547332982056061	0.22457754224577542	chr1	211556065.0	211556179.0	sense	0.9803802985272073	0.0086054248035691	0.1
TFCP2	1	11	0.8503611931535795	0.041495850414958506	chr1	211556065.0	211556179.0	sense	0.9803802985272073	0.0086054248035691	0.1
ZBTB7A	3	15	0.8429505173484598	0.1750824917508249	chr1	211556065.0	211556179.0	antisense	0.9803802985272073	0.0086054248035691	0.1
TFAP2A	2	13	0.8420221023418988	0.1713828617138286	chr1	211556065.0	211556179.0	antisense	0.9803802985272073	0.0086054248035691	0.1
TBP	4	19	0.8286337879270211	0.33896610338966104	chr1	211556065.0	211556179.0	antisense	0.9803802985272073	0.0086054248035691	0.1
RUNX2	1	10	0.8269917431159869	0.12418758124187582	chr1	211556065.0	211556179.0	sense	0.9803802985272073	0.0086054248035691	0.1
ZEB1	4	13	0.821342124646209	0.060993900609939006	chr1	211556065.0	211556179.0	sense	0.9803802985272073	0.0086054248035691	0.1
HINFP	4	16	0.8153805223263147	0.1653834616538346	chr1	211556065.0	211556179.0	antisense	0.9803802985272073	0.0086054248035691	0.1
RUNX3	1	11	0.8066696091204636	0.1772822717728227	chr1	211556065.0	211556179.0	sense	0.9803802985272073	0.0086054248035691	0.1
Stat4	1	15	0.8050488261586849	0.125987401259874	chr1	211556065.0	211556179.0	sense	0.9803802985272073	0.0086054248035691	0.1
PLAG1	3	17	0.8049664950059575	0.16268373162683733	chr1	211556065.0	211556179.0	antisense	0.9803802985272073	0.0086054248035691	0.1
FEV	3	13	0.7995067574608972	0.0988901109889011	chr1	211556065.0	211556179.0	sense	0.9803802985272073	0.0086054248035691	0.1
NRF1	4	15	0.7988661204102874	0.12098790120987901	chr1	211556065.0	211556179.0	sense	0.9803802985272073	0.0086054248035691	0.1
Rhox11	1	18	0.7967579831111711	0.37906209379062095	chr1	211556065.0	211556179.0	sense	0.9803802985272073	0.0086054248035691	0.1
GATA1::TAL1	1	19	0.7935256160949994	0.23987601239876014	chr1	211556065.0	211556179.0	antisense	0.9803802985272073	0.0086054248035691	0.1
STAT1	1	12	0.7912233086191762	0.0458954104589541	chr1	211556065.0	211556179.0	sense	0.9803802985272073	0.0086054248035691	0.1
CEBPE	1	11	0.7898608495250764	0.07389261073892611	chr1	211556065.0	211556179.0	sense	0.9803802985272073	0.0086054248035691	0.1
ZNF354C	2	8	0.7889184053183519	0.07189281071892811	chr1	211556065.0	211556179.0	sense	0.9803802985272073	0.0086054248035691	0.1
CREB3	1	15	0.7862652842386615	0.10488951104889511	chr1	211556065.0	211556179.0	sense	0.9803802985272073	0.0086054248035691	0.1
ERG	3	13	0.779835445032909	0.09859014098590141	chr1	211556065.0	211556179.0	sense	0.9803802985272073	0.0086054248035691	0.1
Spz1	3	14	0.7772077012536405	0.147985201479852	chr1	211556065.0	211556179.0	antisense	0.9803802985272073	0.0086054248035691	0.1
IRF1	1	22	0.7728007810190579	0.26317368263173685	chr1	211556065.0	211556179.0	sense	0.9803802985272073	0.0086054248035691	0.1
ETV3	3	13	0.7722760124715663	0.1156884311568843	chr1	211556065.0	211556179.0	sense	0.9803802985272073	0.0086054248035691	0.1
BARHL2	3	13	0.7715956875360817	0.22507749225077492	chr1	211556065.0	211556179.0	antisense	0.9803802985272073	0.0086054248035691	0.1
CEBPB	1	11	0.7701990721789638	0.05849415058494151	chr1	211556065.0	211556179.0	sense	0.9803802985272073	0.0086054248035691	0.1
IRF2	1	19	0.7688320100994892	0.1576842315768423	chr1	211556065.0	211556179.0	antisense	0.9803802985272073	0.0086054248035691	0.1
Hic1	1	10	0.7674992702522838	0.17318268173182683	chr1	211556065.0	211556179.0	sense	0.9803802985272073	0.0086054248035691	0.1
TFAP2A(var.2)	5	17	0.763924332130416	0.28927107289271076	chr1	211556065.0	211556179.0	sense	0.9803802985272073	0.0086054248035691	0.1
NFIC	2	8	0.7635315142855514	0.0827917208279172	chr1	211556065.0	211556179.0	antisense	0.9803802985272073	0.0086054248035691	0.1
Nkx2-5(var.2)	2	13	0.7605990755910716	0.1336866313368663	chr1	211556065.0	211556179.0	sense	0.9803802985272073	0.0086054248035691	0.1
RUNX1	1	12	0.7603076184291429	0.3107689231076892	chr1	211556065.0	211556179.0	antisense	0.9803802985272073	0.0086054248035691	0.1
MAX::MYC	3	14	0.7593094911664177	0.08739126087391261	chr1	211556065.0	211556179.0	antisense	0.9803802985272073	0.0086054248035691	0.1
CEBPD	1	11	0.750406483208931	0.05829417058294171	chr1	211556065.0	211556179.0	sense	0.9803802985272073	0.0086054248035691	0.1
ETS1	3	13	0.7496701358392847	0.1110888911108889	chr1	211556065.0	211556179.0	sense	0.9803802985272073	0.0086054248035691	0.1
Mitf	4	14	0.7448500703309175	0.34756524347565243	chr1	211556065.0	211556179.0	antisense	0.9803802985272073	0.0086054248035691	0.1
TFAP2A(var.3)	2	15	0.7432294091364738	0.1982801719828017	chr1	211556065.0	211556179.0	sense	0.9803802985272073	0.0086054248035691	0.1
E2F6	5	16	0.7416789173916932	0.2151784821517848	chr1	211556065.0	211556179.0	antisense	0.9803802985272073	0.0086054248035691	0.1
Myog	1	12	0.7340041989682979	0.0953904609539046	chr1	211556065.0	211556179.0	antisense	0.9803802985272073	0.0086054248035691	0.1
PAX1	3	20	0.7309046535246195	0.0897910208979102	chr1	211556065.0	211556179.0	antisense	0.9803802985272073	0.0086054248035691	0.1
TCF4	5	15	0.7297727807351095	0.1331866813318668	chr1	211556065.0	211556179.0	sense	0.9803802985272073	0.0086054248035691	0.1
FLI1	3	13	0.7280829362295879	0.09209079092090791	chr1	211556065.0	211556179.0	sense	0.9803802985272073	0.0086054248035691	0.1
Klf1	2	13	0.7226924478870106	0.20377962203779623	chr1	211556065.0	211556179.0	sense	0.9803802985272073	0.0086054248035691	0.1
TFAP2C(var.3)	2	15	0.7134130054876975	0.20477952204779523	chr1	211556065.0	211556179.0	antisense	0.9803802985272073	0.0086054248035691	0.1
TFAP2C	2	14	0.7111176460328651	0.33556644335566443	chr1	211556065.0	211556179.0	sense	0.9803802985272073	0.0086054248035691	0.1
CEBPG	1	11	0.7107715035256266	0.0443955604439556	chr1	211556065.0	211556179.0	sense	0.9803802985272073	0.0086054248035691	0.1
ELK1	3	13	0.7066743620510094	0.0806919308069193	chr1	211556065.0	211556179.0	sense	0.9803802985272073	0.0086054248035691	0.1
HSF2	2	15	0.704557525544194	0.1065893410658934	chr1	211556065.0	211556179.0	sense	0.9803802985272073	0.0086054248035691	0.1
SP4	3	20	0.7029781635481698	0.16978302169783022	chr1	211556065.0	211556179.0	sense	0.9803802985272073	0.0086054248035691	0.1
NHLH1	5	15	0.6984852583122817	0.1347865213478652	chr1	211556065.0	211556179.0	sense	0.9803802985272073	0.0086054248035691	0.1
TFAP2B	2	14	0.6950291759402286	0.32656734326567344	chr1	211556065.0	211556179.0	sense	0.9803802985272073	0.0086054248035691	0.1
TFAP2B(var.3)	2	15	0.6947199434590756	0.20427957204279573	chr1	211556065.0	211556179.0	antisense	0.9803802985272073	0.0086054248035691	0.1
MYBL2	2	17	0.6882176092961256	0.14608539146085392	chr1	211556065.0	211556179.0	sense	0.9803802985272073	0.0086054248035691	0.1
CREB3L1	1	15	0.6829758782613173	0.1511848815118488	chr1	211556065.0	211556179.0	sense	0.9803802985272073	0.0086054248035691	0.1
Klf12	2	17	0.68211501119399	0.18748125187481252	chr1	211556065.0	211556179.0	sense	0.9803802985272073	0.0086054248035691	0.1
EBF1	1	15	0.6812964108987921	0.12518748125187482	chr1	211556065.0	211556179.0	antisense	0.9803802985272073	0.0086054248035691	0.1
Pparg::Rxra	2	17	0.6772379014020177	0.4517548245175482	chr1	211556065.0	211556179.0	antisense	0.9803802985272073	0.0086054248035691	0.1
NR2C2	5	20	0.6766593150227734	0.23227677232276772	chr1	211556065.0	211556179.0	antisense	0.9803802985272073	0.0086054248035691	0.1
TFAP2C(var.2)	2	13	0.6766020510046434	0.24617538246175383	chr1	211556065.0	211556179.0	sense	0.9803802985272073	0.0086054248035691	0.1
TFE3	1	11	0.6736926908196073	0.2866713328667133	chr1	211556065.0	211556179.0	sense	0.9803802985272073	0.0086054248035691	0.1
NFYA	4	22	0.6704230755355266	0.2812718728127187	chr1	211556065.0	211556179.0	antisense	0.9803802985272073	0.0086054248035691	0.1
PAX9	3	20	0.6683175335672958	0.0796920307969203	chr1	211556065.0	211556179.0	antisense	0.9803802985272073	0.0086054248035691	0.1
ZIC3	6	21	0.6673438137310357	0.23767623237676233	chr1	211556065.0	211556179.0	sense	0.9803802985272073	0.0086054248035691	0.1
GLI2	4	16	0.6661896324556158	0.2313768623137686	chr1	211556065.0	211556179.0	sense	0.9803802985272073	0.0086054248035691	0.1
ETV1	3	13	0.6630229465807733	0.24487551244875513	chr1	211556065.0	211556179.0	sense	0.9803802985272073	0.0086054248035691	0.1
E2F8	1	13	0.6609960149804242	0.0628937106289371	chr1	211556065.0	211556179.0	sense	0.9803802985272073	0.0086054248035691	0.1
YY1	3	15	0.6562552987736541	0.18188181181881813	chr1	211556065.0	211556179.0	antisense	0.9803802985272073	0.0086054248035691	0.1
HSF1	2	15	0.6510327348710325	0.0988901109889011	chr1	211556065.0	211556179.0	sense	0.9803802985272073	0.0086054248035691	0.1
ESR2	5	20	0.6479524751464455	0.38706129387061294	chr1	211556065.0	211556179.0	antisense	0.9803802985272073	0.0086054248035691	0.1
ETV4	3	13	0.6459036497539977	0.2566743325667433	chr1	211556065.0	211556179.0	sense	0.9803802985272073	0.0086054248035691	0.1
GLIS2	2	16	0.6429577281609544	0.22467753224677534	chr1	211556065.0	211556179.0	sense	0.9803802985272073	0.0086054248035691	0.1
TFAP2B(var.2)	2	13	0.6418658954998844	0.24297570242975702	chr1	211556065.0	211556179.0	antisense	0.9803802985272073	0.0086054248035691	0.1
TBX5	2	10	0.6324085460613091	0.3220677932206779	chr1	211556065.0	211556179.0	antisense	0.9803802985272073	0.0086054248035691	0.1
ELF1	1	13	0.6249991928519143	0.1603839616038396	chr1	211556065.0	211556179.0	sense	0.9803802985272073	0.0086054248035691	0.1
ELF4	1	13	0.6222740411714197	0.15828417158284172	chr1	211556065.0	211556179.0	sense	0.9803802985272073	0.0086054248035691	0.1
Tcf12	1	12	0.6204841070545759	0.17118288171182883	chr1	211556065.0	211556179.0	antisense	0.9803802985272073	0.0086054248035691	0.1
KLF13	1	19	0.6130019698245429	0.18718128187181282	chr1	211556065.0	211556179.0	sense	0.9803802985272073	0.0086054248035691	0.1
ETV6	5	15	0.6103087941870882	0.2522747725227477	chr1	211556065.0	211556179.0	antisense	0.9803802985272073	0.0086054248035691	0.1
GMEB2	2	10	0.6088700198590692	0.15948405159484053	chr1	211556065.0	211556179.0	antisense	0.9803802985272073	0.0086054248035691	0.1
ELK3	3	13	0.6054023246577858	0.2578742125787421	chr1	211556065.0	211556179.0	sense	0.9803802985272073	0.0086054248035691	0.1
MAFF	3	21	0.6045057822402121	0.5298470152984701	chr1	211556065.0	211556179.0	sense	0.9803802985272073	0.0086054248035691	0.1
Myod1	2	15	0.6011021478200423	0.3153684631536846	chr1	211556065.0	211556179.0	sense	0.9803802985272073	0.0086054248035691	0.1
Mafb	1	13	0.5990578682544536	0.39306069393060694	chr1	211556065.0	211556179.0	sense	0.9803802985272073	0.0086054248035691	0.1
Hoxd3	2	18	0.5976107793023882	0.5336466353364664	chr1	211556065.0	211556179.0	sense	0.9803802985272073	0.0086054248035691	0.1
Hoxb5	2	18	0.5920501247103862	0.5448455154484552	chr1	211556065.0	211556179.0	antisense	0.9803802985272073	0.0086054248035691	0.1
Zfx	4	18	0.5907191517813025	0.39806019398060194	chr1	211556065.0	211556179.0	sense	0.9803802985272073	0.0086054248035691	0.1
ERF	3	13	0.5824584713489025	0.21127887211278873	chr1	211556065.0	211556179.0	sense	0.9803802985272073	0.0086054248035691	0.1
TBR1	2	12	0.5716045850381203	0.29857014298570145	chr1	211556065.0	211556179.0	antisense	0.9803802985272073	0.0086054248035691	0.1
Rfx1	1	15	0.5711859070157036	0.33356664333566644	chr1	211556065.0	211556179.0	sense	0.9803802985272073	0.0086054248035691	0.1
ZBTB18	1	14	0.5682297548211769	0.2191780821917808	chr1	211556065.0	211556179.0	sense	0.9803802985272073	0.0086054248035691	0.1
Nfe2l2	2	17	0.5640091000819534	0.3418658134186581	chr1	211556065.0	211556179.0	antisense	0.9803802985272073	0.0086054248035691	0.1
Arx	2	19	0.5635488640246267	0.43345665433456654	chr1	211556065.0	211556179.0	sense	0.9803802985272073	0.0086054248035691	0.1
ZNF143	2	18	0.5619262164376339	0.16578342165783422	chr1	211556065.0	211556179.0	sense	0.9803802985272073	0.0086054248035691	0.1
Stat5a::Stat5b	2	13	0.5542105864559266	0.24367563243675633	chr1	211556065.0	211556179.0	antisense	0.9803802985272073	0.0086054248035691	0.1
GSC2	3	13	0.5520145841511838	0.5993400659934006	chr1	211556065.0	211556179.0	antisense	0.9803802985272073	0.0086054248035691	0.1
IRF8	4	18	0.5500227188172029	0.14058594140585942	chr1	211556065.0	211556179.0	sense	0.9803802985272073	0.0086054248035691	0.1
Arntl	2	12	0.5480769725804423	0.34496550344965504	chr1	211556065.0	211556179.0	antisense	0.9803802985272073	0.0086054248035691	0.1
Vdr	5	21	0.5461636544740883	0.1792820717928207	chr1	211556065.0	211556179.0	antisense	0.9803802985272073	0.0086054248035691	0.1
ELF5	2	13	0.545525999555016	0.44865513448655137	chr1	211556065.0	211556179.0	sense	0.9803802985272073	0.0086054248035691	0.1
SPIC	2	16	0.5444361919967482	0.4460553944605539	chr1	211556065.0	211556179.0	antisense	0.9803802985272073	0.0086054248035691	0.1
RXRA::VDR	5	20	0.5425941511680263	0.17628237176282371	chr1	211556065.0	211556179.0	antisense	0.9803802985272073	0.0086054248035691	0.1
FOS::JUN	2	9	0.5388928086122006	0.2004799520047995	chr1	211556065.0	211556179.0	sense	0.9803802985272073	0.0086054248035691	0.1
VENTX	3	12	0.5375795985848736	0.25347465253474655	chr1	211556065.0	211556179.0	sense	0.9803802985272073	0.0086054248035691	0.1
PRDM1	2	17	0.5370236222482857	0.4273572642735726	chr1	211556065.0	211556179.0	antisense	0.9803802985272073	0.0086054248035691	0.1
NKX2-3	3	13	0.5346806122291654	0.36166383361663834	chr1	211556065.0	211556179.0	sense	0.9803802985272073	0.0086054248035691	0.1
GLIS1	1	17	0.5276522336147959	0.1673832616738326	chr1	211556065.0	211556179.0	sense	0.9803802985272073	0.0086054248035691	0.1
SMAD2::SMAD3::SMAD4	1	14	0.5264561653295644	0.418958104189581	chr1	211556065.0	211556179.0	sense	0.9803802985272073	0.0086054248035691	0.1
ZBTB7B	4	16	0.5258012202834174	0.3618638136186381	chr1	211556065.0	211556179.0	sense	0.9803802985272073	0.0086054248035691	0.1
MTF1	1	15	0.5228561637449156	0.1653834616538346	chr1	211556065.0	211556179.0	antisense	0.9803802985272073	0.0086054248035691	0.1
GLIS3	2	16	0.5149362930604242	0.21187881211878812	chr1	211556065.0	211556179.0	sense	0.9803802985272073	0.0086054248035691	0.1
NKX3-2	3	12	0.511760625318221	0.40505949405059494	chr1	211556065.0	211556179.0	sense	0.9803802985272073	0.0086054248035691	0.1
TFEB	1	11	0.5087813254330884	0.3478652134786521	chr1	211556065.0	211556179.0	sense	0.9803802985272073	0.0086054248035691	0.1
Dlx3	4	12	0.5081726995708283	0.5357464253574643	chr1	211556065.0	211556179.0	sense	0.9803802985272073	0.0086054248035691	0.1
Nr5a2	4	19	0.5055429992479028	0.48685131486851313	chr1	211556065.0	211556179.0	sense	0.9803802985272073	0.0086054248035691	0.1
Nkx3-1	3	12	0.5031851805669291	0.36026397360263973	chr1	211556065.0	211556179.0	sense	0.9803802985272073	0.0086054248035691	0.1
TBX4	4	12	0.5019638396290067	0.36576342365763426	chr1	211556065.0	211556179.0	antisense	0.9803802985272073	0.0086054248035691	0.1
NFYB	4	19	0.4976055680857545	0.47295270472952705	chr1	211556065.0	211556179.0	antisense	0.9803802985272073	0.0086054248035691	0.1
ZIC1	9	23	0.49178671821722186	0.28017198280171984	chr1	211556065.0	211556179.0	sense	0.9803802985272073	0.0086054248035691	0.1
Nr1h3::Rxra	2	21	0.48989164069206614	0.6992300769923008	chr1	211556065.0	211556179.0	sense	0.9803802985272073	0.0086054248035691	0.1
TCF7L2	2	16	0.4860737899250007	0.43025697430256976	chr1	211556065.0	211556179.0	antisense	0.9803802985272073	0.0086054248035691	0.1
Dlx4	4	12	0.47956210066254623	0.536046395360464	chr1	211556065.0	211556179.0	sense	0.9803802985272073	0.0086054248035691	0.1
LBX2	3	13	0.4721842811799318	0.7895210478952105	chr1	211556065.0	211556179.0	sense	0.9803802985272073	0.0086054248035691	0.1
EHF	1	13	0.4718201343417764	0.39076092390760925	chr1	211556065.0	211556179.0	sense	0.9803802985272073	0.0086054248035691	0.1
Hmx1	2	19	0.4710898960546454	0.6029397060293971	chr1	211556065.0	211556179.0	antisense	0.9803802985272073	0.0086054248035691	0.1
NKX2-8	4	13	0.47083310494173203	0.5171482851714828	chr1	211556065.0	211556179.0	sense	0.9803802985272073	0.0086054248035691	0.1
ALX3	3	13	0.46962776467670736	0.6091390860913909	chr1	211556065.0	211556179.0	sense	0.9803802985272073	0.0086054248035691	0.1
Barhl1	2	12	0.46886057112947327	0.771922807719228	chr1	211556065.0	211556179.0	antisense	0.9803802985272073	0.0086054248035691	0.1
FOXA1	8	23	0.46378868861875255	0.46985301469853014	chr1	211556065.0	211556179.0	sense	0.9803802985272073	0.0086054248035691	0.1
NR2F1	10	23	0.46216441442855094	0.5162483751624838	chr1	211556065.0	211556179.0	antisense	0.9803802985272073	0.0086054248035691	0.1
ARNT::HIF1A	4	12	0.46198653478671914	0.3618638136186381	chr1	211556065.0	211556179.0	antisense	0.9803802985272073	0.0086054248035691	0.1
SPDEF	2	13	0.4613200417116444	0.31566843315668436	chr1	211556065.0	211556179.0	sense	0.9803802985272073	0.0086054248035691	0.1
HNF4G	5	20	0.46010091327143954	0.5769423057694231	chr1	211556065.0	211556179.0	antisense	0.9803802985272073	0.0086054248035691	0.1
CEBPA	1	12	0.4585730415915276	0.40475952404759524	chr1	211556065.0	211556179.0	sense	0.9803802985272073	0.0086054248035691	0.1
GCM1	6	17	0.45707376264449656	0.4246575342465753	chr1	211556065.0	211556179.0	antisense	0.9803802985272073	0.0086054248035691	0.1
REST	2	23	0.45104070337738156	0.27517248275172485	chr1	211556065.0	211556179.0	sense	0.9803802985272073	0.0086054248035691	0.1
TCF3	5	15	0.44873351402306216	0.43215678432156784	chr1	211556065.0	211556179.0	sense	0.9803802985272073	0.0086054248035691	0.1
EWSR1-FLI1	1	19	0.44843293165872494	0.20387961203879612	chr1	211556065.0	211556179.0	antisense	0.9803802985272073	0.0086054248035691	0.1
ZBED1	1	14	0.44769831382817177	0.22047795220477953	chr1	211556065.0	211556179.0	sense	0.9803802985272073	0.0086054248035691	0.1
NFIX	5	14	0.4449297225999018	0.6599340065993401	chr1	211556065.0	211556179.0	sense	0.9803802985272073	0.0086054248035691	0.1
GATA5	3	11	0.4444080895800298	0.4764523547645235	chr1	211556065.0	211556179.0	antisense	0.9803802985272073	0.0086054248035691	0.1
ESX1	3	13	0.4407942899665519	0.6615338466153384	chr1	211556065.0	211556179.0	sense	0.9803802985272073	0.0086054248035691	0.1
SOX10	18	24	0.4395628044220989	0.35976402359764026	chr1	211556065.0	211556179.0	sense	0.9803802985272073	0.0086054248035691	0.1
Neurog1	3	13	0.43858521769056286	0.9005099490050995	chr1	211556065.0	211556179.0	sense	0.9803802985272073	0.0086054248035691	0.1
DLX6	4	12	0.4352286042944288	0.5287471252874713	chr1	211556065.0	211556179.0	sense	0.9803802985272073	0.0086054248035691	0.1
ID4	5	15	0.4337843633904761	0.47025297470252975	chr1	211556065.0	211556179.0	sense	0.9803802985272073	0.0086054248035691	0.1
FOXF2	1	15	0.42824112272270665	0.42645735426457354	chr1	211556065.0	211556179.0	sense	0.9803802985272073	0.0086054248035691	0.1
Hmx3	2	19	0.42784952798009596	0.6092390760923908	chr1	211556065.0	211556179.0	antisense	0.9803802985272073	0.0086054248035691	0.1
Six3	1	18	0.42736496812177144	0.708029197080292	chr1	211556065.0	211556179.0	sense	0.9803802985272073	0.0086054248035691	0.1
Gfi1	13	23	0.4271672810088137	0.6027397260273972	chr1	211556065.0	211556179.0	sense	0.9803802985272073	0.0086054248035691	0.1
Bach1::Mafk	4	19	0.42610321966991854	0.42615738426157385	chr1	211556065.0	211556179.0	antisense	0.9803802985272073	0.0086054248035691	0.1
Crem	2	12	0.4259072036661549	0.43555644435556445	chr1	211556065.0	211556179.0	antisense	0.9803802985272073	0.0086054248035691	0.1
MAFK	4	19	0.42512535726960127	0.6857314268573143	chr1	211556065.0	211556179.0	sense	0.9803802985272073	0.0086054248035691	0.1
Arid5a	2	16	0.42379816499815676	0.672932706729327	chr1	211556065.0	211556179.0	antisense	0.9803802985272073	0.0086054248035691	0.1
Prrx2	4	12	0.422863166608984	0.6166383361663834	chr1	211556065.0	211556179.0	sense	0.9803802985272073	0.0086054248035691	0.1
MAX	3	13	0.42251967003944957	0.5004499550044995	chr1	211556065.0	211556179.0	sense	0.9803802985272073	0.0086054248035691	0.1
ETV2	2	13	0.421900322030132	0.38416158384161586	chr1	211556065.0	211556179.0	sense	0.9803802985272073	0.0086054248035691	0.1
Dmbx1	3	20	0.41789791857600306	0.7318268173182682	chr1	211556065.0	211556179.0	antisense	0.9803802985272073	0.0086054248035691	0.1
Gata1	2	13	0.4174849866487669	0.40505949405059494	chr1	211556065.0	211556179.0	sense	0.9803802985272073	0.0086054248035691	0.1
Atf1	1	9	0.41595787466145606	0.38066193380661933	chr1	211556065.0	211556179.0	sense	0.9803802985272073	0.0086054248035691	0.1
MNT	3	13	0.4152736817771051	0.5111488851114888	chr1	211556065.0	211556179.0	sense	0.9803802985272073	0.0086054248035691	0.1
TFAP4	2	12	0.41363788670557883	0.34636536346365365	chr1	211556065.0	211556179.0	antisense	0.9803802985272073	0.0086054248035691	0.1
EN2	3	13	0.4131542369804001	0.6946305369463054	chr1	211556065.0	211556179.0	sense	0.9803802985272073	0.0086054248035691	0.1
OTX1	4	12	0.4060116821901082	0.48675132486751327	chr1	211556065.0	211556179.0	antisense	0.9803802985272073	0.0086054248035691	0.1
Atf3	4	12	0.4044992496846102	0.37906209379062095	chr1	211556065.0	211556179.0	antisense	0.9803802985272073	0.0086054248035691	0.1
RAX2	4	12	0.4025943632053707	0.6220377962203779	chr1	211556065.0	211556179.0	sense	0.9803802985272073	0.0086054248035691	0.1
Hmx2	2	19	0.40147584923102486	0.6060393960603939	chr1	211556065.0	211556179.0	antisense	0.9803802985272073	0.0086054248035691	0.1
MSX1	4	12	0.40088201893735365	0.5642435756424358	chr1	211556065.0	211556179.0	sense	0.9803802985272073	0.0086054248035691	0.1
HEY2	5	15	0.39996050255968457	0.531046895310469	chr1	211556065.0	211556179.0	antisense	0.9803802985272073	0.0086054248035691	0.1
SCRT1	4	19	0.3996519686398181	0.45755424457554245	chr1	211556065.0	211556179.0	antisense	0.9803802985272073	0.0086054248035691	0.1
Alx4	5	22	0.39881723518793744	0.617038296170383	chr1	211556065.0	211556179.0	sense	0.9803802985272073	0.0086054248035691	0.1
IRF7	4	18	0.3948166497151097	0.3845615438456154	chr1	211556065.0	211556179.0	sense	0.9803802985272073	0.0086054248035691	0.1
TFEC	1	11	0.3946066384634861	0.6127387261273872	chr1	211556065.0	211556179.0	antisense	0.9803802985272073	0.0086054248035691	0.1
MIXL1	3	13	0.3927553476084936	0.7216278372162783	chr1	211556065.0	211556179.0	sense	0.9803802985272073	0.0086054248035691	0.1
BSX	4	12	0.3848225826986689	0.5345465453454654	chr1	211556065.0	211556179.0	sense	0.9803802985272073	0.0086054248035691	0.1
TBX19	2	22	0.3847942550709995	0.6214378562143785	chr1	211556065.0	211556179.0	antisense	0.9803802985272073	0.0086054248035691	0.1
HEY1	3	13	0.37989986325402236	0.5246475352464753	chr1	211556065.0	211556179.0	sense	0.9803802985272073	0.0086054248035691	0.1
HLTF	2	12	0.3793931533530382	0.7196280371962803	chr1	211556065.0	211556179.0	sense	0.9803802985272073	0.0086054248035691	0.1
XBP1	3	17	0.37879541281646406	0.5993400659934006	chr1	211556065.0	211556179.0	sense	0.9803802985272073	0.0086054248035691	0.1
IRF9	3	18	0.37818128419945984	0.27987201279872015	chr1	211556065.0	211556179.0	sense	0.9803802985272073	0.0086054248035691	0.1
Alx1	5	22	0.37509484802784476	0.6506349365063494	chr1	211556065.0	211556179.0	sense	0.9803802985272073	0.0086054248035691	0.1
Gata4	3	14	0.3729520860945473	0.48905109489051096	chr1	211556065.0	211556179.0	sense	0.9803802985272073	0.0086054248035691	0.1
SCRT2	1	14	0.3710581457605589	0.4226577342265773	chr1	211556065.0	211556179.0	antisense	0.9803802985272073	0.0086054248035691	0.1
Stat6	4	19	0.370187152384195	0.6515348465153484	chr1	211556065.0	211556179.0	sense	0.9803802985272073	0.0086054248035691	0.1
SNAI2	1	10	0.3644160184490567	0.6771322867713229	chr1	211556065.0	211556179.0	antisense	0.9803802985272073	0.0086054248035691	0.1
Hnf4a	3	19	0.3628453150542248	0.3728627137286271	chr1	211556065.0	211556179.0	antisense	0.9803802985272073	0.0086054248035691	0.1
LEF1	7	22	0.36219111175606994	0.46925307469253075	chr1	211556065.0	211556179.0	antisense	0.9803802985272073	0.0086054248035691	0.1
HOXA5	5	13	0.36163689730203663	0.5841415858414158	chr1	211556065.0	211556179.0	sense	0.9803802985272073	0.0086054248035691	0.1
MAF::NFE2	1	16	0.3610833834701958	0.6045395460453955	chr1	211556065.0	211556179.0	antisense	0.9803802985272073	0.0086054248035691	0.1
Mycn	3	11	0.35835351021608375	0.36936306369363064	chr1	211556065.0	211556179.0	sense	0.9803802985272073	0.0086054248035691	0.1
TP73	3	21	0.3547369523323311	0.6635336466353364	chr1	211556065.0	211556179.0	sense	0.9803802985272073	0.0086054248035691	0.1
TEAD1	3	13	0.350059920233801	0.6796320367963203	chr1	211556065.0	211556179.0	sense	0.9803802985272073	0.0086054248035691	0.1
FIGLA	13	23	0.3451911766682915	0.6958304169583042	chr1	211556065.0	211556179.0	sense	0.9803802985272073	0.0086054248035691	0.1
TAL1::TCF3	11	23	0.3451152617922622	0.6200379962003799	chr1	211556065.0	211556179.0	sense	0.9803802985272073	0.0086054248035691	0.1
Npas2	5	15	0.34365072849788025	0.6607339266073393	chr1	211556065.0	211556179.0	sense	0.9803802985272073	0.0086054248035691	0.1
TBX21	3	13	0.3414899715193205	0.5491450854914508	chr1	211556065.0	211556179.0	antisense	0.9803802985272073	0.0086054248035691	0.1
MEIS1	1	8	0.34007264035421764	0.7058294170582942	chr1	211556065.0	211556179.0	sense	0.9803802985272073	0.0086054248035691	0.1
EOMES	4	17	0.33495669052379534	0.7228277172282772	chr1	211556065.0	211556179.0	antisense	0.9803802985272073	0.0086054248035691	0.1
ELF3	1	14	0.334857507970599	0.5218478152184781	chr1	211556065.0	211556179.0	sense	0.9803802985272073	0.0086054248035691	0.1
HES5	5	17	0.3339687736973453	0.4026597340265973	chr1	211556065.0	211556179.0	sense	0.9803802985272073	0.0086054248035691	0.1
FOXH1	9	20	0.3326451674813342	0.5492450754924507	chr1	211556065.0	211556179.0	sense	0.9803802985272073	0.0086054248035691	0.1
ZNF410	4	21	0.33050440445505536	0.39176082391760825	chr1	211556065.0	211556179.0	sense	0.9803802985272073	0.0086054248035691	0.1
NFIL3	2	13	0.3301339994944418	0.5329467053294671	chr1	211556065.0	211556179.0	sense	0.9803802985272073	0.0086054248035691	0.1
POU4F3	5	21	0.33007864262036035	0.6907309269073093	chr1	211556065.0	211556179.0	antisense	0.9803802985272073	0.0086054248035691	0.1
HOXA2	1	11	0.3300457458732736	0.8131186881311869	chr1	211556065.0	211556179.0	sense	0.9803802985272073	0.0086054248035691	0.1
E2F7	1	15	0.3297287925205187	0.2702729727027297	chr1	211556065.0	211556179.0	sense	0.9803802985272073	0.0086054248035691	0.1
Znf423	5	20	0.3264045879577233	0.42975702429757023	chr1	211556065.0	211556179.0	sense	0.9803802985272073	0.0086054248035691	0.1
Ascl2	5	15	0.3253076469224349	0.6033396660333966	chr1	211556065.0	211556179.0	sense	0.9803802985272073	0.0086054248035691	0.1
SREBF2	2	12	0.3250054581103471	0.5143485651434857	chr1	211556065.0	211556179.0	antisense	0.9803802985272073	0.0086054248035691	0.1
Nr2f6	5	19	0.32395747946336145	0.5541445855414459	chr1	211556065.0	211556179.0	antisense	0.9803802985272073	0.0086054248035691	0.1
HNF1A	5	20	0.32359681488767383	0.5969403059694031	chr1	211556065.0	211556179.0	sense	0.9803802985272073	0.0086054248035691	0.1
Sox2	4	12	0.31856427858838504	0.38686131386861317	chr1	211556065.0	211556179.0	sense	0.9803802985272073	0.0086054248035691	0.1
USF1	3	14	0.31669250200528554	0.6734326567343266	chr1	211556065.0	211556179.0	sense	0.9803802985272073	0.0086054248035691	0.1
RFX4	5	21	0.3145993851473609	0.792020797920208	chr1	211556065.0	211556179.0	antisense	0.9803802985272073	0.0086054248035691	0.1
LHX9	4	12	0.3127472955861593	0.6752324767523248	chr1	211556065.0	211556179.0	sense	0.9803802985272073	0.0086054248035691	0.1
Creb3l2	3	12	0.31266371488965977	0.5105489451054894	chr1	211556065.0	211556179.0	sense	0.9803802985272073	0.0086054248035691	0.1
ESR1	4	21	0.3116491898174204	0.49925007499250074	chr1	211556065.0	211556179.0	antisense	0.9803802985272073	0.0086054248035691	0.1
CUX2	1	11	0.3109288914012725	0.6316368363163684	chr1	211556065.0	211556179.0	sense	0.9803802985272073	0.0086054248035691	0.1
PPARG	2	22	0.3097151243135969	0.6921307869213079	chr1	211556065.0	211556179.0	sense	0.9803802985272073	0.0086054248035691	0.1
DMRT3	3	14	0.3092971085075575	0.7301269873012699	chr1	211556065.0	211556179.0	antisense	0.9803802985272073	0.0086054248035691	0.1
SRF	1	17	0.30839951868165066	0.5517448255174483	chr1	211556065.0	211556179.0	antisense	0.9803802985272073	0.0086054248035691	0.1
SHOX	4	12	0.30828532686365007	0.7043295670432956	chr1	211556065.0	211556179.0	antisense	0.9803802985272073	0.0086054248035691	0.1
MEIS3	3	11	0.30716893226083486	0.7708229177082292	chr1	211556065.0	211556179.0	antisense	0.9803802985272073	0.0086054248035691	0.1
NEUROD2	3	13	0.30504333367235825	0.8367163283671633	chr1	211556065.0	211556179.0	sense	0.9803802985272073	0.0086054248035691	0.1
Myc	4	14	0.30322462270019523	0.6141385861413858	chr1	211556065.0	211556179.0	sense	0.9803802985272073	0.0086054248035691	0.1
Ahr::Arnt	14	20	0.30208743128590926	0.48505149485051496	chr1	211556065.0	211556179.0	antisense	0.9803802985272073	0.0086054248035691	0.1
RFX3	5	21	0.3008910583287443	0.7458254174582541	chr1	211556065.0	211556179.0	antisense	0.9803802985272073	0.0086054248035691	0.1
GSX1	3	13	0.30049862722046966	0.8511148885111489	chr1	211556065.0	211556179.0	sense	0.9803802985272073	0.0086054248035691	0.1
GSX2	3	13	0.3000964600654936	0.821017898210179	chr1	211556065.0	211556179.0	sense	0.9803802985272073	0.0086054248035691	0.1
TBX20	10	21	0.29987535299813967	0.634936506349365	chr1	211556065.0	211556179.0	antisense	0.9803802985272073	0.0086054248035691	0.1
GATA2	5	19	0.2987231182561644	0.6817318268173183	chr1	211556065.0	211556179.0	sense	0.9803802985272073	0.0086054248035691	0.1
Hoxc9	2	15	0.294606067681372	0.7137286271372862	chr1	211556065.0	211556179.0	sense	0.9803802985272073	0.0086054248035691	0.1
CREB1	2	10	0.29419585239188	0.7301269873012699	chr1	211556065.0	211556179.0	antisense	0.9803802985272073	0.0086054248035691	0.1
HOXB13	4	14	0.2931414459203039	0.5173482651734826	chr1	211556065.0	211556179.0	sense	0.9803802985272073	0.0086054248035691	0.1
ATF7	5	19	0.2930166639594969	0.6537346265373463	chr1	211556065.0	211556179.0	sense	0.9803802985272073	0.0086054248035691	0.1
Ddit3::Cebpa	5	17	0.29217134480613444	0.8813118688131187	chr1	211556065.0	211556179.0	sense	0.9803802985272073	0.0086054248035691	0.1
Hoxd8	1	18	0.29130205445080964	0.7365263473652635	chr1	211556065.0	211556179.0	antisense	0.9803802985272073	0.0086054248035691	0.1
STAT1::STAT2	4	19	0.2904437698033542	0.5125487451254874	chr1	211556065.0	211556179.0	sense	0.9803802985272073	0.0086054248035691	0.1
ISL2	4	12	0.28752934579523715	0.7923207679232077	chr1	211556065.0	211556179.0	sense	0.9803802985272073	0.0086054248035691	0.1
NFATC1	4	14	0.2830092353533774	0.754024597540246	chr1	211556065.0	211556179.0	sense	0.9803802985272073	0.0086054248035691	0.1
Foxk1	1	18	0.2823305251094816	0.6274372562743725	chr1	211556065.0	211556179.0	sense	0.9803802985272073	0.0086054248035691	0.1
RORA	2	12	0.28210207228751905	0.6875312468753124	chr1	211556065.0	211556179.0	sense	0.9803802985272073	0.0086054248035691	0.1
GBX2	3	13	0.2781794350529607	0.7258274172582742	chr1	211556065.0	211556179.0	sense	0.9803802985272073	0.0086054248035691	0.1
BHLHE40	5	15	0.2776063641106977	0.7111288871112889	chr1	211556065.0	211556179.0	sense	0.9803802985272073	0.0086054248035691	0.1
RXRG	5	19	0.27736354485632725	0.44655534446555345	chr1	211556065.0	211556179.0	antisense	0.9803802985272073	0.0086054248035691	0.1
Foxo1	2	13	0.2738656894759442	0.6042395760423958	chr1	211556065.0	211556179.0	sense	0.9803802985272073	0.0086054248035691	0.1
Dux	4	12	0.2724217482536385	0.5488451154884512	chr1	211556065.0	211556179.0	sense	0.9803802985272073	0.0086054248035691	0.1
MSC	13	23	0.27076739529879224	0.6881311868813119	chr1	211556065.0	211556179.0	sense	0.9803802985272073	0.0086054248035691	0.1
RXRB	5	19	0.2703551153086733	0.43615638436156384	chr1	211556065.0	211556179.0	antisense	0.9803802985272073	0.0086054248035691	0.1
Crx	10	21	0.27034269709680686	0.6684331566843316	chr1	211556065.0	211556179.0	antisense	0.9803802985272073	0.0086054248035691	0.1
TEAD4	5	15	0.2696172506632232	0.7677232276772322	chr1	211556065.0	211556179.0	sense	0.9803802985272073	0.0086054248035691	0.1
Tcf7	10	22	0.2683088938906226	0.4968503149685031	chr1	211556065.0	211556179.0	antisense	0.9803802985272073	0.0086054248035691	0.1
POU4F2	5	21	0.2675515814712033	0.541045895410459	chr1	211556065.0	211556179.0	antisense	0.9803802985272073	0.0086054248035691	0.1
PITX3	4	13	0.26718354159809726	0.803019698030197	chr1	211556065.0	211556179.0	antisense	0.9803802985272073	0.0086054248035691	0.1
FOXC2	3	15	0.267179488077135	0.6033396660333966	chr1	211556065.0	211556179.0	sense	0.9803802985272073	0.0086054248035691	0.1
Rxra	5	19	0.26689734315556357	0.45055494450554945	chr1	211556065.0	211556179.0	antisense	0.9803802985272073	0.0086054248035691	0.1
SPI1	10	24	0.2661334893975257	0.45455454454554545	chr1	211556065.0	211556179.0	antisense	0.9803802985272073	0.0086054248035691	0.1
GSC	12	22	0.26456800959898985	0.8381161883811619	chr1	211556065.0	211556179.0	sense	0.9803802985272073	0.0086054248035691	0.1
EVX2	3	13	0.2637603553843086	0.9295070492950704	chr1	211556065.0	211556179.0	antisense	0.9803802985272073	0.0086054248035691	0.1
NFKB2	5	18	0.2617505904199346	0.6125387461253875	chr1	211556065.0	211556179.0	sense	0.9803802985272073	0.0086054248035691	0.1
SREBF1	11	21	0.25781796795190765	0.5547445255474452	chr1	211556065.0	211556179.0	sense	0.9803802985272073	0.0086054248035691	0.1
Myb	10	20	0.256736405550501	0.6611338866113389	chr1	211556065.0	211556179.0	sense	0.9803802985272073	0.0086054248035691	0.1
TP53	6	24	0.25656582360921376	0.7654234576542346	chr1	211556065.0	211556179.0	antisense	0.9803802985272073	0.0086054248035691	0.1
REL	5	15	0.256361155490654	0.8064193580641936	chr1	211556065.0	211556179.0	sense	0.9803802985272073	0.0086054248035691	0.1
Ar	4	21	0.25558539420792853	0.71002899710029	chr1	211556065.0	211556179.0	sense	0.9803802985272073	0.0086054248035691	0.1
Nr2e3	14	21	0.25489188403356927	0.573042695730427	chr1	211556065.0	211556179.0	sense	0.9803802985272073	0.0086054248035691	0.1
Foxj3	1	18	0.25214296265188163	0.6931306869313069	chr1	211556065.0	211556179.0	sense	0.9803802985272073	0.0086054248035691	0.1
RFX2	5	21	0.25050339868123306	0.673032696730327	chr1	211556065.0	211556179.0	sense	0.9803802985272073	0.0086054248035691	0.1
HLF	5	17	0.2498432903827365	0.8297170282971703	chr1	211556065.0	211556179.0	sense	0.9803802985272073	0.0086054248035691	0.1
BHLHE41	1	11	0.24961523905971664	0.6101389861013898	chr1	211556065.0	211556179.0	antisense	0.9803802985272073	0.0086054248035691	0.1
RARA	4	22	0.24959648751589342	0.408959104089591	chr1	211556065.0	211556179.0	antisense	0.9803802985272073	0.0086054248035691	0.1
Id2	4	12	0.24908718219747192	0.6355364463553644	chr1	211556065.0	211556179.0	antisense	0.9803802985272073	0.0086054248035691	0.1
OLIG3	3	13	0.24755097480546015	0.8575142485751425	chr1	211556065.0	211556179.0	sense	0.9803802985272073	0.0086054248035691	0.1
NFIC::TLX1	8	22	0.24655418373821628	0.6605339466053395	chr1	211556065.0	211556179.0	sense	0.9803802985272073	0.0086054248035691	0.1
NFIA	12	22	0.24655045045936286	0.8176182381761824	chr1	211556065.0	211556179.0	antisense	0.9803802985272073	0.0086054248035691	0.1
EVX1	3	13	0.24630924952268324	0.9374062593740626	chr1	211556065.0	211556179.0	antisense	0.9803802985272073	0.0086054248035691	0.1
RFX5	5	21	0.24553462918835994	0.6722327767223277	chr1	211556065.0	211556179.0	sense	0.9803802985272073	0.0086054248035691	0.1
TP63	6	24	0.24548771101788652	0.5525447455254474	chr1	211556065.0	211556179.0	antisense	0.9803802985272073	0.0086054248035691	0.1
USF2	6	17	0.24527481165116718	0.8434156584341566	chr1	211556065.0	211556179.0	antisense	0.9803802985272073	0.0086054248035691	0.1
UNCX	4	12	0.24508493829239097	0.7913208679132087	chr1	211556065.0	211556179.0	sense	0.9803802985272073	0.0086054248035691	0.1
MEIS2	4	12	0.24391304037747066	0.8196180381961804	chr1	211556065.0	211556179.0	antisense	0.9803802985272073	0.0086054248035691	0.1
Mlxip	4	12	0.24309372636082235	0.6424357564243576	chr1	211556065.0	211556179.0	antisense	0.9803802985272073	0.0086054248035691	0.1
NR1H2::RXRA	5	22	0.24186203573545265	0.44725527447255276	chr1	211556065.0	211556179.0	antisense	0.9803802985272073	0.0086054248035691	0.1
HOXB3	2	12	0.23909271156338122	0.9196080391960804	chr1	211556065.0	211556179.0	sense	0.9803802985272073	0.0086054248035691	0.1
HES7	5	17	0.23661301644321733	0.5496450354964504	chr1	211556065.0	211556179.0	sense	0.9803802985272073	0.0086054248035691	0.1
PBX1	10	22	0.2364484474092888	0.6983301669833016	chr1	211556065.0	211556179.0	sense	0.9803802985272073	0.0086054248035691	0.1
MYF6	13	23	0.23461704731754043	0.7038296170382962	chr1	211556065.0	211556179.0	sense	0.9803802985272073	0.0086054248035691	0.1
TBX15	12	20	0.23347806047859457	0.5764423557644236	chr1	211556065.0	211556179.0	antisense	0.9803802985272073	0.0086054248035691	0.1
MGA	15	23	0.23257614535853446	0.665033496650335	chr1	211556065.0	211556179.0	antisense	0.9803802985272073	0.0086054248035691	0.1
CLOCK	3	13	0.23243438593137133	0.8842115788421158	chr1	211556065.0	211556179.0	sense	0.9803802985272073	0.0086054248035691	0.1
FOXP3	5	12	0.23202126318842567	0.6935306469353064	chr1	211556065.0	211556179.0	antisense	0.9803802985272073	0.0086054248035691	0.1
SOX9	15	24	0.23126826617549737	0.8791120887911209	chr1	211556065.0	211556179.0	antisense	0.9803802985272073	0.0086054248035691	0.1
SREBF2(var.2)	1	11	0.23007400975653952	0.6655334466553344	chr1	211556065.0	211556179.0	sense	0.9803802985272073	0.0086054248035691	0.1
Pou2f3	3	19	0.2265195261361418	0.7958204179582041	chr1	211556065.0	211556179.0	sense	0.9803802985272073	0.0086054248035691	0.1
Sox3	4	14	0.22640038728825101	0.5289471052894711	chr1	211556065.0	211556179.0	sense	0.9803802985272073	0.0086054248035691	0.1
POU6F2	5	15	0.22585433996040824	0.7723227677232277	chr1	211556065.0	211556179.0	sense	0.9803802985272073	0.0086054248035691	0.1
OLIG2	3	13	0.22437381739004128	0.84001599840016	chr1	211556065.0	211556179.0	sense	0.9803802985272073	0.0086054248035691	0.1
HOXB2	2	12	0.22401719558108152	0.8992100789921008	chr1	211556065.0	211556179.0	sense	0.9803802985272073	0.0086054248035691	0.1
NR3C2	4	21	0.2237686973027077	0.7423257674232576	chr1	211556065.0	211556179.0	sense	0.9803802985272073	0.0086054248035691	0.1
Tcf21	6	20	0.22333180786909523	0.7633236676332367	chr1	211556065.0	211556179.0	sense	0.9803802985272073	0.0086054248035691	0.1
BATF3	5	19	0.22266300577816234	0.5629437056294371	chr1	211556065.0	211556179.0	antisense	0.9803802985272073	0.0086054248035691	0.1
Srebf1(var.2)	1	11	0.22193000329835355	0.7517248275172482	chr1	211556065.0	211556179.0	sense	0.9803802985272073	0.0086054248035691	0.1
EMX1	3	13	0.2216917285329953	0.9112088791120888	chr1	211556065.0	211556179.0	sense	0.9803802985272073	0.0086054248035691	0.1
HNF1B	6	19	0.2197099391053694	0.6699330066993301	chr1	211556065.0	211556179.0	sense	0.9803802985272073	0.0086054248035691	0.1
BARX1	4	12	0.21780160478339292	0.8187181281871813	chr1	211556065.0	211556179.0	sense	0.9803802985272073	0.0086054248035691	0.1
MSX2	4	12	0.2160147539849251	0.6961303869613039	chr1	211556065.0	211556179.0	sense	0.9803802985272073	0.0086054248035691	0.1
Hoxa11	4	16	0.21468214472255717	0.9033096690330967	chr1	211556065.0	211556179.0	antisense	0.9803802985272073	0.0086054248035691	0.1
Sox6	4	14	0.213451196749277	0.5924407559244076	chr1	211556065.0	211556179.0	sense	0.9803802985272073	0.0086054248035691	0.1
Esrrg	4	14	0.21217246232345915	0.869013098690131	chr1	211556065.0	211556179.0	antisense	0.9803802985272073	0.0086054248035691	0.1
TBX1	12	20	0.21125615371491951	0.6565343465653435	chr1	211556065.0	211556179.0	antisense	0.9803802985272073	0.0086054248035691	0.1
JUN(var.2)	2	16	0.21088849662862563	0.924907509249075	chr1	211556065.0	211556179.0	sense	0.9803802985272073	0.0086054248035691	0.1
Lhx8	4	12	0.21085921012616304	0.7951204879512048	chr1	211556065.0	211556179.0	sense	0.9803802985272073	0.0086054248035691	0.1
Nr2e1	14	23	0.20729561690816836	0.7359264073592641	chr1	211556065.0	211556179.0	antisense	0.9803802985272073	0.0086054248035691	0.1
FOS	11	22	0.20638338843858048	0.8287171282871713	chr1	211556065.0	211556179.0	sense	0.9803802985272073	0.0086054248035691	0.1
NFATC3	4	14	0.20495329551394864	0.8247175282471753	chr1	211556065.0	211556179.0	sense	0.9803802985272073	0.0086054248035691	0.1
NFKB1	5	18	0.20466358190603026	0.5662433756624338	chr1	211556065.0	211556179.0	antisense	0.9803802985272073	0.0086054248035691	0.1
MEF2C	1	16	0.20419205437768584	0.7637236276372362	chr1	211556065.0	211556179.0	sense	0.9803802985272073	0.0086054248035691	0.1
Twist2	3	13	0.20317511427935045	0.8928107189281071	chr1	211556065.0	211556179.0	sense	0.9803802985272073	0.0086054248035691	0.1
Hoxa9	9	20	0.20100080717535404	0.7490250974902509	chr1	211556065.0	211556179.0	sense	0.9803802985272073	0.0086054248035691	0.1
POU6F1	1	11	0.20062015519173207	0.7054294570542946	chr1	211556065.0	211556179.0	sense	0.9803802985272073	0.0086054248035691	0.1
FOXD2	5	12	0.1985250673549417	0.6977302269773022	chr1	211556065.0	211556179.0	antisense	0.9803802985272073	0.0086054248035691	0.1
PROX1	10	22	0.19796461258550022	0.7735226477352265	chr1	211556065.0	211556179.0	sense	0.9803802985272073	0.0086054248035691	0.1
Mecom	3	17	0.1978123134256845	0.6321367863213678	chr1	211556065.0	211556179.0	antisense	0.9803802985272073	0.0086054248035691	0.1
NFATC2	1	8	0.19556181155404906	0.7156284371562843	chr1	211556065.0	211556179.0	sense	0.9803802985272073	0.0086054248035691	0.1
FOXP1	9	24	0.1954491675759881	0.6879312068793121	chr1	211556065.0	211556179.0	antisense	0.9803802985272073	0.0086054248035691	0.1
PKNOX2	8	20	0.194976850965925	0.5991400859914009	chr1	211556065.0	211556179.0	antisense	0.9803802985272073	0.0086054248035691	0.1
JUN	1	14	0.19235153999357152	0.8584141585841416	chr1	211556065.0	211556179.0	antisense	0.9803802985272073	0.0086054248035691	0.1
PKNOX1	8	20	0.1913805383970071	0.6040395960403959	chr1	211556065.0	211556179.0	antisense	0.9803802985272073	0.0086054248035691	0.1
JUND(var.2)	6	21	0.19114334024110186	0.9062093790620938	chr1	211556065.0	211556179.0	antisense	0.9803802985272073	0.0086054248035691	0.1
Rarg(var.2)	1	18	0.19025977548262205	0.5935406459354065	chr1	211556065.0	211556179.0	antisense	0.9803802985272073	0.0086054248035691	0.1
OTX2	4	12	0.18996817761896231	0.8195180481951805	chr1	211556065.0	211556179.0	antisense	0.9803802985272073	0.0086054248035691	0.1
POU1F1	10	24	0.18882821970382171	0.8224177582241776	chr1	211556065.0	211556179.0	antisense	0.9803802985272073	0.0086054248035691	0.1
HOXA13	4	14	0.1887207161559096	0.6541345865413458	chr1	211556065.0	211556179.0	sense	0.9803802985272073	0.0086054248035691	0.1
DUXA	4	17	0.1883249141835235	0.8356164383561644	chr1	211556065.0	211556179.0	sense	0.9803802985272073	0.0086054248035691	0.1
NKX6-2	4	12	0.1882803816264495	0.837016298370163	chr1	211556065.0	211556179.0	sense	0.9803802985272073	0.0086054248035691	0.1
RARA(var.2)	1	18	0.18753055717976436	0.660933906609339	chr1	211556065.0	211556179.0	antisense	0.9803802985272073	0.0086054248035691	0.1
Dlx1	3	13	0.1872815034231414	0.9097090290970903	chr1	211556065.0	211556179.0	sense	0.9803802985272073	0.0086054248035691	0.1
TGIF2	12	24	0.1870686800515275	0.817018298170183	chr1	211556065.0	211556179.0	antisense	0.9803802985272073	0.0086054248035691	0.1
PRRX1	4	12	0.18629412820138147	0.8051194880511949	chr1	211556065.0	211556179.0	sense	0.9803802985272073	0.0086054248035691	0.1
NR4A2	6	14	0.18595074423378935	0.8835116488351165	chr1	211556065.0	211556179.0	antisense	0.9803802985272073	0.0086054248035691	0.1
SMAD3	5	15	0.18579476430499528	0.7875212478752125	chr1	211556065.0	211556179.0	sense	0.9803802985272073	0.0086054248035691	0.1
FOSL2	12	23	0.18374870111291278	0.9063093690630937	chr1	211556065.0	211556179.0	sense	0.9803802985272073	0.0086054248035691	0.1
RHOXF1	13	21	0.18276719793017104	0.9023097690230977	chr1	211556065.0	211556179.0	sense	0.9803802985272073	0.0086054248035691	0.1
Nkx2-5	5	12	0.18110247506147395	0.7642235776422358	chr1	211556065.0	211556179.0	antisense	0.9803802985272073	0.0086054248035691	0.1
ATF4	6	19	0.17990960827863456	0.8536146385361464	chr1	211556065.0	211556179.0	antisense	0.9803802985272073	0.0086054248035691	0.1
FOSL1	11	22	0.17857350546365616	0.8836116388361164	chr1	211556065.0	211556179.0	antisense	0.9803802985272073	0.0086054248035691	0.1
NFE2	13	24	0.17848670261654795	0.7928207179282072	chr1	211556065.0	211556179.0	sense	0.9803802985272073	0.0086054248035691	0.1
RELA	6	16	0.17844650983403124	0.7491250874912508	chr1	211556065.0	211556179.0	antisense	0.9803802985272073	0.0086054248035691	0.1
Pitx1	4	12	0.17826982123467816	0.8835116488351165	chr1	211556065.0	211556179.0	antisense	0.9803802985272073	0.0086054248035691	0.1
Arnt	5	11	0.17774206318574137	0.7502249775022498	chr1	211556065.0	211556179.0	sense	0.9803802985272073	0.0086054248035691	0.1
TGIF1	12	24	0.17769812323917425	0.6516348365163483	chr1	211556065.0	211556179.0	antisense	0.9803802985272073	0.0086054248035691	0.1
Nobox	3	11	0.1771292952543089	0.7775222477752225	chr1	211556065.0	211556179.0	antisense	0.9803802985272073	0.0086054248035691	0.1
JUNB	12	23	0.17637370452184897	0.9292070792920708	chr1	211556065.0	211556179.0	sense	0.9803802985272073	0.0086054248035691	0.1
HESX1	9	19	0.17566326471979854	0.8652134786521348	chr1	211556065.0	211556179.0	antisense	0.9803802985272073	0.0086054248035691	0.1
VSX1	4	12	0.1743148552037853	0.8406159384061593	chr1	211556065.0	211556179.0	sense	0.9803802985272073	0.0086054248035691	0.1
GATA3	12	20	0.1719889941715041	0.5695430456954305	chr1	211556065.0	211556179.0	antisense	0.9803802985272073	0.0086054248035691	0.1
Bhlha15	4	12	0.1711093178013659	0.8738126187381262	chr1	211556065.0	211556179.0	sense	0.9803802985272073	0.0086054248035691	0.1
Gfi1b	5	16	0.1701350902756331	0.8081191880811919	chr1	211556065.0	211556179.0	antisense	0.9803802985272073	0.0086054248035691	0.1
FOXC1	3	14	0.16962071990281957	0.7416258374162584	chr1	211556065.0	211556179.0	sense	0.9803802985272073	0.0086054248035691	0.1
Sox17	3	12	0.16916350501507096	0.9009099090090991	chr1	211556065.0	211556179.0	sense	0.9803802985272073	0.0086054248035691	0.1
Rarg	6	22	0.1644788758566036	0.628937106289371	chr1	211556065.0	211556179.0	antisense	0.9803802985272073	0.0086054248035691	0.1
Esrra	3	14	0.16435722640660583	0.841015898410159	chr1	211556065.0	211556179.0	sense	0.9803802985272073	0.0086054248035691	0.1
Foxa2	12	24	0.16419430687197298	0.8315168483151685	chr1	211556065.0	211556179.0	sense	0.9803802985272073	0.0086054248035691	0.1
MLXIPL	1	11	0.16261990910155869	0.9674032596740326	chr1	211556065.0	211556179.0	sense	0.9803802985272073	0.0086054248035691	0.1
NR3C1	4	21	0.1621064134657836	0.8256174382561744	chr1	211556065.0	211556179.0	antisense	0.9803802985272073	0.0086054248035691	0.1
HOXC13	6	17	0.16146526422580157	0.8716128387161284	chr1	211556065.0	211556179.0	sense	0.9803802985272073	0.0086054248035691	0.1
BHLHE22	3	13	0.160447338691203	0.9104089591040896	chr1	211556065.0	211556179.0	sense	0.9803802985272073	0.0086054248035691	0.1
HOXD12	2	13	0.16028282542439679	0.8375162483751625	chr1	211556065.0	211556179.0	sense	0.9803802985272073	0.0086054248035691	0.1
NFAT5	5	15	0.1596571848312743	0.82991700829917	chr1	211556065.0	211556179.0	sense	0.9803802985272073	0.0086054248035691	0.1
MEOX2	3	13	0.15772908548473016	0.9766023397660234	chr1	211556065.0	211556179.0	antisense	0.9803802985272073	0.0086054248035691	0.1
BCL6B	5	22	0.15571926535766006	0.49855014498550143	chr1	211556065.0	211556179.0	sense	0.9803802985272073	0.0086054248035691	0.1
POU4F1	5	19	0.15525163824915061	0.8326167383261673	chr1	211556065.0	211556179.0	antisense	0.9803802985272073	0.0086054248035691	0.1
Dlx2	4	12	0.15461672851800862	0.8553144685531446	chr1	211556065.0	211556179.0	sense	0.9803802985272073	0.0086054248035691	0.1
HMBOX1	13	23	0.1545539297864744	0.9752024797520248	chr1	211556065.0	211556179.0	antisense	0.9803802985272073	0.0086054248035691	0.1
Msx3	4	12	0.1535303008701556	0.7711228877112288	chr1	211556065.0	211556179.0	sense	0.9803802985272073	0.0086054248035691	0.1
Rarb	7	23	0.14845464070963638	0.6025397460253975	chr1	211556065.0	211556179.0	antisense	0.9803802985272073	0.0086054248035691	0.1
HOXC10	3	13	0.14735513289130636	0.9045095490450955	chr1	211556065.0	211556179.0	sense	0.9803802985272073	0.0086054248035691	0.1
HOXD13	4	14	0.1461864084176385	0.7031296870312969	chr1	211556065.0	211556179.0	sense	0.9803802985272073	0.0086054248035691	0.1
PAX4	5	13	0.1450457699600282	0.8632136786321368	chr1	211556065.0	211556179.0	sense	0.9803802985272073	0.0086054248035691	0.1
POU2F1	1	13	0.14488022246765667	0.9095090490950904	chr1	211556065.0	211556179.0	sense	0.9803802985272073	0.0086054248035691	0.1
NOTO	6	16	0.14478977378462693	0.921007899210079	chr1	211556065.0	211556179.0	sense	0.9803802985272073	0.0086054248035691	0.1
SRY	13	22	0.14357378250416294	0.8851114888511149	chr1	211556065.0	211556179.0	sense	0.9803802985272073	0.0086054248035691	0.1
MEOX1	3	13	0.14253326747305908	0.9644035596440356	chr1	211556065.0	211556179.0	sense	0.9803802985272073	0.0086054248035691	0.1
GBX1	9	19	0.14223903377609667	0.8793120687931207	chr1	211556065.0	211556179.0	sense	0.9803802985272073	0.0086054248035691	0.1
JDP2	14	23	0.1418222984489761	0.8124187581241876	chr1	211556065.0	211556179.0	sense	0.9803802985272073	0.0086054248035691	0.1
Hoxd9	4	14	0.13916259705624848	0.8698130186981302	chr1	211556065.0	211556179.0	sense	0.9803802985272073	0.0086054248035691	0.1
MLX	14	24	0.1384173221869052	0.9576042395760423	chr1	211556065.0	211556179.0	antisense	0.9803802985272073	0.0086054248035691	0.1
POU3F3	11	24	0.1354595198909595	0.8573142685731426	chr1	211556065.0	211556179.0	antisense	0.9803802985272073	0.0086054248035691	0.1
JDP2(var.2)	6	18	0.13459564471665258	0.9445055494450555	chr1	211556065.0	211556179.0	antisense	0.9803802985272073	0.0086054248035691	0.1
JUND	11	22	0.1343053861926227	0.9588041195880412	chr1	211556065.0	211556179.0	sense	0.9803802985272073	0.0086054248035691	0.1
MAFG::NFE2L1	13	19	0.13396293142445756	0.9757024297570243	chr1	211556065.0	211556179.0	sense	0.9803802985272073	0.0086054248035691	0.1
E2F3	6	24	0.1336613565445219	0.6962303769623037	chr1	211556065.0	211556179.0	antisense	0.9803802985272073	0.0086054248035691	0.1
Rarb(var.2)	1	18	0.13293899252069868	0.7398260173982601	chr1	211556065.0	211556179.0	antisense	0.9803802985272073	0.0086054248035691	0.1
Sox5	15	22	0.13277970598358782	0.7344265573442655	chr1	211556065.0	211556179.0	antisense	0.9803802985272073	0.0086054248035691	0.1
Nr2f6(var.2)	6	21	0.13194928562105843	0.684931506849315	chr1	211556065.0	211556179.0	antisense	0.9803802985272073	0.0086054248035691	0.1
ESRRB	13	24	0.1318352622148422	0.9318068193180682	chr1	211556065.0	211556179.0	antisense	0.9803802985272073	0.0086054248035691	0.1
RAX	9	19	0.130523256678339	0.8951104889511049	chr1	211556065.0	211556179.0	sense	0.9803802985272073	0.0086054248035691	0.1
Creb5	10	22	0.12801269089277004	0.934906509349065	chr1	211556065.0	211556179.0	sense	0.9803802985272073	0.0086054248035691	0.1
TEAD3	12	20	0.12731075042459072	0.8615138486151385	chr1	211556065.0	211556179.0	sense	0.9803802985272073	0.0086054248035691	0.1
TEF	5	17	0.1272163926636473	0.8768123187681232	chr1	211556065.0	211556179.0	sense	0.9803802985272073	0.0086054248035691	0.1
Pou5f1::Sox2	8	23	0.12669296614687306	0.9174082591740826	chr1	211556065.0	211556179.0	antisense	0.9803802985272073	0.0086054248035691	0.1
LHX6	3	13	0.1254617878933821	0.9422057794220577	chr1	211556065.0	211556179.0	antisense	0.9803802985272073	0.0086054248035691	0.1
CDX2	10	21	0.12457682151788885	0.7717228277172283	chr1	211556065.0	211556179.0	antisense	0.9803802985272073	0.0086054248035691	0.1
CUX1	14	24	0.12284039812301585	0.9243075692430757	chr1	211556065.0	211556179.0	sense	0.9803802985272073	0.0086054248035691	0.1
GRHL1	5	17	0.12232185276354865	0.9747025297470253	chr1	211556065.0	211556179.0	antisense	0.9803802985272073	0.0086054248035691	0.1
EMX2	6	16	0.12187765007410044	0.9573042695730427	chr1	211556065.0	211556179.0	antisense	0.9803802985272073	0.0086054248035691	0.1
DBP	5	17	0.11886567270002181	0.9396060393960604	chr1	211556065.0	211556179.0	antisense	0.9803802985272073	0.0086054248035691	0.1
BATF::JUN	11	22	0.11791473219867389	0.9472052794720528	chr1	211556065.0	211556179.0	sense	0.9803802985272073	0.0086054248035691	0.1
Foxd3	11	23	0.1143336348073585	0.7785221477852214	chr1	211556065.0	211556179.0	antisense	0.9803802985272073	0.0086054248035691	0.1
RORA(var.2)	10	24	0.11188397855321922	0.8836116388361164	chr1	211556065.0	211556179.0	antisense	0.9803802985272073	0.0086054248035691	0.1
HOXC11	5	16	0.11107533070948461	0.9524047595240476	chr1	211556065.0	211556179.0	antisense	0.9803802985272073	0.0086054248035691	0.1
MNX1	1	11	0.11073713641908416	0.9459054094590541	chr1	211556065.0	211556179.0	antisense	0.9803802985272073	0.0086054248035691	0.1
FOXP2	3	14	0.10950614324746846	0.769023097690231	chr1	211556065.0	211556179.0	antisense	0.9803802985272073	0.0086054248035691	0.1
FOXD1	6	14	0.10870798223240852	0.9035096490350965	chr1	211556065.0	211556179.0	sense	0.9803802985272073	0.0086054248035691	0.1
E2F2	8	24	0.10772565730512228	0.7495250474952505	chr1	211556065.0	211556179.0	antisense	0.9803802985272073	0.0086054248035691	0.1
Atoh1	3	13	0.10689413463471506	0.9892010798920108	chr1	211556065.0	211556179.0	sense	0.9892010798920108	0.0047154181994530815	0.1
FOXI1	6	13	0.1067016156518349	0.8022197780221978	chr1	211556065.0	211556179.0	sense	0.9803802985272073	0.0086054248035691	0.1
POU5F1B	2	11	0.10634872625515678	0.9352064793520648	chr1	211556065.0	211556179.0	antisense	0.9803802985272073	0.0086054248035691	0.1
ONECUT1	6	20	0.10424068104999129	0.845015498450155	chr1	211556065.0	211556179.0	antisense	0.9803802985272073	0.0086054248035691	0.1
T	2	18	0.10404872102827017	0.9571042895710429	chr1	211556065.0	211556179.0	sense	0.9803802985272073	0.0086054248035691	0.1
Foxq1	12	23	0.10384403486841727	0.7591240875912408	chr1	211556065.0	211556179.0	antisense	0.9803802985272073	0.0086054248035691	0.1
POU3F1	11	23	0.10361594833099672	0.9514048595140486	chr1	211556065.0	211556179.0	antisense	0.9803802985272073	0.0086054248035691	0.1
FOXO3	6	14	0.10298344540002854	0.7694230576942306	chr1	211556065.0	211556179.0	sense	0.9803802985272073	0.0086054248035691	0.1
LHX2	6	16	0.10154926400328103	0.9395060493950604	chr1	211556065.0	211556179.0	sense	0.9803802985272073	0.0086054248035691	0.1
CDX1	3	12	0.10146192152784435	0.8896110388961104	chr1	211556065.0	211556179.0	sense	0.9803802985272073	0.0086054248035691	0.1
LBX1	4	12	0.10134338077657823	0.888011198880112	chr1	211556065.0	211556179.0	antisense	0.9803802985272073	0.0086054248035691	0.1
FOXO4	6	13	0.10071136861747701	0.8204179582041796	chr1	211556065.0	211556179.0	sense	0.9803802985272073	0.0086054248035691	0.1
ONECUT2	6	20	0.10063687622467236	0.8753124687531247	chr1	211556065.0	211556179.0	antisense	0.9803802985272073	0.0086054248035691	0.1
FOXO6	6	13	0.10012140988313646	0.8138186181381862	chr1	211556065.0	211556179.0	sense	0.9803802985272073	0.0086054248035691	0.1
HOXC12	6	17	0.09767610308577561	0.9505049495050495	chr1	211556065.0	211556179.0	sense	0.9803802985272073	0.0086054248035691	0.1
VAX2	11	19	0.09722356452468074	0.97000299970003	chr1	211556065.0	211556179.0	sense	0.9803802985272073	0.0086054248035691	0.1
POU2F2	10	23	0.09656491106489827	0.9024097590240976	chr1	211556065.0	211556179.0	sense	0.9803802985272073	0.0086054248035691	0.1
VAX1	11	19	0.09591179372217214	0.9726027397260274	chr1	211556065.0	211556179.0	sense	0.9803802985272073	0.0086054248035691	0.1
POU3F4	13	22	0.09544141971464924	0.835016498350165	chr1	211556065.0	211556179.0	antisense	0.9803802985272073	0.0086054248035691	0.1
NEUROG2	9	19	0.09267358080076982	0.9657034296570343	chr1	211556065.0	211556179.0	sense	0.9803802985272073	0.0086054248035691	0.1
POU3F2	11	23	0.09217755815252529	0.8849115088491151	chr1	211556065.0	211556179.0	antisense	0.9803802985272073	0.0086054248035691	0.1
FOXL1	6	13	0.08519639134534011	0.8366163383661633	chr1	211556065.0	211556179.0	sense	0.9803802985272073	0.0086054248035691	0.1
HOXA10	4	15	0.08471956243735738	0.962903709629037	chr1	211556065.0	211556179.0	antisense	0.9803802985272073	0.0086054248035691	0.1
LIN54	1	10	0.08373919894500807	0.8580141985801419	chr1	211556065.0	211556179.0	antisense	0.9803802985272073	0.0086054248035691	0.1
MEF2B	6	18	0.08212741019245635	0.8000199980002	chr1	211556065.0	211556179.0	antisense	0.9803802985272073	0.0086054248035691	0.1
EN1	4	12	0.0784369425464339	0.957004299570043	chr1	211556065.0	211556179.0	sense	0.9803802985272073	0.0086054248035691	0.1
LMX1B	4	12	0.07615933025801662	0.9435056494350565	chr1	211556065.0	211556179.0	sense	0.9803802985272073	0.0086054248035691	0.1
Shox2	4	12	0.07336619950255141	0.913008699130087	chr1	211556065.0	211556179.0	sense	0.9803802985272073	0.0086054248035691	0.1
VSX2	4	12	0.0731390169909936	0.9413058694130587	chr1	211556065.0	211556179.0	antisense	0.9803802985272073	0.0086054248035691	0.1
FOXG1	6	14	0.07165969662710871	0.8172182781721827	chr1	211556065.0	211556179.0	sense	0.9803802985272073	0.0086054248035691	0.1
Foxj2	6	14	0.07011093802631622	0.8733126687331267	chr1	211556065.0	211556179.0	sense	0.9803802985272073	0.0086054248035691	0.1
PAX7	14	24	0.06924385624091091	0.7925207479252074	chr1	211556065.0	211556179.0	sense	0.9803802985272073	0.0086054248035691	0.1
BHLHE23	2	14	0.06677604544574361	0.972002799720028	chr1	211556065.0	211556179.0	antisense	0.9803802985272073	0.0086054248035691	0.1
ISX	4	12	0.06579803995110031	0.8686131386861314	chr1	211556065.0	211556179.0	sense	0.9803802985272073	0.0086054248035691	0.1
HOXD11	9	19	0.06487470232795992	0.9705029497050295	chr1	211556065.0	211556179.0	antisense	0.9803802985272073	0.0086054248035691	0.1
PAX3	14	24	0.06252311237401413	0.8166183381661833	chr1	211556065.0	211556179.0	antisense	0.9803802985272073	0.0086054248035691	0.1
Lhx4	4	12	0.0615844451542839	0.9426057394260574	chr1	211556065.0	211556179.0	sense	0.9803802985272073	0.0086054248035691	0.1
PDX1	11	19	0.06083122507014831	0.947005299470053	chr1	211556065.0	211556179.0	antisense	0.9803802985272073	0.0086054248035691	0.1
OLIG1	3	13	0.057313810644535355	0.9742025797420258	chr1	211556065.0	211556179.0	antisense	0.9803802985272073	0.0086054248035691	0.1
ONECUT3	6	20	0.05653185934812524	0.8246175382461753	chr1	211556065.0	211556179.0	antisense	0.9803802985272073	0.0086054248035691	0.1
FOXB1	11	22	0.05348787529848183	0.9353064693530647	chr1	211556065.0	211556179.0	antisense	0.9803802985272073	0.0086054248035691	0.1
NKX6-1	2	10	0.05291674910012296	0.9562043795620438	chr1	211556065.0	211556179.0	sense	0.9803802985272073	0.0086054248035691	0.1
mix-a	9	20	0.04932926317810306	0.9032096790320968	chr1	211556065.0	211556179.0	antisense	0.9803802985272073	0.0086054248035691	0.1
LMX1A	4	12	0.04746848552665602	0.9634036596340366	chr1	211556065.0	211556179.0	sense	0.9803802985272073	0.0086054248035691	0.1
DUX4	9	20	0.04351688057877438	0.924007599240076	chr1	211556065.0	211556179.0	sense	0.9803802985272073	0.0086054248035691	0.1
MEF2A	6	18	0.04309153511060609	0.8553144685531446	chr1	211556065.0	211556179.0	sense	0.9803802985272073	0.0086054248035691	0.1
MEF2D	6	18	0.041884728348121764	0.8332166783321668	chr1	211556065.0	211556179.0	antisense	0.9803802985272073	0.0086054248035691	0.1
Arid3b	4	15	0.03383357765230618	0.9346065393460654	chr1	211556065.0	211556179.0	antisense	0.9803802985272073	0.0086054248035691	0.1
Lhx3	6	19	0.030977559334225892	0.8344165583441656	chr1	211556065.0	211556179.0	antisense	0.9803802985272073	0.0086054248035691	0.1
PHOX2A	13	24	0.023667573440838884	0.9787021297870213	chr1	211556065.0	211556179.0	sense	0.9805915161379615	0.00851186849388627	0.1
Phox2b	13	24	0.02233360191985375	0.9597040295970403	chr1	211556065.0	211556179.0	sense	0.9803802985272073	0.0086054248035691	0.1
Arid3a	18	24	0.01975405971086346	0.9113088691130887	chr1	211556065.0	211556179.0	antisense	0.9803802985272073	0.0086054248035691	0.1
Sox1	5	20	0.01251411345624226	0.9556044395560443	chr1	211556065.0	211556179.0	sense	0.9803802985272073	0.0086054248035691	0.1
PROP1	13	24	0.009233191874179744	0.9054094590540946	chr1	211556065.0	211556179.0	antisense	0.9803802985272073	0.0086054248035691	0.1
Sox11	4	19	-0.0	0.9184081591840816	chr1	211556065.0	211556179.0	sense	0.9803802985272073	0.0086054248035691	0.1
SOX4	3	19	-0.0	0.9021097890210978	chr1	211556065.0	211556179.0	sense	0.9803802985272073	0.0086054248035691	0.1
SOX21	1	16	-0.0	0.946005399460054	chr1	211556065.0	211556179.0	sense	0.9803802985272073	0.0086054248035691	0.1
SOX8	7	23	-0.007230873128424523	0.9034096590340965	chr1	211556065.0	211556179.0	antisense	0.9803802985272073	0.0086054248035691	0.1
