motif	start	end	score	pval	tile_chr	tile_start	tile_end	strand	padj	neg_log_pval	fdr_cutoff
SCRT1	3	18	1.4208054515936976	0.0005999400059994001	chr11	65265153.0	65265267.0	antisense	0.18163183681631836	0.7408080250781293	0.15
Gmeb1	7	24	1.3335848847426854	0.1116888311168883	chr11	65265153.0	65265267.0	antisense	0.6366381219020956	0.19610735937505475	0.15
SCRT2	5	18	1.2033223576435674	0.0006999300069993001	chr11	65265153.0	65265267.0	antisense	0.18163183681631836	0.7408080250781293	0.15
SP2	2	17	1.1457366090454522	0.039396060393960604	chr11	65265153.0	65265267.0	sense	0.6366381219020956	0.19610735937505475	0.15
NRF1	13	24	1.1356270540742033	0.0025997400259974	chr11	65265153.0	65265267.0	antisense	0.22240633079549188	0.6528528547229993	0.15
CTCF	1	20	1.1336183444255208	0.014998500149985002	chr11	65265153.0	65265267.0	sense	0.5891587311857049	0.229767681798905	0.15
Nr1h3::Rxra	1	20	1.0954383092275262	0.062193780621937804	chr11	65265153.0	65265267.0	sense	0.6366381219020956	0.19610735937505475	0.15
ZIC4	3	18	1.0859442556527958	0.0313968603139686	chr11	65265153.0	65265267.0	sense	0.6366381219020956	0.19610735937505475	0.15
CEBPE	11	21	1.0770658542182512	0.0029997000299970002	chr11	65265153.0	65265267.0	sense	0.22240633079549188	0.6528528547229993	0.15
ZIC3	3	18	1.0702818927948483	0.013098690130986902	chr11	65265153.0	65265267.0	sense	0.5891587311857049	0.229767681798905	0.15
HIC2	1	10	1.0567992685927756	0.018998100189981004	chr11	65265153.0	65265267.0	sense	0.5891587311857049	0.229767681798905	0.15
FIGLA	4	14	1.0491670111887466	0.011998800119988001	chr11	65265153.0	65265267.0	sense	0.5891587311857049	0.229767681798905	0.15
CEBPB	11	21	1.038672448232587	0.0025997400259974	chr11	65265153.0	65265267.0	sense	0.22240633079549188	0.6528528547229993	0.15
Hes1	4	14	1.0264808574870894	0.22397760223977603	chr11	65265153.0	65265267.0	sense	0.6514454937484975	0.1861219157219781	0.15
TFAP2C	1	13	1.0242738635327342	0.0375962403759624	chr11	65265153.0	65265267.0	sense	0.6366381219020956	0.19610735937505475	0.15
CEBPD	11	21	1.0209377380704276	0.0024997500249975004	chr11	65265153.0	65265267.0	sense	0.22240633079549188	0.6528528547229993	0.15
Znf423	1	16	1.0067670329956855	0.004199580041995801	chr11	65265153.0	65265267.0	sense	0.27244775522447756	0.5647167660224479	0.15
POU4F3	4	20	1.0006094286457508	0.05649435056494351	chr11	65265153.0	65265267.0	antisense	0.6366381219020956	0.19610735937505475	0.15
TFAP2B	1	13	0.9967444445969281	0.03569643035696431	chr11	65265153.0	65265267.0	sense	0.6366381219020956	0.19610735937505475	0.15
CEBPG	11	21	0.9785220229898204	0.001999800019998	chr11	65265153.0	65265267.0	sense	0.22240633079549188	0.6528528547229993	0.15
EGR1	5	19	0.939578886494226	0.0800919908009199	chr11	65265153.0	65265267.0	sense	0.6366381219020956	0.19610735937505475	0.15
NRL	11	22	0.9383956670216775	0.0974902509749025	chr11	65265153.0	65265267.0	sense	0.6366381219020956	0.19610735937505475	0.15
CENPB	4	19	0.9351664628892783	0.05299470052994701	chr11	65265153.0	65265267.0	sense	0.6366381219020956	0.19610735937505475	0.15
Klf4	2	12	0.9351395859599672	0.0182981701829817	chr11	65265153.0	65265267.0	antisense	0.5891587311857049	0.229767681798905	0.15
ZNF263	1	22	0.9265575296149006	0.1802819718028197	chr11	65265153.0	65265267.0	antisense	0.6514454937484975	0.1861219157219781	0.15
Hes2	5	18	0.912376546543665	0.22817718228177183	chr11	65265153.0	65265267.0	antisense	0.6514454937484975	0.1861219157219781	0.15
Tcfl5	13	23	0.910722016266485	0.21307869213078692	chr11	65265153.0	65265267.0	sense	0.6514454937484975	0.1861219157219781	0.15
MZF1	2	8	0.8987454138732413	0.008099190080991902	chr11	65265153.0	65265267.0	antisense	0.467053294670533	0.33063355998907984	0.15
MYBL2	7	22	0.8739431511985892	0.026297370262973702	chr11	65265153.0	65265267.0	sense	0.6366381219020956	0.19610735937505475	0.15
EGR3	6	21	0.8640205017688768	0.028397160283971604	chr11	65265153.0	65265267.0	sense	0.6366381219020956	0.19610735937505475	0.15
Tcf21	2	16	0.858826081121399	0.013898610138986101	chr11	65265153.0	65265267.0	antisense	0.5891587311857049	0.229767681798905	0.15
MAFF	3	21	0.8578031691720485	0.15328467153284672	chr11	65265153.0	65265267.0	antisense	0.6480522679439373	0.18838996517230952	0.15
TFAP2A(var.2)	1	13	0.852854313898509	0.0898910108989101	chr11	65265153.0	65265267.0	sense	0.6366381219020956	0.19610735937505475	0.15
ESR2	9	24	0.8498168475277224	0.10668933106689331	chr11	65265153.0	65265267.0	sense	0.6366381219020956	0.19610735937505475	0.15
Tcf12	3	14	0.8443222423554324	0.0192980701929807	chr11	65265153.0	65265267.0	antisense	0.5891587311857049	0.229767681798905	0.15
SNAI2	5	14	0.8405554329102113	0.036896310368963105	chr11	65265153.0	65265267.0	antisense	0.6366381219020956	0.19610735937505475	0.15
Neurog1	4	14	0.8376479634888727	0.1947805219478052	chr11	65265153.0	65265267.0	antisense	0.6514454937484975	0.1861219157219781	0.15
RREB1	3	23	0.833148246147971	0.0380961903809619	chr11	65265153.0	65265267.0	sense	0.6366381219020956	0.19610735937505475	0.15
Mitf	10	20	0.8262859506692861	0.1436856314368563	chr11	65265153.0	65265267.0	sense	0.637008799120088	0.19585456863339873	0.15
EGR4	6	22	0.8254847212176063	0.12488751124887511	chr11	65265153.0	65265267.0	sense	0.6366381219020956	0.19610735937505475	0.15
HINFP	8	20	0.8244090388156434	0.05319468053194681	chr11	65265153.0	65265267.0	sense	0.6366381219020956	0.19610735937505475	0.15
POU4F2	4	20	0.823457479941863	0.022897710228977103	chr11	65265153.0	65265267.0	antisense	0.6366381219020956	0.19610735937505475	0.15
TBP	3	18	0.8205064154654104	0.23427657234276572	chr11	65265153.0	65265267.0	antisense	0.6514454937484975	0.1861219157219781	0.15
PAX5	1	20	0.8142078002445117	0.20457954204579543	chr11	65265153.0	65265267.0	antisense	0.6514454937484975	0.1861219157219781	0.15
KLF5	2	12	0.8000008861088074	0.042195780421957804	chr11	65265153.0	65265267.0	sense	0.6366381219020956	0.19610735937505475	0.15
Pax2	10	18	0.7999882146350101	0.1371862813718628	chr11	65265153.0	65265267.0	sense	0.6366381219020956	0.19610735937505475	0.15
ZBTB7C	1	13	0.7911991265878892	0.1468853114688531	chr11	65265153.0	65265267.0	sense	0.637008799120088	0.19585456863339873	0.15
TFAP2C(var.2)	1	12	0.7905491844605376	0.0634936506349365	chr11	65265153.0	65265267.0	sense	0.6366381219020956	0.19610735937505475	0.15
THAP1	11	20	0.7798950181258394	0.22007799220077992	chr11	65265153.0	65265267.0	antisense	0.6514454937484975	0.1861219157219781	0.15
Hmx1	3	20	0.779827560759317	0.2146785321467853	chr11	65265153.0	65265267.0	antisense	0.6514454937484975	0.1861219157219781	0.15
Klf1	1	12	0.7768240028223136	0.0463953604639536	chr11	65265153.0	65265267.0	sense	0.6366381219020956	0.19610735937505475	0.15
Myod1	4	17	0.7762649582071379	0.0694930506949305	chr11	65265153.0	65265267.0	sense	0.6366381219020956	0.19610735937505475	0.15
Twist2	4	14	0.7709271587543036	0.032096790320967905	chr11	65265153.0	65265267.0	sense	0.6366381219020956	0.19610735937505475	0.15
TCF4	4	14	0.7701685496828188	0.038196180381961806	chr11	65265153.0	65265267.0	sense	0.6366381219020956	0.19610735937505475	0.15
Bach1::Mafk	8	23	0.7592321962683029	0.0377962203779622	chr11	65265153.0	65265267.0	sense	0.6366381219020956	0.19610735937505475	0.15
TFAP2B(var.2)	1	12	0.7574581465269012	0.055894410558944105	chr11	65265153.0	65265267.0	sense	0.6366381219020956	0.19610735937505475	0.15
Hoxd8	2	19	0.7520578506636759	0.2999700029997	chr11	65265153.0	65265267.0	antisense	0.6905062434932978	0.1608323902172422	0.15
ZEB1	3	12	0.7518542946821137	0.018698130186981302	chr11	65265153.0	65265267.0	sense	0.5891587311857049	0.229767681798905	0.15
HLF	10	22	0.7517663882618643	0.08489151084891511	chr11	65265153.0	65265267.0	antisense	0.6366381219020956	0.19610735937505475	0.15
ETV6	9	19	0.7462247256144193	0.049095090490950906	chr11	65265153.0	65265267.0	antisense	0.6366381219020956	0.19610735937505475	0.15
SP1	2	13	0.7460539005351692	0.0755924407559244	chr11	65265153.0	65265267.0	sense	0.6366381219020956	0.19610735937505475	0.15
Ar	1	18	0.7427853454511242	0.06109389061093891	chr11	65265153.0	65265267.0	antisense	0.6366381219020956	0.19610735937505475	0.15
EBF1	1	15	0.732059551523778	0.0608939106089391	chr11	65265153.0	65265267.0	sense	0.6366381219020956	0.19610735937505475	0.15
Hmx3	4	21	0.7312159735893492	0.24867513248675133	chr11	65265153.0	65265267.0	sense	0.6618584295416613	0.1792348955209868	0.15
Stat6	9	24	0.7283096818320755	0.132986701329867	chr11	65265153.0	65265267.0	sense	0.6366381219020956	0.19610735937505475	0.15
TAL1::TCF3	2	14	0.721704698912455	0.048995100489951	chr11	65265153.0	65265267.0	sense	0.6366381219020956	0.19610735937505475	0.15
ETV5	9	19	0.7207636434225371	0.12718728127187282	chr11	65265153.0	65265267.0	antisense	0.6366381219020956	0.19610735937505475	0.15
Hic1	1	10	0.7202881601145811	0.09989001099890012	chr11	65265153.0	65265267.0	sense	0.6366381219020956	0.19610735937505475	0.15
Myog	3	14	0.7187663618097301	0.050594940505949405	chr11	65265153.0	65265267.0	antisense	0.6366381219020956	0.19610735937505475	0.15
RUNX1	11	22	0.7166261819217266	0.17118288171182883	chr11	65265153.0	65265267.0	antisense	0.6514454937484975	0.1861219157219781	0.15
CEBPA	10	21	0.7140823547389744	0.051094890510948905	chr11	65265153.0	65265267.0	antisense	0.6366381219020956	0.19610735937505475	0.15
SOX9	5	14	0.7138553495283527	0.11638836116388361	chr11	65265153.0	65265267.0	sense	0.6366381219020956	0.19610735937505475	0.15
Hmx2	4	21	0.713771802983058	0.23507649235076492	chr11	65265153.0	65265267.0	sense	0.6514454937484975	0.1861219157219781	0.15
Pparg::Rxra	5	20	0.7134383202205681	0.2973702629737026	chr11	65265153.0	65265267.0	antisense	0.6905062434932978	0.1608323902172422	0.15
MZF1(var.2)	12	22	0.711230181407963	0.140985901409859	chr11	65265153.0	65265267.0	antisense	0.637008799120088	0.19585456863339873	0.15
Rhox11	7	24	0.7070251442440589	0.37846215378462156	chr11	65265153.0	65265267.0	antisense	0.7058810248007458	0.15126849247050317	0.15
OLIG3	4	14	0.7056908821391946	0.06939306069393061	chr11	65265153.0	65265267.0	sense	0.6366381219020956	0.19610735937505475	0.15
MAX	4	14	0.702668250233969	0.06989301069893011	chr11	65265153.0	65265267.0	sense	0.6366381219020956	0.19610735937505475	0.15
FOXA1	5	20	0.6978499984359557	0.18188181181881813	chr11	65265153.0	65265267.0	sense	0.6514454937484975	0.1861219157219781	0.15
Hand1::Tcf3	13	23	0.697278847429475	0.11838816118388161	chr11	65265153.0	65265267.0	antisense	0.6366381219020956	0.19610735937505475	0.15
Six3	5	22	0.696703815920169	0.22777722227777222	chr11	65265153.0	65265267.0	antisense	0.6514454937484975	0.1861219157219781	0.15
GMEB2	12	20	0.6963836370067894	0.04939506049395061	chr11	65265153.0	65265267.0	sense	0.6366381219020956	0.19610735937505475	0.15
TFAP2A	1	12	0.6949725359858431	0.128987101289871	chr11	65265153.0	65265267.0	sense	0.6366381219020956	0.19610735937505475	0.15
STAT3	12	23	0.6927977194804699	0.0598940105989401	chr11	65265153.0	65265267.0	antisense	0.6366381219020956	0.19610735937505475	0.15
MAFK	8	23	0.6927339454204315	0.18218178182181782	chr11	65265153.0	65265267.0	sense	0.6514454937484975	0.1861219157219781	0.15
POU4F1	6	20	0.6921718254102064	0.20157984201579843	chr11	65265153.0	65265267.0	antisense	0.6514454937484975	0.1861219157219781	0.15
TFAP2A(var.3)	1	14	0.6878400541874521	0.11498850114988501	chr11	65265153.0	65265267.0	antisense	0.6366381219020956	0.19610735937505475	0.15
SP8	2	14	0.6850609911435867	0.15358464153584642	chr11	65265153.0	65265267.0	sense	0.6480522679439373	0.18838996517230952	0.15
Gabpa	7	18	0.6847048997468663	0.07689231076892311	chr11	65265153.0	65265267.0	antisense	0.6366381219020956	0.19610735937505475	0.15
TFAP2B(var.3)	1	14	0.6845206437274852	0.09459054094590541	chr11	65265153.0	65265267.0	antisense	0.6366381219020956	0.19610735937505475	0.15
SP3	2	13	0.6833478689503439	0.1924807519248075	chr11	65265153.0	65265267.0	sense	0.6514454937484975	0.1861219157219781	0.15
ZIC1	3	17	0.6806063214366875	0.0565943405659434	chr11	65265153.0	65265267.0	sense	0.6366381219020956	0.19610735937505475	0.15
GLIS2	1	15	0.6791404642936764	0.0882911708829117	chr11	65265153.0	65265267.0	sense	0.6366381219020956	0.19610735937505475	0.15
CLOCK	4	14	0.676322657969443	0.0700929907009299	chr11	65265153.0	65265267.0	antisense	0.6366381219020956	0.19610735937505475	0.15
TFAP2C(var.3)	1	14	0.675599065438725	0.10728927107289271	chr11	65265153.0	65265267.0	antisense	0.6366381219020956	0.19610735937505475	0.15
TCF3	4	14	0.6739624890470496	0.07979202079792021	chr11	65265153.0	65265267.0	sense	0.6366381219020956	0.19610735937505475	0.15
GLI2	6	18	0.6696949040659574	0.10688931106889311	chr11	65265153.0	65265267.0	antisense	0.6366381219020956	0.19610735937505475	0.15
HNF4G	9	24	0.6635591863035946	0.22327767223277672	chr11	65265153.0	65265267.0	sense	0.6514454937484975	0.1861219157219781	0.15
BARHL2	7	17	0.6621663076324409	0.22977702229777022	chr11	65265153.0	65265267.0	antisense	0.6514454937484975	0.1861219157219781	0.15
ZBTB18	2	15	0.6541034064577356	0.08309169083091691	chr11	65265153.0	65265267.0	sense	0.6366381219020956	0.19610735937505475	0.15
Foxa2	9	21	0.6532214287088789	0.11958804119588042	chr11	65265153.0	65265267.0	sense	0.6366381219020956	0.19610735937505475	0.15
IRF2	5	23	0.6526542782384297	0.08999100089991001	chr11	65265153.0	65265267.0	antisense	0.6366381219020956	0.19610735937505475	0.15
FOXF2	7	21	0.6444440864805153	0.16718328167183283	chr11	65265153.0	65265267.0	antisense	0.6514454937484975	0.1861219157219781	0.15
NFYA	1	19	0.6402677361374962	0.2216778322167783	chr11	65265153.0	65265267.0	antisense	0.6514454937484975	0.1861219157219781	0.15
GSC2	8	18	0.638901424385478	0.35136486351364865	chr11	65265153.0	65265267.0	sense	0.6948029725329354	0.15813833220552387	0.15
Arid5a	6	20	0.6379672842748694	0.43625637436256376	chr11	65265153.0	65265267.0	sense	0.7186445912370788	0.14348583872143428	0.15
ELK4	8	19	0.6360608411876295	0.1055894410558944	chr11	65265153.0	65265267.0	sense	0.6366381219020956	0.19610735937505475	0.15
EN2	3	13	0.6327438975696634	0.2542745725427457	chr11	65265153.0	65265267.0	sense	0.6698908789324113	0.17399593541428887	0.15
SPIB	12	19	0.631731929980104	0.0821917808219178	chr11	65265153.0	65265267.0	antisense	0.6366381219020956	0.19610735937505475	0.15
Foxk1	4	21	0.6311917290056737	0.2585741425857414	chr11	65265153.0	65265267.0	antisense	0.6738541145885412	0.1714341154630833	0.15
ID4	4	14	0.6301517994925385	0.11298870112988701	chr11	65265153.0	65265267.0	sense	0.6366381219020956	0.19610735937505475	0.15
ZBTB33	8	23	0.6289648879454	0.22777722227777222	chr11	65265153.0	65265267.0	antisense	0.6514454937484975	0.1861219157219781	0.15
ZNF354C	3	9	0.6281541799001319	0.042495750424957505	chr11	65265153.0	65265267.0	sense	0.6366381219020956	0.19610735937505475	0.15
MYBL1	7	19	0.6259037245929594	0.0791920807919208	chr11	65265153.0	65265267.0	sense	0.6366381219020956	0.19610735937505475	0.15
BHLHE22	4	14	0.6253910102394831	0.0673932606739326	chr11	65265153.0	65265267.0	sense	0.6366381219020956	0.19610735937505475	0.15
Nfe2l2	4	19	0.624253609728151	0.1810818918108189	chr11	65265153.0	65265267.0	sense	0.6514454937484975	0.1861219157219781	0.15
TBX5	3	11	0.621428580080129	0.18298170182981702	chr11	65265153.0	65265267.0	antisense	0.6514454937484975	0.1861219157219781	0.15
Stat5a::Stat5b	11	22	0.6210552567422198	0.09259074092590741	chr11	65265153.0	65265267.0	sense	0.6366381219020956	0.19610735937505475	0.15
PRDM1	8	23	0.6120428346844649	0.24547545245475452	chr11	65265153.0	65265267.0	antisense	0.6615250846049415	0.17945368299733358	0.15
Alx4	4	21	0.6109019230772847	0.3234676532346765	chr11	65265153.0	65265267.0	sense	0.6905062434932978	0.1608323902172422	0.15
REST	1	22	0.6089678859057958	0.1065893410658934	chr11	65265153.0	65265267.0	antisense	0.6366381219020956	0.19610735937505475	0.15
PLAG1	3	17	0.6083371893678616	0.0988901109889011	chr11	65265153.0	65265267.0	antisense	0.6366381219020956	0.19610735937505475	0.15
NFIX	1	10	0.6047030397540406	0.28257174282571745	chr11	65265153.0	65265267.0	sense	0.6905062434932978	0.1608323902172422	0.15
Atoh1	4	14	0.603830453282744	0.1372862713728627	chr11	65265153.0	65265267.0	antisense	0.6366381219020956	0.19610735937505475	0.15
Nr5a2	1	16	0.6033098826139204	0.23597640235976403	chr11	65265153.0	65265267.0	sense	0.6514454937484975	0.1861219157219781	0.15
GRHL1	4	16	0.6029645418401585	0.13388661133886612	chr11	65265153.0	65265267.0	antisense	0.6366381219020956	0.19610735937505475	0.15
DBP	10	22	0.5980836272144656	0.13738626137386262	chr11	65265153.0	65265267.0	antisense	0.6366381219020956	0.19610735937505475	0.15
E2F4	9	20	0.5978654305806493	0.146985301469853	chr11	65265153.0	65265267.0	antisense	0.637008799120088	0.19585456863339873	0.15
NEUROD2	4	14	0.5906506942692457	0.1660833916608339	chr11	65265153.0	65265267.0	sense	0.6514454937484975	0.1861219157219781	0.15
NR2F1	6	19	0.590306467157937	0.23057694230576942	chr11	65265153.0	65265267.0	sense	0.6514454937484975	0.1861219157219781	0.15
Npas2	4	14	0.5895879752644008	0.1371862813718628	chr11	65265153.0	65265267.0	sense	0.6366381219020956	0.19610735937505475	0.15
EGR2	8	19	0.5889539593286778	0.10428957104289571	chr11	65265153.0	65265267.0	sense	0.6366381219020956	0.19610735937505475	0.15
TFE3	4	14	0.5883096080723441	0.29017098290170984	chr11	65265153.0	65265267.0	antisense	0.6905062434932978	0.1608323902172422	0.15
FOSL1	10	21	0.5857056598117931	0.08249175082491751	chr11	65265153.0	65265267.0	sense	0.6366381219020956	0.19610735937505475	0.15
Hoxb5	4	20	0.5850086341724529	0.4854514548545146	chr11	65265153.0	65265267.0	sense	0.7601339263663994	0.11910988356426377	0.15
Zfx	10	24	0.5784454558879524	0.28687131286871315	chr11	65265153.0	65265267.0	sense	0.6905062434932978	0.1608323902172422	0.15
NFYB	4	19	0.5783795874602484	0.26417358264173585	chr11	65265153.0	65265267.0	antisense	0.6787430167874302	0.16829462559652014	0.15
Foxj3	4	21	0.5779507305607654	0.3584641535846415	chr11	65265153.0	65265267.0	antisense	0.6948888754247252	0.15808464094729824	0.15
TFAP4	4	14	0.5775616174722774	0.07599240075992401	chr11	65265153.0	65265267.0	antisense	0.6366381219020956	0.19610735937505475	0.15
MEIS2	16	24	0.5745374320745469	0.08869113088691132	chr11	65265153.0	65265267.0	antisense	0.6366381219020956	0.19610735937505475	0.15
Alx1	4	21	0.5705463726869562	0.37946205379462056	chr11	65265153.0	65265267.0	sense	0.7058810248007458	0.15126849247050317	0.15
FEV	9	19	0.5702158558893504	0.16468353164683533	chr11	65265153.0	65265267.0	antisense	0.6514454937484975	0.1861219157219781	0.15
SPIC	9	23	0.5675900665686993	0.34696530346965304	chr11	65265153.0	65265267.0	antisense	0.6948029725329354	0.15813833220552387	0.15
NKX2-3	4	14	0.5666206618423384	0.1967803219678032	chr11	65265153.0	65265267.0	sense	0.6514454937484975	0.1861219157219781	0.15
TFCP2	5	15	0.5660562445502241	0.16128387161283872	chr11	65265153.0	65265267.0	sense	0.6514454937484975	0.1861219157219781	0.15
Bhlha15	5	13	0.5654520145170898	0.0575942405759424	chr11	65265153.0	65265267.0	sense	0.6366381219020956	0.19610735937505475	0.15
Ahr::Arnt	13	19	0.5648218887826958	0.060993900609939006	chr11	65265153.0	65265267.0	antisense	0.6366381219020956	0.19610735937505475	0.15
Gfi1	6	16	0.5639281279235785	0.3016698330166983	chr11	65265153.0	65265267.0	antisense	0.6905062434932978	0.1608323902172422	0.15
KLF14	8	22	0.5629183714830996	0.1827817218278172	chr11	65265153.0	65265267.0	antisense	0.6514454937484975	0.1861219157219781	0.15
MNT	4	14	0.5620752479388001	0.1907809219078092	chr11	65265153.0	65265267.0	sense	0.6514454937484975	0.1861219157219781	0.15
FOS	10	21	0.5606896779813727	0.13608639136086392	chr11	65265153.0	65265267.0	sense	0.6366381219020956	0.19610735937505475	0.15
MAX::MYC	4	15	0.5599638053235425	0.14628537146285372	chr11	65265153.0	65265267.0	antisense	0.637008799120088	0.19585456863339873	0.15
TFEC	4	14	0.5556097033048946	0.21457854214578542	chr11	65265153.0	65265267.0	antisense	0.6514454937484975	0.1861219157219781	0.15
ELF4	9	21	0.5541976156154338	0.12488751124887511	chr11	65265153.0	65265267.0	antisense	0.6366381219020956	0.19610735937505475	0.15
ELF1	9	21	0.5541250092261711	0.12738726127387262	chr11	65265153.0	65265267.0	antisense	0.6366381219020956	0.19610735937505475	0.15
ERG	9	19	0.5539384558527675	0.1645835416458354	chr11	65265153.0	65265267.0	antisense	0.6514454937484975	0.1861219157219781	0.15
Sox6	5	15	0.5533346408861411	0.12148785121487851	chr11	65265153.0	65265267.0	sense	0.6366381219020956	0.19610735937505475	0.15
MSC	4	14	0.5533173221928614	0.0938906109389061	chr11	65265153.0	65265267.0	antisense	0.6366381219020956	0.19610735937505475	0.15
NKX2-8	5	14	0.5531214397751443	0.25147485251474855	chr11	65265153.0	65265267.0	sense	0.6658951451793597	0.17659415139293463	0.15
E2F1	10	22	0.5530232927145836	0.24387561243875613	chr11	65265153.0	65265267.0	antisense	0.6615250846049415	0.17945368299733358	0.15
Mafb	11	23	0.5514110046443945	0.35996400359964004	chr11	65265153.0	65265267.0	antisense	0.6948888754247252	0.15808464094729824	0.15
MAF::NFE2	9	24	0.5482700678180945	0.20567943205679431	chr11	65265153.0	65265267.0	antisense	0.6514454937484975	0.1861219157219781	0.15
LBX2	3	13	0.5481435190768102	0.6027397260273972	chr11	65265153.0	65265267.0	sense	0.8041694545198436	0.09465242711151839	0.15
HMBOX1	7	17	0.5476954280360267	0.33036696330366966	chr11	65265153.0	65265267.0	sense	0.6905062434932978	0.1608323902172422	0.15
NR3C2	1	18	0.5462146697816337	0.1822817718228177	chr11	65265153.0	65265267.0	antisense	0.6514454937484975	0.1861219157219781	0.15
Stat4	9	23	0.5449053089450923	0.27877212278772123	chr11	65265153.0	65265267.0	antisense	0.6905062434932978	0.1608323902172422	0.15
HSF4	6	19	0.5429529052520097	0.2986701329867013	chr11	65265153.0	65265267.0	antisense	0.6905062434932978	0.1608323902172422	0.15
MAFG	2	23	0.5417948355022795	0.43755624437556245	chr11	65265153.0	65265267.0	antisense	0.7186445912370788	0.14348583872143428	0.15
FOS::JUN	12	19	0.541695359216044	0.12068793120687932	chr11	65265153.0	65265267.0	sense	0.6366381219020956	0.19610735937505475	0.15
GCM1	10	21	0.5415947470176514	0.20217978202179782	chr11	65265153.0	65265267.0	antisense	0.6514454937484975	0.1861219157219781	0.15
ETV3	9	19	0.5404748103722512	0.2273772622737726	chr11	65265153.0	65265267.0	antisense	0.6514454937484975	0.1861219157219781	0.15
FOXC2	7	19	0.5399587784365756	0.2806719328067193	chr11	65265153.0	65265267.0	antisense	0.6905062434932978	0.1608323902172422	0.15
RUNX3	13	23	0.539230613108815	0.21497850214978503	chr11	65265153.0	65265267.0	antisense	0.6514454937484975	0.1861219157219781	0.15
Atf1	11	19	0.5372632244430041	0.12298770122987701	chr11	65265153.0	65265267.0	sense	0.6366381219020956	0.19610735937505475	0.15
Myc	5	15	0.5368099416637103	0.12198780121987801	chr11	65265153.0	65265267.0	sense	0.6366381219020956	0.19610735937505475	0.15
OLIG2	4	14	0.5341937057224323	0.14728527147285272	chr11	65265153.0	65265267.0	sense	0.637008799120088	0.19585456863339873	0.15
Myb	14	24	0.5323523593454025	0.13338666133386662	chr11	65265153.0	65265267.0	antisense	0.6366381219020956	0.19610735937505475	0.15
KLF16	2	13	0.5295694057120717	0.20087991200879912	chr11	65265153.0	65265267.0	sense	0.6514454937484975	0.1861219157219781	0.15
ELF5	9	20	0.5290239113418432	0.3594640535946405	chr11	65265153.0	65265267.0	antisense	0.6948888754247252	0.15808464094729824	0.15
ETS1	9	19	0.5288153014673961	0.18698130186981302	chr11	65265153.0	65265267.0	antisense	0.6514454937484975	0.1861219157219781	0.15
ZNF740	2	12	0.5276044457196309	0.17648235176482352	chr11	65265153.0	65265267.0	sense	0.6514454937484975	0.1861219157219781	0.15
Creb3l2	4	13	0.5234237304896762	0.09479052094790522	chr11	65265153.0	65265267.0	sense	0.6366381219020956	0.19610735937505475	0.15
HOXA5	6	14	0.5222378661779611	0.20207979202079793	chr11	65265153.0	65265267.0	sense	0.6514454937484975	0.1861219157219781	0.15
JUN(var.2)	6	20	0.5216748853789569	0.34166583341665835	chr11	65265153.0	65265267.0	sense	0.6926740919658034	0.15947105594149155	0.15
MYF6	4	14	0.520876395523952	0.1050894910508949	chr11	65265153.0	65265267.0	sense	0.6366381219020956	0.19610735937505475	0.15
RUNX2	11	20	0.5208102492989785	0.18418158184181582	chr11	65265153.0	65265267.0	sense	0.6514454937484975	0.1861219157219781	0.15
GLIS3	6	20	0.5205906030998936	0.10548945105489452	chr11	65265153.0	65265267.0	sense	0.6366381219020956	0.19610735937505475	0.15
Klf12	1	16	0.5181251286382085	0.21527847215278473	chr11	65265153.0	65265267.0	sense	0.6514454937484975	0.1861219157219781	0.15
FOXP1	5	20	0.5163912699113703	0.31666833316668336	chr11	65265153.0	65265267.0	sense	0.6905062434932978	0.1608323902172422	0.15
Barhl1	7	17	0.5148253547860364	0.680931906809319	chr11	65265153.0	65265267.0	antisense	0.8414372848429442	0.07497824791352016	0.15
KLF13	5	23	0.514231750012968	0.20367963203679632	chr11	65265153.0	65265267.0	antisense	0.6514454937484975	0.1861219157219781	0.15
NFIA	11	21	0.5119776719292286	0.1877812218778122	chr11	65265153.0	65265267.0	sense	0.6514454937484975	0.1861219157219781	0.15
ZBTB7A	5	17	0.5118726718172019	0.3284671532846715	chr11	65265153.0	65265267.0	antisense	0.6905062434932978	0.1608323902172422	0.15
Arx	1	18	0.5113357742543384	0.42595740425957407	chr11	65265153.0	65265267.0	antisense	0.7186445912370788	0.14348583872143428	0.15
NHLH1	4	14	0.5109960564994008	0.19308069193080693	chr11	65265153.0	65265267.0	sense	0.6514454937484975	0.1861219157219781	0.15
Ddit3::Cebpa	8	20	0.5096483166996341	0.4002599740025997	chr11	65265153.0	65265267.0	antisense	0.70992100789921	0.14878997204430744	0.15
Dmbx1	3	20	0.508697207759365	0.5880411958804119	chr11	65265153.0	65265267.0	sense	0.7965312843715628	0.09879716228202928	0.15
NFAT5	11	21	0.5085895980986634	0.3217678232176782	chr11	65265153.0	65265267.0	sense	0.6905062434932978	0.1608323902172422	0.15
TFEB	4	14	0.5084197308614034	0.24727527247275272	chr11	65265153.0	65265267.0	antisense	0.6615250846049415	0.17945368299733358	0.15
ETV4	9	19	0.5083711313826518	0.30016998300169984	chr11	65265153.0	65265267.0	antisense	0.6905062434932978	0.1608323902172422	0.15
EOMES	1	14	0.5070993929627872	0.43395660433956607	chr11	65265153.0	65265267.0	antisense	0.7186445912370788	0.14348583872143428	0.15
ESX1	7	17	0.5038044602709995	0.5716428357164284	chr11	65265153.0	65265267.0	sense	0.7956744219195102	0.09926460272534803	0.15
GCM2	11	21	0.5036901182615126	0.2953704629537046	chr11	65265153.0	65265267.0	antisense	0.6905062434932978	0.1608323902172422	0.15
Mycn	4	12	0.5032755605068175	0.0800919908009199	chr11	65265153.0	65265267.0	sense	0.6366381219020956	0.19610735937505475	0.15
YY2	12	23	0.5024019491932977	0.33186681331866813	chr11	65265153.0	65265267.0	sense	0.6905062434932978	0.1608323902172422	0.15
ZBTB7B	1	13	0.5014259875820282	0.2596740325967403	chr11	65265153.0	65265267.0	sense	0.6738541145885412	0.1714341154630833	0.15
ETV1	9	19	0.5014163118290473	0.32356764323567644	chr11	65265153.0	65265267.0	antisense	0.6905062434932978	0.1608323902172422	0.15
SOX4	6	22	0.4999167403546323	0.060193980601939805	chr11	65265153.0	65265267.0	sense	0.6366381219020956	0.19610735937505475	0.15
ATF4	9	22	0.4998238642859827	0.21737826217378262	chr11	65265153.0	65265267.0	sense	0.6514454937484975	0.1861219157219781	0.15
FLI1	9	19	0.4991580256384229	0.1755824417558244	chr11	65265153.0	65265267.0	antisense	0.6514454937484975	0.1861219157219781	0.15
IRF7	10	24	0.4974012651036969	0.21707829217078292	chr11	65265153.0	65265267.0	antisense	0.6514454937484975	0.1861219157219781	0.15
FOSL2	9	20	0.4971367962888783	0.17118288171182883	chr11	65265153.0	65265267.0	sense	0.6514454937484975	0.1861219157219781	0.15
JUND	10	21	0.49640717785708127	0.1523847615238476	chr11	65265153.0	65265267.0	sense	0.6480522679439373	0.18838996517230952	0.15
Pou5f1::Sox2	7	22	0.49473844629337677	0.41185881411858816	chr11	65265153.0	65265267.0	sense	0.7101485864702567	0.14865077306583058	0.15
Ascl2	4	14	0.4945998768298404	0.18088191180881913	chr11	65265153.0	65265267.0	antisense	0.6514454937484975	0.1861219157219781	0.15
NFKB2	7	20	0.4935012752945383	0.18888111188881113	chr11	65265153.0	65265267.0	sense	0.6514454937484975	0.1861219157219781	0.15
EHF	9	21	0.49346870355520456	0.24687531246875313	chr11	65265153.0	65265267.0	antisense	0.6615250846049415	0.17945368299733358	0.15
Hoxc9	3	16	0.4919677098922943	0.34626537346265374	chr11	65265153.0	65265267.0	sense	0.6948029725329354	0.15813833220552387	0.15
SRY	7	16	0.49163038027702755	0.33836616338366166	chr11	65265153.0	65265267.0	antisense	0.6905062434932978	0.1608323902172422	0.15
Arntl	10	20	0.49011224006137977	0.32396760323967605	chr11	65265153.0	65265267.0	sense	0.6905062434932978	0.1608323902172422	0.15
ERF	7	17	0.48942075110407	0.208979102089791	chr11	65265153.0	65265267.0	sense	0.6514454937484975	0.1861219157219781	0.15
JUNB	9	20	0.4883686448328138	0.18998100189981001	chr11	65265153.0	65265267.0	sense	0.6514454937484975	0.1861219157219781	0.15
XBP1	10	24	0.4877261653025044	0.3096690330966903	chr11	65265153.0	65265267.0	antisense	0.6905062434932978	0.1608323902172422	0.15
SMAD2::SMAD3::SMAD4	9	22	0.48698190409462255	0.38516148385161486	chr11	65265153.0	65265267.0	sense	0.7065395933904843	0.1508634959396941	0.15
RARA::RXRA	2	19	0.4856730365266895	0.5069493050694931	chr11	65265153.0	65265267.0	sense	0.7830556230091277	0.10620738748491289	0.15
TBX2	3	14	0.4856376311883121	0.4901509849015098	chr11	65265153.0	65265267.0	antisense	0.7616417998918671	0.11824922932391017	0.15
Spz1	8	19	0.48556529720489633	0.32596740325967405	chr11	65265153.0	65265267.0	antisense	0.6905062434932978	0.1608323902172422	0.15
NR2C2	5	20	0.4854793231938678	0.30016998300169984	chr11	65265153.0	65265267.0	antisense	0.6905062434932978	0.1608323902172422	0.15
STAT1::STAT2	8	23	0.4854593396508541	0.28077192280771923	chr11	65265153.0	65265267.0	sense	0.6905062434932978	0.1608323902172422	0.15
Dlx1	4	14	0.4847350102854732	0.6243375662433757	chr11	65265153.0	65265267.0	sense	0.8083166745669573	0.09241846215440731	0.15
CREB3	9	23	0.4816757189867375	0.3224677532246775	chr11	65265153.0	65265267.0	antisense	0.6905062434932978	0.1608323902172422	0.15
Mlxip	5	13	0.4783733693822362	0.10698930106989302	chr11	65265153.0	65265267.0	sense	0.6366381219020956	0.19610735937505475	0.15
ELK1	9	19	0.4767594474861615	0.17588241175882413	chr11	65265153.0	65265267.0	antisense	0.6514454937484975	0.1861219157219781	0.15
USF1	4	15	0.47597147612097546	0.2702729727027297	chr11	65265153.0	65265267.0	sense	0.6898957163107219	0.1612165516592778	0.15
NFIC	3	9	0.47454545154395333	0.24327567243275672	chr11	65265153.0	65265267.0	antisense	0.6615250846049415	0.17945368299733358	0.15
MLXIPL	4	14	0.4739807141797112	0.23197680231976803	chr11	65265153.0	65265267.0	antisense	0.6514454937484975	0.1861219157219781	0.15
CUX1	5	15	0.47349282985350155	0.2900709929007099	chr11	65265153.0	65265267.0	antisense	0.6905062434932978	0.1608323902172422	0.15
NFATC1	9	19	0.4732521741369623	0.5258474152584741	chr11	65265153.0	65265267.0	sense	0.7918819069101736	0.10133957977577471	0.15
GSX1	3	13	0.47185697598574694	0.7468253174682532	chr11	65265153.0	65265267.0	sense	0.8491570408176574	0.0710119850757059	0.15
MEIS1	17	24	0.47101140082682125	0.2983701629837016	chr11	65265153.0	65265267.0	antisense	0.6905062434932978	0.1608323902172422	0.15
GSX2	11	21	0.46997747028503767	0.7206279372062794	chr11	65265153.0	65265267.0	antisense	0.8461671932354277	0.07254381671805445	0.15
MEIS3	16	24	0.4696520280478965	0.3227677232276772	chr11	65265153.0	65265267.0	antisense	0.6905062434932978	0.1608323902172422	0.15
HEY2	4	14	0.4659294266911829	0.30446955304469553	chr11	65265153.0	65265267.0	antisense	0.6905062434932978	0.1608323902172422	0.15
ELK3	9	19	0.4640079331349892	0.33156684331566844	chr11	65265153.0	65265267.0	antisense	0.6905062434932978	0.1608323902172422	0.15
TBR1	12	22	0.4637639939715578	0.3006699330066993	chr11	65265153.0	65265267.0	antisense	0.6905062434932978	0.1608323902172422	0.15
CUX2	5	15	0.46122007970602447	0.3147685231476852	chr11	65265153.0	65265267.0	antisense	0.6905062434932978	0.1608323902172422	0.15
SP4	7	24	0.4602113519450956	0.23517648235176483	chr11	65265153.0	65265267.0	antisense	0.6514454937484975	0.1861219157219781	0.15
RXRA::VDR	2	17	0.4588563697510462	0.1912808719128087	chr11	65265153.0	65265267.0	sense	0.6514454937484975	0.1861219157219781	0.15
TEF	10	22	0.4586062023594381	0.27587241275872415	chr11	65265153.0	65265267.0	antisense	0.6905062434932978	0.1608323902172422	0.15
TBX4	3	11	0.458196984844307	0.29617038296170384	chr11	65265153.0	65265267.0	antisense	0.6905062434932978	0.1608323902172422	0.15
BHLHE23	3	15	0.4576358405040724	0.25607439256074394	chr11	65265153.0	65265267.0	antisense	0.671225301712253	0.17313168122150624	0.15
HEY1	4	14	0.457495445059387	0.28777122287771223	chr11	65265153.0	65265267.0	antisense	0.6905062434932978	0.1608323902172422	0.15
BATF::JUN	12	23	0.45684433943172426	0.27307269273072693	chr11	65265153.0	65265267.0	antisense	0.6905062434932978	0.1608323902172422	0.15
FOXH1	8	19	0.45575380731553994	0.26317368263173685	chr11	65265153.0	65265267.0	sense	0.6787430167874302	0.16829462559652014	0.15
Rfx1	10	24	0.45255794070375227	0.45635436456354367	chr11	65265153.0	65265267.0	sense	0.7424699536315961	0.1293211167394089	0.15
Hoxd3	4	20	0.45200316759315967	0.7230276972302769	chr11	65265153.0	65265267.0	antisense	0.8469139572529233	0.07216070984450665	0.15
OLIG1	4	14	0.44832592956848283	0.17488251174882513	chr11	65265153.0	65265267.0	antisense	0.6514454937484975	0.1861219157219781	0.15
YY1	1	13	0.4457810194117303	0.35106489351064896	chr11	65265153.0	65265267.0	antisense	0.6948029725329354	0.15813833220552387	0.15
GLIS1	5	21	0.4457693417795806	0.1287871212878712	chr11	65265153.0	65265267.0	sense	0.6366381219020956	0.19610735937505475	0.15
MSX1	4	12	0.44553267670349234	0.3852614738526147	chr11	65265153.0	65265267.0	sense	0.7065395933904843	0.1508634959396941	0.15
TEAD1	4	14	0.44501315824528015	0.48625137486251374	chr11	65265153.0	65265267.0	sense	0.7601339263663994	0.11910988356426377	0.15
HLTF	4	14	0.4445286323730966	0.6216378362163784	chr11	65265153.0	65265267.0	antisense	0.8083166745669573	0.09241846215440731	0.15
Sox11	7	22	0.43875434187893275	0.09499050094990501	chr11	65265153.0	65265267.0	sense	0.6366381219020956	0.19610735937505475	0.15
NFKB1	7	20	0.4330560886074155	0.1444855514448555	chr11	65265153.0	65265267.0	antisense	0.637008799120088	0.19585456863339873	0.15
ONECUT2	4	18	0.4313905135296568	0.37896210378962103	chr11	65265153.0	65265267.0	antisense	0.7058810248007458	0.15126849247050317	0.15
VENTX	4	13	0.43136312623743733	0.31016898310168983	chr11	65265153.0	65265267.0	antisense	0.6905062434932978	0.1608323902172422	0.15
Pax6	2	16	0.42959922008678186	0.5669433056694331	chr11	65265153.0	65265267.0	antisense	0.7956744219195102	0.09926460272534803	0.15
Atf3	10	18	0.42944298474835313	0.23147685231476853	chr11	65265153.0	65265267.0	sense	0.6514454937484975	0.1861219157219781	0.15
HOXB3	7	17	0.42603630943362686	0.7307269273072693	chr11	65265153.0	65265267.0	sense	0.8475768831099151	0.07182089678747125	0.15
NFATC3	9	19	0.42580936649976525	0.5472452754724527	chr11	65265153.0	65265267.0	sense	0.7956240587640401	0.09929209277926905	0.15
E2F8	12	24	0.42484557280414337	0.1406859314068593	chr11	65265153.0	65265267.0	antisense	0.637008799120088	0.19585456863339873	0.15
SPI1	9	23	0.4244656977035032	0.20377962203779623	chr11	65265153.0	65265267.0	antisense	0.6514454937484975	0.1861219157219781	0.15
Nkx2-5(var.2)	1	12	0.42146919368744856	0.3999600039996	chr11	65265153.0	65265267.0	sense	0.70992100789921	0.14878997204430744	0.15
NEUROG2	4	14	0.41966270853330767	0.206979302069793	chr11	65265153.0	65265267.0	antisense	0.6514454937484975	0.1861219157219781	0.15
POU2F1	9	21	0.41961612741209575	0.5381461853814619	chr11	65265153.0	65265267.0	antisense	0.7956240587640401	0.09929209277926905	0.15
RFX4	1	17	0.41870819768490863	0.5496450354964504	chr11	65265153.0	65265267.0	sense	0.7956240587640401	0.09929209277926905	0.15
NR3C1	1	18	0.41740100210635006	0.3544645535446455	chr11	65265153.0	65265267.0	antisense	0.6948029725329354	0.15813833220552387	0.15
NKX3-2	4	13	0.4171134261886187	0.44815518448155184	chr11	65265153.0	65265267.0	sense	0.7337304124477142	0.13446347944711393	0.15
HOXA2	7	17	0.41700976798519873	0.7131286871312869	chr11	65265153.0	65265267.0	sense	0.8461671932354277	0.07254381671805445	0.15
TBX20	3	14	0.4143891740166766	0.3748625137486251	chr11	65265153.0	65265267.0	antisense	0.7058810248007458	0.15126849247050317	0.15
GBX2	7	17	0.4137957320867975	0.4714528547145285	chr11	65265153.0	65265267.0	sense	0.7561586433949198	0.12138707920376204	0.15
GATA1::TAL1	2	20	0.4132491797545575	0.7188281171882812	chr11	65265153.0	65265267.0	sense	0.8461671932354277	0.07254381671805445	0.15
SOX8	8	24	0.4118558919745671	0.10978902109789021	chr11	65265153.0	65265267.0	sense	0.6366381219020956	0.19610735937505475	0.15
Foxd3	6	18	0.41058896284587115	0.3601639836016398	chr11	65265153.0	65265267.0	sense	0.6948888754247252	0.15808464094729824	0.15
Sox17	4	13	0.40723782086975424	0.4096590340965903	chr11	65265153.0	65265267.0	sense	0.70992100789921	0.14878997204430744	0.15
MEOX2	11	21	0.40651390711963625	0.7526247375262474	chr11	65265153.0	65265267.0	antisense	0.8491570408176574	0.0710119850757059	0.15
STAT1	12	23	0.40437473599892154	0.30246975302469753	chr11	65265153.0	65265267.0	antisense	0.6905062434932978	0.1608323902172422	0.15
TEAD4	8	18	0.40286300777220185	0.5585441455854414	chr11	65265153.0	65265267.0	sense	0.7956744219195102	0.09926460272534803	0.15
Nkx3-1	4	13	0.4026473310924274	0.40235976402359763	chr11	65265153.0	65265267.0	sense	0.70992100789921	0.14878997204430744	0.15
Dlx3	8	16	0.40152504900349756	0.6327367263273672	chr11	65265153.0	65265267.0	sense	0.8108403974417373	0.09106462215345323	0.15
HNF1B	11	24	0.4010988845401808	0.38806119388061194	chr11	65265153.0	65265267.0	antisense	0.7066798583299565	0.1507772866969001	0.15
Bcl6	9	23	0.399378945008572	0.607039296070393	chr11	65265153.0	65265267.0	antisense	0.807090390705175	0.09307782341160051	0.15
MEF2C	3	18	0.396736998040925	0.5235476452354765	chr11	65265153.0	65265267.0	antisense	0.7918819069101736	0.10133957977577471	0.15
SOX10	15	21	0.39549988916916173	0.3134686531346865	chr11	65265153.0	65265267.0	sense	0.6905062434932978	0.1608323902172422	0.15
INSM1	1	13	0.3948273114485483	0.3381661833816618	chr11	65265153.0	65265267.0	antisense	0.6905062434932978	0.1608323902172422	0.15
CREB3L1	9	23	0.392620390039802	0.46145385461453853	chr11	65265153.0	65265267.0	antisense	0.7484204704529548	0.12585434238637988	0.15
FOXP3	9	16	0.3914041172809381	0.37596240375962403	chr11	65265153.0	65265267.0	antisense	0.7058810248007458	0.15126849247050317	0.15
E2F6	9	20	0.3904303439305143	0.32696730326967305	chr11	65265153.0	65265267.0	antisense	0.6905062434932978	0.1608323902172422	0.15
BHLHE40	4	14	0.3872833228023733	0.3728627137286271	chr11	65265153.0	65265267.0	antisense	0.7058810248007458	0.15126849247050317	0.15
PPARG	1	21	0.38708739787692786	0.5503449655034497	chr11	65265153.0	65265267.0	sense	0.7956240587640401	0.09929209277926905	0.15
REL	14	24	0.38663170710176137	0.5213478652134786	chr11	65265153.0	65265267.0	sense	0.7918819069101736	0.10133957977577471	0.15
Gfi1b	11	22	0.38632669188840635	0.403959604039596	chr11	65265153.0	65265267.0	sense	0.70992100789921	0.14878997204430744	0.15
ONECUT1	4	18	0.38623952113138127	0.4156584341565843	chr11	65265153.0	65265267.0	antisense	0.714326911679693	0.14610298787934067	0.15
Vdr	8	24	0.3860444474365772	0.3301669833016698	chr11	65265153.0	65265267.0	sense	0.6905062434932978	0.1608323902172422	0.15
Dlx4	8	16	0.3843719396086601	0.6220377962203779	chr11	65265153.0	65265267.0	sense	0.8083166745669573	0.09241846215440731	0.15
EMX1	7	17	0.3835721865686153	0.7711228877112288	chr11	65265153.0	65265267.0	sense	0.8590739652149435	0.06596944233662594	0.15
IRF8	10	24	0.3820910285933132	0.21057894210578942	chr11	65265153.0	65265267.0	antisense	0.6514454937484975	0.1861219157219781	0.15
HSF2	6	19	0.3812330716929217	0.38776122387761225	chr11	65265153.0	65265267.0	antisense	0.7066798583299565	0.1507772866969001	0.15
GATA2	7	21	0.3811877615182689	0.5764423557644236	chr11	65265153.0	65265267.0	sense	0.7956744219195102	0.09926460272534803	0.15
MGA	3	11	0.37892290335098455	0.35476452354764526	chr11	65265153.0	65265267.0	antisense	0.6948029725329354	0.15813833220552387	0.15
Crem	10	20	0.3785125106746834	0.43145685431456854	chr11	65265153.0	65265267.0	sense	0.7186445912370788	0.14348583872143428	0.15
RORA(var.2)	6	20	0.3779094393562042	0.39566043395660433	chr11	65265153.0	65265267.0	sense	0.70992100789921	0.14878997204430744	0.15
POU5F1B	13	22	0.3759534800063219	0.48155184481551844	chr11	65265153.0	65265267.0	sense	0.7601339263663994	0.11910988356426377	0.15
FOXD2	9	16	0.37349194555989146	0.38446155384461556	chr11	65265153.0	65265267.0	antisense	0.7065395933904843	0.1508634959396941	0.15
Hoxa9	4	15	0.37270973111844885	0.42775722427757223	chr11	65265153.0	65265267.0	sense	0.7186445912370788	0.14348583872143428	0.15
Sox3	5	15	0.3692812329937396	0.3227677232276772	chr11	65265153.0	65265267.0	sense	0.6905062434932978	0.1608323902172422	0.15
TBX21	4	14	0.36887069469317324	0.42705729427057293	chr11	65265153.0	65265267.0	antisense	0.7186445912370788	0.14348583872143428	0.15
Gata1	2	13	0.36849564634972926	0.40285971402859716	chr11	65265153.0	65265267.0	sense	0.70992100789921	0.14878997204430744	0.15
POU1F1	7	21	0.3667098623348314	0.6157384261573843	chr11	65265153.0	65265267.0	antisense	0.8083166745669573	0.09241846215440731	0.15
RFX3	1	17	0.365491923220507	0.5893410658934106	chr11	65265153.0	65265267.0	sense	0.7965312843715628	0.09879716228202928	0.15
FOXC1	8	19	0.3638148351881191	0.48475152484751527	chr11	65265153.0	65265267.0	antisense	0.7601339263663994	0.11910988356426377	0.15
Sox1	7	22	0.36371121703720827	0.33426657334266574	chr11	65265153.0	65265267.0	sense	0.6905062434932978	0.1608323902172422	0.15
SRF	2	18	0.3636018358744228	0.408959104089591	chr11	65265153.0	65265267.0	sense	0.70992100789921	0.14878997204430744	0.15
Id2	5	13	0.36290592738432753	0.27117288271172885	chr11	65265153.0	65265267.0	antisense	0.6898957163107219	0.1612165516592778	0.15
POU3F1	12	24	0.3624799598860684	0.6484351564843516	chr11	65265153.0	65265267.0	sense	0.8193319354195967	0.08654011714572013	0.15
ETV2	9	20	0.3614569317712186	0.39706029397060294	chr11	65265153.0	65265267.0	antisense	0.70992100789921	0.14878997204430744	0.15
DLX6	8	16	0.3594491514965719	0.5849415058494151	chr11	65265153.0	65265267.0	sense	0.7965312843715628	0.09879716228202928	0.15
POU6F2	13	23	0.3586114902941359	0.5294470552944706	chr11	65265153.0	65265267.0	sense	0.7918819069101736	0.10133957977577471	0.15
Prrx2	4	12	0.35811632625782647	0.7365263473652635	chr11	65265153.0	65265267.0	sense	0.8475768831099151	0.07182089678747125	0.15
EVX2	14	24	0.358048605708728	0.863013698630137	chr11	65265153.0	65265267.0	sense	0.8940201788204413	0.04865267868566208	0.15
TBX19	1	21	0.3570640162605773	0.671032896710329	chr11	65265153.0	65265267.0	antisense	0.8330417554903221	0.07933322941608333	0.15
ISL2	16	24	0.3567073092525517	0.6901309869013099	chr11	65265153.0	65265267.0	sense	0.84392872188191	0.07369423228499326	0.15
LHX9	4	12	0.35428998647923104	0.6242375762423757	chr11	65265153.0	65265267.0	sense	0.8083166745669573	0.09241846215440731	0.15
Nobox	7	15	0.3508124750408605	0.46665333466653336	chr11	65265153.0	65265267.0	antisense	0.7521524245091019	0.12369414023907979	0.15
Sox2	5	13	0.35021548191923835	0.24227577242275772	chr11	65265153.0	65265267.0	sense	0.6615250846049415	0.17945368299733358	0.15
OTX1	12	20	0.3499043823250837	0.5205479452054794	chr11	65265153.0	65265267.0	sense	0.7918819069101736	0.10133957977577471	0.15
RARA(var.2)	7	24	0.34980078048936175	0.35326467353264673	chr11	65265153.0	65265267.0	sense	0.6948029725329354	0.15813833220552387	0.15
Arnt	6	12	0.3484960176871101	0.2086791320867913	chr11	65265153.0	65265267.0	antisense	0.6514454937484975	0.1861219157219781	0.15
RAX2	4	12	0.3479196442891621	0.7309269073092691	chr11	65265153.0	65265267.0	sense	0.8475768831099151	0.07182089678747125	0.15
TBX1	3	11	0.34763993009756416	0.3350664933506649	chr11	65265153.0	65265267.0	antisense	0.6905062434932978	0.1608323902172422	0.15
USF2	3	14	0.34717269711294113	0.5343465653434657	chr11	65265153.0	65265267.0	antisense	0.7933975173911181	0.10050916280442564	0.15
MLX	4	14	0.34664902478509235	0.38436156384361564	chr11	65265153.0	65265267.0	sense	0.7065395933904843	0.1508634959396941	0.15
EVX1	7	17	0.34331092331104535	0.8658134186581342	chr11	65265153.0	65265267.0	antisense	0.8940528566191001	0.048636804851250895	0.15
Srebf1(var.2)	4	14	0.3402535451683342	0.37096290370962903	chr11	65265153.0	65265267.0	antisense	0.7058810248007458	0.15126849247050317	0.15
SHOX	4	12	0.3394201164439707	0.7026297370262974	chr11	65265153.0	65265267.0	antisense	0.8456932084569321	0.0727871571012047	0.15
NOTO	3	13	0.33786263304137354	0.6943305669433056	chr11	65265153.0	65265267.0	sense	0.84392872188191	0.07369423228499326	0.15
TBX15	3	11	0.33482347062122736	0.3193680631936806	chr11	65265153.0	65265267.0	antisense	0.6905062434932978	0.1608323902172422	0.15
ZNF143	4	20	0.33385253723138475	0.39886011398860116	chr11	65265153.0	65265267.0	sense	0.70992100789921	0.14878997204430744	0.15
FOXD1	8	16	0.3318882868501962	0.4206579342065793	chr11	65265153.0	65265267.0	antisense	0.7186445912370788	0.14348583872143428	0.15
JUND(var.2)	7	22	0.3315608049457195	0.7004299570042996	chr11	65265153.0	65265267.0	sense	0.8456932084569321	0.0727871571012047	0.15
FOXI1	9	16	0.3312902950235261	0.3090690930906909	chr11	65265153.0	65265267.0	antisense	0.6905062434932978	0.1608323902172422	0.15
SOX21	7	22	0.3312548827636479	0.2800719928007199	chr11	65265153.0	65265267.0	sense	0.6905062434932978	0.1608323902172422	0.15
BSX	4	12	0.32831787992555217	0.5953404659534046	chr11	65265153.0	65265267.0	sense	0.7984023303096046	0.0977782041366103	0.15
FOXO4	9	16	0.32795663227487426	0.35166483351664835	chr11	65265153.0	65265267.0	antisense	0.6948029725329354	0.15813833220552387	0.15
Foxo1	6	17	0.3272749719195666	0.5313468653134686	chr11	65265153.0	65265267.0	sense	0.7924397215450869	0.101033763300727	0.15
ZBED1	10	23	0.32724755331825317	0.39976002399760024	chr11	65265153.0	65265267.0	antisense	0.70992100789921	0.14878997204430744	0.15
HOXB2	7	17	0.32671282809078667	0.857014298570143	chr11	65265153.0	65265267.0	sense	0.8900997900209979	0.05056130141572881	0.15
Crx	6	17	0.32601878703559645	0.5692430756924307	chr11	65265153.0	65265267.0	sense	0.7956744219195102	0.09926460272534803	0.15
PITX3	8	17	0.324791041958459	0.7332266773322668	chr11	65265153.0	65265267.0	antisense	0.8475768831099151	0.07182089678747125	0.15
CREB1	12	20	0.32431836348171494	0.55994400559944	chr11	65265153.0	65265267.0	sense	0.7956744219195102	0.09926460272534803	0.15
Foxq1	6	17	0.3238113254196018	0.4343565643435656	chr11	65265153.0	65265267.0	sense	0.7186445912370788	0.14348583872143428	0.15
HSF1	6	19	0.32324256206262036	0.43255674432556745	chr11	65265153.0	65265267.0	antisense	0.7186445912370788	0.14348583872143428	0.15
Nr2f6	1	15	0.32241042687552823	0.5289471052894711	chr11	65265153.0	65265267.0	sense	0.7918819069101736	0.10133957977577471	0.15
BARX1	4	12	0.32222046311417024	0.6245375462453755	chr11	65265153.0	65265267.0	sense	0.8083166745669573	0.09241846215440731	0.15
TP73	4	22	0.32184051129517655	0.7465253474652535	chr11	65265153.0	65265267.0	sense	0.8491570408176574	0.0710119850757059	0.15
Hoxd9	6	16	0.32141201657528007	0.641035896410359	chr11	65265153.0	65265267.0	antisense	0.815435368227883	0.08861045563455297	0.15
GSC	8	18	0.32055030752554703	0.7858214178582141	chr11	65265153.0	65265267.0	sense	0.864070584466977	0.06345077928913076	0.15
ATF7	9	23	0.3158679701463525	0.5692430756924307	chr11	65265153.0	65265267.0	antisense	0.7956744219195102	0.09926460272534803	0.15
ARNT::HIF1A	5	13	0.31494570839430874	0.5493450654934506	chr11	65265153.0	65265267.0	antisense	0.7956240587640401	0.09929209277926905	0.15
Pou2f3	8	24	0.313763170012396	0.7624237576242375	chr11	65265153.0	65265267.0	antisense	0.8583469201886752	0.06633714679922956	0.15
TGIF2	5	17	0.31312939694499264	0.4350564943505649	chr11	65265153.0	65265267.0	sense	0.7186445912370788	0.14348583872143428	0.15
HESX1	3	13	0.3112995473322795	0.6725327467253275	chr11	65265153.0	65265267.0	antisense	0.8330417554903221	0.07933322941608333	0.15
FOXO6	9	16	0.31124273595000784	0.32986701329867013	chr11	65265153.0	65265267.0	antisense	0.6905062434932978	0.1608323902172422	0.15
SPDEF	1	12	0.3104945039631803	0.5741425857414258	chr11	65265153.0	65265267.0	sense	0.7956744219195102	0.09926460272534803	0.15
Creb5	10	22	0.310472814937505	0.5064493550644935	chr11	65265153.0	65265267.0	antisense	0.7830556230091277	0.10620738748491289	0.15
FOXO3	8	16	0.3065233757620542	0.3371662833716628	chr11	65265153.0	65265267.0	antisense	0.6905062434932978	0.1608323902172422	0.15
MTF1	5	19	0.3064782507420472	0.45265473452654736	chr11	65265153.0	65265267.0	antisense	0.738766689368799	0.13149269491758522	0.15
RXRB	5	19	0.30594788041915516	0.33926607339266074	chr11	65265153.0	65265267.0	antisense	0.6905062434932978	0.1608323902172422	0.15
ALX3	11	21	0.30567630036595284	0.8519148085191481	chr11	65265153.0	65265267.0	antisense	0.8889851978657556	0.05110547023197022	0.15
Hoxa11	8	20	0.3035765958920724	0.825017498250175	chr11	65265153.0	65265267.0	antisense	0.8738450644731445	0.058565562341762835	0.15
VSX1	5	13	0.30261215192242724	0.7153284671532847	chr11	65265153.0	65265267.0	sense	0.8461671932354277	0.07254381671805445	0.15
MIXL1	7	17	0.3018086127572915	0.8994100589941005	chr11	65265153.0	65265267.0	sense	0.9117066808944105	0.04014486272266541	0.15
SREBF2	4	14	0.3008912097602856	0.5285471452854714	chr11	65265153.0	65265267.0	antisense	0.7918819069101736	0.10133957977577471	0.15
RXRG	5	19	0.30078174210488867	0.37246275372462756	chr11	65265153.0	65265267.0	antisense	0.7058810248007458	0.15126849247050317	0.15
GBX1	7	17	0.3007033119591853	0.6623337666233376	chr11	65265153.0	65265267.0	sense	0.8243434649340822	0.08389180062533859	0.15
NR4A2	1	9	0.30045388451070393	0.6224377562243776	chr11	65265153.0	65265267.0	sense	0.8083166745669573	0.09241846215440731	0.15
LHX6	11	21	0.29913619282408965	0.7059294070592941	chr11	65265153.0	65265267.0	antisense	0.8461370952973987	0.07255926472996649	0.15
FOXP2	7	18	0.29884340031654233	0.46335366463353667	chr11	65265153.0	65265267.0	antisense	0.7491605979588958	0.1254250723793201	0.15
FOXB1	8	19	0.29884054497709606	0.6118388161183882	chr11	65265153.0	65265267.0	antisense	0.8083166745669573	0.09241846215440731	0.15
Rxra	5	19	0.2979499476097899	0.36636336366363365	chr11	65265153.0	65265267.0	antisense	0.7016331577174386	0.15388989530699776	0.15
VAX1	8	16	0.2977740413428547	0.8229177082291771	chr11	65265153.0	65265267.0	sense	0.8734034572002922	0.058785093339755234	0.15
E2F2	8	24	0.2968486272551253	0.3648635136486351	chr11	65265153.0	65265267.0	antisense	0.7013487540134875	0.15406597022274385	0.15
FOXL1	9	16	0.2967708877241694	0.40635936406359363	chr11	65265153.0	65265267.0	antisense	0.70992100789921	0.14878997204430744	0.15
NFATC2	1	8	0.2964387753833165	0.5285471452854714	chr11	65265153.0	65265267.0	sense	0.7918819069101736	0.10133957977577471	0.15
RAX	4	14	0.29621133890083917	0.7445255474452555	chr11	65265153.0	65265267.0	sense	0.8491570408176574	0.0710119850757059	0.15
LHX2	7	17	0.29619930222323454	0.7147285271472853	chr11	65265153.0	65265267.0	sense	0.8461671932354277	0.07254381671805445	0.15
MSX2	4	12	0.29543395846257176	0.5675432456754325	chr11	65265153.0	65265267.0	sense	0.7956744219195102	0.09926460272534803	0.15
MEOX1	11	21	0.2943664937135626	0.814018598140186	chr11	65265153.0	65265267.0	antisense	0.872534672762232	0.059217306042003426	0.15
NFIL3	12	23	0.29360345563622836	0.5822417758224178	chr11	65265153.0	65265267.0	sense	0.7965312843715628	0.09879716228202928	0.15
HES5	5	17	0.2920716197920915	0.43545645435456454	chr11	65265153.0	65265267.0	sense	0.7186445912370788	0.14348583872143428	0.15
Nr2e1	15	24	0.2906241570327249	0.5948405159484051	chr11	65265153.0	65265267.0	sense	0.7984023303096046	0.0977782041366103	0.15
POU2F2	7	20	0.28989381430993016	0.6357364263573643	chr11	65265153.0	65265267.0	sense	0.8118286451453135	0.09053562878978307	0.15
ELF3	8	21	0.2889434672125301	0.5914408559144085	chr11	65265153.0	65265267.0	antisense	0.79729299797293	0.09838204997295633	0.15
VAX2	8	16	0.28874483350684116	0.8104189581041896	chr11	65265153.0	65265267.0	sense	0.872534672762232	0.059217306042003426	0.15
PAX1	7	24	0.2882799993517052	0.7014298570142986	chr11	65265153.0	65265267.0	antisense	0.8456932084569321	0.0727871571012047	0.15
HNF1A	3	18	0.287642220683727	0.7039296070392961	chr11	65265153.0	65265267.0	sense	0.8456932084569321	0.0727871571012047	0.15
TCF7L2	7	21	0.28594143101964786	0.7358264173582642	chr11	65265153.0	65265267.0	antisense	0.8475768831099151	0.07182089678747125	0.15
DMRT3	10	21	0.2850256053320472	0.8061193880611939	chr11	65265153.0	65265267.0	sense	0.872534672762232	0.059217306042003426	0.15
SREBF2(var.2)	4	14	0.28475725833171317	0.47205279472052797	chr11	65265153.0	65265267.0	antisense	0.7561586433949198	0.12138707920376204	0.15
IRF1	1	22	0.28330126117884746	0.585041495850415	chr11	65265153.0	65265267.0	antisense	0.7965312843715628	0.09879716228202928	0.15
ONECUT3	4	18	0.2823914656623037	0.5112488751124887	chr11	65265153.0	65265267.0	antisense	0.7850241603058629	0.10511697697952259	0.15
TEAD3	16	24	0.28225602135633177	0.5422457754224578	chr11	65265153.0	65265267.0	sense	0.7956240587640401	0.09929209277926905	0.15
HOXB13	4	14	0.2814944948433882	0.5497450254974503	chr11	65265153.0	65265267.0	sense	0.7956240587640401	0.09929209277926905	0.15
CDX1	7	16	0.2789551496561602	0.6577342265773423	chr11	65265153.0	65265267.0	antisense	0.8243434649340822	0.08389180062533859	0.15
Dux	4	12	0.27889004146402735	0.48955104489551043	chr11	65265153.0	65265267.0	sense	0.7616417998918671	0.11824922932391017	0.15
MEF2B	4	16	0.27883025507558684	0.43545645435456454	chr11	65265153.0	65265267.0	sense	0.7186445912370788	0.14348583872143428	0.15
IRF9	4	19	0.2785465728256332	0.35326467353264673	chr11	65265153.0	65265267.0	antisense	0.6948029725329354	0.15813833220552387	0.15
HOXC11	9	20	0.27789148316380025	0.7161283871612839	chr11	65265153.0	65265267.0	antisense	0.8461671932354277	0.07254381671805445	0.15
POU3F3	11	24	0.27764482119612677	0.7524247575242475	chr11	65265153.0	65265267.0	sense	0.8491570408176574	0.0710119850757059	0.15
EN1	4	12	0.276441278914769	0.6904309569043096	chr11	65265153.0	65265267.0	sense	0.84392872188191	0.07369423228499326	0.15
T	3	19	0.2760368363742419	0.7173282671732827	chr11	65265153.0	65265267.0	antisense	0.8461671932354277	0.07254381671805445	0.15
JDP2(var.2)	10	22	0.27579602300036116	0.5749425057494251	chr11	65265153.0	65265267.0	antisense	0.7956744219195102	0.09926460272534803	0.15
HOXC13	9	20	0.27529060922048043	0.6541345865413458	chr11	65265153.0	65265267.0	antisense	0.824019054405239	0.08406274567257661	0.15
HOXD12	9	20	0.2726563453741414	0.6324367563243676	chr11	65265153.0	65265267.0	antisense	0.8108403974417373	0.09106462215345323	0.15
EMX2	3	13	0.2720279649910013	0.8128187181281872	chr11	65265153.0	65265267.0	sense	0.872534672762232	0.059217306042003426	0.15
DUXA	7	20	0.27040889952756314	0.8038196180381961	chr11	65265153.0	65265267.0	sense	0.872534672762232	0.059217306042003426	0.15
PROX1	10	22	0.2703283753127852	0.5883411658834117	chr11	65265153.0	65265267.0	sense	0.7965312843715628	0.09879716228202928	0.15
HOXA13	4	14	0.2698536230046495	0.5854414558544145	chr11	65265153.0	65265267.0	sense	0.7965312843715628	0.09879716228202928	0.15
PKNOX2	5	17	0.26805398866698776	0.39786021397860216	chr11	65265153.0	65265267.0	sense	0.70992100789921	0.14878997204430744	0.15
RFX2	1	17	0.26760217328850633	0.6601339866013398	chr11	65265153.0	65265267.0	antisense	0.8243434649340822	0.08389180062533859	0.15
Foxj2	8	16	0.2671110891487414	0.48025197480251974	chr11	65265153.0	65265267.0	antisense	0.7601339263663994	0.11910988356426377	0.15
UNCX	12	20	0.2662202292903948	0.8415158484151585	chr11	65265153.0	65265267.0	antisense	0.8827359688273596	0.05416917686232408	0.15
LEF1	2	17	0.26603869685593373	0.6622337766223377	chr11	65265153.0	65265267.0	antisense	0.8243434649340822	0.08389180062533859	0.15
FOXG1	8	16	0.2654699146784806	0.41035896410358963	chr11	65265153.0	65265267.0	antisense	0.70992100789921	0.14878997204430744	0.15
Msx3	5	13	0.2639437759439749	0.6268373162683731	chr11	65265153.0	65265267.0	sense	0.8092750426449893	0.09190385267391597	0.15
PKNOX1	5	17	0.26264777850787985	0.40535946405359463	chr11	65265153.0	65265267.0	sense	0.70992100789921	0.14878997204430744	0.15
PAX3	5	15	0.26151214104845333	0.48555144485551444	chr11	65265153.0	65265267.0	antisense	0.7601339263663994	0.11910988356426377	0.15
SREBF1	4	14	0.2614338868855921	0.5642435756424358	chr11	65265153.0	65265267.0	sense	0.7956744219195102	0.09926460272534803	0.15
HOXC12	9	20	0.2608747819140692	0.6845315468453155	chr11	65265153.0	65265267.0	antisense	0.8427372902520175	0.074307788572684	0.15
HOXD13	4	14	0.25970793689319477	0.5658434156584341	chr11	65265153.0	65265267.0	sense	0.7956744219195102	0.09926460272534803	0.15
Lhx8	4	12	0.25741998982899655	0.7444255574442555	chr11	65265153.0	65265267.0	sense	0.8491570408176574	0.0710119850757059	0.15
Sox5	7	14	0.25709223752447113	0.5449455054494551	chr11	65265153.0	65265267.0	sense	0.7956240587640401	0.09929209277926905	0.15
mix-a	7	18	0.256867237688438	0.6567343265673433	chr11	65265153.0	65265267.0	antisense	0.8243434649340822	0.08389180062533859	0.15
TP63	6	24	0.25678029813086367	0.5681431856814319	chr11	65265153.0	65265267.0	sense	0.7956744219195102	0.09926460272534803	0.15
GATA5	3	11	0.2567160817902536	0.7967203279672033	chr11	65265153.0	65265267.0	antisense	0.8705217899262705	0.060220353637629086	0.15
HOXA10	6	17	0.256631966335892	0.8375162483751625	chr11	65265153.0	65265267.0	antisense	0.8827359688273596	0.05416917686232408	0.15
Dlx2	8	16	0.25619804237801375	0.7393260673932607	chr11	65265153.0	65265267.0	antisense	0.8489164357900493	0.07113505800269897	0.15
POU6F1	11	21	0.2535620552673054	0.7359264073592641	chr11	65265153.0	65265267.0	sense	0.8475768831099151	0.07182089678747125	0.15
PAX7	5	15	0.2516184686184883	0.4791520847915208	chr11	65265153.0	65265267.0	antisense	0.7601339263663994	0.11910988356426377	0.15
HOXD11	9	19	0.2512026756374416	0.7038296170382962	chr11	65265153.0	65265267.0	antisense	0.8456932084569321	0.0727871571012047	0.15
PAX9	3	20	0.2497718710720155	0.6939306069393061	chr11	65265153.0	65265267.0	sense	0.84392872188191	0.07369423228499326	0.15
Rarb(var.2)	1	18	0.24906235658863188	0.5576442355764424	chr11	65265153.0	65265267.0	antisense	0.7956744219195102	0.09926460272534803	0.15
PBX1	5	17	0.24646567871895056	0.7307269273072693	chr11	65265153.0	65265267.0	sense	0.8475768831099151	0.07182089678747125	0.15
TGIF1	11	23	0.24624096934925951	0.43565643435656437	chr11	65265153.0	65265267.0	antisense	0.7186445912370788	0.14348583872143428	0.15
E2F3	5	23	0.2458125778123614	0.5568443155684432	chr11	65265153.0	65265267.0	antisense	0.7956744219195102	0.09926460272534803	0.15
NKX6-2	4	12	0.24499935564130074	0.8482151784821518	chr11	65265153.0	65265267.0	sense	0.8875477371617676	0.051808278916938476	0.15
TP53	4	22	0.24400884558105837	0.8198180181981802	chr11	65265153.0	65265267.0	sense	0.872534672762232	0.059217306042003426	0.15
Rarg	4	20	0.24376959593867284	0.519048095190481	chr11	65265153.0	65265267.0	antisense	0.7918819069101736	0.10133957977577471	0.15
ESR1	1	18	0.24355607228445492	0.6934306569343066	chr11	65265153.0	65265267.0	antisense	0.84392872188191	0.07369423228499326	0.15
Pitx1	12	20	0.2433631197139616	0.853014698530147	chr11	65265153.0	65265267.0	sense	0.8889851978657556	0.05110547023197022	0.15
Esrra	13	24	0.2428857716159407	0.6142385761423858	chr11	65265153.0	65265267.0	sense	0.8083166745669573	0.09241846215440731	0.15
MEF2A	4	16	0.24145395119851604	0.549045095490451	chr11	65265153.0	65265267.0	sense	0.7956240587640401	0.09929209277926905	0.15
RFX5	1	17	0.23877920958381127	0.7196280371962803	chr11	65265153.0	65265267.0	antisense	0.8461671932354277	0.07254381671805445	0.15
RORA	13	23	0.23860598589684834	0.7894210578942106	chr11	65265153.0	65265267.0	sense	0.8650229913717489	0.06297234930606997	0.15
Rarb	7	23	0.23818669483514235	0.48065193480651935	chr11	65265153.0	65265267.0	sense	0.7601339263663994	0.11910988356426377	0.15
Arid3b	5	16	0.23722064188338143	0.7641235876412359	chr11	65265153.0	65265267.0	sense	0.858398575726843	0.06631101163214026	0.15
HOXC10	9	19	0.23718210363039077	0.8192180781921807	chr11	65265153.0	65265267.0	antisense	0.872534672762232	0.059217306042003426	0.15
VSX2	4	12	0.2345444731406783	0.7783221677832217	chr11	65265153.0	65265267.0	sense	0.8590739652149435	0.06596944233662594	0.15
BHLHE41	4	14	0.23406297125545483	0.6297370262973703	chr11	65265153.0	65265267.0	antisense	0.8108403974417373	0.09106462215345323	0.15
NFE2	6	17	0.23336781881773452	0.6488351164883511	chr11	65265153.0	65265267.0	antisense	0.8193319354195967	0.08654011714572013	0.15
OTX2	12	20	0.23069132383246885	0.8128187181281872	chr11	65265153.0	65265267.0	sense	0.872534672762232	0.059217306042003426	0.15
MNX1	7	17	0.229483086757838	0.8901109889011098	chr11	65265153.0	65265267.0	antisense	0.907598434655552	0.0421062618186599	0.15
POU3F4	12	21	0.22811667109029718	0.6366363363663634	chr11	65265153.0	65265267.0	antisense	0.8118286451453135	0.09053562878978307	0.15
Nr2e3	6	13	0.22724649689240536	0.6080391960803919	chr11	65265153.0	65265267.0	sense	0.807090390705175	0.09307782341160051	0.15
Nr2f6(var.2)	5	20	0.2259163392491065	0.535046495350465	chr11	65265153.0	65265267.0	antisense	0.7933975173911181	0.10050916280442564	0.15
Rarg(var.2)	7	24	0.22295589042870717	0.6003399660033997	chr11	65265153.0	65265267.0	sense	0.8030320679272279	0.09526711145137925	0.15
Gata4	3	14	0.22274131382199813	0.7245275472452755	chr11	65265153.0	65265267.0	sense	0.8469139572529233	0.07216070984450665	0.15
ZNF410	1	18	0.22076729280356278	0.587041295870413	chr11	65265153.0	65265267.0	sense	0.7965312843715628	0.09879716228202928	0.15
PAX4	4	12	0.2177225777858581	0.8193180681931806	chr11	65265153.0	65265267.0	sense	0.872534672762232	0.059217306042003426	0.15
Esrrg	14	24	0.21518593483259632	0.8678132186781322	chr11	65265153.0	65265267.0	sense	0.8940528566191001	0.048636804851250895	0.15
JDP2	11	20	0.21423313703228963	0.6218378162183782	chr11	65265153.0	65265267.0	sense	0.8083166745669573	0.09241846215440731	0.15
POU3F2	10	22	0.2135429732889867	0.8044195580441956	chr11	65265153.0	65265267.0	antisense	0.872534672762232	0.059217306042003426	0.15
PDX1	8	16	0.2125687252146427	0.7728227177282272	chr11	65265153.0	65265267.0	antisense	0.8590739652149435	0.06596944233662594	0.15
NFIC::TLX1	9	23	0.21081793649958408	0.7796220377962204	chr11	65265153.0	65265267.0	antisense	0.8590739652149435	0.06596944233662594	0.15
MEF2D	4	16	0.20477321745189964	0.5761423857614238	chr11	65265153.0	65265267.0	sense	0.7956744219195102	0.09926460272534803	0.15
RHOXF1	8	16	0.19958132153073094	0.9225077492250775	chr11	65265153.0	65265267.0	antisense	0.9313858905371598	0.030870345432992788	0.15
PRRX1	4	12	0.1963025926580328	0.8832116788321168	chr11	65265153.0	65265267.0	sense	0.9023363411690327	0.04463155127541808	0.15
SMAD3	9	19	0.19538365232213753	0.7745225477452254	chr11	65265153.0	65265267.0	sense	0.8590739652149435	0.06596944233662594	0.15
HES7	5	17	0.1949774534090348	0.6852314768523148	chr11	65265153.0	65265267.0	sense	0.8427372902520175	0.074307788572684	0.15
Hnf4a	4	20	0.19386046929172324	0.7748225177482252	chr11	65265153.0	65265267.0	antisense	0.8590739652149435	0.06596944233662594	0.15
NR1H2::RXRA	3	20	0.19008271192073406	0.6464353564643536	chr11	65265153.0	65265267.0	antisense	0.8193319354195967	0.08654011714572013	0.15
CDX2	2	13	0.18771339409977725	0.7519248075192481	chr11	65265153.0	65265267.0	sense	0.8491570408176574	0.0710119850757059	0.15
MAFG::NFE2L1	4	10	0.18738970039412112	0.8943105689431057	chr11	65265153.0	65265267.0	antisense	0.9100379590221018	0.040940492239326755	0.15
Shox2	4	12	0.18703500951086624	0.8343165683431657	chr11	65265153.0	65265267.0	sense	0.8818947025867678	0.05458326613289882	0.15
Nkx2-5	9	16	0.18624722417062886	0.841915808419158	chr11	65265153.0	65265267.0	antisense	0.8827359688273596	0.05416917686232408	0.15
JUN	8	21	0.18251327447974106	0.9242075792420757	chr11	65265153.0	65265267.0	sense	0.9313858905371598	0.030870345432992788	0.15
LIN54	11	20	0.18132832761937362	0.7795220477952205	chr11	65265153.0	65265267.0	antisense	0.8590739652149435	0.06596944233662594	0.15
E2F7	9	23	0.1789305428153772	0.5601439856014399	chr11	65265153.0	65265267.0	sense	0.7956744219195102	0.09926460272534803	0.15
ESRRB	5	16	0.17608235062319416	0.8788121187881212	chr11	65265153.0	65265267.0	sense	0.899612405623343	0.045944564289524356	0.15
LBX1	8	16	0.17291805926889817	0.8575142485751425	chr11	65265153.0	65265267.0	antisense	0.8900997900209979	0.05056130141572881	0.15
BATF3	9	23	0.17129847075429042	0.7661233876612339	chr11	65265153.0	65265267.0	antisense	0.8587862596029814	0.06611491279929903	0.15
RELA	8	18	0.16798871367970422	0.8052194780521947	chr11	65265153.0	65265267.0	sense	0.872534672762232	0.059217306042003426	0.15
Lhx3	5	18	0.16241816002095788	0.7505249475052495	chr11	65265153.0	65265267.0	sense	0.8491570408176574	0.0710119850757059	0.15
NKX6-1	8	16	0.15722458044511553	0.896010398960104	chr11	65265153.0	65265267.0	antisense	0.9100379590221018	0.040940492239326755	0.15
Tcf7	5	17	0.1568923440833508	0.8117188281171883	chr11	65265153.0	65265267.0	antisense	0.872534672762232	0.059217306042003426	0.15
LMX1B	8	16	0.15564575392261704	0.9496050394960504	chr11	65265153.0	65265267.0	antisense	0.9532785599583175	0.020780174518496213	0.15
ISX	5	13	0.154450202930681	0.8204179582041796	chr11	65265153.0	65265267.0	sense	0.872534672762232	0.059217306042003426	0.15
DUX4	12	23	0.15369606196156313	0.8408159184081592	chr11	65265153.0	65265267.0	sense	0.8827359688273596	0.05416917686232408	0.15
RARA	2	20	0.15005779856416523	0.712928707129287	chr11	65265153.0	65265267.0	antisense	0.8461671932354277	0.07254381671805445	0.15
PHOX2A	12	23	0.1486739293715874	0.9039096090390961	chr11	65265153.0	65265267.0	sense	0.9144816512500797	0.03882500406485775	0.15
Phox2b	12	23	0.14569201305633767	0.8712128787121288	chr11	65265153.0	65265267.0	sense	0.8953653149536532	0.04799973351299122	0.15
Mecom	4	18	0.14343582915265735	0.8788121187881212	chr11	65265153.0	65265267.0	sense	0.899612405623343	0.045944564289524356	0.15
PROP1	12	23	0.13514358135482082	0.79002099790021	chr11	65265153.0	65265267.0	sense	0.8650229913717489	0.06297234930606997	0.15
LMX1A	8	16	0.13213663522751198	0.9551044895510449	chr11	65265153.0	65265267.0	antisense	0.9569483206119542	0.01911151538834398	0.15
Lhx4	12	20	0.13192256510168687	0.9442055794420557	chr11	65265153.0	65265267.0	sense	0.9496951467643934	0.02241578136945507	0.15
GATA3	3	11	0.12756186992144478	0.776022397760224	chr11	65265153.0	65265267.0	antisense	0.8590739652149435	0.06596944233662594	0.15
EWSR1-FLI1	5	23	0.11255057513787453	0.5089491050894911	chr11	65265153.0	65265267.0	antisense	0.7838118265324803	0.1057881879629847	0.15
BCL6B	5	22	0.07284230795265012	0.8682131786821318	chr11	65265153.0	65265267.0	antisense	0.8940528566191001	0.048636804851250895	0.15
Arid3a	7	13	0.05408529389694691	0.964003599640036	chr11	65265153.0	65265267.0	sense	0.964003599640036	0.015921344415752478	0.15
