motif	start	end	score	pval	tile_chr	tile_start	tile_end	strand	padj	neg_log_pval	fdr_cutoff
Gmeb1	7	24	1.3335848847426854	0.1116888311168883	chr11	65265153.0	65265267.0	antisense	0.5458417121250838	0.26293327948773165	0.15
NRF1	13	24	1.1356270540742033	0.0025997400259974	chr11	65265153.0	65265267.0	antisense	0.1221877812218778	0.9129722213703273	0.15
CTCF	1	20	1.1336183444255208	0.014998500149985002	chr11	65265153.0	65265267.0	sense	0.4535046495350465	0.34341825599735265	0.15
HIC2	1	10	1.0567992685927756	0.018998100189981004	chr11	65265153.0	65265267.0	sense	0.4535046495350465	0.34341825599735265	0.15
CEBPB	11	21	1.038672448232587	0.0025997400259974	chr11	65265153.0	65265267.0	sense	0.1221877812218778	0.9129722213703273	0.15
Hes1	4	14	1.0264808574870894	0.22397760223977603	chr11	65265153.0	65265267.0	sense	0.5458417121250838	0.26293327948773165	0.15
CEBPD	11	21	1.0209377380704276	0.0024997500249975004	chr11	65265153.0	65265267.0	sense	0.1221877812218778	0.9129722213703273	0.15
CEBPG	11	21	0.9785220229898204	0.001999800019998	chr11	65265153.0	65265267.0	sense	0.1221877812218778	0.9129722213703273	0.15
EGR1	5	19	0.939578886494226	0.0800919908009199	chr11	65265153.0	65265267.0	sense	0.5458417121250838	0.26293327948773165	0.15
NRL	11	22	0.9383956670216775	0.0974902509749025	chr11	65265153.0	65265267.0	sense	0.5458417121250838	0.26293327948773165	0.15
CENPB	4	19	0.9351664628892783	0.05299470052994701	chr11	65265153.0	65265267.0	sense	0.5458417121250838	0.26293327948773165	0.15
ZNF263	1	22	0.9265575296149006	0.1802819718028197	chr11	65265153.0	65265267.0	antisense	0.5458417121250838	0.26293327948773165	0.15
Tcfl5	13	23	0.910722016266485	0.21307869213078692	chr11	65265153.0	65265267.0	sense	0.5458417121250838	0.26293327948773165	0.15
MYBL2	7	22	0.8739431511985892	0.026297370262973702	chr11	65265153.0	65265267.0	sense	0.5458417121250838	0.26293327948773165	0.15
MAFF	3	21	0.8578031691720485	0.15328467153284672	chr11	65265153.0	65265267.0	antisense	0.5458417121250838	0.26293327948773165	0.15
Tcf12	3	14	0.8443222423554324	0.0192980701929807	chr11	65265153.0	65265267.0	antisense	0.4535046495350465	0.34341825599735265	0.15
RREB1	3	23	0.833148246147971	0.0380961903809619	chr11	65265153.0	65265267.0	sense	0.5458417121250838	0.26293327948773165	0.15
HINFP	8	20	0.8244090388156434	0.05319468053194681	chr11	65265153.0	65265267.0	sense	0.5458417121250838	0.26293327948773165	0.15
TBP	3	18	0.8205064154654104	0.23427657234276572	chr11	65265153.0	65265267.0	antisense	0.5458417121250838	0.26293327948773165	0.15
KLF5	2	12	0.8000008861088074	0.042195780421957804	chr11	65265153.0	65265267.0	sense	0.5458417121250838	0.26293327948773165	0.15
THAP1	11	20	0.7798950181258394	0.22007799220077992	chr11	65265153.0	65265267.0	antisense	0.5458417121250838	0.26293327948773165	0.15
ZEB1	3	12	0.7518542946821137	0.018698130186981302	chr11	65265153.0	65265267.0	sense	0.4535046495350465	0.34341825599735265	0.15
HLF	10	22	0.7517663882618643	0.08489151084891511	chr11	65265153.0	65265267.0	antisense	0.5458417121250838	0.26293327948773165	0.15
ETV6	9	19	0.7462247256144193	0.049095090490950906	chr11	65265153.0	65265267.0	antisense	0.5458417121250838	0.26293327948773165	0.15
SP1	2	13	0.7460539005351692	0.0755924407559244	chr11	65265153.0	65265267.0	sense	0.5458417121250838	0.26293327948773165	0.15
Stat6	9	24	0.7283096818320755	0.132986701329867	chr11	65265153.0	65265267.0	sense	0.5458417121250838	0.26293327948773165	0.15
ETV5	9	19	0.7207636434225371	0.12718728127187282	chr11	65265153.0	65265267.0	antisense	0.5458417121250838	0.26293327948773165	0.15
RUNX1	11	22	0.7166261819217266	0.17118288171182883	chr11	65265153.0	65265267.0	antisense	0.5458417121250838	0.26293327948773165	0.15
SOX9	5	14	0.7138553495283527	0.11638836116388361	chr11	65265153.0	65265267.0	sense	0.5458417121250838	0.26293327948773165	0.15
MZF1(var.2)	12	22	0.711230181407963	0.140985901409859	chr11	65265153.0	65265267.0	antisense	0.5458417121250838	0.26293327948773165	0.15
MAX	4	14	0.702668250233969	0.06989301069893011	chr11	65265153.0	65265267.0	sense	0.5458417121250838	0.26293327948773165	0.15
FOXA1	5	20	0.6978499984359557	0.18188181181881813	chr11	65265153.0	65265267.0	sense	0.5458417121250838	0.26293327948773165	0.15
STAT3	12	23	0.6927977194804699	0.0598940105989401	chr11	65265153.0	65265267.0	antisense	0.5458417121250838	0.26293327948773165	0.15
MAFK	8	23	0.6927339454204315	0.18218178182181782	chr11	65265153.0	65265267.0	sense	0.5458417121250838	0.26293327948773165	0.15
Gabpa	7	18	0.6847048997468663	0.07689231076892311	chr11	65265153.0	65265267.0	antisense	0.5458417121250838	0.26293327948773165	0.15
SP3	2	13	0.6833478689503439	0.1924807519248075	chr11	65265153.0	65265267.0	sense	0.5458417121250838	0.26293327948773165	0.15
CLOCK	4	14	0.676322657969443	0.0700929907009299	chr11	65265153.0	65265267.0	antisense	0.5458417121250838	0.26293327948773165	0.15
TCF3	4	14	0.6739624890470496	0.07979202079792021	chr11	65265153.0	65265267.0	sense	0.5458417121250838	0.26293327948773165	0.15
HNF4G	9	24	0.6635591863035946	0.22327767223277672	chr11	65265153.0	65265267.0	sense	0.5458417121250838	0.26293327948773165	0.15
ZBTB18	2	15	0.6541034064577356	0.08309169083091691	chr11	65265153.0	65265267.0	sense	0.5458417121250838	0.26293327948773165	0.15
Foxa2	9	21	0.6532214287088789	0.11958804119588042	chr11	65265153.0	65265267.0	sense	0.5458417121250838	0.26293327948773165	0.15
IRF2	5	23	0.6526542782384297	0.08999100089991001	chr11	65265153.0	65265267.0	antisense	0.5458417121250838	0.26293327948773165	0.15
NFYA	1	19	0.6402677361374962	0.2216778322167783	chr11	65265153.0	65265267.0	antisense	0.5458417121250838	0.26293327948773165	0.15
Arid5a	6	20	0.6379672842748694	0.43625637436256376	chr11	65265153.0	65265267.0	sense	0.6138848801686996	0.21191306305261606	0.15
ELK4	8	19	0.6360608411876295	0.1055894410558944	chr11	65265153.0	65265267.0	sense	0.5458417121250838	0.26293327948773165	0.15
Foxk1	4	21	0.6311917290056737	0.2585741425857414	chr11	65265153.0	65265267.0	antisense	0.5708578567430614	0.24347201735329285	0.15
ZBTB33	8	23	0.6289648879454	0.22777722227777222	chr11	65265153.0	65265267.0	antisense	0.5458417121250838	0.26293327948773165	0.15
MYBL1	7	19	0.6259037245929594	0.0791920807919208	chr11	65265153.0	65265267.0	sense	0.5458417121250838	0.26293327948773165	0.15
Nfe2l2	4	19	0.624253609728151	0.1810818918108189	chr11	65265153.0	65265267.0	sense	0.5458417121250838	0.26293327948773165	0.15
REST	1	22	0.6089678859057958	0.1065893410658934	chr11	65265153.0	65265267.0	antisense	0.5458417121250838	0.26293327948773165	0.15
PLAG1	3	17	0.6083371893678616	0.0988901109889011	chr11	65265153.0	65265267.0	antisense	0.5458417121250838	0.26293327948773165	0.15
NFIX	1	10	0.6047030397540406	0.28257174282571745	chr11	65265153.0	65265267.0	sense	0.5802480976392156	0.23638627471719004	0.15
GRHL1	4	16	0.6029645418401585	0.13388661133886612	chr11	65265153.0	65265267.0	antisense	0.5458417121250838	0.26293327948773165	0.15
DBP	10	22	0.5980836272144656	0.13738626137386262	chr11	65265153.0	65265267.0	antisense	0.5458417121250838	0.26293327948773165	0.15
E2F4	9	20	0.5978654305806493	0.146985301469853	chr11	65265153.0	65265267.0	antisense	0.5458417121250838	0.26293327948773165	0.15
NR2F1	6	19	0.590306467157937	0.23057694230576942	chr11	65265153.0	65265267.0	sense	0.5458417121250838	0.26293327948773165	0.15
Npas2	4	14	0.5895879752644008	0.1371862813718628	chr11	65265153.0	65265267.0	sense	0.5458417121250838	0.26293327948773165	0.15
TFE3	4	14	0.5883096080723441	0.29017098290170984	chr11	65265153.0	65265267.0	antisense	0.5802480976392156	0.23638627471719004	0.15
FOSL1	10	21	0.5857056598117931	0.08249175082491751	chr11	65265153.0	65265267.0	sense	0.5458417121250838	0.26293327948773165	0.15
Zfx	10	24	0.5784454558879524	0.28687131286871315	chr11	65265153.0	65265267.0	sense	0.5802480976392156	0.23638627471719004	0.15
NFYB	4	19	0.5783795874602484	0.26417358264173585	chr11	65265153.0	65265267.0	antisense	0.5708578567430614	0.24347201735329285	0.15
Foxj3	4	21	0.5779507305607654	0.3584641535846415	chr11	65265153.0	65265267.0	antisense	0.5860109641209792	0.2320942583629756	0.15
TFAP4	4	14	0.5775616174722774	0.07599240075992401	chr11	65265153.0	65265267.0	antisense	0.5458417121250838	0.26293327948773165	0.15
TFCP2	5	15	0.5660562445502241	0.16128387161283872	chr11	65265153.0	65265267.0	sense	0.5458417121250838	0.26293327948773165	0.15
Gfi1	6	16	0.5639281279235785	0.3016698330166983	chr11	65265153.0	65265267.0	antisense	0.5802480976392156	0.23638627471719004	0.15
MNT	4	14	0.5620752479388001	0.1907809219078092	chr11	65265153.0	65265267.0	sense	0.5458417121250838	0.26293327948773165	0.15
FOS	10	21	0.5606896779813727	0.13608639136086392	chr11	65265153.0	65265267.0	sense	0.5458417121250838	0.26293327948773165	0.15
ELF4	9	21	0.5541976156154338	0.12488751124887511	chr11	65265153.0	65265267.0	antisense	0.5458417121250838	0.26293327948773165	0.15
ELF1	9	21	0.5541250092261711	0.12738726127387262	chr11	65265153.0	65265267.0	antisense	0.5458417121250838	0.26293327948773165	0.15
Sox6	5	15	0.5533346408861411	0.12148785121487851	chr11	65265153.0	65265267.0	sense	0.5458417121250838	0.26293327948773165	0.15
E2F1	10	22	0.5530232927145836	0.24387561243875613	chr11	65265153.0	65265267.0	antisense	0.5591294529083677	0.2524876300831689	0.15
LBX2	3	13	0.5481435190768102	0.6027397260273972	chr11	65265153.0	65265267.0	sense	0.6909455395923821	0.16055618241828654	0.15
HMBOX1	7	17	0.5476954280360267	0.33036696330366966	chr11	65265153.0	65265267.0	sense	0.5825660424611744	0.23465483382015656	0.15
HSF4	6	19	0.5429529052520097	0.2986701329867013	chr11	65265153.0	65265267.0	antisense	0.5802480976392156	0.23638627471719004	0.15
MAFG	2	23	0.5417948355022795	0.43755624437556245	chr11	65265153.0	65265267.0	antisense	0.6138848801686996	0.21191306305261606	0.15
ETV3	9	19	0.5404748103722512	0.2273772622737726	chr11	65265153.0	65265267.0	antisense	0.5458417121250838	0.26293327948773165	0.15
Myc	5	15	0.5368099416637103	0.12198780121987801	chr11	65265153.0	65265267.0	sense	0.5458417121250838	0.26293327948773165	0.15
KLF16	2	13	0.5295694057120717	0.20087991200879912	chr11	65265153.0	65265267.0	sense	0.5458417121250838	0.26293327948773165	0.15
ZNF740	2	12	0.5276044457196309	0.17648235176482352	chr11	65265153.0	65265267.0	sense	0.5458417121250838	0.26293327948773165	0.15
Creb3l2	4	13	0.5234237304896762	0.09479052094790522	chr11	65265153.0	65265267.0	sense	0.5458417121250838	0.26293327948773165	0.15
JUN(var.2)	6	20	0.5216748853789569	0.34166583341665835	chr11	65265153.0	65265267.0	sense	0.5839379698393797	0.23363328437264502	0.15
FOXP1	5	20	0.5163912699113703	0.31666833316668336	chr11	65265153.0	65265267.0	sense	0.5825660424611744	0.23465483382015656	0.15
KLF13	5	23	0.514231750012968	0.20367963203679632	chr11	65265153.0	65265267.0	antisense	0.5458417121250838	0.26293327948773165	0.15
NFIA	11	21	0.5119776719292286	0.1877812218778122	chr11	65265153.0	65265267.0	sense	0.5458417121250838	0.26293327948773165	0.15
ZBTB7A	5	17	0.5118726718172019	0.3284671532846715	chr11	65265153.0	65265267.0	antisense	0.5825660424611744	0.23465483382015656	0.15
NFAT5	11	21	0.5085895980986634	0.3217678232176782	chr11	65265153.0	65265267.0	sense	0.5825660424611744	0.23465483382015656	0.15
TFEB	4	14	0.5084197308614034	0.24727527247275272	chr11	65265153.0	65265267.0	antisense	0.5600933882515363	0.2517395540279594	0.15
ETV4	9	19	0.5083711313826518	0.30016998300169984	chr11	65265153.0	65265267.0	antisense	0.5802480976392156	0.23638627471719004	0.15
ZBTB7B	1	13	0.5014259875820282	0.2596740325967403	chr11	65265153.0	65265267.0	sense	0.5708578567430614	0.24347201735329285	0.15
SOX4	6	22	0.4999167403546323	0.060193980601939805	chr11	65265153.0	65265267.0	sense	0.5458417121250838	0.26293327948773165	0.15
ATF4	9	22	0.4998238642859827	0.21737826217378262	chr11	65265153.0	65265267.0	sense	0.5458417121250838	0.26293327948773165	0.15
FOSL2	9	20	0.4971367962888783	0.17118288171182883	chr11	65265153.0	65265267.0	sense	0.5458417121250838	0.26293327948773165	0.15
JUND	10	21	0.49640717785708127	0.1523847615238476	chr11	65265153.0	65265267.0	sense	0.5458417121250838	0.26293327948773165	0.15
NFKB2	7	20	0.4935012752945383	0.18888111188881113	chr11	65265153.0	65265267.0	sense	0.5458417121250838	0.26293327948773165	0.15
SRY	7	16	0.49163038027702755	0.33836616338366166	chr11	65265153.0	65265267.0	antisense	0.5839379698393797	0.23363328437264502	0.15
Arntl	10	20	0.49011224006137977	0.32396760323967605	chr11	65265153.0	65265267.0	sense	0.5825660424611744	0.23465483382015656	0.15
ERF	7	17	0.48942075110407	0.208979102089791	chr11	65265153.0	65265267.0	sense	0.5458417121250838	0.26293327948773165	0.15
JUNB	9	20	0.4883686448328138	0.18998100189981001	chr11	65265153.0	65265267.0	sense	0.5458417121250838	0.26293327948773165	0.15
XBP1	10	24	0.4877261653025044	0.3096690330966903	chr11	65265153.0	65265267.0	antisense	0.5825660424611744	0.23465483382015656	0.15
TBX2	3	14	0.4856376311883121	0.4901509849015098	chr11	65265153.0	65265267.0	antisense	0.6629380227444881	0.1785270713512188	0.15
NR2C2	5	20	0.4854793231938678	0.30016998300169984	chr11	65265153.0	65265267.0	antisense	0.5802480976392156	0.23638627471719004	0.15
CREB3	9	23	0.4816757189867375	0.3224677532246775	chr11	65265153.0	65265267.0	antisense	0.5825660424611744	0.23465483382015656	0.15
ELK1	9	19	0.4767594474861615	0.17588241175882413	chr11	65265153.0	65265267.0	antisense	0.5458417121250838	0.26293327948773165	0.15
USF1	4	15	0.47597147612097546	0.2702729727027297	chr11	65265153.0	65265267.0	sense	0.5774013507740134	0.2385222044646261	0.15
MLXIPL	4	14	0.4739807141797112	0.23197680231976803	chr11	65265153.0	65265267.0	antisense	0.5458417121250838	0.26293327948773165	0.15
ELK3	9	19	0.4640079331349892	0.33156684331566844	chr11	65265153.0	65265267.0	antisense	0.5825660424611744	0.23465483382015656	0.15
SP4	7	24	0.4602113519450956	0.23517648235176483	chr11	65265153.0	65265267.0	antisense	0.5458417121250838	0.26293327948773165	0.15
TEF	10	22	0.4586062023594381	0.27587241275872415	chr11	65265153.0	65265267.0	antisense	0.5802480976392156	0.23638627471719004	0.15
HEY1	4	14	0.457495445059387	0.28777122287771223	chr11	65265153.0	65265267.0	antisense	0.5802480976392156	0.23638627471719004	0.15
FOXH1	8	19	0.45575380731553994	0.26317368263173685	chr11	65265153.0	65265267.0	sense	0.5708578567430614	0.24347201735329285	0.15
Rfx1	10	24	0.45255794070375227	0.45635436456354367	chr11	65265153.0	65265267.0	sense	0.6308427980731338	0.20007885063722333	0.15
YY1	1	13	0.4457810194117303	0.35106489351064896	chr11	65265153.0	65265267.0	antisense	0.5845555795297662	0.23317418983057014	0.15
TEAD1	4	14	0.44501315824528015	0.48625137486251374	chr11	65265153.0	65265267.0	sense	0.6624294092329898	0.17886039484624194	0.15
HLTF	4	14	0.4445286323730966	0.6216378362163784	chr11	65265153.0	65265267.0	antisense	0.6958661276729471	0.1574743029255223	0.15
NFKB1	7	20	0.4330560886074155	0.1444855514448555	chr11	65265153.0	65265267.0	antisense	0.5458417121250838	0.26293327948773165	0.15
ONECUT2	4	18	0.4313905135296568	0.37896210378962103	chr11	65265153.0	65265267.0	antisense	0.597995938111107	0.22330176594791612	0.15
NFATC3	9	19	0.42580936649976525	0.5472452754724527	chr11	65265153.0	65265267.0	sense	0.6863634624191902	0.16344584359186456	0.15
E2F8	12	24	0.42484557280414337	0.1406859314068593	chr11	65265153.0	65265267.0	antisense	0.5458417121250838	0.26293327948773165	0.15
POU2F1	9	21	0.41961612741209575	0.5381461853814619	chr11	65265153.0	65265267.0	antisense	0.6835911003494245	0.1652035999804045	0.15
NR3C1	1	18	0.41740100210635006	0.3544645535446455	chr11	65265153.0	65265267.0	antisense	0.5845555795297662	0.23317418983057014	0.15
STAT1	12	23	0.40437473599892154	0.30246975302469753	chr11	65265153.0	65265267.0	antisense	0.5802480976392156	0.23638627471719004	0.15
TEAD4	8	18	0.40286300777220185	0.5585441455854414	chr11	65265153.0	65265267.0	sense	0.6863634624191902	0.16344584359186456	0.15
Nkx3-1	4	13	0.4026473310924274	0.40235976402359763	chr11	65265153.0	65265267.0	sense	0.604822057476792	0.21837237877375582	0.15
HNF1B	11	24	0.4010988845401808	0.38806119388061194	chr11	65265153.0	65265267.0	antisense	0.597995938111107	0.22330176594791612	0.15
Bcl6	9	23	0.399378945008572	0.607039296070393	chr11	65265153.0	65265267.0	antisense	0.691656894916569	0.16010928935414012	0.15
E2F6	9	20	0.3904303439305143	0.32696730326967305	chr11	65265153.0	65265267.0	antisense	0.5825660424611744	0.23465483382015656	0.15
BHLHE40	4	14	0.3872833228023733	0.3728627137286271	chr11	65265153.0	65265267.0	antisense	0.5940524591608636	0.22617520195800098	0.15
PPARG	1	21	0.38708739787692786	0.5503449655034497	chr11	65265153.0	65265267.0	sense	0.6863634624191902	0.16344584359186456	0.15
REL	14	24	0.38663170710176137	0.5213478652134786	chr11	65265153.0	65265267.0	sense	0.6835911003494245	0.1652035999804045	0.15
ONECUT1	4	18	0.38623952113138127	0.4156584341565843	chr11	65265153.0	65265267.0	antisense	0.6138848801686996	0.21191306305261606	0.15
HSF2	6	19	0.3812330716929217	0.38776122387761225	chr11	65265153.0	65265267.0	antisense	0.597995938111107	0.22330176594791612	0.15
GATA2	7	21	0.3811877615182689	0.5764423557644236	chr11	65265153.0	65265267.0	sense	0.6863634624191902	0.16344584359186456	0.15
Crem	10	20	0.3785125106746834	0.43145685431456854	chr11	65265153.0	65265267.0	sense	0.6138848801686996	0.21191306305261606	0.15
RORA(var.2)	6	20	0.3779094393562042	0.39566043395660433	chr11	65265153.0	65265267.0	sense	0.6047233986278793	0.21844322686557824	0.15
RFX3	1	17	0.365491923220507	0.5893410658934106	chr11	65265153.0	65265267.0	sense	0.6863634624191902	0.16344584359186456	0.15
TBX19	1	21	0.3570640162605773	0.671032896710329	chr11	65265153.0	65265267.0	antisense	0.7334545615205921	0.13462678610443965	0.15
RARA(var.2)	7	24	0.34980078048936175	0.35326467353264673	chr11	65265153.0	65265267.0	sense	0.5845555795297662	0.23317418983057014	0.15
USF2	3	14	0.34717269711294113	0.5343465653434657	chr11	65265153.0	65265267.0	antisense	0.6835911003494245	0.1652035999804045	0.15
MLX	4	14	0.34664902478509235	0.38436156384361564	chr11	65265153.0	65265267.0	sense	0.597995938111107	0.22330176594791612	0.15
Srebf1(var.2)	4	14	0.3402535451683342	0.37096290370962903	chr11	65265153.0	65265267.0	antisense	0.5940524591608636	0.22617520195800098	0.15
ZNF143	4	20	0.33385253723138475	0.39886011398860116	chr11	65265153.0	65265267.0	sense	0.6047233986278793	0.21844322686557824	0.15
JUND(var.2)	7	22	0.3315608049457195	0.7004299570042996	chr11	65265153.0	65265267.0	sense	0.7605676213987798	0.11886216715367028	0.15
Foxo1	6	17	0.3272749719195666	0.5313468653134686	chr11	65265153.0	65265267.0	sense	0.6835911003494245	0.1652035999804045	0.15
Foxq1	6	17	0.3238113254196018	0.4343565643435656	chr11	65265153.0	65265267.0	sense	0.6138848801686996	0.21191306305261606	0.15
HSF1	6	19	0.32324256206262036	0.43255674432556745	chr11	65265153.0	65265267.0	antisense	0.6138848801686996	0.21191306305261606	0.15
Nr2f6	1	15	0.32241042687552823	0.5289471052894711	chr11	65265153.0	65265267.0	sense	0.6835911003494245	0.1652035999804045	0.15
ATF7	9	23	0.3158679701463525	0.5692430756924307	chr11	65265153.0	65265267.0	antisense	0.6863634624191902	0.16344584359186456	0.15
TGIF2	5	17	0.31312939694499264	0.4350564943505649	chr11	65265153.0	65265267.0	sense	0.6138848801686996	0.21191306305261606	0.15
Creb5	10	22	0.310472814937505	0.5064493550644935	chr11	65265153.0	65265267.0	antisense	0.6800891339437485	0.1674341639951216	0.15
MTF1	5	19	0.3064782507420472	0.45265473452654736	chr11	65265153.0	65265267.0	antisense	0.6303636303036363	0.20040885201293668	0.15
RXRB	5	19	0.30594788041915516	0.33926607339266074	chr11	65265153.0	65265267.0	antisense	0.5839379698393797	0.23363328437264502	0.15
MIXL1	7	17	0.3018086127572915	0.8994100589941005	chr11	65265153.0	65265267.0	sense	0.9042197384539621	0.04372601686811162	0.15
SREBF2	4	14	0.3008912097602856	0.5285471452854714	chr11	65265153.0	65265267.0	antisense	0.6835911003494245	0.1652035999804045	0.15
Rxra	5	19	0.2979499476097899	0.36636336366363365	chr11	65265153.0	65265267.0	antisense	0.59376131352382	0.22638810224428854	0.15
ELF3	8	21	0.2889434672125301	0.5914408559144085	chr11	65265153.0	65265267.0	antisense	0.6863634624191902	0.16344584359186456	0.15
HNF1A	3	18	0.287642220683727	0.7039296070392961	chr11	65265153.0	65265267.0	sense	0.7605676213987798	0.11886216715367028	0.15
TCF7L2	7	21	0.28594143101964786	0.7358264173582642	chr11	65265153.0	65265267.0	antisense	0.7771649801312004	0.10948677739602863	0.15
SREBF2(var.2)	4	14	0.28475725833171317	0.47205279472052797	chr11	65265153.0	65265267.0	antisense	0.64778047742671	0.18857214473833464	0.15
IRF1	1	22	0.28330126117884746	0.585041495850415	chr11	65265153.0	65265267.0	antisense	0.6863634624191902	0.16344584359186456	0.15
IRF9	4	19	0.2785465728256332	0.35326467353264673	chr11	65265153.0	65265267.0	antisense	0.5845555795297662	0.23317418983057014	0.15
JDP2(var.2)	10	22	0.27579602300036116	0.5749425057494251	chr11	65265153.0	65265267.0	antisense	0.6863634624191902	0.16344584359186456	0.15
PROX1	10	22	0.2703283753127852	0.5883411658834117	chr11	65265153.0	65265267.0	sense	0.6863634624191902	0.16344584359186456	0.15
RFX2	1	17	0.26760217328850633	0.6601339866013398	chr11	65265153.0	65265267.0	antisense	0.7257613419944555	0.13920616841104394	0.15
PKNOX1	5	17	0.26264777850787985	0.40535946405359463	chr11	65265153.0	65265267.0	sense	0.604822057476792	0.21837237877375582	0.15
SREBF1	4	14	0.2614338868855921	0.5642435756424358	chr11	65265153.0	65265267.0	sense	0.6863634624191902	0.16344584359186456	0.15
mix-a	7	18	0.256867237688438	0.6567343265673433	chr11	65265153.0	65265267.0	antisense	0.7257613419944555	0.13920616841104394	0.15
TGIF1	11	23	0.24624096934925951	0.43565643435656437	chr11	65265153.0	65265267.0	antisense	0.6138848801686996	0.21191306305261606	0.15
E2F3	5	23	0.2458125778123614	0.5568443155684432	chr11	65265153.0	65265267.0	antisense	0.6863634624191902	0.16344584359186456	0.15
TP53	4	22	0.24400884558105837	0.8198180181981802	chr11	65265153.0	65265267.0	sense	0.8331123644392318	0.07929642000387349	0.15
Rarg	4	20	0.24376959593867284	0.519048095190481	chr11	65265153.0	65265267.0	antisense	0.6835911003494245	0.1652035999804045	0.15
Esrra	13	24	0.2428857716159407	0.6142385761423858	chr11	65265153.0	65265267.0	sense	0.6956436886431838	0.15761315073367463	0.15
RFX5	1	17	0.23877920958381127	0.7196280371962803	chr11	65265153.0	65265267.0	antisense	0.7686935851869358	0.11424674313983961	0.15
RORA	13	23	0.23860598589684834	0.7894210578942106	chr11	65265153.0	65265267.0	sense	0.8154459279346791	0.08860483165394456	0.15
Arid3b	5	16	0.23722064188338143	0.7641235876412359	chr11	65265153.0	65265267.0	sense	0.8025432093662143	0.09553157564068593	0.15
NFE2	6	17	0.23336781881773452	0.6488351164883511	chr11	65265153.0	65265267.0	antisense	0.7217810763302368	0.14159450846810243	0.15
MNX1	7	17	0.229483086757838	0.8901109889011098	chr11	65265153.0	65265267.0	antisense	0.8996820748032722	0.045910932284595474	0.15
Nr2f6(var.2)	5	20	0.2259163392491065	0.535046495350465	chr11	65265153.0	65265267.0	antisense	0.6835911003494245	0.1652035999804045	0.15
Rarg(var.2)	7	24	0.22295589042870717	0.6003399660033997	chr11	65265153.0	65265267.0	sense	0.6909455395923821	0.16055618241828654	0.15
Gata4	3	14	0.22274131382199813	0.7245275472452755	chr11	65265153.0	65265267.0	sense	0.769554682949784	0.11376051467647148	0.15
ZNF410	1	18	0.22076729280356278	0.587041295870413	chr11	65265153.0	65265267.0	sense	0.6863634624191902	0.16344584359186456	0.15
JDP2	11	20	0.21423313703228963	0.6218378162183782	chr11	65265153.0	65265267.0	sense	0.6958661276729471	0.1574743029255223	0.15
Hnf4a	4	20	0.19386046929172324	0.7748225177482252	chr11	65265153.0	65265267.0	antisense	0.8092590740925907	0.09191242222350927	0.15
JUN	8	21	0.18251327447974106	0.9242075792420757	chr11	65265153.0	65265267.0	sense	0.9242075792420757	0.034230474240259615	0.15
LIN54	11	20	0.18132832761937362	0.7795220477952205	chr11	65265153.0	65265267.0	antisense	0.8096693093121627	0.09169232243678348	0.15
E2F7	9	23	0.1789305428153772	0.5601439856014399	chr11	65265153.0	65265267.0	sense	0.6863634624191902	0.16344584359186456	0.15
RELA	8	18	0.16798871367970422	0.8052194780521947	chr11	65265153.0	65265267.0	sense	0.8272200102394132	0.08237896865118524	0.15
Tcf7	5	17	0.1568923440833508	0.8117188281171883	chr11	65265153.0	65265267.0	antisense	0.8293648895979968	0.08125435404145262	0.15
RARA	2	20	0.15005779856416523	0.712928707129287	chr11	65265153.0	65265267.0	antisense	0.7658891253731769	0.11583409684761173	0.15
