motif	start	end	score	pval	tile_chr	tile_start	tile_end	strand	padj	neg_log_pval	fdr_cutoff
HINFP	54	66	5.0225049521777	9.999000099990002e-05	chr11	65266377.0	65266491.0	antisense	0.016217128287171284	1.7900260477483108	0.05
ELK4	55	66	4.985190798543573	9.999000099990002e-05	chr11	65266377.0	65266491.0	antisense	0.016217128287171284	1.7900260477483108	0.05
TEAD1	56	66	4.796684020895645	0.00039996000399960006	chr11	65266377.0	65266491.0	antisense	0.016217128287171284	1.7900260477483108	0.05
ETV5	55	65	4.782521370994144	0.00029997000299970003	chr11	65266377.0	65266491.0	sense	0.016217128287171284	1.7900260477483108	0.05
TEAD4	56	66	4.436840593014609	0.0004999500049995	chr11	65266377.0	65266491.0	antisense	0.016217128287171284	1.7900260477483108	0.05
Gabpa	56	67	4.427301785196956	0.00019998000199980003	chr11	65266377.0	65266491.0	sense	0.016217128287171284	1.7900260477483108	0.05
ETV4	55	65	4.290720118562395	0.00039996000399960006	chr11	65266377.0	65266491.0	sense	0.016217128287171284	1.7900260477483108	0.05
EGR1	52	66	4.260041510210548	0.0017998200179982	chr11	65266377.0	65266491.0	antisense	0.0424593904245939	1.372026245147305	0.05
ETV1	55	65	4.24452932308542	0.0005999400059994001	chr11	65266377.0	65266491.0	sense	0.017298270172982702	1.7619973241480673	0.05
ELF5	54	65	4.231378872661991	0.0004999500049995	chr11	65266377.0	65266491.0	sense	0.016217128287171284	1.7900260477483108	0.05
ETV6	55	65	4.160049368689434	9.999000099990002e-05	chr11	65266377.0	65266491.0	sense	0.016217128287171284	1.7900260477483108	0.05
Hes2	54	67	4.144498834281493	0.0122987701229877	chr11	65266377.0	65266491.0	sense	0.15321325010356107	0.8147036746640702	0.05
NFATC1	55	65	4.1067041342559705	0.004899510048995101	chr11	65266377.0	65266491.0	antisense	0.0894738112395657	1.048304062991342	0.05
ELK3	55	65	3.9877801704166496	0.0004999500049995	chr11	65266377.0	65266491.0	sense	0.016217128287171284	1.7900260477483108	0.05
FEV	55	65	3.952553568883114	0.00039996000399960006	chr11	65266377.0	65266491.0	sense	0.016217128287171284	1.7900260477483108	0.05
ZNF263	52	73	3.941305001118526	0.013598640135986401	chr11	65266377.0	65266491.0	sense	0.16413242396690564	0.7848056166377738	0.05
ERG	55	65	3.8416185015893887	0.00039996000399960006	chr11	65266377.0	65266491.0	sense	0.016217128287171284	1.7900260477483108	0.05
ETS1	55	65	3.7000703013022695	0.00039996000399960006	chr11	65266377.0	65266491.0	sense	0.016217128287171284	1.7900260477483108	0.05
NFATC3	55	65	3.6976285386654397	0.007399260073992601	chr11	65266377.0	65266491.0	antisense	0.1129475287765341	0.9471232667396837	0.05
THAP1	55	64	3.620564345695331	0.0184981501849815	chr11	65266377.0	65266491.0	antisense	0.19201079892010797	0.7166743453614098	0.05
ETV3	55	65	3.577779402373356	0.0007999200079992001	chr11	65266377.0	65266491.0	sense	0.020757924207579246	1.6828160781004424	0.05
ERF	55	65	3.5345941636179163	0.0004999500049995	chr11	65266377.0	65266491.0	sense	0.016217128287171284	1.7900260477483108	0.05
MZF1(var.2)	52	62	3.52604455499531	0.0052994700529947	chr11	65266377.0	65266491.0	sense	0.09168083191680831	1.0377214545472782	0.05
FLI1	55	65	3.4921929525120614	0.00039996000399960006	chr11	65266377.0	65266491.0	sense	0.016217128287171284	1.7900260477483108	0.05
E2F4	54	65	3.443413427372229	0.000999900009999	chr11	65266377.0	65266491.0	sense	0.02471181453283243	1.607095364162324	0.05
SPIB	55	62	3.3636615982769777	0.0006999300069993001	chr11	65266377.0	65266491.0	sense	0.019119140717507196	1.7185316303669769	0.05
HSF4	59	72	3.359211488862889	0.0047995200479952005	chr11	65266377.0	65266491.0	antisense	0.0894738112395657	1.048304062991342	0.05
Hes1	58	68	3.348201147460813	0.1116888311168883	chr11	65266377.0	65266491.0	sense	0.4380212328417508	0.3585048367961174	0.05
TEAD3	57	65	3.3332917069994696	0.0004999500049995	chr11	65266377.0	65266491.0	antisense	0.016217128287171284	1.7900260477483108	0.05
GSC2	56	66	3.2597099203714035	0.018098190180981903	chr11	65266377.0	65266491.0	antisense	0.19169307559040016	0.7173935745877339	0.05
Foxj3	58	75	3.257442691403698	0.040195980401959805	chr11	65266377.0	65266491.0	sense	0.2854214578542146	0.5445133799341609	0.05
ELK1	55	65	3.211897853099102	0.0005999400059994001	chr11	65266377.0	65266491.0	sense	0.017298270172982702	1.7619973241480673	0.05
E2F6	54	65	3.191891549399095	0.0028997100289971	chr11	65266377.0	65266491.0	sense	0.0598786275218632	1.2227281626795603	0.05
IRF1	54	75	3.1626464313885996	0.027897210278972105	chr11	65266377.0	65266491.0	antisense	0.24711814532832432	0.607095364162324	0.05
Gmeb1	54	71	3.119247516260351	0.22947705229477053	chr11	65266377.0	65266491.0	antisense	0.573066979016384	0.24179461552433676	0.05
EOMES	60	73	3.051783162637042	0.0170982901709829	chr11	65266377.0	65266491.0	sense	0.19136211378862117	0.7181440404421854	0.05
EHF	53	65	3.034846598894117	0.0029997000299970002	chr11	65266377.0	65266491.0	sense	0.0598786275218632	1.2227281626795603	0.05
Hoxb5	63	79	2.9879082354456354	0.049095090490950906	chr11	65266377.0	65266491.0	antisense	0.3033375233905181	0.518073863367318	0.05
Tcfl5	58	68	2.9531069707097655	0.11658834116588342	chr11	65266377.0	65266491.0	sense	0.4380212328417508	0.3585048367961174	0.05
JUND(var.2)	59	74	2.9484483082093984	0.009799020097990201	chr11	65266377.0	65266491.0	sense	0.1374511197528896	0.8618517178029049	0.05
IRF2	58	76	2.9306526580792536	0.0064993500649935	chr11	65266377.0	65266491.0	sense	0.10541133386661333	0.9771126911054553	0.05
SP1	52	63	2.9104183246849495	0.011198880111988802	chr11	65266377.0	65266491.0	antisense	0.14903125072108173	0.8267226537847224	0.05
Neurog1	55	65	2.9051367137254447	0.05749425057494251	chr11	65266377.0	65266491.0	antisense	0.3243425657434257	0.48899605208432956	0.05
ELF1	53	65	2.8196405867858987	0.0025997400259974	chr11	65266377.0	65266491.0	sense	0.05621937806219378	1.2501139631691929	0.05
ELF4	53	65	2.8185197897936694	0.0024997500249975004	chr11	65266377.0	65266491.0	sense	0.05621937806219378	1.2501139631691929	0.05
ZIC1	52	66	2.7804031513573086	0.004999500049995001	chr11	65266377.0	65266491.0	antisense	0.0894738112395657	1.048304062991342	0.05
TFE3	58	68	2.691110567101241	0.029097090290970903	chr11	65266377.0	65266491.0	antisense	0.24711814532832432	0.607095364162324	0.05
PRDM1	58	73	2.664482538749994	0.036396360363963605	chr11	65266377.0	65266491.0	sense	0.27376392795503063	0.562623776516604	0.05
ESR2	55	70	2.6544312288686593	0.0453954604539546	chr11	65266377.0	65266491.0	antisense	0.2958004199580042	0.5290012137559135	0.05
ELF3	53	66	2.6376735988362676	0.0057994200579942	chr11	65266377.0	65266491.0	sense	0.09709351645480613	1.0128097696997402	0.05
Foxk1	58	75	2.5977711307918074	0.07329267073292671	chr11	65266377.0	65266491.0	sense	0.36575861644604774	0.4368054340860572	0.05
ETV2	54	65	2.5689641383270767	0.007999200079992	chr11	65266377.0	65266491.0	sense	0.11861670975759565	0.925854126786737	0.05
Mitf	59	69	2.5618678861761226	0.0856914308569143	chr11	65266377.0	65266491.0	antisense	0.39671652669443797	0.4015197070058223	0.05
MNT	58	68	2.5522071831955593	0.017698230176982303	chr11	65266377.0	65266491.0	antisense	0.19136211378862117	0.7181440404421854	0.05
SNAI2	58	67	2.540205889206003	0.0217978202179782	chr11	65266377.0	65266491.0	sense	0.2095012720950127	0.6788133356467685	0.05
JUN(var.2)	58	72	2.539955845367415	0.029997000299970003	chr11	65266377.0	65266491.0	sense	0.24711814532832432	0.607095364162324	0.05
Nr1h3::Rxra	58	77	2.531754526499486	0.14908509149085092	chr11	65266377.0	65266491.0	antisense	0.4895736841410198	0.3101819346931751	0.05
JUN	60	73	2.524762321234726	0.015398460153984602	chr11	65266377.0	65266491.0	sense	0.1816318368163184	0.7408080250781292	0.05
TBX2	60	71	2.5078472688135856	0.054594540545945404	chr11	65266377.0	65266491.0	sense	0.31307968104288475	0.5043451172994065	0.05
STAT1::STAT2	52	67	2.477300745803181	0.025797420257974202	chr11	65266377.0	65266491.0	antisense	0.23489230024365984	0.629131219137666	0.05
MAFF	58	76	2.4605984448824945	0.13288671132886712	chr11	65266377.0	65266491.0	sense	0.45416438748282034	0.3427869232339946	0.05
HSF1	59	72	2.4449323102457785	0.006999300069993001	chr11	65266377.0	65266491.0	antisense	0.11007990110079902	0.9582919692920354	0.05
HSF2	59	72	2.4318325213219376	0.011498850114988501	chr11	65266377.0	65266491.0	antisense	0.14919758024197582	0.8262382204027554	0.05
Esrrg	58	68	2.426907741945663	0.009499050094990502	chr11	65266377.0	65266491.0	sense	0.1369446388694464	0.8634549649068441	0.05
CTCF	53	72	2.418003564274873	0.06369363063693631	chr11	65266377.0	65266491.0	sense	0.3426116572016268	0.46519786445219924	0.05
Alx1	59	76	2.3711538692228737	0.10928907109289071	chr11	65266377.0	65266491.0	antisense	0.4380212328417508	0.3585048367961174	0.05
Arntl	59	69	2.3332515853555966	0.034596540345965404	chr11	65266377.0	65266491.0	antisense	0.2640530064640595	0.5783088833418645	0.05
Hoxd3	63	79	2.3229547582437498	0.18858114188581143	chr11	65266377.0	65266491.0	sense	0.5290465548039791	0.276506109430109	0.05
FIGLA	58	68	2.3131959838899054	0.0392960703929607	chr11	65266377.0	65266491.0	antisense	0.28325917408259177	0.5478160154842465	0.05
NFATC2	57	64	2.3041405327765188	0.0174982501749825	chr11	65266377.0	65266491.0	antisense	0.19136211378862117	0.7181440404421854	0.05
ZIC4	54	69	2.303177136929776	0.09209079092090791	chr11	65266377.0	65266491.0	antisense	0.39671652669443797	0.4015197070058223	0.05
GLIS2	52	66	2.299264045470971	0.030496950304969503	chr11	65266377.0	65266491.0	antisense	0.24731120637936208	0.6067562040655061	0.05
SPDEF	54	65	2.284501864367977	0.011198880111988802	chr11	65266377.0	65266491.0	sense	0.14903125072108173	0.8267226537847224	0.05
FOXP1	58	73	2.283280781867299	0.08919108089191082	chr11	65266377.0	65266491.0	sense	0.39671652669443797	0.4015197070058223	0.05
DUXA	63	76	2.275245711135918	0.06619338066193381	chr11	65266377.0	65266491.0	antisense	0.344062593740626	0.4633625410236316	0.05
NRL	55	66	2.256210781457204	0.1822817718228177	chr11	65266377.0	65266491.0	antisense	0.5200886504756118	0.2839226234210822	0.05
ZIC3	54	69	2.249988314704219	0.043695630436956304	chr11	65266377.0	65266491.0	antisense	0.2940705929407059	0.5315484027697933	0.05
IRF7	57	71	2.2417023725044545	0.028597140285971403	chr11	65266377.0	65266491.0	sense	0.24711814532832432	0.607095364162324	0.05
TFAP2A(var.2)	54	66	2.2375382835784126	0.09069093090690931	chr11	65266377.0	65266491.0	antisense	0.39671652669443797	0.4015197070058223	0.05
BHLHE40	58	68	2.2314117399727627	0.0174982501749825	chr11	65266377.0	65266491.0	antisense	0.19136211378862117	0.7181440404421854	0.05
USF2	58	69	2.2285978485042577	0.021397860213978603	chr11	65266377.0	65266491.0	sense	0.2095012720950127	0.6788133356467685	0.05
TFAP2C(var.2)	54	65	2.2227157334828003	0.0522947705229477	chr11	65266377.0	65266491.0	antisense	0.3102026875964089	0.5083544437782694	0.05
TFEB	58	68	2.2152418970091046	0.032996700329967	chr11	65266377.0	65266491.0	antisense	0.25947405259474055	0.585906065092386	0.05
TFAP2B(var.2)	54	65	2.2048288106525646	0.039196080391960805	chr11	65266377.0	65266491.0	antisense	0.28325917408259177	0.5478160154842465	0.05
PAX5	55	74	2.2019293199881758	0.19758024197580243	chr11	65266377.0	65266491.0	sense	0.540798551723775	0.26696448011970264	0.05
Rhox11	60	77	2.1999282025508267	0.2605739426057394	chr11	65266377.0	65266491.0	sense	0.6102113926538381	0.21451968833486318	0.05
ZBTB7C	55	67	2.199045869194328	0.13058694130586943	chr11	65266377.0	65266491.0	antisense	0.45416438748282034	0.3427869232339946	0.05
USF1	58	69	2.1965959703595064	0.0282971702829717	chr11	65266377.0	65266491.0	sense	0.24711814532832432	0.607095364162324	0.05
SP3	52	63	2.165832974727256	0.12068793120687932	chr11	65266377.0	65266491.0	antisense	0.4380212328417508	0.3585048367961174	0.05
TFAP2C	54	66	2.152793168883048	0.11398860113988601	chr11	65266377.0	65266491.0	sense	0.4380212328417508	0.3585048367961174	0.05
Myod1	55	68	2.147499420025771	0.054894510548945105	chr11	65266377.0	65266491.0	antisense	0.31307968104288475	0.5043451172994065	0.05
PPARG	59	79	2.132002036741015	0.07939206079392061	chr11	65266377.0	65266491.0	sense	0.3850885939443439	0.41443934468651816	0.05
ATF4	61	74	2.114110036309161	0.029697030296970302	chr11	65266377.0	65266491.0	sense	0.24711814532832432	0.607095364162324	0.05
HEY2	58	68	2.113138095697327	0.0423957604239576	chr11	65266377.0	65266491.0	antisense	0.2895184165793947	0.5383238051164635	0.05
SP2	57	72	2.1127769042158713	0.13588641135886412	chr11	65266377.0	65266491.0	antisense	0.45795485386526286	0.33917733353237356	0.05
KLF5	53	63	2.1017229931411485	0.04689531046895311	chr11	65266377.0	65266491.0	antisense	0.29681300162666663	0.5275170790970382	0.05
Six3	59	76	2.0902491108321666	0.15908409159084091	chr11	65266377.0	65266491.0	antisense	0.5096582934299162	0.2927209043244543	0.05
HES5	57	69	2.0897801103337854	0.012398760123987601	chr11	65266377.0	65266491.0	sense	0.15321325010356107	0.8147036746640702	0.05
TCF3	58	68	2.0873349144575712	0.0415958404159584	chr11	65266377.0	65266491.0	antisense	0.28784321567843213	0.5408440021933621	0.05
TFAP2B	54	66	2.0626777630568958	0.11598840115988401	chr11	65266377.0	65266491.0	sense	0.4380212328417508	0.3585048367961174	0.05
NR2F1	58	71	2.0580974442598197	0.0826917308269173	chr11	65266377.0	65266491.0	sense	0.3871072352224237	0.41216871143018213	0.05
ZBTB7A	56	68	2.051569185394597	0.08959104089591041	chr11	65266377.0	65266491.0	antisense	0.39671652669443797	0.4015197070058223	0.05
TFAP2A	54	65	2.0225086848463314	0.09249075092490751	chr11	65266377.0	65266491.0	antisense	0.39671652669443797	0.4015197070058223	0.05
HEY1	58	68	2.0059272567721957	0.049095090490950906	chr11	65266377.0	65266491.0	antisense	0.3033375233905181	0.518073863367318	0.05
FOXF2	58	72	2.001426112896123	0.0923907609239076	chr11	65266377.0	65266491.0	sense	0.39671652669443797	0.4015197070058223	0.05
NR3C1	57	74	1.996417927689962	0.04559544045595441	chr11	65266377.0	65266491.0	antisense	0.2958004199580042	0.5290012137559135	0.05
SMAD2::SMAD3::SMAD4	61	74	1.9913541530102405	0.09659034096590341	chr11	65266377.0	65266491.0	antisense	0.4075641216366168	0.3898040544523094	0.05
ID4	58	68	1.968064743134979	0.06009399060093991	chr11	65266377.0	65266491.0	antisense	0.3310342649945532	0.4801270505509664	0.05
REL	58	68	1.966839678653114	0.07649235076492351	chr11	65266377.0	65266491.0	antisense	0.3745238683678802	0.4265204995395574	0.05
HOXA10	62	73	1.945022859006942	0.19658034196580343	chr11	65266377.0	65266491.0	sense	0.540798551723775	0.26696448011970264	0.05
Barhl1	58	68	1.9446993321360264	0.34656534346565343	chr11	65266377.0	65266491.0	sense	0.6303586424574326	0.20041228844636802	0.05
ZNF740	56	66	1.9414551057890999	0.06459354064593541	chr11	65266377.0	65266491.0	antisense	0.3426116572016268	0.46519786445219924	0.05
Ar	57	74	1.9409086195431682	0.06629337066293371	chr11	65266377.0	65266491.0	sense	0.344062593740626	0.4633625410236316	0.05
TFEC	58	68	1.9330625619323945	0.0806919308069193	chr11	65266377.0	65266491.0	antisense	0.3871072352224237	0.41216871143018213	0.05
SP8	55	67	1.924213990381052	0.125987401259874	chr11	65266377.0	65266491.0	antisense	0.4478593236566754	0.34885838009527903	0.05
RXRA::VDR	61	76	1.9225196574180425	0.0211978802119788	chr11	65266377.0	65266491.0	sense	0.2095012720950127	0.6788133356467685	0.05
STAT3	52	63	1.8996611554845477	0.05319468053194681	chr11	65266377.0	65266491.0	antisense	0.3102026875964089	0.5083544437782694	0.05
Alx4	59	76	1.8808733487756548	0.22197780221977803	chr11	65266377.0	65266491.0	antisense	0.5675196027195311	0.24601913289097907	0.05
HLF	62	74	1.8796806036539215	0.10838916108389161	chr11	65266377.0	65266491.0	antisense	0.4380212328417508	0.3585048367961174	0.05
Ddit3::Cebpa	64	76	1.8625331863027164	0.1421857814218578	chr11	65266377.0	65266491.0	sense	0.4700281564200268	0.327876125443891	0.05
ESX1	58	68	1.862375866146632	0.30256974302569745	chr11	65266377.0	65266491.0	antisense	0.6184287708413274	0.20871031416254185	0.05
NFYA	57	75	1.8623098628827373	0.1730826917308269	chr11	65266377.0	65266491.0	sense	0.5162943932879439	0.2871025911591085	0.05
HNF4G	62	77	1.86225192497551	0.1770822917708229	chr11	65266377.0	65266491.0	sense	0.5180734735515212	0.2856086439319973	0.05
PLAG1	53	67	1.8601698562138897	0.0463953604639536	chr11	65266377.0	65266491.0	sense	0.29681300162666663	0.5275170790970382	0.05
TBX5	61	69	1.8574140001014552	0.13758624137586242	chr11	65266377.0	65266491.0	sense	0.4606919953165974	0.3365893336992038	0.05
NR4A2	60	68	1.8556999576825237	0.04999500049995	chr11	65266377.0	65266491.0	sense	0.30526359128793	0.5153249908066788	0.05
Creb5	62	74	1.851960664943484	0.0344965503449655	chr11	65266377.0	65266491.0	antisense	0.2640530064640595	0.5783088833418645	0.05
GSX1	67	77	1.8411975583445004	0.46885311468853114	chr11	65266377.0	65266491.0	antisense	0.6762094508781166	0.16991876371586873	0.05
ZBTB7B	55	67	1.831907168703739	0.09549045095490451	chr11	65266377.0	65266491.0	antisense	0.4062257708655364	0.3912325285194067	0.05
ESRRB	58	69	1.828131884194826	0.0321967803219678	chr11	65266377.0	65266491.0	sense	0.25707890749386597	0.5899335543754296	0.05
PHOX2A	64	75	1.8275763483790985	0.1334866513348665	chr11	65266377.0	65266491.0	sense	0.45416438748282034	0.3427869232339946	0.05
LEF1	59	74	1.8133334324678754	0.0827917208279172	chr11	65266377.0	65266491.0	sense	0.3871072352224237	0.41216871143018213	0.05
ARNT::HIF1A	59	67	1.8015559022302339	0.0690930906909309	chr11	65266377.0	65266491.0	sense	0.35504271355042716	0.44971939583684895	0.05
TCF7L2	59	73	1.7970934280026936	0.18238176182381763	chr11	65266377.0	65266491.0	sense	0.5200886504756118	0.2839226234210822	0.05
RELA	58	68	1.7951066123624986	0.024797520247975203	chr11	65266377.0	65266491.0	antisense	0.2298198751553416	0.638612415608389	0.05
CENPB	55	70	1.7896215638497932	0.21527847215278473	chr11	65266377.0	65266491.0	antisense	0.5574173925890993	0.2538194845146629	0.05
MIXL1	67	77	1.7896093204055872	0.3718628137186281	chr11	65266377.0	65266491.0	sense	0.6441464764414648	0.19101536450831066	0.05
Hnf4a	55	71	1.7866768907772945	0.037696230376962306	chr11	65266377.0	65266491.0	antisense	0.2794906223663348	0.5536327592368688	0.05
FOXC2	60	72	1.779850914197774	0.1601839816018398	chr11	65266377.0	65266491.0	sense	0.510033659210766	0.2924011620841438	0.05
HES7	57	69	1.7774665447465359	0.0235976402359764	chr11	65266377.0	65266491.0	antisense	0.22267591422675914	0.6523267559525421	0.05
TCF4	58	68	1.773776344026114	0.07579242075792421	chr11	65266377.0	65266491.0	antisense	0.3745238683678802	0.4265204995395574	0.05
DUX4	64	75	1.773061336201088	0.05269473052694731	chr11	65266377.0	65266491.0	antisense	0.3102026875964089	0.5083544437782694	0.05
Dmbx1	52	69	1.7713738046641703	0.3588641135886411	chr11	65266377.0	65266491.0	sense	0.6391534315956159	0.1943948750235505	0.05
RUNX1	52	63	1.7690133280275355	0.22667733226677333	chr11	65266377.0	65266491.0	sense	0.573066979016384	0.24179461552433676	0.05
RREB1	58	78	1.764913504984324	0.0705929407059294	chr11	65266377.0	65266491.0	antisense	0.35570617695512	0.4489085930817733	0.05
ALX3	67	77	1.7558498250660757	0.36206379362063795	chr11	65266377.0	65266491.0	sense	0.6391534315956159	0.1943948750235505	0.05
GCM2	53	63	1.745338412667463	0.13308669133086692	chr11	65266377.0	65266491.0	sense	0.45416438748282034	0.3427869232339946	0.05
Phox2b	64	75	1.7337040340224668	0.11628837116288371	chr11	65266377.0	65266491.0	sense	0.4380212328417508	0.3585048367961174	0.05
RORA(var.2)	63	77	1.7228955267142843	0.06469353064693531	chr11	65266377.0	65266491.0	antisense	0.3426116572016268	0.46519786445219924	0.05
SPIC	57	71	1.710015735086969	0.2692730726927307	chr11	65266377.0	65266491.0	sense	0.6102113926538381	0.21451968833486318	0.05
TBR1	61	71	1.7049328910705606	0.10328967103289671	chr11	65266377.0	65266491.0	sense	0.42210503359112905	0.37457946886474114	0.05
TFAP2B(var.3)	54	67	1.7039585549239264	0.12308769123087691	chr11	65266377.0	65266491.0	antisense	0.4405690465436215	0.3559860187320634	0.05
E2F8	52	64	1.7013048695123816	0.021397860213978603	chr11	65266377.0	65266491.0	antisense	0.2095012720950127	0.6788133356467685	0.05
MAX	58	68	1.6932703603359163	0.11938806119388061	chr11	65266377.0	65266491.0	antisense	0.4380212328417508	0.3585048367961174	0.05
Tcf12	57	68	1.69154929302529	0.08149185081491851	chr11	65266377.0	65266491.0	antisense	0.3871072352224237	0.41216871143018213	0.05
Ascl2	58	68	1.6894849390337265	0.0705929407059294	chr11	65266377.0	65266491.0	antisense	0.35570617695512	0.4489085930817733	0.05
Npas2	58	68	1.6878587749028011	0.11658834116588342	chr11	65266377.0	65266491.0	sense	0.4380212328417508	0.3585048367961174	0.05
Vdr	60	76	1.6791522341115597	0.05299470052994701	chr11	65266377.0	65266491.0	sense	0.3102026875964089	0.5083544437782694	0.05
RUNX2	54	63	1.6785470464816266	0.09879012098790121	chr11	65266377.0	65266491.0	antisense	0.41348445800581235	0.38354081000301177	0.05
MYBL2	58	73	1.6756341256747402	0.13388661133886612	chr11	65266377.0	65266491.0	antisense	0.45416438748282034	0.3427869232339946	0.05
Hoxc9	63	76	1.658827089791503	0.1723827617238276	chr11	65266377.0	65266491.0	antisense	0.5162943932879439	0.2871025911591085	0.05
TBX21	60	70	1.6586061204753706	0.08739126087391261	chr11	65266377.0	65266491.0	sense	0.39671652669443797	0.4015197070058223	0.05
TFAP2A(var.3)	54	67	1.65561942085197	0.1695830416958304	chr11	65266377.0	65266491.0	antisense	0.5162943932879439	0.2871025911591085	0.05
BATF::JUN	64	75	1.6489473857427068	0.0913908609139086	chr11	65266377.0	65266491.0	antisense	0.39671652669443797	0.4015197070058223	0.05
EVX2	67	77	1.6477894064996716	0.3965603439656034	chr11	65266377.0	65266491.0	antisense	0.6538095406760265	0.18454874629355106	0.05
MAFK	59	74	1.6331692607278807	0.27847215278472154	chr11	65266377.0	65266491.0	sense	0.6167753437422214	0.20987299599913609	0.05
NR3C2	57	74	1.6320859074562224	0.11578842115788421	chr11	65266377.0	65266491.0	sense	0.4380212328417508	0.3585048367961174	0.05
RARA::RXRA	53	70	1.6297755390570663	0.3076692330766923	chr11	65266377.0	65266491.0	antisense	0.6184287708413274	0.20871031416254185	0.05
TBX4	61	69	1.61191775349009	0.1317868213178682	chr11	65266377.0	65266491.0	sense	0.45416438748282034	0.3427869232339946	0.05
MTF1	58	72	1.611284943812468	0.06059394060593941	chr11	65266377.0	65266491.0	antisense	0.3310342649945532	0.4801270505509664	0.05
Myog	58	69	1.6094407192155404	0.10178982101789821	chr11	65266377.0	65266491.0	sense	0.4209245742092458	0.37579571874727374	0.05
RUNX3	53	63	1.6023418113942023	0.14998500149985	chr11	65266377.0	65266491.0	antisense	0.4895736841410198	0.3101819346931751	0.05
TFAP2C(var.3)	54	67	1.601101700412158	0.16228377162283772	chr11	65266377.0	65266491.0	antisense	0.5101947636561645	0.2922640030506176	0.05
RHOXF1	57	65	1.5990102779373012	0.1588841115888411	chr11	65266377.0	65266491.0	antisense	0.5096582934299162	0.2927209043244543	0.05
Rarg(var.2)	60	77	1.5941971545595897	0.040695930406959305	chr11	65266377.0	65266491.0	sense	0.2854214578542146	0.5445133799341609	0.05
VAX1	68	76	1.5823404822571385	0.3300669933006699	chr11	65266377.0	65266491.0	sense	0.6184287708413274	0.20871031416254185	0.05
BHLHE41	58	68	1.5782034525817081	0.044195580441955803	chr11	65266377.0	65266491.0	sense	0.2940705929407059	0.5315484027697933	0.05
Spz1	56	67	1.5742363804770227	0.16948305169483052	chr11	65266377.0	65266491.0	sense	0.5162943932879439	0.2871025911591085	0.05
Hoxd8	57	74	1.5673088197216407	0.49075092490750927	chr11	65266377.0	65266491.0	antisense	0.679891210878912	0.16756057302130192	0.05
NHLH1	58	68	1.5637804309737002	0.11808819118088192	chr11	65266377.0	65266491.0	antisense	0.4380212328417508	0.3585048367961174	0.05
Pparg::Rxra	59	74	1.5619871471969915	0.45855414458554145	chr11	65266377.0	65266491.0	sense	0.6762094508781166	0.16991876371586873	0.05
Gata4	58	69	1.5615292234231941	0.12058794120587941	chr11	65266377.0	65266491.0	antisense	0.4380212328417508	0.3585048367961174	0.05
GSX2	67	77	1.5543585662415405	0.5963403659634037	chr11	65266377.0	65266491.0	antisense	0.7079681553484742	0.14998627658631744	0.05
Dlx3	68	76	1.5530424905546523	0.3214678532146785	chr11	65266377.0	65266491.0	sense	0.6184287708413274	0.20871031416254185	0.05
Pax2	56	64	1.5480359020144265	0.48135186481351866	chr11	65266377.0	65266491.0	antisense	0.679891210878912	0.16756057302130192	0.05
MEOX2	62	72	1.5408832898391625	0.48655134486551344	chr11	65266377.0	65266491.0	sense	0.679891210878912	0.16756057302130192	0.05
Hoxa11	62	74	1.537245664438369	0.2993700629937006	chr11	65266377.0	65266491.0	sense	0.6184287708413274	0.20871031416254185	0.05
Id2	59	67	1.5236189910778117	0.0585941405859414	chr11	65266377.0	65266491.0	sense	0.3269931071408988	0.4854614019642493	0.05
Lhx3	62	75	1.5211452940620571	0.11888811118888111	chr11	65266377.0	65266491.0	antisense	0.4380212328417508	0.3585048367961174	0.05
Prrx2	68	76	1.5173630161078355	0.37896210378962103	chr11	65266377.0	65266491.0	sense	0.6448568257928305	0.19053669880711832	0.05
VAX2	68	76	1.5171444051512002	0.31586841315868414	chr11	65266377.0	65266491.0	sense	0.6184287708413274	0.20871031416254185	0.05
OLIG3	55	65	1.5159024046302543	0.17768223177682232	chr11	65266377.0	65266491.0	antisense	0.5180734735515212	0.2856086439319973	0.05
EMX1	67	77	1.5118025292214161	0.45995400459954006	chr11	65266377.0	65266491.0	sense	0.6762094508781166	0.16991876371586873	0.05
Arid5a	54	68	1.5114766599070657	0.5337466253374663	chr11	65266377.0	65266491.0	antisense	0.6835973336972871	0.16519963986998645	0.05
TBP	64	79	1.5015028492824567	0.5454454554544546	chr11	65266377.0	65266491.0	sense	0.6854031577974278	0.16405389901493705	0.05
MLXIPL	58	68	1.4973194695712706	0.13108689131086892	chr11	65266377.0	65266491.0	sense	0.45416438748282034	0.3427869232339946	0.05
Dlx4	68	76	1.4855820359866896	0.3123687631236876	chr11	65266377.0	65266491.0	sense	0.6184287708413274	0.20871031416254185	0.05
YY2	58	69	1.4833379066313863	0.2538746125387461	chr11	65266377.0	65266491.0	antisense	0.6086280772844376	0.21564801660415667	0.05
GLI2	59	71	1.4784911005426349	0.20667933206679331	chr11	65266377.0	65266491.0	antisense	0.5459438904594389	0.26285198974219004	0.05
UNCX	68	76	1.4769699200986957	0.37366263373662634	chr11	65266377.0	65266491.0	sense	0.6441464764414648	0.19101536450831066	0.05
Crx	57	68	1.4712084277071054	0.17448255174482552	chr11	65266377.0	65266491.0	sense	0.5162943932879439	0.2871025911591085	0.05
RAX2	68	76	1.469028512404221	0.3752624737526247	chr11	65266377.0	65266491.0	sense	0.6441464764414648	0.19101536450831066	0.05
E2F1	52	64	1.4678123367992102	0.2643735626437356	chr11	65266377.0	65266491.0	antisense	0.6102113926538381	0.21451968833486318	0.05
EVX1	67	77	1.4617037914235753	0.48905109489051096	chr11	65266377.0	65266491.0	antisense	0.679891210878912	0.16756057302130192	0.05
EGR4	57	73	1.4587067915735543	0.38776122387761225	chr11	65266377.0	65266491.0	antisense	0.6450258820271819	0.190422858704161	0.05
ZEB1	60	69	1.4582211470499082	0.0907909209079092	chr11	65266377.0	65266491.0	antisense	0.39671652669443797	0.4015197070058223	0.05
STAT1	52	63	1.4558795472299302	0.11198880111988802	chr11	65266377.0	65266491.0	antisense	0.4380212328417508	0.3585048367961174	0.05
FOXA1	59	74	1.4506530641947453	0.30626937306269375	chr11	65266377.0	65266491.0	antisense	0.6184287708413274	0.20871031416254185	0.05
HOXB2	67	77	1.448299589103337	0.5103489651034897	chr11	65266377.0	65266491.0	antisense	0.6818219941230059	0.16632899346765603	0.05
GSC	67	77	1.444463396228288	0.3247675232476752	chr11	65266377.0	65266491.0	sense	0.6184287708413274	0.20871031416254185	0.05
NFYB	61	76	1.4420755973568342	0.30626937306269375	chr11	65266377.0	65266491.0	sense	0.6184287708413274	0.20871031416254185	0.05
HOXA2	67	77	1.4362411143043856	0.49405059494050596	chr11	65266377.0	65266491.0	sense	0.6801240510869548	0.16741186701581195	0.05
NFIX	55	64	1.4347853279213907	0.39566043395660433	chr11	65266377.0	65266491.0	sense	0.6538095406760265	0.18454874629355106	0.05
PITX3	57	66	1.4308000865711827	0.3207679232076792	chr11	65266377.0	65266491.0	antisense	0.6184287708413274	0.20871031416254185	0.05
ONECUT2	63	77	1.4243371989742655	0.23117688231176883	chr11	65266377.0	65266491.0	antisense	0.573066979016384	0.24179461552433676	0.05
LBX2	67	77	1.420224234465066	0.663033696630337	chr11	65266377.0	65266491.0	antisense	0.7432278370435095	0.12887803253434907	0.05
BARX1	68	76	1.4162065917340714	0.2074792520747925	chr11	65266377.0	65266491.0	antisense	0.5459438904594389	0.26285198974219004	0.05
OTX1	57	65	1.411840241685124	0.1810818918108189	chr11	65266377.0	65266491.0	antisense	0.5200886504756118	0.2839226234210822	0.05
Arx	59	76	1.4109421063871885	0.3818618138186181	chr11	65266377.0	65266491.0	sense	0.6450258820271819	0.190422858704161	0.05
DMRT3	62	73	1.4089219464313034	0.29857014298570145	chr11	65266377.0	65266491.0	antisense	0.6184287708413274	0.20871031416254185	0.05
DLX6	68	76	1.400855619057773	0.2712728727127287	chr11	65266377.0	65266491.0	sense	0.6102113926538381	0.21451968833486318	0.05
Mafb	62	74	1.3994473173827964	0.40505949405059494	chr11	65266377.0	65266491.0	antisense	0.6549092754275975	0.1838188586496886	0.05
DBP	62	74	1.3984301274506348	0.1962803719628037	chr11	65266377.0	65266491.0	antisense	0.540798551723775	0.26696448011970264	0.05
KLF16	52	63	1.3983005632737342	0.1865813418658134	chr11	65266377.0	65266491.0	antisense	0.5262810675454194	0.2787822530274602	0.05
Stat4	53	67	1.3957156650306142	0.28817118288171184	chr11	65266377.0	65266491.0	sense	0.6184287708413274	0.20871031416254185	0.05
TP73	58	76	1.3878778644129708	0.30146985301469853	chr11	65266377.0	65266491.0	sense	0.6184287708413274	0.20871031416254185	0.05
HOXB3	67	77	1.374842916220869	0.5698430156984302	chr11	65266377.0	65266491.0	antisense	0.6877872677848494	0.16254586803416074	0.05
MAX::MYC	57	68	1.3705993977143587	0.20627937206279373	chr11	65266377.0	65266491.0	sense	0.5459438904594389	0.26285198974219004	0.05
EN2	62	72	1.3690420482188062	0.43425657434256576	chr11	65266377.0	65266491.0	antisense	0.6710802134072307	0.1732255660335636	0.05
MLX	58	68	1.3652710953989153	0.11338866113388661	chr11	65266377.0	65266491.0	sense	0.4380212328417508	0.3585048367961174	0.05
NKX3-2	59	68	1.3574554221697785	0.27017298270172985	chr11	65266377.0	65266491.0	antisense	0.6102113926538381	0.21451968833486318	0.05
HOXA5	57	65	1.3466225223515556	0.22657734226577342	chr11	65266377.0	65266491.0	sense	0.573066979016384	0.24179461552433676	0.05
FOXP2	61	72	1.3442058662832872	0.1750824917508249	chr11	65266377.0	65266491.0	sense	0.5162943932879439	0.2871025911591085	0.05
GLIS3	52	66	1.3368789074295406	0.10218978102189781	chr11	65266377.0	65266491.0	antisense	0.4209245742092458	0.37579571874727374	0.05
Dlx1	67	77	1.3298139644688822	0.5988401159884011	chr11	65266377.0	65266491.0	antisense	0.7079681553484742	0.14998627658631744	0.05
Nr2e1	59	68	1.3221705571288551	0.2283771622837716	chr11	65266377.0	65266491.0	sense	0.573066979016384	0.24179461552433676	0.05
NKX2-8	57	66	1.320203717382975	0.3534646535346465	chr11	65266377.0	65266491.0	antisense	0.6347687030604898	0.19738449405203445	0.05
ATF7	61	75	1.319599056169857	0.16778322167783222	chr11	65266377.0	65266491.0	antisense	0.5162943932879439	0.2871025911591085	0.05
TFCP2	53	63	1.318406009264297	0.24687531246875313	chr11	65266377.0	65266491.0	sense	0.5959455217268971	0.22479343941207788	0.05
Gfi1	61	71	1.3164989499929034	0.41725827417258277	chr11	65266377.0	65266491.0	antisense	0.6683859391838594	0.17497269492330814	0.05
Hmx3	59	76	1.315779049240251	0.5615438456154385	chr11	65266377.0	65266491.0	sense	0.685744131469206	0.16383790035696752	0.05
NEUROD2	55	65	1.3074577736253634	0.31866813318668136	chr11	65266377.0	65266491.0	antisense	0.6184287708413274	0.20871031416254185	0.05
GATA2	58	72	1.3061407067218636	0.35826417358264173	chr11	65266377.0	65266491.0	sense	0.6391534315956159	0.1943948750235505	0.05
JDP2(var.2)	62	74	1.3031293884384523	0.12158784121587841	chr11	65266377.0	65266491.0	antisense	0.43822284438222847	0.3583049865869383	0.05
MEIS3	56	64	1.2922351454250978	0.3160683931606839	chr11	65266377.0	65266491.0	sense	0.6184287708413274	0.20871031416254185	0.05
GCM1	53	64	1.290866670462878	0.27277272272772723	chr11	65266377.0	65266491.0	sense	0.6102113926538381	0.21451968833486318	0.05
FOSL1	62	73	1.2828976376186398	0.16478352164783522	chr11	65266377.0	65266491.0	sense	0.5121116630851885	0.2906353332148911	0.05
ISL2	59	67	1.2827433418986205	0.42985701429857015	chr11	65266377.0	65266491.0	antisense	0.6710802134072307	0.1732255660335636	0.05
PAX4	68	76	1.2823101471763494	0.2565743425657434	chr11	65266377.0	65266491.0	sense	0.6097047829463629	0.21488039805817657	0.05
Hic1	58	67	1.2754785142977803	0.37816218378162186	chr11	65266377.0	65266491.0	antisense	0.6448568257928305	0.19053669880711832	0.05
Nr5a2	60	75	1.2733762974628984	0.4343565643435656	chr11	65266377.0	65266491.0	sense	0.6710802134072307	0.1732255660335636	0.05
PROP1	64	75	1.2702531253336096	0.18448155184481552	chr11	65266377.0	65266491.0	sense	0.5232017781828374	0.28133078866375516	0.05
Hoxd9	63	73	1.268694440228193	0.37606239376062395	chr11	65266377.0	65266491.0	sense	0.6441464764414648	0.19101536450831066	0.05
FOS	62	73	1.2677152478228457	0.21877812218778123	chr11	65266377.0	65266491.0	sense	0.5621081456210815	0.2501801212136354	0.05
MSX1	68	76	1.2654986903680792	0.34396560343965604	chr11	65266377.0	65266491.0	sense	0.6303586424574326	0.20041228844636802	0.05
Nkx3-1	59	68	1.2566692876877574	0.2683731626837316	chr11	65266377.0	65266491.0	antisense	0.6102113926538381	0.21451968833486318	0.05
JUNB	61	72	1.2554956051912525	0.20827917208279173	chr11	65266377.0	65266491.0	sense	0.5459438904594389	0.26285198974219004	0.05
YY1	59	71	1.2529763135500174	0.2883711628837116	chr11	65266377.0	65266491.0	sense	0.6184287708413274	0.20871031416254185	0.05
MZF1	61	67	1.2508074123923623	0.17898210178982102	chr11	65266377.0	65266491.0	sense	0.5189481051894811	0.28487606942840477	0.05
NKX2-3	58	68	1.25058667040646	0.34156584341565843	chr11	65266377.0	65266491.0	antisense	0.6303586424574326	0.20041228844636802	0.05
E2F3	58	76	1.244612598839018	0.16318368163183683	chr11	65266377.0	65266491.0	antisense	0.5101947636561645	0.2922640030506176	0.05
SHOX	68	76	1.2404659581166444	0.46305369463053697	chr11	65266377.0	65266491.0	antisense	0.6762094508781166	0.16991876371586873	0.05
Pitx1	68	76	1.2394517454437737	0.39836016398360163	chr11	65266377.0	65266491.0	sense	0.6538095406760265	0.18454874629355106	0.05
HNF1A	62	77	1.2375133696475278	0.3721627837216278	chr11	65266377.0	65266491.0	sense	0.6441464764414648	0.19101536450831066	0.05
VSX1	68	76	1.2351988798392606	0.42045795420457954	chr11	65266377.0	65266491.0	sense	0.6710802134072307	0.1732255660335636	0.05
NFAT5	54	64	1.2267649812444075	0.38616138386161386	chr11	65266377.0	65266491.0	antisense	0.6450258820271819	0.190422858704161	0.05
Hmx1	55	72	1.221363375465766	0.6536346365363463	chr11	65266377.0	65266491.0	sense	0.7382600870347747	0.13179061044671234	0.05
MNX1	62	72	1.219631892463829	0.49055094490550943	chr11	65266377.0	65266491.0	sense	0.679891210878912	0.16756057302130192	0.05
PDX1	68	76	1.2061177622259205	0.23937606239376064	chr11	65266377.0	65266491.0	antisense	0.5860196999168008	0.23208778428676438	0.05
RORA	64	74	1.201145899341547	0.2318768123187681	chr11	65266377.0	65266491.0	antisense	0.573066979016384	0.24179461552433676	0.05
JUND	62	73	1.198614749886736	0.197980201979802	chr11	65266377.0	65266491.0	sense	0.540798551723775	0.26696448011970264	0.05
CUX2	64	74	1.1915999366012255	0.32856714328567144	chr11	65266377.0	65266491.0	antisense	0.6184287708413274	0.20871031416254185	0.05
Bach1::Mafk	60	75	1.1913386467140124	0.2792720727927207	chr11	65266377.0	65266491.0	sense	0.6167753437422214	0.20987299599913609	0.05
Atf3	52	60	1.1909527762844052	0.2081791820817918	chr11	65266377.0	65266491.0	sense	0.5459438904594389	0.26285198974219004	0.05
HIC2	59	68	1.188960354755901	0.4737526247375263	chr11	65266377.0	65266491.0	antisense	0.6773487940462152	0.16918763807777107	0.05
HMBOX1	63	73	1.1886532808404473	0.5192480751924807	chr11	65266377.0	65266491.0	antisense	0.6818219941230059	0.16632899346765603	0.05
Foxa2	58	70	1.184790325318025	0.3231676832316768	chr11	65266377.0	65266491.0	antisense	0.6184287708413274	0.20871031416254185	0.05
MGA	61	69	1.1728253780066416	0.24137586241375864	chr11	65266377.0	65266491.0	sense	0.5880603528432203	0.23057809983931318	0.05
TGIF2	57	69	1.1718405789801445	0.1616838316168383	chr11	65266377.0	65266491.0	sense	0.5101947636561645	0.2922640030506176	0.05
PRRX1	68	76	1.1700437798823606	0.4226577342265773	chr11	65266377.0	65266491.0	sense	0.6710802134072307	0.1732255660335636	0.05
HNF1B	63	76	1.169971389898613	0.3026697330266973	chr11	65266377.0	65266491.0	sense	0.6184287708413274	0.20871031416254185	0.05
Pou5f1::Sox2	59	74	1.1697795114106504	0.47875212478752127	chr11	65266377.0	65266491.0	sense	0.679891210878912	0.16756057302130192	0.05
Hmx2	56	73	1.1684119163780686	0.5953404659534046	chr11	65266377.0	65266491.0	sense	0.7079681553484742	0.14998627658631744	0.05
POU4F1	63	77	1.1671028985225607	0.5173482651734826	chr11	65266377.0	65266491.0	sense	0.6818219941230059	0.16632899346765603	0.05
TBX20	60	71	1.1646094457328109	0.3137686231376862	chr11	65266377.0	65266491.0	sense	0.6184287708413274	0.20871031416254185	0.05
CUX1	64	74	1.1645357384773958	0.33566643335666435	chr11	65266377.0	65266491.0	sense	0.6242204350993471	0.2046620179430122	0.05
NKX6-2	68	76	1.1592684896721765	0.5273472652734726	chr11	65266377.0	65266491.0	sense	0.6835973336972871	0.16519963986998645	0.05
TEF	62	74	1.1572438667727885	0.27277272272772723	chr11	65266377.0	65266491.0	antisense	0.6102113926538381	0.21451968833486318	0.05
NFIL3	61	72	1.156677923548516	0.2635736426357364	chr11	65266377.0	65266491.0	antisense	0.6102113926538381	0.21451968833486318	0.05
ZBTB33	57	72	1.156636641400786	0.5193480651934806	chr11	65266377.0	65266491.0	antisense	0.6818219941230059	0.16632899346765603	0.05
Atoh1	55	65	1.152855231301867	0.37596240375962403	chr11	65266377.0	65266491.0	sense	0.6441464764414648	0.19101536450831066	0.05
Mecom	60	74	1.1510504681235851	0.2598740125987401	chr11	65266377.0	65266491.0	sense	0.6102113926538381	0.21451968833486318	0.05
REST	55	76	1.150700291027945	0.3240675932406759	chr11	65266377.0	65266491.0	sense	0.6184287708413274	0.20871031416254185	0.05
Mycn	58	66	1.146935976327657	0.1541845815418458	chr11	65266377.0	65266491.0	sense	0.5001362363763624	0.3009116783693914	0.05
LHX9	68	76	1.1440719130623103	0.48455154484551544	chr11	65266377.0	65266491.0	sense	0.679891210878912	0.16756057302130192	0.05
MEOX1	62	72	1.1412744125184433	0.5123487651234877	chr11	65266377.0	65266491.0	sense	0.6818219941230059	0.16632899346765603	0.05
BARHL2	58	68	1.137580177997645	0.6305369463053695	chr11	65266377.0	65266491.0	sense	0.7243459282390344	0.14005397683380344	0.05
ESR1	60	77	1.1358302095639712	0.205979402059794	chr11	65266377.0	65266491.0	sense	0.5459438904594389	0.26285198974219004	0.05
Mlxip	59	67	1.1345757418523976	0.17248275172482752	chr11	65266377.0	65266491.0	sense	0.5162943932879439	0.2871025911591085	0.05
GMEB2	59	67	1.1338938082693946	0.31026897310268975	chr11	65266377.0	65266491.0	sense	0.6184287708413274	0.20871031416254185	0.05
LMX1B	68	76	1.1332592324991193	0.5577442255774423	chr11	65266377.0	65266491.0	antisense	0.6854031577974278	0.16405389901493705	0.05
PAX1	52	69	1.1331375055675792	0.30716928307169283	chr11	65266377.0	65266491.0	antisense	0.6184287708413274	0.20871031416254185	0.05
ONECUT1	63	77	1.1304798052869394	0.32886711328867113	chr11	65266377.0	65266491.0	antisense	0.6184287708413274	0.20871031416254185	0.05
SRY	63	72	1.1283147175062558	0.43345665433456654	chr11	65266377.0	65266491.0	sense	0.6710802134072307	0.1732255660335636	0.05
MYBL1	60	72	1.1274918271359493	0.28347165283471654	chr11	65266377.0	65266491.0	antisense	0.6179607980624533	0.20903907462827687	0.05
VSX2	68	76	1.1240695221343058	0.3681631836816318	chr11	65266377.0	65266491.0	sense	0.6441464764414648	0.19101536450831066	0.05
Crem	62	72	1.1232099073269401	0.31756824317568244	chr11	65266377.0	65266491.0	sense	0.6184287708413274	0.20871031416254185	0.05
HOXC11	62	73	1.122019737340035	0.3605639436056394	chr11	65266377.0	65266491.0	sense	0.6391534315956159	0.1943948750235505	0.05
CEBPA	62	73	1.1180663190961597	0.3367663233676632	chr11	65266377.0	65266491.0	antisense	0.6242204350993471	0.2046620179430122	0.05
Dlx2	68	76	1.1033501973231101	0.400959904009599	chr11	65266377.0	65266491.0	antisense	0.6538095406760265	0.18454874629355106	0.05
TBX15	61	69	1.099377806213468	0.1738826117388261	chr11	65266377.0	65266491.0	sense	0.5162943932879439	0.2871025911591085	0.05
MAFG	57	78	1.0961680351317546	0.7845215478452154	chr11	65266377.0	65266491.0	antisense	0.8252745575644865	0.08340154357315845	0.05
TBX1	61	69	1.094893081088512	0.20707929207079293	chr11	65266377.0	65266491.0	sense	0.5459438904594389	0.26285198974219004	0.05
Pou2f3	61	77	1.0936846440408812	0.5402459754024598	chr11	65266377.0	65266491.0	sense	0.6835973336972871	0.16519963986998645	0.05
FOSL2	61	72	1.0862157853198235	0.28927107289271076	chr11	65266377.0	65266491.0	sense	0.6184287708413274	0.20871031416254185	0.05
Arid3b	64	75	1.0861731365450953	0.49535046495350465	chr11	65266377.0	65266491.0	antisense	0.6801240510869548	0.16741186701581195	0.05
MEIS1	57	64	1.0857623757441157	0.45895410458954106	chr11	65266377.0	65266491.0	sense	0.6762094508781166	0.16991876371586873	0.05
Hoxa9	64	75	1.0777855004556445	0.34256574342565743	chr11	65266377.0	65266491.0	antisense	0.6303586424574326	0.20041228844636802	0.05
NOTO	67	77	1.070323191140684	0.5289471052894711	chr11	65266377.0	65266491.0	sense	0.6835973336972871	0.16519963986998645	0.05
Shox2	68	76	1.06905520872507	0.3852614738526147	chr11	65266377.0	65266491.0	sense	0.6450258820271819	0.190422858704161	0.05
POU2F1	53	65	1.0674132840116808	0.5502449755024498	chr11	65266377.0	65266491.0	sense	0.6854031577974278	0.16405389901493705	0.05
GBX2	67	77	1.0670266082287017	0.46765323467653236	chr11	65266377.0	65266491.0	antisense	0.6762094508781166	0.16991876371586873	0.05
POU3F1	64	76	1.0627750995341587	0.5655434456554345	chr11	65266377.0	65266491.0	sense	0.6869711630235579	0.16306149292966982	0.05
EN1	68	76	1.062534000187653	0.39956004399560047	chr11	65266377.0	65266491.0	antisense	0.6538095406760265	0.18454874629355106	0.05
RAX	67	77	1.061076767854065	0.5056494350564944	chr11	65266377.0	65266491.0	sense	0.6816417059592743	0.16644384530436093	0.05
Sox17	59	68	1.0545995020209131	0.41425857414258577	chr11	65266377.0	65266491.0	antisense	0.6656352940557337	0.17676365846121397	0.05
Nfe2l2	57	72	1.0545860660240636	0.538046195380462	chr11	65266377.0	65266491.0	sense	0.6835973336972871	0.16519963986998645	0.05
EGR3	53	68	1.0513201104805172	0.2826717328267173	chr11	65266377.0	65266491.0	antisense	0.6179607980624533	0.20903907462827687	0.05
GATA1::TAL1	53	71	1.0474036536203346	0.7516248375162484	chr11	65266377.0	65266491.0	antisense	0.804316063239037	0.09457325778457329	0.05
FOS::JUN	64	71	1.045989768085802	0.35106489351064896	chr11	65266377.0	65266491.0	sense	0.632648193513982	0.19883772772228436	0.05
Lhx8	68	76	1.0422384590613865	0.40385961403859616	chr11	65266377.0	65266491.0	sense	0.6549092754275975	0.1838188586496886	0.05
LHX2	67	77	1.0380352640935244	0.5048495150484952	chr11	65266377.0	65266491.0	sense	0.6816417059592743	0.16644384530436093	0.05
Klf4	53	63	1.0338220684413495	0.27087291270872915	chr11	65266377.0	65266491.0	sense	0.6102113926538381	0.21451968833486318	0.05
Msx3	68	76	1.0286484260645234	0.33556644335566443	chr11	65266377.0	65266491.0	sense	0.6242204350993471	0.2046620179430122	0.05
MSX2	68	76	1.0276203900310572	0.34896510348965104	chr11	65266377.0	65266491.0	sense	0.6310553613628184	0.1999325392032173	0.05
BSX	68	76	1.025352299515936	0.45255474452554745	chr11	65266377.0	65266491.0	sense	0.6762094508781166	0.16991876371586873	0.05
EMX2	67	77	1.0246884771140612	0.5157484251574842	chr11	65266377.0	65266491.0	antisense	0.6818219941230059	0.16632899346765603	0.05
MSC	58	68	1.022266428397693	0.30886911308869114	chr11	65266377.0	65266491.0	antisense	0.6184287708413274	0.20871031416254185	0.05
OTX2	57	65	1.006809623775455	0.46505349465053497	chr11	65266377.0	65266491.0	antisense	0.6762094508781166	0.16991876371586873	0.05
Dux	63	71	1.0031449133098045	0.2792720727927207	chr11	65266377.0	65266491.0	antisense	0.6167753437422214	0.20987299599913609	0.05
GBX1	67	77	1.0015469377114694	0.44755524447555245	chr11	65266377.0	65266491.0	sense	0.6762094508781166	0.16991876371586873	0.05
MEF2C	63	78	0.9975205232768879	0.5588441155884412	chr11	65266377.0	65266491.0	sense	0.6854031577974278	0.16405389901493705	0.05
Tcf7	59	71	0.9971567231225351	0.28457154284571545	chr11	65266377.0	65266491.0	sense	0.6179607980624533	0.20903907462827687	0.05
NFKB2	66	79	0.9969349072593475	0.32836716328367166	chr11	65266377.0	65266491.0	sense	0.6184287708413274	0.20871031416254185	0.05
CDX2	61	72	0.9899267735278167	0.32016798320167983	chr11	65266377.0	65266491.0	sense	0.6184287708413274	0.20871031416254185	0.05
HOXC10	63	73	0.9850524006398287	0.4981501849815019	chr11	65266377.0	65266491.0	sense	0.6816417059592743	0.16644384530436093	0.05
Arnt	60	66	0.9835346875961437	0.19208079192080793	chr11	65266377.0	65266491.0	sense	0.535967371004835	0.27086164878462743	0.05
HESX1	67	77	0.9812729939435948	0.49495050494950504	chr11	65266377.0	65266491.0	antisense	0.6801240510869548	0.16741186701581195	0.05
GATA5	64	72	0.9731902422523409	0.5644435556444356	chr11	65266377.0	65266491.0	sense	0.6869711630235579	0.16306149292966982	0.05
Pax6	53	67	0.9702330492068129	0.6843315668433156	chr11	65266377.0	65266491.0	sense	0.7589061606659847	0.11981192163346617	0.05
NKX6-1	68	76	0.9700174876041036	0.45115488451154884	chr11	65266377.0	65266491.0	antisense	0.6762094508781166	0.16991876371586873	0.05
Nobox	67	75	0.9645098250741178	0.42425757424257576	chr11	65266377.0	65266491.0	antisense	0.6710802134072307	0.1732255660335636	0.05
ISX	68	76	0.9643820906206237	0.32986701329867013	chr11	65266377.0	65266491.0	sense	0.6184287708413274	0.20871031416254185	0.05
CLOCK	58	68	0.960347628964719	0.49125087491250874	chr11	65266377.0	65266491.0	antisense	0.679891210878912	0.16756057302130192	0.05
POU1F1	63	77	0.9584680301201907	0.6077392260773923	chr11	65266377.0	65266491.0	sense	0.7152305177645502	0.14555396315231925	0.05
Atf1	63	71	0.95622097061816	0.40175982401759824	chr11	65266377.0	65266491.0	sense	0.6538095406760265	0.18454874629355106	0.05
CREB1	64	72	0.9500405404306831	0.45985401459854014	chr11	65266377.0	65266491.0	sense	0.6762094508781166	0.16991876371586873	0.05
POU6F2	66	76	0.9452645810682581	0.5048495150484952	chr11	65266377.0	65266491.0	sense	0.6816417059592743	0.16644384530436093	0.05
LBX1	68	76	0.935359838648213	0.42725727427257276	chr11	65266377.0	65266491.0	antisense	0.6710802134072307	0.1732255660335636	0.05
ONECUT3	63	77	0.9351989153444774	0.36206379362063795	chr11	65266377.0	65266491.0	antisense	0.6391534315956159	0.1943948750235505	0.05
KLF13	56	74	0.9298948501718445	0.408959104089591	chr11	65266377.0	65266491.0	antisense	0.6591607919953346	0.1810086331168939	0.05
XBP1	60	74	0.9267010074278185	0.5591440855914409	chr11	65266377.0	65266491.0	sense	0.6854031577974278	0.16405389901493705	0.05
Nr2e3	60	67	0.9256585916634305	0.2572742725727427	chr11	65266377.0	65266491.0	antisense	0.6097047829463629	0.21488039805817657	0.05
NRF1	56	67	0.9254827409955033	0.42705729427057293	chr11	65266377.0	65266491.0	sense	0.6710802134072307	0.1732255660335636	0.05
GRHL1	52	64	0.922629252037915	0.5288471152884712	chr11	65266377.0	65266491.0	sense	0.6835973336972871	0.16519963986998645	0.05
mix-a	66	77	0.9171738375617849	0.4560543945605439	chr11	65266377.0	65266491.0	sense	0.6762094508781166	0.16991876371586873	0.05
POU4F3	63	79	0.916342223742315	0.7346265373462654	chr11	65266377.0	65266491.0	sense	0.7893813103161733	0.10271316033554044	0.05
CEBPE	63	73	0.9159025996330723	0.547045295470453	chr11	65266377.0	65266491.0	sense	0.6854031577974278	0.16405389901493705	0.05
NR2C2	59	74	0.9139893458431594	0.48185181481851813	chr11	65266377.0	65266491.0	sense	0.679891210878912	0.16756057302130192	0.05
ZNF410	59	76	0.9134962084523311	0.24247575242475752	chr11	65266377.0	65266491.0	antisense	0.5880603528432203	0.23057809983931318	0.05
LHX6	67	77	0.9122535038612576	0.5678432156784322	chr11	65266377.0	65266491.0	antisense	0.6869711630235579	0.16306149292966982	0.05
VENTX	52	61	0.90892778514229	0.47755224477552244	chr11	65266377.0	65266491.0	antisense	0.679891210878912	0.16756057302130192	0.05
LMX1A	68	76	0.9081195597917143	0.6152384761523848	chr11	65266377.0	65266491.0	antisense	0.7191638944213687	0.14317212445499586	0.05
MAFG::NFE2L1	62	68	0.9071054680271178	0.44795520447955206	chr11	65266377.0	65266491.0	sense	0.6762094508781166	0.16991876371586873	0.05
Zfx	52	66	0.9041990979493967	0.6391360863913609	chr11	65266377.0	65266491.0	sense	0.7274377825375358	0.1382041457869048	0.05
RARA(var.2)	61	78	0.8993050056553061	0.2943705629437056	chr11	65266377.0	65266491.0	sense	0.6184287708413274	0.20871031416254185	0.05
Klf12	54	69	0.8924493806329477	0.42615738426157385	chr11	65266377.0	65266491.0	antisense	0.6710802134072307	0.1732255660335636	0.05
HOXC12	62	73	0.8914170455411732	0.47125287471252875	chr11	65266377.0	65266491.0	sense	0.6762094508781166	0.16991876371586873	0.05
SREBF1	55	65	0.889220201969344	0.37516248375162486	chr11	65266377.0	65266491.0	antisense	0.6441464764414648	0.19101536450831066	0.05
PBX1	62	74	0.8883348668712295	0.5323467653234677	chr11	65266377.0	65266491.0	antisense	0.6835973336972871	0.16519963986998645	0.05
NFKB1	61	74	0.8876575776969422	0.23167683231676833	chr11	65266377.0	65266491.0	antisense	0.573066979016384	0.24179461552433676	0.05
Lhx4	63	71	0.8867034655624456	0.5875412458754125	chr11	65266377.0	65266491.0	antisense	0.7042353501370416	0.15228217866355143	0.05
Rarb(var.2)	61	78	0.8778814310175608	0.2692730726927307	chr11	65266377.0	65266491.0	sense	0.6102113926538381	0.21451968833486318	0.05
PAX3	64	74	0.8736741758708878	0.2840715928407159	chr11	65266377.0	65266491.0	antisense	0.6179607980624533	0.20903907462827687	0.05
ZBTB18	56	69	0.8711003844537853	0.5183481651834817	chr11	65266377.0	65266491.0	sense	0.6818219941230059	0.16632899346765603	0.05
FOXH1	61	72	0.8678714122549762	0.47165283471652836	chr11	65266377.0	65266491.0	antisense	0.6762094508781166	0.16991876371586873	0.05
MAF::NFE2	57	72	0.8673433864661663	0.5986401359864013	chr11	65266377.0	65266491.0	antisense	0.7079681553484742	0.14998627658631744	0.05
PAX9	52	69	0.8635825859567039	0.38746125387461255	chr11	65266377.0	65266491.0	sense	0.6450258820271819	0.190422858704161	0.05
POU3F3	57	70	0.8581967434537273	0.641035896410359	chr11	65266377.0	65266491.0	sense	0.7280035672581538	0.13786649261452316	0.05
Hand1::Tcf3	58	68	0.8578133804349467	0.769023097690231	chr11	65266377.0	65266491.0	sense	0.8145367095943467	0.0890893381019454	0.05
NFE2	62	73	0.856385901292577	0.31996800319968005	chr11	65266377.0	65266491.0	antisense	0.6184287708413274	0.20871031416254185	0.05
Foxd3	59	71	0.8523426583550275	0.46625337466253375	chr11	65266377.0	65266491.0	sense	0.6762094508781166	0.16991876371586873	0.05
PAX7	64	74	0.8498306526956436	0.27017298270172985	chr11	65266377.0	65266491.0	antisense	0.6102113926538381	0.21451968833486318	0.05
SREBF2	55	65	0.8481324497493924	0.45245475452454753	chr11	65266377.0	65266491.0	sense	0.6762094508781166	0.16991876371586873	0.05
RARA	60	78	0.8468160568765223	0.20057994200579943	chr11	65266377.0	65266491.0	sense	0.5450313607382717	0.26357850799173305	0.05
FOXC1	60	71	0.8449550695910253	0.5354464553544646	chr11	65266377.0	65266491.0	sense	0.6835973336972871	0.16519963986998645	0.05
TAL1::TCF3	58	70	0.8444964758285493	0.5845415458454155	chr11	65266377.0	65266491.0	antisense	0.7022617182726172	0.1535010052218993	0.05
CREB3	61	75	0.8435499763811056	0.6308369163083691	chr11	65266377.0	65266491.0	antisense	0.7243459282390344	0.14005397683380344	0.05
NR1H2::RXRA	62	79	0.8387932161973837	0.2104789521047895	chr11	65266377.0	65266491.0	antisense	0.5489375685547023	0.2604770456664244	0.05
BATF3	61	75	0.8387471317204193	0.23917608239176083	chr11	65266377.0	65266491.0	antisense	0.5860196999168008	0.23208778428676438	0.05
POU2F2	59	72	0.8377293861191202	0.5122487751224878	chr11	65266377.0	65266491.0	antisense	0.6818219941230059	0.16632899346765603	0.05
Klf1	58	69	0.8362046299056625	0.4497550244975502	chr11	65266377.0	65266491.0	antisense	0.6762094508781166	0.16991876371586873	0.05
MEIS2	63	71	0.8313144719977861	0.5405459454054594	chr11	65266377.0	65266491.0	sense	0.6835973336972871	0.16519963986998645	0.05
Bcl6	58	72	0.8310507104761864	0.7675232476752325	chr11	65266377.0	65266491.0	antisense	0.8145367095943467	0.0890893381019454	0.05
KLF14	61	75	0.8264391269175935	0.46685331466853314	chr11	65266377.0	65266491.0	antisense	0.6762094508781166	0.16991876371586873	0.05
SP4	58	75	0.8237627734512183	0.38346165383461656	chr11	65266377.0	65266491.0	antisense	0.6450258820271819	0.190422858704161	0.05
FOXB1	60	71	0.8225488800351626	0.5586441355864413	chr11	65266377.0	65266491.0	sense	0.6854031577974278	0.16405389901493705	0.05
CEBPB	63	73	0.8182457142923536	0.5502449755024498	chr11	65266377.0	65266491.0	sense	0.6854031577974278	0.16405389901493705	0.05
CREB3L1	58	72	0.8167685871689663	0.6222377762223777	chr11	65266377.0	65266491.0	antisense	0.7240838696399418	0.1402111271560762	0.05
Rarb	59	75	0.8084936022565368	0.21587841215878412	chr11	65266377.0	65266491.0	sense	0.5574173925890993	0.2538194845146629	0.05
Nkx2-5	68	75	0.8079918442245259	0.5568443155684432	chr11	65266377.0	65266491.0	sense	0.6854031577974278	0.16405389901493705	0.05
FOXO3	63	71	0.8028558816970308	0.3114688531146885	chr11	65266377.0	65266491.0	sense	0.6184287708413274	0.20871031416254185	0.05
EGR2	55	66	0.8009204179895877	0.43625637436256376	chr11	65266377.0	65266491.0	antisense	0.6718607071043637	0.1727207573129233	0.05
CDX1	63	72	0.8006989946826435	0.6116388361163884	chr11	65266377.0	65266491.0	sense	0.7165701037119764	0.14474131515367197	0.05
CEBPD	63	73	0.7994747319717092	0.5242475752424758	chr11	65266377.0	65266491.0	sense	0.6835973336972871	0.16519963986998645	0.05
RFX4	58	74	0.7894608483139876	0.7579242075792421	chr11	65266377.0	65266491.0	antisense	0.8093881969827709	0.09184313305864465	0.05
Gata1	59	70	0.7888652701046113	0.5010498950104989	chr11	65266377.0	65266491.0	antisense	0.6816417059592743	0.16644384530436093	0.05
Foxj2	63	71	0.7865277314835037	0.38516148385161486	chr11	65266377.0	65266491.0	sense	0.6450258820271819	0.190422858704161	0.05
Myc	57	67	0.7861237736598089	0.5147485251474853	chr11	65266377.0	65266491.0	antisense	0.6818219941230059	0.16632899346765603	0.05
NFIC	53	59	0.7839945600644899	0.6307369263073692	chr11	65266377.0	65266491.0	sense	0.7243459282390344	0.14005397683380344	0.05
MYF6	58	68	0.7817772618048313	0.45135486451354867	chr11	65266377.0	65266491.0	antisense	0.6762094508781166	0.16991876371586873	0.05
Nkx2-5(var.2)	56	67	0.777426615474206	0.6605339466053395	chr11	65266377.0	65266491.0	antisense	0.7420283945631411	0.1295794756291349	0.05
POU3F2	63	75	0.7771500621656576	0.6021397860213978	chr11	65266377.0	65266491.0	sense	0.7102512476025125	0.14858799473785175	0.05
POU5F1B	65	74	0.7770303193114408	0.6382361763823617	chr11	65266377.0	65266491.0	sense	0.7274377825375358	0.1382041457869048	0.05
POU6F1	67	77	0.7758487046462762	0.6656334366563343	chr11	65266377.0	65266491.0	sense	0.744533951777236	0.12811549303161496	0.05
LIN54	65	74	0.7751518561822052	0.4881511848815118	chr11	65266377.0	65266491.0	sense	0.679891210878912	0.16756057302130192	0.05
NEUROG2	58	68	0.7621733516113008	0.44085591440855915	chr11	65266377.0	65266491.0	antisense	0.6762094508781166	0.16991876371586873	0.05
PROX1	59	71	0.7560331492746308	0.46705329467053297	chr11	65266377.0	65266491.0	antisense	0.6762094508781166	0.16991876371586873	0.05
TP53	58	76	0.7413627625515974	0.7021297870212979	chr11	65266377.0	65266491.0	antisense	0.7722651463667193	0.11223356516444644	0.05
SOX9	65	74	0.7412838624285253	0.8386161383861613	chr11	65266377.0	65266491.0	antisense	0.8652918008397966	0.06283741146687315	0.05
Nr2f6	64	78	0.7385746698514619	0.5413458654134586	chr11	65266377.0	65266491.0	antisense	0.6835973336972871	0.16519963986998645	0.05
HLTF	66	76	0.7354594040348017	0.8906109389061094	chr11	65266377.0	65266491.0	antisense	0.9087199335076316	0.04156994524183706	0.05
FOXG1	63	71	0.7255185157508558	0.34626537346265374	chr11	65266377.0	65266491.0	sense	0.6303586424574326	0.20041228844636802	0.05
IRF9	60	75	0.7226165984644306	0.25447455254474555	chr11	65266377.0	65266491.0	sense	0.6086280772844376	0.21564801660415667	0.05
Arid3a	66	72	0.7174168383881426	0.40185981401859816	chr11	65266377.0	65266491.0	sense	0.6538095406760265	0.18454874629355106	0.05
E2F2	60	76	0.7163616490131072	0.34736526347365265	chr11	65266377.0	65266491.0	sense	0.6303586424574326	0.20041228844636802	0.05
Twist2	58	68	0.7159737710536082	0.7110288971102889	chr11	65266377.0	65266491.0	sense	0.7785316405068353	0.10872373246222236	0.05
HOXD11	63	73	0.7117982082677027	0.6287371262873712	chr11	65266377.0	65266491.0	sense	0.7243459282390344	0.14005397683380344	0.05
Rarg	60	76	0.7117029755918514	0.31716828317168283	chr11	65266377.0	65266491.0	sense	0.6184287708413274	0.20871031416254185	0.05
NFIC::TLX1	53	67	0.704748699054166	0.531046895310469	chr11	65266377.0	65266491.0	antisense	0.6835973336972871	0.16519963986998645	0.05
CEBPG	63	73	0.6993119284280672	0.5017498250174982	chr11	65266377.0	65266491.0	sense	0.6816417059592743	0.16644384530436093	0.05
Gfi1b	64	75	0.6914650166009615	0.656034396560344	chr11	65266377.0	65266491.0	antisense	0.7385723466698884	0.13160695706075343	0.05
Rfx1	59	73	0.6892479976152711	0.8667133286671332	chr11	65266377.0	65266491.0	antisense	0.8872272536060003	0.05196512611396045	0.05
NFIA	64	74	0.6880917266338744	0.6990300969903009	chr11	65266377.0	65266491.0	sense	0.7719077028467366	0.11243462523511438	0.05
HOXD12	62	73	0.6827730745872009	0.6299370062993701	chr11	65266377.0	65266491.0	sense	0.7243459282390344	0.14005397683380344	0.05
EWSR1-FLI1	58	76	0.6761059276791254	0.1414858514148585	chr11	65266377.0	65266491.0	sense	0.4700281564200268	0.327876125443891	0.05
PKNOX1	64	76	0.669885644412943	0.31566843315668436	chr11	65266377.0	65266491.0	sense	0.6184287708413274	0.20871031416254185	0.05
INSM1	57	69	0.6658006299015546	0.5667433256674332	chr11	65266377.0	65266491.0	antisense	0.6869711630235579	0.16306149292966982	0.05
PKNOX2	64	76	0.6628645430844554	0.3261673832616738	chr11	65266377.0	65266491.0	sense	0.6184287708413274	0.20871031416254185	0.05
FOXD1	63	71	0.6611803550447891	0.6105389461053895	chr11	65266377.0	65266491.0	sense	0.7165701037119764	0.14474131515367197	0.05
TGIF1	64	76	0.6473487981124499	0.3207679232076792	chr11	65266377.0	65266491.0	sense	0.6184287708413274	0.20871031416254185	0.05
JDP2	63	72	0.6451958993800765	0.4440555944405559	chr11	65266377.0	65266491.0	antisense	0.6762094508781166	0.16991876371586873	0.05
Sox5	66	73	0.6444695564829321	0.5524447555244476	chr11	65266377.0	65266491.0	antisense	0.6854031577974278	0.16405389901493705	0.05
Stat5a::Stat5b	53	64	0.6432087282338764	0.712928707129287	chr11	65266377.0	65266491.0	antisense	0.7789684189475788	0.10848014920140588	0.05
FOXP3	63	70	0.6374919050357074	0.7229277072292771	chr11	65266377.0	65266491.0	sense	0.7832974531356887	0.10607328554843715	0.05
FOXD2	63	70	0.6368721412087831	0.6543345665433457	chr11	65266377.0	65266491.0	sense	0.7382600870347747	0.13179061044671234	0.05
Myb	57	67	0.6298022848820771	0.6674332566743326	chr11	65266377.0	65266491.0	antisense	0.7449416348687712	0.12787775228174592	0.05
Foxo1	62	73	0.6255783480318801	0.6923307669233076	chr11	65266377.0	65266491.0	antisense	0.7661400171283511	0.11569185294013183	0.05
TBX19	52	72	0.6233653811437898	0.9186081391860814	chr11	65266377.0	65266491.0	sense	0.932989479916979	0.030123253187865878	0.05
SPI1	52	66	0.6225025236678641	0.43185681431856815	chr11	65266377.0	65266491.0	sense	0.6710802134072307	0.1732255660335636	0.05
TP63	60	78	0.6078517658094397	0.5207479252074793	chr11	65266377.0	65266491.0	sense	0.6818219941230059	0.16632899346765603	0.05
GATA3	61	69	0.6064496254502342	0.43445655434456554	chr11	65266377.0	65266491.0	sense	0.6710802134072307	0.1732255660335636	0.05
Sox6	57	67	0.6037657394744461	0.55994400559944	chr11	65266377.0	65266491.0	antisense	0.6854031577974278	0.16405389901493705	0.05
Foxq1	58	69	0.6029821781424816	0.5982401759824018	chr11	65266377.0	65266491.0	sense	0.7079681553484742	0.14998627658631744	0.05
RFX3	58	74	0.6017709251732422	0.8253174682531746	chr11	65266377.0	65266491.0	antisense	0.853266466182067	0.068915322032027	0.05
FOXI1	63	70	0.6013872338780042	0.5082491750824918	chr11	65266377.0	65266491.0	sense	0.6818219941230059	0.16632899346765603	0.05
FOXO4	63	70	0.6001901993287359	0.5404459554044595	chr11	65266377.0	65266491.0	sense	0.6835973336972871	0.16519963986998645	0.05
HOXC13	62	73	0.5960478954941164	0.7369263073692631	chr11	65266377.0	65266491.0	sense	0.7902164329021644	0.1022539432137658	0.05
Nr2f6(var.2)	60	75	0.5895558679663676	0.3742625737426257	chr11	65266377.0	65266491.0	sense	0.6441464764414648	0.19101536450831066	0.05
OLIG2	58	68	0.5858457427160686	0.8052194780521947	chr11	65266377.0	65266491.0	antisense	0.8408629961953503	0.07527475906930985	0.05
FOXO6	63	70	0.5764153467935398	0.5215478452154785	chr11	65266377.0	65266491.0	sense	0.6818219941230059	0.16632899346765603	0.05
ZNF354C	63	69	0.5645755134089903	0.6497350264973503	chr11	65266377.0	65266491.0	antisense	0.7362717876683947	0.13296184042331002	0.05
Srebf1(var.2)	63	73	0.5580201530180855	0.6821317868213179	chr11	65266377.0	65266491.0	antisense	0.7580865039834347	0.12028123492313854	0.05
FOXL1	63	70	0.551402220803504	0.5772422757724227	chr11	65266377.0	65266491.0	sense	0.6951014875310612	0.15795178209050548	0.05
HOXD13	63	73	0.5493155696739316	0.6815318468153184	chr11	65266377.0	65266491.0	sense	0.7580865039834347	0.12028123492313854	0.05
SOX10	53	59	0.546685177791443	0.7221277872212779	chr11	65266377.0	65266491.0	antisense	0.7832974531356887	0.10607328554843715	0.05
Rxra	64	78	0.5389150657001488	0.46995300469953005	chr11	65266377.0	65266491.0	antisense	0.6762094508781166	0.16991876371586873	0.05
RXRG	64	78	0.5378795394397626	0.49035096490350966	chr11	65266377.0	65266491.0	antisense	0.679891210878912	0.16756057302130192	0.05
POU3F4	64	73	0.5344329807150209	0.6263373662633737	chr11	65266377.0	65266491.0	sense	0.7243459282390344	0.14005397683380344	0.05
HOXA13	63	73	0.5317345441950854	0.7264273572642735	chr11	65266377.0	65266491.0	sense	0.7854495800419958	0.10488168816995168	0.05
SREBF2(var.2)	63	73	0.5285287868376615	0.6374362563743625	chr11	65266377.0	65266491.0	antisense	0.7274377825375358	0.1382041457869048	0.05
RXRB	64	78	0.5276120806960178	0.46925307469253075	chr11	65266377.0	65266491.0	antisense	0.6762094508781166	0.16991876371586873	0.05
MEF2A	67	79	0.5153763435141359	0.593040695930407	chr11	65266377.0	65266491.0	antisense	0.7079681553484742	0.14998627658631744	0.05
SCRT2	59	72	0.5129534035233715	0.7193280671932807	chr11	65266377.0	65266491.0	antisense	0.7826651297134437	0.10642401498602645	0.05
POU4F2	60	76	0.5106669430314589	0.6181381861813818	chr11	65266377.0	65266491.0	sense	0.7209297047823306	0.14210707968205033	0.05
SCRT1	57	72	0.4954072905405965	0.8105189481051894	chr11	65266377.0	65266491.0	antisense	0.8431086751044334	0.07411644203451821	0.05
Ahr::Arnt	53	59	0.4880026388064854	0.7178282171782822	chr11	65266377.0	65266491.0	antisense	0.7826651297134437	0.10642401498602645	0.05
BHLHE22	58	68	0.4751946021937403	0.8441155884411559	chr11	65266377.0	65266491.0	antisense	0.8675168126751681	0.061722099728676864	0.05
BHLHE23	65	77	0.46306019630288153	0.8149185081491851	chr11	65266377.0	65266491.0	sense	0.8441970174240061	0.07355618655567393	0.05
MEF2D	67	79	0.4553144533754973	0.5535446455354465	chr11	65266377.0	65266491.0	antisense	0.6854031577974278	0.16405389901493705	0.05
HOXB13	63	73	0.44277079995234186	0.7752224777522247	chr11	65266377.0	65266491.0	sense	0.8194306842228201	0.08648777758186588	0.05
IRF8	52	66	0.4320593204811075	0.5583441655834417	chr11	65266377.0	65266491.0	antisense	0.6854031577974278	0.16405389901493705	0.05
OLIG1	66	76	0.41221220742383813	0.7902209779022098	chr11	65266377.0	65266491.0	sense	0.8268642893775139	0.08256576397937757	0.05
Stat6	59	74	0.39789376195681403	0.9516048395160484	chr11	65266377.0	65266491.0	antisense	0.9571374257923045	0.01902570174415698	0.05
RFX5	58	74	0.39025294638381663	0.8106189381061893	chr11	65266377.0	65266491.0	antisense	0.8431086751044334	0.07411644203451821	0.05
RFX2	61	77	0.3895651653984404	0.8135186481351865	chr11	65266377.0	65266491.0	sense	0.8441970174240061	0.07355618655567393	0.05
Bhlha15	59	67	0.36908824133450313	0.8957104289571043	chr11	65266377.0	65266491.0	sense	0.9115170835857591	0.040235187417672125	0.05
Sox3	65	75	0.3667517342397187	0.7287271272872713	chr11	65266377.0	65266491.0	antisense	0.7862980853681784	0.10441278183729474	0.05
Znf423	58	73	0.3551435091308912	0.7330266973302669	chr11	65266377.0	65266491.0	sense	0.7892963815651629	0.1027598881611682	0.05
ZNF143	57	73	0.34758183597988324	0.7885211478852114	chr11	65266377.0	65266491.0	antisense	0.8267524762675247	0.0826244956247692	0.05
Sox11	59	74	0.3224061600595642	0.5361463853614639	chr11	65266377.0	65266491.0	antisense	0.6835973336972871	0.16519963986998645	0.05
MEF2B	67	79	0.3197225043106684	0.7081291870812919	chr11	65266377.0	65266491.0	antisense	0.7769958733513541	0.1095812877441241	0.05
TFAP4	63	73	0.31936470021797103	0.9425057494250575	chr11	65266377.0	65266491.0	antisense	0.9535292084826605	0.02066599911660411	0.05
Sox1	59	74	0.31657062037553474	0.7855214478552145	chr11	65266377.0	65266491.0	antisense	0.8252745575644865	0.08340154357315845	0.05
Sox2	66	74	0.31367583555714423	0.7624237576242375	chr11	65266377.0	65266491.0	antisense	0.8125214172627911	0.09016518262421572	0.05
ZBED1	62	75	0.31204293625626434	0.8562143785621438	chr11	65266377.0	65266491.0	antisense	0.8782119811734241	0.05640064224642175	0.05
Esrra	57	68	0.2938441374515989	0.8912108789121088	chr11	65266377.0	65266491.0	sense	0.9087199335076316	0.04156994524183706	0.05
BCL6B	58	75	0.293025316534804	0.49945005499450057	chr11	65266377.0	65266491.0	antisense	0.6816417059592743	0.16644384530436093	0.05
EBF1	52	66	0.2820656582306227	0.9482051794820517	chr11	65266377.0	65266491.0	sense	0.9567790793736161	0.019188329396559473	0.05
T	62	78	0.2717435042902023	0.960903909609039	chr11	65266377.0	65266491.0	sense	0.9646211394334454	0.015643224853801974	0.05
SOX4	53	69	0.22097481515802012	0.6351364863513649	chr11	65266377.0	65266491.0	antisense	0.7274377825375358	0.1382041457869048	0.05
Tcf21	63	77	0.21225147937493558	0.9494050594940506	chr11	65266377.0	65266491.0	sense	0.9567790793736161	0.019188329396559473	0.05
Creb3l2	63	72	0.1637896947057094	0.9841015898410159	chr11	65266377.0	65266491.0	sense	0.9841015898410159	0.006960066578800674	0.05
SRF	61	77	0.14742892621271722	0.9304069593040696	chr11	65266377.0	65266491.0	sense	0.9431273669508049	0.025429652937449768	0.05
SOX21	59	74	0.14424689423365997	0.7837216278372163	chr11	65266377.0	65266491.0	antisense	0.8252745575644865	0.08340154357315845	0.05
SMAD3	64	74	0.13841239300499145	0.9794020597940206	chr11	65266377.0	65266491.0	antisense	0.9812927973611906	0.008201388842882655	0.05
SOX8	52	68	0.10438116566919693	0.7023297670232976	chr11	65266377.0	65266491.0	antisense	0.7722651463667193	0.11223356516444644	0.05
E2F7	61	75	0.1016661310997929	0.7664233576642335	chr11	65266377.0	65266491.0	antisense	0.8145367095943467	0.0890893381019454	0.05
GLIS1	56	72	-0.0	0.8438156184381562	chr11	65266377.0	65266491.0	sense	0.8675168126751681	0.061722099728676864	0.05
