motif	start	end	score	pval	tile_chr	tile_start	tile_end	strand	padj	neg_log_pval	fdr_cutoff
MEF2C	9	24	0.8932083036098379	9.999000099990002e-05	chr11	65266377.0	65266491.0	antisense	0.034596540345965404	1.460967328484086	0.05
HOXA10	12	23	0.7696903312319638	0.0006999300069993001	chr11	65266377.0	65266491.0	antisense	0.051894810518948106	1.2848760694284047	0.05
SRY	13	22	0.6533304218140579	0.0005999400059994001	chr11	65266377.0	65266491.0	antisense	0.051894810518948106	1.2848760694284047	0.05
TBP	8	23	0.6507686685991259	0.009099090090990901	chr11	65266377.0	65266491.0	antisense	0.13889493403600817	0.8573135941495663	0.05
MEF2A	10	22	0.6255360653249937	0.00019998000199980003	chr11	65266377.0	65266491.0	antisense	0.034596540345965404	1.460967328484086	0.05
Dlx1	10	20	0.6208250682730924	0.0082991700829917	chr11	65266377.0	65266491.0	sense	0.13889493403600817	0.8573135941495663	0.05
Alx1	6	23	0.5894625784710514	0.0100989901009899	chr11	65266377.0	65266491.0	sense	0.14011598840115988	0.8535123052694176	0.05
GATA2	11	25	0.588144930713494	0.0025997400259974	chr11	65266377.0	65266491.0	sense	0.11243875612438756	0.9490839675052117	0.05
GSX1	10	20	0.5847977318943064	0.027597240275972403	chr11	65266377.0	65266491.0	sense	0.18429310915062339	0.7344909030544367	0.05
MEF2B	10	22	0.5810279933425645	0.00019998000199980003	chr11	65266377.0	65266491.0	antisense	0.034596540345965404	1.460967328484086	0.05
Arid5a	11	25	0.5649116524617186	0.019498050194980503	chr11	65266377.0	65266491.0	sense	0.16511985165119852	0.7822007102363542	0.05
Hoxd8	8	25	0.5576668164561819	0.021897810218978103	chr11	65266377.0	65266491.0	antisense	0.1662138134012686	0.7793328864805493	0.05
MIXL1	12	22	0.5538434386461748	0.0183981601839816	chr11	65266377.0	65266491.0	sense	0.16511985165119852	0.7822007102363542	0.05
FOXC2	13	25	0.5375843055759808	0.0035996400359964	chr11	65266377.0	65266491.0	antisense	0.12325017498250175	0.9092124554675194	0.05
HOXA13	14	24	0.5346345920932567	0.0014998500149985001	chr11	65266377.0	65266491.0	antisense	0.08649135086491351	1.0630273198120483	0.05
ONECUT2	6	20	0.5335956204340266	0.0018998100189981002	chr11	65266377.0	65266491.0	antisense	0.09860013998600141	1.0061224684755758	0.05
Hoxc9	10	23	0.5300730792208844	0.005599440055994401	chr11	65266377.0	65266491.0	antisense	0.12541245875412457	0.9016593175770735	0.05
NFATC3	13	23	0.5273624387003524	0.007499250074992501	chr11	65266377.0	65266491.0	sense	0.13889493403600817	0.8573135941495663	0.05
HNF1A	8	23	0.5239183766182023	0.004299570042995701	chr11	65266377.0	65266491.0	sense	0.12397093623970938	0.9066801189521243	0.05
Rhox11	8	25	0.5214521564391191	0.0435956404359564	chr11	65266377.0	65266491.0	sense	0.2030270657144812	0.6924460620527355	0.05
SOX9	11	20	0.5195178308203666	0.0057994200579942	chr11	65266377.0	65266491.0	sense	0.12541245875412457	0.9016593175770735	0.05
Hoxd9	15	25	0.5193864275630882	0.008599140085991401	chr11	65266377.0	65266491.0	antisense	0.13889493403600817	0.8573135941495663	0.05
ONECUT1	6	20	0.5153889872479663	0.0022997700229977	chr11	65266377.0	65266491.0	antisense	0.10850733108507331	0.964540918569037	0.05
NFATC1	13	23	0.51435954537721	0.014198580141985802	chr11	65266377.0	65266491.0	sense	0.1556844315568443	0.8077548147087424	0.05
GSX2	10	20	0.5119111664602031	0.0627937206279372	chr11	65266377.0	65266491.0	sense	0.21543174629905432	0.666690298129043	0.05
MEF2D	10	22	0.5090079716418491	0.00039996000399960006	chr11	65266377.0	65266491.0	antisense	0.051894810518948106	1.2848760694284047	0.05
HOXD13	14	24	0.5057108053589408	0.0012998700129987	chr11	65266377.0	65266491.0	antisense	0.08432906709329066	1.0740227041135118	0.05
NFAT5	13	23	0.5011759004176946	0.005099490050994901	chr11	65266377.0	65266491.0	sense	0.12541245875412457	0.9016593175770735	0.05
SPIC	5	19	0.4976760304014817	0.011398860113988602	chr11	65266377.0	65266491.0	antisense	0.14085734283714485	0.8512205084898328	0.05
Alx4	6	23	0.4963807140866907	0.0316968303169683	chr11	65266377.0	65266491.0	sense	0.195841130172697	0.708096093272535	0.05
Sox5	13	20	0.4915636954349667	0.0006999300069993001	chr11	65266377.0	65266491.0	sense	0.051894810518948106	1.2848760694284047	0.05
Hmx1	6	23	0.48249207427836444	0.0413958604139586	chr11	65266377.0	65266491.0	sense	0.2030270657144812	0.6924460620527355	0.05
POU4F3	9	25	0.4797493370727008	0.0313968603139686	chr11	65266377.0	65266491.0	sense	0.195841130172697	0.708096093272535	0.05
ESX1	9	19	0.4762768582367883	0.040695930406959305	chr11	65266377.0	65266491.0	sense	0.2030270657144812	0.6924460620527355	0.05
HOXB2	12	22	0.4737470000396211	0.0408959104089591	chr11	65266377.0	65266491.0	sense	0.2030270657144812	0.6924460620527355	0.05
ALX3	12	22	0.47278666560424876	0.048095190480951906	chr11	65266377.0	65266491.0	sense	0.21013144587180627	0.6775089511795062	0.05
POU4F1	9	23	0.47119255260095677	0.0217978202179782	chr11	65266377.0	65266491.0	sense	0.1662138134012686	0.7793328864805493	0.05
MNX1	12	22	0.4672665471125954	0.020497950204979503	chr11	65266377.0	65266491.0	antisense	0.16511985165119852	0.7822007102363542	0.05
BHLHE23	7	19	0.46386145649811106	0.004299570042995701	chr11	65266377.0	65266491.0	antisense	0.12397093623970938	0.9066801189521243	0.05
HOXC13	14	25	0.4620493960488223	0.0037996200379962005	chr11	65266377.0	65266491.0	antisense	0.12325017498250175	0.9092124554675194	0.05
Nr1h3::Rxra	5	24	0.46185945498717446	0.07039296070392961	chr11	65266377.0	65266491.0	antisense	0.22267591422675914	0.6523267559525421	0.05
ONECUT3	6	20	0.4584959974133609	0.0037996200379962005	chr11	65266377.0	65266491.0	antisense	0.12325017498250175	0.9092124554675194	0.05
Hoxd3	8	24	0.45125650321269756	0.08239176082391761	chr11	65266377.0	65266491.0	sense	0.24023215655962493	0.619368860040183	0.05
Neurog1	8	18	0.4504501033783226	0.074992500749925	chr11	65266377.0	65266491.0	sense	0.22955822064852338	0.6391071502150365	0.05
LMX1B	13	21	0.4500209325678457	0.032596740325967405	chr11	65266377.0	65266491.0	antisense	0.19617378921448517	0.7073590191779683	0.05
Dmbx1	5	22	0.4499002608186355	0.06229377062293771	chr11	65266377.0	65266491.0	sense	0.21543174629905432	0.666690298129043	0.05
MEOX2	12	22	0.4471390485378465	0.06309369063093691	chr11	65266377.0	65266491.0	sense	0.21543174629905432	0.666690298129043	0.05
MYBL1	13	25	0.4463399742477115	0.0045995400459954	chr11	65266377.0	65266491.0	antisense	0.12541245875412457	0.9016593175770735	0.05
Pou2f3	9	25	0.4462712485264605	0.027097290270972903	chr11	65266377.0	65266491.0	antisense	0.18429310915062339	0.7344909030544367	0.05
Gata1	14	25	0.4404742907064296	0.0053994600539946005	chr11	65266377.0	65266491.0	sense	0.12541245875412457	0.9016593175770735	0.05
HNF1B	9	22	0.43969333404700434	0.007699230076992301	chr11	65266377.0	65266491.0	antisense	0.13889493403600817	0.8573135941495663	0.05
VSX1	11	19	0.4381899538108684	0.017298270172982702	chr11	65266377.0	65266491.0	sense	0.16511985165119852	0.7822007102363542	0.05
HOXB13	14	24	0.43744106956726536	0.006799320067993201	chr11	65266377.0	65266491.0	antisense	0.1357248890495566	0.8673405046929864	0.05
Atoh1	8	18	0.4354393898506449	0.008999100089991	chr11	65266377.0	65266491.0	antisense	0.13889493403600817	0.8573135941495663	0.05
Arid3b	11	22	0.4344298421632412	0.027697230276972302	chr11	65266377.0	65266491.0	sense	0.18429310915062339	0.7344909030544367	0.05
GSC2	15	25	0.4315780139820783	0.06369363063693631	chr11	65266377.0	65266491.0	sense	0.2160587862782349	0.6654280679106532	0.05
FOXC1	13	24	0.43115707212923504	0.0110988901109889	chr11	65266377.0	65266491.0	antisense	0.1404957065269083	0.8523369473614828	0.05
FOXD1	13	21	0.4310467781675865	0.0028997100289971	chr11	65266377.0	65266491.0	antisense	0.11576534654226885	0.9364214238362856	0.05
Arx	8	25	0.4248370699562944	0.0514948505149485	chr11	65266377.0	65266491.0	sense	0.21043958596266354	0.6768725613431708	0.05
OTX1	16	24	0.41860114511734176	0.009799020097990201	chr11	65266377.0	65266491.0	sense	0.14011598840115988	0.8535123052694176	0.05
FOXA1	10	25	0.4176041663568215	0.036196380361963806	chr11	65266377.0	65266491.0	sense	0.20199915492321738	0.6946504474491741	0.05
EMX1	10	20	0.41703957626000665	0.0765923407659234	chr11	65266377.0	65266491.0	sense	0.23111293521810608	0.6361757467033499	0.05
DUXA	11	24	0.41632456975332055	0.0342965703429657	chr11	65266377.0	65266491.0	sense	0.19617378921448517	0.7073590191779683	0.05
EVX1	12	22	0.4159498051894718	0.0751924807519248	chr11	65266377.0	65266491.0	sense	0.22955822064852338	0.6391071502150365	0.05
Hmx3	6	23	0.41320203845599496	0.08949105089491051	chr11	65266377.0	65266491.0	sense	0.25242312725249216	0.5978708571220293	0.05
EVX2	12	22	0.41264183832583434	0.0781921807819218	chr11	65266377.0	65266491.0	sense	0.2345645435456454	0.6297376346170227	0.05
CDX1	13	22	0.4111299958860649	0.023797620237976203	chr11	65266377.0	65266491.0	antisense	0.17468816498631828	0.7577365171993424	0.05
FOXB1	13	24	0.4104019858046296	0.014998500149985002	chr11	65266377.0	65266491.0	antisense	0.1556844315568443	0.8077548147087424	0.05
Barhl1	9	19	0.4097228461459494	0.13238676132386762	chr11	65266377.0	65266491.0	antisense	0.3195754843120339	0.49542654424032906	0.05
Prrx2	10	18	0.4084282110834374	0.05119488051194881	chr11	65266377.0	65266491.0	sense	0.21043958596266354	0.6768725613431708	0.05
Dlx3	10	18	0.40758051211576707	0.0428957104289571	chr11	65266377.0	65266491.0	sense	0.2030270657144812	0.6924460620527355	0.05
Gmeb1	7	24	0.4041983442433112	0.4560543945605439	chr11	65266377.0	65266491.0	sense	0.6920825461313518	0.15984210324360154	0.05
Hoxa11	13	25	0.403747487397691	0.045995400459954004	chr11	65266377.0	65266491.0	antisense	0.20536151513053824	0.6874809401566133	0.05
TBX2	14	25	0.4007968333379765	0.053394660533946606	chr11	65266377.0	65266491.0	antisense	0.21154067799326937	0.6746061080556127	0.05
OLIG3	8	18	0.40070248945936715	0.0178982101789821	chr11	65266377.0	65266491.0	antisense	0.16511985165119852	0.7822007102363542	0.05
Foxq1	12	23	0.4006027077529748	0.010298970102989701	chr11	65266377.0	65266491.0	sense	0.14011598840115988	0.8535123052694176	0.05
HOXB3	12	22	0.3990833503111629	0.09379062093790622	chr11	65266377.0	65266491.0	sense	0.25701587735963244	0.5900400469539768	0.05
HOXC12	12	23	0.3983607746771291	0.010698930106989302	chr11	65266377.0	65266491.0	antisense	0.14011598840115988	0.8535123052694176	0.05
RAX2	10	18	0.3927707782224544	0.0524947505249475	chr11	65266377.0	65266491.0	sense	0.21119981025153298	0.6753064763216969	0.05
Hoxa9	11	22	0.39107371473256364	0.014698530146985302	chr11	65266377.0	65266491.0	antisense	0.1556844315568443	0.8077548147087424	0.05
Hnf4a	8	24	0.3908920306488825	0.010798920107989201	chr11	65266377.0	65266491.0	antisense	0.14011598840115988	0.8535123052694176	0.05
RORA(var.2)	6	20	0.3902924499312535	0.013798620137986202	chr11	65266377.0	65266491.0	antisense	0.1556844315568443	0.8077548147087424	0.05
Hmx2	6	23	0.3893592201973451	0.09919008099190081	chr11	65266377.0	65266491.0	sense	0.26265128589181896	0.5806204686307022	0.05
SHOX	10	18	0.38862397721132974	0.0453954604539546	chr11	65266377.0	65266491.0	antisense	0.20487168674436904	0.6885180569249126	0.05
Foxj2	14	22	0.3882295608656749	0.006399360063993601	chr11	65266377.0	65266491.0	antisense	0.13285071492850714	0.8766361041165553	0.05
HOXA2	10	20	0.3863716367122247	0.1024897510248975	chr11	65266377.0	65266491.0	sense	0.27001106995899393	0.5686184301982247	0.05
RARA::RXRA	7	24	0.3862927130791589	0.06529347065293471	chr11	65266377.0	65266491.0	antisense	0.21722635428764817	0.6630874865077925	0.05
Hoxb5	9	25	0.3857733775849757	0.13708629137086292	chr11	65266377.0	65266491.0	antisense	0.32339902373399027	0.4902612954610983	0.05
Dlx4	10	18	0.38546159762668597	0.043795620437956206	chr11	65266377.0	65266491.0	sense	0.2030270657144812	0.6924460620527355	0.05
HMBOX1	12	22	0.3840319951061707	0.0514948505149485	chr11	65266377.0	65266491.0	sense	0.21043958596266354	0.6768725613431708	0.05
Foxd3	7	19	0.3815560830855287	0.029397060293970604	chr11	65266377.0	65266491.0	sense	0.19284367859510343	0.7147945927132112	0.05
VAX1	11	19	0.3809568154946599	0.07029297070292971	chr11	65266377.0	65266491.0	sense	0.22267591422675914	0.6523267559525421	0.05
FOXP2	13	24	0.3808217157244584	0.013998600139986002	chr11	65266377.0	65266491.0	antisense	0.1556844315568443	0.8077548147087424	0.05
NKX6-2	13	21	0.3807871017987207	0.058694130586941305	chr11	65266377.0	65266491.0	sense	0.21543174629905432	0.666690298129043	0.05
Foxo1	12	23	0.38005667495279616	0.019098090190980903	chr11	65266377.0	65266491.0	sense	0.16511985165119852	0.7822007102363542	0.05
LBX2	9	19	0.3799188128017321	0.1533846615338466	chr11	65266377.0	65266491.0	sense	0.34611582320028866	0.46077854583303557	0.05
FOXD2	14	21	0.3798881624214416	0.012398760123987601	chr11	65266377.0	65266491.0	antisense	0.14965015126394338	0.8249228398457563	0.05
HOXC11	12	23	0.3793006481334668	0.025297470252974703	chr11	65266377.0	65266491.0	antisense	0.17985461727799823	0.7450784083730428	0.05
BARHL2	12	22	0.3785170054773731	0.0800919908009199	chr11	65266377.0	65266491.0	antisense	0.23484600692473123	0.6292168197059739	0.05
HNF4G	10	25	0.378317301173948	0.08439156084391561	chr11	65266377.0	65266491.0	antisense	0.24284477629585105	0.6146712339668825	0.05
TCF7L2	11	25	0.37742449054469973	0.0547945205479452	chr11	65266377.0	65266491.0	antisense	0.2122265385401758	0.6732003093088433	0.05
HOXD11	12	22	0.37551633913914745	0.016998300169983	chr11	65266377.0	65266491.0	antisense	0.16511985165119852	0.7822007102363542	0.05
SMAD2::SMAD3::SMAD4	11	24	0.3733600364452026	0.0522947705229477	chr11	65266377.0	65266491.0	sense	0.21119981025153298	0.6753064763216969	0.05
MEOX1	12	22	0.37265388622848217	0.05629437056294371	chr11	65266377.0	65266491.0	sense	0.21482925236888079	0.667906582947276	0.05
FOXP3	14	21	0.37223361608563804	0.014998500149985002	chr11	65266377.0	65266491.0	antisense	0.1556844315568443	0.8077548147087424	0.05
UNCX	11	19	0.3716189921969489	0.0724927507249275	chr11	65266377.0	65266491.0	sense	0.22622408417840853	0.6454611612629508	0.05
FOXO3	14	22	0.37022802670980803	0.0052994700529947	chr11	65266377.0	65266491.0	antisense	0.12541245875412457	0.9016593175770735	0.05
GATA5	15	23	0.3690717158501737	0.036996300369963	chr11	65266377.0	65266491.0	antisense	0.2030270657144812	0.6924460620527355	0.05
OLIG1	8	18	0.3684851548197416	0.008899110088991101	chr11	65266377.0	65266491.0	antisense	0.13889493403600817	0.8573135941495663	0.05
Lhx4	13	21	0.36334409584845995	0.0405959404059594	chr11	65266377.0	65266491.0	sense	0.2030270657144812	0.6924460620527355	0.05
Nr2f6	11	25	0.36254758354560956	0.025897410258974102	chr11	65266377.0	65266491.0	antisense	0.18163183681631836	0.7408080250781293	0.05
OTX2	16	24	0.36154703991344156	0.023897610238976102	chr11	65266377.0	65266491.0	sense	0.17468816498631828	0.7577365171993424	0.05
HOXC10	13	23	0.36128528847265695	0.034396560343965606	chr11	65266377.0	65266491.0	antisense	0.19617378921448517	0.7073590191779683	0.05
Gfi1	8	18	0.3605172326122906	0.07079292070792921	chr11	65266377.0	65266491.0	antisense	0.22267591422675914	0.6523267559525421	0.05
PITX3	15	24	0.3583063467539561	0.0613938606139386	chr11	65266377.0	65266491.0	sense	0.21543174629905432	0.666690298129043	0.05
DLX6	10	18	0.3580557867949199	0.0438956104389561	chr11	65266377.0	65266491.0	sense	0.2030270657144812	0.6924460620527355	0.05
LMX1A	13	21	0.35718726132359324	0.06129387061293871	chr11	65266377.0	65266491.0	antisense	0.21543174629905432	0.666690298129043	0.05
EOMES	12	25	0.3566793678011202	0.09569043095690431	chr11	65266377.0	65266491.0	antisense	0.25732297236597584	0.589521440659335	0.05
LHX9	10	18	0.3560269944276441	0.055394460553944605	chr11	65266377.0	65266491.0	sense	0.21296092612960926	0.6717000731949812	0.05
TBX19	3	23	0.35459903550417243	0.09559044095590441	chr11	65266377.0	65266491.0	antisense	0.25732297236597584	0.589521440659335	0.05
GRHL1	6	18	0.3509730182120592	0.0403959604039596	chr11	65266377.0	65266491.0	antisense	0.2030270657144812	0.6924460620527355	0.05
NR3C1	7	24	0.35038681046577924	0.042995700429957005	chr11	65266377.0	65266491.0	antisense	0.2030270657144812	0.6924460620527355	0.05
Sox17	10	19	0.34968518351337	0.035396460353964605	chr11	65266377.0	65266491.0	sense	0.19968220569247425	0.6996606347481722	0.05
GBX2	9	19	0.3493057811789498	0.05679432056794321	chr11	65266377.0	65266491.0	sense	0.2151551268230841	0.6672483008737927	0.05
Pitx1	16	24	0.3490656264602288	0.050294970502949704	chr11	65266377.0	65266491.0	sense	0.21043958596266354	0.6768725613431708	0.05
CDX2	13	24	0.3462596705759383	0.025197480251974803	chr11	65266377.0	65266491.0	antisense	0.17985461727799823	0.7450784083730428	0.05
FOXG1	14	22	0.3452436864939789	0.0082991700829917	chr11	65266377.0	65266491.0	antisense	0.13889493403600817	0.8573135941495663	0.05
HLTF	9	19	0.34431605481383115	0.1451854814518548	chr11	65266377.0	65266491.0	sense	0.3348945105489451	0.4750919711756924	0.05
BSX	17	25	0.34407649982936905	0.04459554044595541	chr11	65266377.0	65266491.0	antisense	0.2030270657144812	0.6924460620527355	0.05
IRF1	4	25	0.3437422452968668	0.0846915308469153	chr11	65266377.0	65266491.0	sense	0.24284477629585105	0.6146712339668825	0.05
YY1	7	19	0.3419024755439903	0.049095090490950906	chr11	65266377.0	65266491.0	antisense	0.21013144587180627	0.6775089511795062	0.05
LHX2	12	22	0.3400576268760595	0.06719328067193281	chr11	65266377.0	65266491.0	sense	0.21925557444255575	0.6590493561426937	0.05
HOXD12	12	23	0.33684225249127997	0.030096990300969902	chr11	65266377.0	65266491.0	antisense	0.19284367859510343	0.7147945927132112	0.05
Sox6	11	21	0.3363686872338899	0.0207979202079792	chr11	65266377.0	65266491.0	sense	0.16511985165119852	0.7822007102363542	0.05
NKX6-1	13	21	0.3356093431681204	0.0405959404059594	chr11	65266377.0	65266491.0	sense	0.2030270657144812	0.6924460620527355	0.05
Twist2	8	18	0.3352271188187348	0.0408959104089591	chr11	65266377.0	65266491.0	sense	0.2030270657144812	0.6924460620527355	0.05
FOXL1	14	21	0.335167665603333	0.010798920107989201	chr11	65266377.0	65266491.0	antisense	0.14011598840115988	0.8535123052694176	0.05
PRRX1	11	19	0.33378567472111015	0.0675932406759324	chr11	65266377.0	65266491.0	sense	0.21925557444255575	0.6590493561426937	0.05
SPI1	5	19	0.3328555478406694	0.015498450154984501	chr11	65266377.0	65266491.0	antisense	0.1566824086822087	0.8049797606539703	0.05
Rarb(var.2)	7	24	0.33199953845756924	0.020997900209979003	chr11	65266377.0	65266491.0	antisense	0.16511985165119852	0.7822007102363542	0.05
Hes2	7	20	0.3300703405695758	0.43115688431156884	chr11	65266377.0	65266491.0	antisense	0.6617736456442852	0.1792905320978352	0.05
VSX2	11	19	0.3296883785667566	0.0542945705429457	chr11	65266377.0	65266491.0	sense	0.21187129407360014	0.6739278808066437	0.05
TBR1	14	24	0.32887357683855556	0.0486951304869513	chr11	65266377.0	65266491.0	antisense	0.21013144587180627	0.6775089511795062	0.05
BHLHE22	8	18	0.32858326627778994	0.031596840315968405	chr11	65266377.0	65266491.0	antisense	0.195841130172697	0.708096093272535	0.05
LIN54	14	23	0.32815269954306236	0.029897010298970104	chr11	65266377.0	65266491.0	sense	0.19284367859510343	0.7147945927132112	0.05
FOXO4	14	21	0.327012714371221	0.014698530146985302	chr11	65266377.0	65266491.0	antisense	0.1556844315568443	0.8077548147087424	0.05
RAX	9	19	0.32585525324206865	0.10548945105489452	chr11	65266377.0	65266491.0	sense	0.2737451254874513	0.5626536054586745	0.05
VAX2	13	21	0.3247503808146834	0.11888811118888111	chr11	65266377.0	65266491.0	antisense	0.2995287849855791	0.5235614351788667	0.05
NR3C2	7	24	0.3244522645377831	0.06989301069893011	chr11	65266377.0	65266491.0	antisense	0.22267591422675914	0.6523267559525421	0.05
ISL2	17	25	0.32392758946083444	0.10928907109289071	chr11	65266377.0	65266491.0	antisense	0.27941393052812946	0.5537519453919149	0.05
NFATC2	14	21	0.3238209716398865	0.022097790220977902	chr11	65266377.0	65266491.0	sense	0.1662138134012686	0.7793328864805493	0.05
POU1F1	11	25	0.3232563438141551	0.10318968103189681	chr11	65266377.0	65266491.0	antisense	0.27048204270482046	0.5678615623987433	0.05
MEIS3	17	25	0.3232282127432472	0.060693930606939304	chr11	65266377.0	65266491.0	sense	0.21543174629905432	0.666690298129043	0.05
Nr2e1	10	19	0.32102072757315947	0.046295370462953706	chr11	65266377.0	65266491.0	antisense	0.20536151513053824	0.6874809401566133	0.05
POU6F1	9	19	0.3209608903055665	0.09349065093490651	chr11	65266377.0	65266491.0	sense	0.25701587735963244	0.5900400469539768	0.05
Nobox	9	17	0.3202749260308719	0.0413958604139586	chr11	65266377.0	65266491.0	antisense	0.2030270657144812	0.6924460620527355	0.05
BARX1	11	19	0.3202371498438983	0.05909409059094091	chr11	65266377.0	65266491.0	antisense	0.21543174629905432	0.666690298129043	0.05
NRL	11	22	0.32006737685894127	0.29757024297570245	chr11	65266377.0	65266491.0	sense	0.5381148296320194	0.269125039288556	0.05
POU3F1	12	24	0.31927468441862283	0.127987201279872	chr11	65266377.0	65266491.0	antisense	0.3133271578502527	0.5040019607092878	0.05
TBX20	14	25	0.318624682779819	0.05419458054194581	chr11	65266377.0	65266491.0	antisense	0.21187129407360014	0.6739278808066437	0.05
MEIS1	17	24	0.3162432611296205	0.058894110588941104	chr11	65266377.0	65266491.0	sense	0.21543174629905432	0.666690298129043	0.05
GATA1::TAL1	6	24	0.31607430010254267	0.24647535246475352	chr11	65266377.0	65266491.0	sense	0.47105987930618703	0.32692388353067126	0.05
PAX4	11	19	0.3150474132193455	0.060693930606939304	chr11	65266377.0	65266491.0	antisense	0.21543174629905432	0.666690298129043	0.05
RXRG	11	25	0.314688013285542	0.0207979202079792	chr11	65266377.0	65266491.0	antisense	0.16511985165119852	0.7822007102363542	0.05
Mafb	6	18	0.31445692891323634	0.1655834416558344	chr11	65266377.0	65266491.0	antisense	0.3610832194091515	0.44239269403605547	0.05
Nkx2-5	17	24	0.3143183235981659	0.038196180381961806	chr11	65266377.0	65266491.0	sense	0.2030270657144812	0.6924460620527355	0.05
RHOXF1	16	24	0.31422902308565853	0.07279272072792721	chr11	65266377.0	65266491.0	sense	0.22622408417840853	0.6454611612629508	0.05
Six3	5	22	0.313450385894529	0.21437856214378562	chr11	65266377.0	65266491.0	sense	0.4246659303535295	0.3719525797274179	0.05
Rxra	11	25	0.3130383206160084	0.020397960203979604	chr11	65266377.0	65266491.0	antisense	0.16511985165119852	0.7822007102363542	0.05
MEIS2	17	25	0.31282916001727223	0.033996600339966	chr11	65266377.0	65266491.0	sense	0.19617378921448517	0.7073590191779683	0.05
NFIL3	13	24	0.3128129327323276	0.04939506049395061	chr11	65266377.0	65266491.0	sense	0.21013144587180627	0.6775089511795062	0.05
EN1	11	19	0.3121239952799006	0.06029397060293971	chr11	65266377.0	65266491.0	antisense	0.21543174629905432	0.666690298129043	0.05
CEBPA	12	23	0.3116408423387133	0.06179382061793821	chr11	65266377.0	65266491.0	antisense	0.21543174629905432	0.666690298129043	0.05
FOXI1	14	21	0.3114719278502871	0.0156984301569843	chr11	65266377.0	65266491.0	antisense	0.1566824086822087	0.8049797606539703	0.05
Foxj3	3	20	0.31134571820813295	0.23357664233576642	chr11	65266377.0	65266491.0	antisense	0.4540310013942426	0.34291449235261817	0.05
OLIG2	8	18	0.31109094024831846	0.04889511048895111	chr11	65266377.0	65266491.0	antisense	0.21013144587180627	0.6775089511795062	0.05
MSX1	11	19	0.30877473222162594	0.08839116088391161	chr11	65266377.0	65266491.0	antisense	0.2506831284084706	0.6008748941457612	0.05
NEUROG2	8	18	0.30852554125756243	0.0273972602739726	chr11	65266377.0	65266491.0	antisense	0.18429310915062339	0.7344909030544367	0.05
NOTO	10	20	0.3083479515993817	0.13488651134886512	chr11	65266377.0	65266491.0	antisense	0.3211288962846835	0.49332061336110533	0.05
RXRB	11	25	0.3067824786696595	0.020997900209979003	chr11	65266377.0	65266491.0	antisense	0.16511985165119852	0.7822007102363542	0.05
POU6F2	8	18	0.3057243426355652	0.0846915308469153	chr11	65266377.0	65266491.0	sense	0.24284477629585105	0.6146712339668825	0.05
Shox2	11	19	0.3043868645212937	0.06669333066693331	chr11	65266377.0	65266491.0	sense	0.21907492795024297	0.6594073224662784	0.05
mix-a	9	20	0.3040276641785455	0.07899210078992101	chr11	65266377.0	65266491.0	antisense	0.2345645435456454	0.6297376346170227	0.05
DUX4	12	23	0.30400358227248603	0.042195780421957804	chr11	65266377.0	65266491.0	sense	0.2030270657144812	0.6924460620527355	0.05
HLF	11	23	0.3031044503812805	0.13608639136086392	chr11	65266377.0	65266491.0	sense	0.3225061055538282	0.4914620590651885	0.05
POU4F2	9	25	0.30267468324319696	0.06239376062393761	chr11	65266377.0	65266491.0	sense	0.21543174629905432	0.666690298129043	0.05
EN2	9	19	0.3015181108464189	0.20617938206179381	chr11	65266377.0	65266491.0	sense	0.4147561987987248	0.38220711444413724	0.05
FOXO6	14	21	0.29899319944473135	0.0174982501749825	chr11	65266377.0	65266491.0	antisense	0.16511985165119852	0.7822007102363542	0.05
HESX1	9	19	0.29897641050848217	0.103989601039896	chr11	65266377.0	65266491.0	antisense	0.27120905999852274	0.5666958065393312	0.05
NKX2-8	11	20	0.29830321685583344	0.12638736126387362	chr11	65266377.0	65266491.0	sense	0.3108769691751204	0.5074114507797313	0.05
JUND(var.2)	4	19	0.2981795628816259	0.14828517148285172	chr11	65266377.0	65266491.0	antisense	0.33868192128155605	0.4702079852189987	0.05
T	5	21	0.2975860514999139	0.09919008099190081	chr11	65266377.0	65266491.0	sense	0.26265128589181896	0.5806204686307022	0.05
VENTX	9	18	0.2974751947542574	0.06629337066293371	chr11	65266377.0	65266491.0	sense	0.21907492795024297	0.6594073224662784	0.05
PDX1	11	19	0.2970439828349733	0.053394660533946606	chr11	65266377.0	65266491.0	antisense	0.21154067799326937	0.6746061080556127	0.05
EMX2	12	22	0.2957888086242474	0.13308669133086692	chr11	65266377.0	65266491.0	sense	0.31977774444777746	0.4951517651046606	0.05
LBX1	13	21	0.2938824523842531	0.05929407059294071	chr11	65266377.0	65266491.0	antisense	0.21543174629905432	0.666690298129043	0.05
Spz1	13	24	0.2933569237808339	0.11778822117788221	chr11	65266377.0	65266491.0	antisense	0.29820530142107743	0.5254846400330763	0.05
RARA(var.2)	7	24	0.293139572905108	0.06059394060593941	chr11	65266377.0	65266491.0	antisense	0.21543174629905432	0.666690298129043	0.05
NFYA	4	22	0.292890855737767	0.2084791520847915	chr11	65266377.0	65266491.0	sense	0.4163560567020221	0.38053511330871076	0.05
NFIA	13	23	0.29211923906702764	0.07439256074392561	chr11	65266377.0	65266491.0	antisense	0.22955822064852338	0.6391071502150365	0.05
Rarg	9	25	0.2918246095219439	0.0336966303369663	chr11	65266377.0	65266491.0	antisense	0.19617378921448517	0.7073590191779683	0.05
Arid3a	16	22	0.2911410969371218	0.0206979302069793	chr11	65266377.0	65266491.0	antisense	0.16511985165119852	0.7822007102363542	0.05
POU2F1	12	24	0.29080322553627913	0.18018198180181982	chr11	65266377.0	65266491.0	antisense	0.38325593670141184	0.41651110912409006	0.05
Nr5a2	9	24	0.2907434059279754	0.20037996200379962	chr11	65266377.0	65266491.0	antisense	0.40623906359364065	0.39121831754504627	0.05
POU3F3	5	18	0.290471576993596	0.16328367163283672	chr11	65266377.0	65266491.0	sense	0.3606137258614564	0.4429577469634729	0.05
Sox3	10	20	0.2882606338352509	0.05039496050394961	chr11	65266377.0	65266491.0	sense	0.21043958596266354	0.6768725613431708	0.05
POU5F1B	13	22	0.2879087287228892	0.09479052094790522	chr11	65266377.0	65266491.0	antisense	0.25732297236597584	0.589521440659335	0.05
CUX1	11	21	0.2872423808545798	0.10648935106489352	chr11	65266377.0	65266491.0	antisense	0.2749650408093519	0.5607225190741372	0.05
PBX1	12	24	0.2870797130166478	0.09409059094090591	chr11	65266377.0	65266491.0	antisense	0.25701587735963244	0.5900400469539768	0.05
HOXA5	12	20	0.2859426681418821	0.0903909609039096	chr11	65266377.0	65266491.0	antisense	0.2535832903196167	0.5958793673560553	0.05
FOXP1	9	24	0.2855898479668124	0.18968103189681032	chr11	65266377.0	65266491.0	antisense	0.39377782221777824	0.40474874721177984	0.05
Sox1	4	19	0.2849638961902151	0.06509349065093491	chr11	65266377.0	65266491.0	antisense	0.21722635428764817	0.6630874865077925	0.05
Lhx3	5	18	0.28346725057142497	0.0790920907909209	chr11	65266377.0	65266491.0	antisense	0.2345645435456454	0.6297376346170227	0.05
RARA	7	25	0.2830435203918632	0.032596740325967405	chr11	65266377.0	65266491.0	antisense	0.19617378921448517	0.7073590191779683	0.05
JUND	12	23	0.28287232802062884	0.0643935606439356	chr11	65266377.0	65266491.0	antisense	0.21701466217014662	0.6635109229050558	0.05
ESR2	9	24	0.2825078613842744	0.3254674532546745	chr11	65266377.0	65266491.0	antisense	0.5574838555748386	0.25376770502649904	0.05
FOSL1	12	23	0.2824033203233717	0.068993100689931	chr11	65266377.0	65266491.0	antisense	0.22240633079549188	0.6528528547229993	0.05
CUX2	11	21	0.2790816697624639	0.12168783121687832	chr11	65266377.0	65266491.0	antisense	0.3034232461921272	0.5179511496329234	0.05
STAT1::STAT2	10	25	0.27775116906293507	0.14408559144085592	chr11	65266377.0	65266491.0	antisense	0.3348945105489451	0.4750919711756924	0.05
Msx3	10	18	0.2775193524006667	0.07989201079892011	chr11	65266377.0	65266491.0	sense	0.23484600692473123	0.6292168197059739	0.05
LHX6	12	22	0.27709403358463375	0.14478552144785523	chr11	65266377.0	65266491.0	sense	0.3348945105489451	0.4750919711756924	0.05
SMAD3	14	24	0.2754354134043914	0.04459554044595541	chr11	65266377.0	65266491.0	antisense	0.2030270657144812	0.6924460620527355	0.05
GBX1	9	19	0.27508168157674184	0.14178582141785823	chr11	65266377.0	65266491.0	antisense	0.3314722581795875	0.47955281303199565	0.05
DMRT3	12	23	0.27439126189027474	0.196980301969803	chr11	65266377.0	65266491.0	sense	0.40091284989148146	0.39695002370076704	0.05
CTCF	5	24	0.27371155414664466	0.22307769223077692	chr11	65266377.0	65266491.0	antisense	0.43855046313550466	0.3579804260143981	0.05
MSX2	10	18	0.27212068842361004	0.0908909109089091	chr11	65266377.0	65266491.0	sense	0.2536149610845367	0.5958251304243538	0.05
POU3F2	12	24	0.27069774054299534	0.15228477152284772	chr11	65266377.0	65266491.0	antisense	0.3451344821849693	0.46201164843225023	0.05
Dlx2	11	19	0.26980622095839996	0.12638736126387362	chr11	65266377.0	65266491.0	antisense	0.3108769691751204	0.5074114507797313	0.05
Gata4	12	23	0.26564740122196895	0.11448855114488551	chr11	65266377.0	65266491.0	sense	0.2912723433538999	0.5357007501783968	0.05
PHOX2A	7	18	0.2655510771140066	0.1800819918008199	chr11	65266377.0	65266491.0	sense	0.38325593670141184	0.41651110912409006	0.05
Foxa2	12	24	0.2655070021282198	0.15928407159284072	chr11	65266377.0	65266491.0	sense	0.3563294532615704	0.44814827851817296	0.05
DBP	12	24	0.2649227546968586	0.14878512148785122	chr11	65266377.0	65266491.0	sense	0.33868192128155605	0.4702079852189987	0.05
Nr2f6(var.2)	10	25	0.26433976666094816	0.042195780421957804	chr11	65266377.0	65266491.0	antisense	0.2030270657144812	0.6924460620527355	0.05
TAL1::TCF3	8	20	0.26376740968152457	0.138986101389861	chr11	65266377.0	65266491.0	antisense	0.32639722453094056	0.48625354285942046	0.05
GATA3	15	23	0.2633655411219118	0.033096690330966905	chr11	65266377.0	65266491.0	antisense	0.19617378921448517	0.7073590191779683	0.05
FOXF2	10	24	0.26313947324696246	0.2034796520347965	chr11	65266377.0	65266491.0	antisense	0.4109180521636552	0.38624477919846056	0.05
Pparg::Rxra	10	25	0.2626752808449231	0.47135286471352866	chr11	65266377.0	65266491.0	antisense	0.711139932518376	0.14804493381162998	0.05
ISX	11	19	0.2622117058035847	0.0761923807619238	chr11	65266377.0	65266491.0	sense	0.23111293521810608	0.6361757467033499	0.05
GSC	15	25	0.26175024606968395	0.2673732626737326	chr11	65266377.0	65266491.0	sense	0.499116874026883	0.30179774735911363	0.05
Lhx8	11	19	0.2614674713299006	0.13408659134086592	chr11	65266377.0	65266491.0	antisense	0.32069558021156414	0.4939070254253354	0.05
NEUROD2	8	18	0.2607419848660302	0.19308069193080693	chr11	65266377.0	65266491.0	sense	0.39923856219955695	0.3987675171300482	0.05
NKX2-3	10	20	0.25971606484703375	0.18718128187181282	chr11	65266377.0	65266491.0	sense	0.3901489369135376	0.4087695721220547	0.05
SCRT1	8	23	0.2592951284691788	0.16198380161983802	chr11	65266377.0	65266491.0	antisense	0.3592717651311792	0.44457691229591667	0.05
Mecom	10	24	0.25896771322386725	0.12008799120087991	chr11	65266377.0	65266491.0	antisense	0.30109018083698874	0.5213034074824165	0.05
Foxk1	7	24	0.258296031475145	0.3080691930806919	chr11	65266377.0	65266491.0	antisense	0.5467179034604901	0.26223670396323395	0.05
TEAD4	10	20	0.2563887539243858	0.26307369263073693	chr11	65266377.0	65266491.0	sense	0.49469292201214665	0.30566430340791956	0.05
Bcl6	11	25	0.25601703957874017	0.30026997300269975	chr11	65266377.0	65266491.0	antisense	0.539169186529623	0.2682749356540037	0.05
SOX8	3	19	0.25431446086091	0.041695830416958304	chr11	65266377.0	65266491.0	antisense	0.2030270657144812	0.6924460620527355	0.05
Sox2	11	19	0.2537562239695713	0.040995900409959006	chr11	65266377.0	65266491.0	sense	0.2030270657144812	0.6924460620527355	0.05
NFYB	10	25	0.25128982173181824	0.3127687231276872	chr11	65266377.0	65266491.0	antisense	0.5467179034604901	0.26223670396323395	0.05
Ar	6	23	0.2508328982176591	0.20857914208579142	chr11	65266377.0	65266491.0	sense	0.4163560567020221	0.38053511330871076	0.05
POU2F2	10	23	0.25018795179704284	0.18698130186981302	chr11	65266377.0	65266491.0	sense	0.3901489369135376	0.4087695721220547	0.05
Pax6	8	22	0.24986567027588627	0.32936706329367066	chr11	65266377.0	65266491.0	antisense	0.5618251289625136	0.2503988398484158	0.05
Stat5a::Stat5b	13	24	0.2489149071306129	0.1618838116188381	chr11	65266377.0	65266491.0	sense	0.3592717651311792	0.44457691229591667	0.05
MAFK	3	18	0.2482867998377585	0.38946105389461055	chr11	65266377.0	65266491.0	sense	0.6143777719492489	0.2115645053697958	0.05
Phox2b	7	18	0.24793312230966652	0.1800819918008199	chr11	65266377.0	65266491.0	sense	0.38325593670141184	0.41651110912409006	0.05
PRDM1	4	19	0.24774754872323074	0.2882711728827117	chr11	65266377.0	65266491.0	antisense	0.5286669212937364	0.2768178625644872	0.05
SOX10	13	19	0.24741919311397292	0.0964903509649035	chr11	65266377.0	65266491.0	sense	0.2581365574782728	0.5881504860148383	0.05
TEAD1	10	20	0.2456425750822772	0.3033696630336966	chr11	65266377.0	65266491.0	sense	0.5410613577817476	0.26675348196360044	0.05
PAX5	6	25	0.2450020162742883	0.5425457454254574	chr11	65266377.0	65266491.0	antisense	0.777992090293733	0.10902481838209441	0.05
JUNB	13	24	0.24421747857725354	0.15528447155284472	chr11	65266377.0	65266491.0	antisense	0.34888589063171604	0.4573165935919906	0.05
TBX5	16	24	0.2441621172002061	0.25277472252774724	chr11	65266377.0	65266491.0	antisense	0.4787959160288351	0.3198495626384454	0.05
TEF	12	24	0.24379691179113222	0.17278272172782722	chr11	65266377.0	65266491.0	sense	0.3720922513557773	0.42934937386039873	0.05
FOS	12	23	0.24375941547669447	0.16518348165183483	chr11	65266377.0	65266491.0	antisense	0.3610832194091515	0.44239269403605547	0.05
Stat4	11	25	0.2434307335623174	0.30126987301269875	chr11	65266377.0	65266491.0	antisense	0.539169186529623	0.2682749356540037	0.05
Ddit3::Cebpa	13	25	0.24228767726220193	0.35776422357764226	chr11	65266377.0	65266491.0	sense	0.5889075649397085	0.2299528668206446	0.05
Bhlha15	11	19	0.24225429542801025	0.08769123087691232	chr11	65266377.0	65266491.0	sense	0.25006455398416205	0.6019478640474389	0.05
MAFF	5	23	0.241982046408	0.5486451354864513	chr11	65266377.0	65266491.0	antisense	0.7779967904848859	0.10902219462673621	0.05
ZNF143	8	24	0.24025320533912398	0.12218778122187782	chr11	65266377.0	65266491.0	sense	0.3034232461921272	0.5179511496329234	0.05
NR2F1	11	24	0.24015483656688338	0.3104689531046895	chr11	65266377.0	65266491.0	sense	0.5467179034604901	0.26223670396323395	0.05
ELF5	14	25	0.23960040226783838	0.35806419358064195	chr11	65266377.0	65266491.0	antisense	0.5889075649397085	0.2299528668206446	0.05
Stat6	9	24	0.23941956399157524	0.36476352364763526	chr11	65266377.0	65266491.0	antisense	0.5933847240275972	0.2266636382617033	0.05
Gfi1b	6	17	0.2380185442453093	0.18098190180981902	chr11	65266377.0	65266491.0	antisense	0.38338615118080027	0.4163635789237528	0.05
PAX1	6	23	0.2375795245418766	0.22767723227677233	chr11	65266377.0	65266491.0	antisense	0.4442273817731009	0.352394675444329	0.05
PAX3	7	17	0.23396471086557985	0.09299070092990701	chr11	65266377.0	65266491.0	antisense	0.25701587735963244	0.5900400469539768	0.05
CENPB	10	25	0.23269688924949958	0.41675832416758324	chr11	65266377.0	65266491.0	sense	0.6475975156975321	0.1886948259485012	0.05
FOSL2	13	24	0.2312882935822355	0.18468153184681532	chr11	65266377.0	65266491.0	antisense	0.38805552643116253	0.41110612724782913	0.05
PROP1	12	23	0.23119224217503503	0.1484851514848515	chr11	65266377.0	65266491.0	sense	0.33868192128155605	0.4702079852189987	0.05
ZNF263	3	24	0.22890520938662634	0.40045995400459955	chr11	65266377.0	65266491.0	antisense	0.6260202293023709	0.20341163271218468	0.05
TFCP2	8	18	0.22635614672719448	0.2465753424657534	chr11	65266377.0	65266491.0	antisense	0.47105987930618703	0.32692388353067126	0.05
NFIX	15	24	0.22447156431830756	0.46815318468153183	chr11	65266377.0	65266491.0	antisense	0.7083717284248251	0.1497387801105698	0.05
Tcf7	7	19	0.22299971287727557	0.17218278172182783	chr11	65266377.0	65266491.0	antisense	0.3720922513557773	0.42934937386039873	0.05
SRF	8	24	0.22279149662083284	0.21737826217378262	chr11	65266377.0	65266491.0	antisense	0.4289707911338144	0.3675722781678869	0.05
NKX3-2	10	19	0.22217362444905167	0.2923707629237076	chr11	65266377.0	65266491.0	sense	0.5324225472189623	0.27374356115109216	0.05
POU3F4	13	22	0.22210995946262804	0.12918708129187081	chr11	65266377.0	65266491.0	antisense	0.31477978962667114	0.5019931592080773	0.05
JUN(var.2)	10	24	0.22194244398498467	0.41815818418158185	chr11	65266377.0	65266491.0	antisense	0.6478331271350477	0.188536847983597	0.05
TBX21	15	25	0.22173223461474523	0.19568043195680432	chr11	65266377.0	65266491.0	antisense	0.4004481441619617	0.39745371469186686	0.05
PAX9	6	23	0.21932946291153535	0.21137886211378862	chr11	65266377.0	65266491.0	antisense	0.4203280821343153	0.37641159379527833	0.05
PAX7	7	17	0.2186389247591842	0.10768923107689231	chr11	65266377.0	65266491.0	antisense	0.2766866877668669	0.558011735577047	0.05
ZBTB18	6	19	0.2163870784180962	0.29917008299170084	chr11	65266377.0	65266491.0	sense	0.5391294203912943	0.2683069679952118	0.05
NR2C2	10	25	0.2162942881696445	0.34766523347665235	chr11	65266377.0	65266491.0	antisense	0.5820588908851051	0.23503307257941902	0.05
THAP1	15	24	0.2141672971064112	0.6358364163583642	chr11	65266377.0	65266491.0	antisense	0.8656213662521216	0.06267203235433345	0.05
SOX21	4	19	0.21389695642694956	0.131986801319868	chr11	65266377.0	65266491.0	antisense	0.3195754843120339	0.49542654424032906	0.05
ETV4	15	25	0.2129498886194158	0.37006299370062995	chr11	65266377.0	65266491.0	antisense	0.5959066632036486	0.2248217584308976	0.05
JUN	5	18	0.21246264444740093	0.31496850314968505	chr11	65266377.0	65266491.0	antisense	0.5467179034604901	0.26223670396323395	0.05
FOXH1	14	25	0.2121661250307576	0.24587541245875413	chr11	65266377.0	65266491.0	antisense	0.47105987930618703	0.32692388353067126	0.05
ETV1	15	25	0.2109469193002858	0.3848615138486151	chr11	65266377.0	65266491.0	antisense	0.6121048445614155	0.21317418322264897	0.05
LEF1	4	19	0.20932633129890893	0.31486851314868514	chr11	65266377.0	65266491.0	antisense	0.5467179034604901	0.26223670396323395	0.05
IRF7	3	17	0.20829767584338035	0.2683731626837316	chr11	65266377.0	65266491.0	sense	0.499116874026883	0.30179774735911363	0.05
Rarg(var.2)	8	25	0.2078369969757479	0.17018298170182983	chr11	65266377.0	65266491.0	antisense	0.36956053348640033	0.4323144146279734	0.05
BATF::JUN	7	18	0.20607719649123907	0.290970902909709	chr11	65266377.0	65266491.0	antisense	0.5317390796131655	0.2743014204895352	0.05
NR4A2	17	25	0.20596408211382886	0.2616738326167383	chr11	65266377.0	65266491.0	antisense	0.4938498877384988	0.30640504061878654	0.05
Crx	11	22	0.20386846401184783	0.3230676932306769	chr11	65266377.0	65266491.0	antisense	0.5557212490671463	0.2551429968151731	0.05
Nfe2l2	9	24	0.2029178037724047	0.4971502849715029	chr11	65266377.0	65266491.0	sense	0.7402073546227039	0.13064660411501028	0.05
ZNF410	5	22	0.2026705298832117	0.193980601939806	chr11	65266377.0	65266491.0	sense	0.399507668280791	0.39847488027972283	0.05
Pax2	16	24	0.20252902358645958	0.6999300069993001	chr11	65266377.0	65266491.0	sense	0.8969473423028068	0.04723305262881651	0.05
Nkx3-1	10	19	0.2016530452176765	0.31326867313268675	chr11	65266377.0	65266491.0	sense	0.5467179034604901	0.26223670396323395	0.05
Hic1	14	23	0.2013417134194963	0.43355664433556645	chr11	65266377.0	65266491.0	sense	0.6618114659122324	0.1792657129403294	0.05
ELK3	15	25	0.20077246635889853	0.3708629137086291	chr11	65266377.0	65266491.0	antisense	0.5959066632036486	0.2248217584308976	0.05
E2F4	13	24	0.20044026637891874	0.2705729427057294	chr11	65266377.0	65266491.0	antisense	0.4997414849262404	0.3012545970718806	0.05
ZBTB7C	13	25	0.20014136519405903	0.5716428357164284	chr11	65266377.0	65266491.0	antisense	0.7996836434954888	0.09708178682917808	0.05
ELK4	11	22	0.19920025062135102	0.33826617338266174	chr11	65266377.0	65266491.0	sense	0.5737259607372596	0.24129549812200426	0.05
RUNX1	9	20	0.19812451146088314	0.5178482151784821	chr11	65266377.0	65266491.0	sense	0.759218145982012	0.1196334204362986	0.05
Mitf	13	23	0.19807126031309324	0.7308269173082692	chr11	65266377.0	65266491.0	antisense	0.9081591840815918	0.0418380207421104	0.05
TBX4	13	21	0.1965638651199526	0.3233676632336766	chr11	65266377.0	65266491.0	sense	0.5557212490671463	0.2551429968151731	0.05
ETV2	12	23	0.19507090145645786	0.28717128287171284	chr11	65266377.0	65266491.0	antisense	0.5285173610298546	0.2769407421775031	0.05
CLOCK	8	18	0.19309250890209695	0.3848615138486151	chr11	65266377.0	65266491.0	antisense	0.6121048445614155	0.21317418322264897	0.05
STAT3	13	24	0.1921560031038088	0.3658634136586341	chr11	65266377.0	65266491.0	antisense	0.5933847240275972	0.2266636382617033	0.05
REL	9	19	0.19133093897975673	0.43225677432256776	chr11	65266377.0	65266491.0	sense	0.6617736456442852	0.1792905320978352	0.05
CEBPE	13	23	0.19119274669583733	0.41505849415058493	chr11	65266377.0	65266491.0	antisense	0.6468929683608216	0.18916756955620526	0.05
Hand1::Tcf3	13	23	0.19074678972529	0.5469453054694531	chr11	65266377.0	65266491.0	antisense	0.7779967904848859	0.10902219462673621	0.05
MZF1	18	24	0.18995779123341064	0.18238176182381763	chr11	65266377.0	65266491.0	antisense	0.3847810340917128	0.4147863425393865	0.05
NFE2	12	23	0.1895844171938753	0.22597740225977403	chr11	65266377.0	65266491.0	sense	0.44257461046348195	0.35401350421781175	0.05
GLI2	13	25	0.1879674580071546	0.44845515448455153	chr11	65266377.0	65266491.0	antisense	0.6825461148899773	0.16586800104079163	0.05
NFIC	17	23	0.18711580899534988	0.3554644535546445	chr11	65266377.0	65266491.0	sense	0.5889075649397085	0.2299528668206446	0.05
SOX4	4	20	0.18630424442695295	0.1650834916508349	chr11	65266377.0	65266491.0	antisense	0.3610832194091515	0.44239269403605547	0.05
MYF6	9	19	0.1860750363105573	0.2692730726927307	chr11	65266377.0	65266491.0	antisense	0.499116874026883	0.30179774735911363	0.05
Rarb	9	25	0.18607414212012077	0.195980401959804	chr11	65266377.0	65266491.0	antisense	0.4004481441619617	0.39745371469186686	0.05
Tcf21	4	18	0.18598387521557938	0.35436456354364565	chr11	65266377.0	65266491.0	sense	0.5889075649397085	0.2299528668206446	0.05
ESR1	7	24	0.18586559308269626	0.34406559344065596	chr11	65266377.0	65266491.0	sense	0.5797728668691573	0.2367421133079189	0.05
ZBTB7A	13	25	0.1845555280079583	0.5110488951104889	chr11	65266377.0	65266491.0	sense	0.7535067515975675	0.12291285195129888	0.05
YY2	6	17	0.1842815644129577	0.5426457354264573	chr11	65266377.0	65266491.0	sense	0.777992090293733	0.10902481838209441	0.05
Pou5f1::Sox2	9	24	0.1836482061278915	0.5967403259674032	chr11	65266377.0	65266491.0	sense	0.8303169683031697	0.08075608677248002	0.05
E2F2	3	19	0.1820877375680795	0.23847615238476152	chr11	65266377.0	65266491.0	antisense	0.4618250861481016	0.33552248008106095	0.05
ZEB1	15	24	0.18084851928921886	0.2663733626637336	chr11	65266377.0	65266491.0	sense	0.4990894412363818	0.3018216179945899	0.05
MSC	8	18	0.17919516001523514	0.31186881311868814	chr11	65266377.0	65266491.0	sense	0.5467179034604901	0.26223670396323395	0.05
Hes1	12	22	0.17831266985448646	0.9581041895810419	chr11	65266377.0	65266491.0	antisense	0.9998000199980002	8.685889667019445e-05	0.05
SCRT2	11	24	0.17803977896987874	0.3628637136286371	chr11	65266377.0	65266491.0	antisense	0.5922209665825869	0.22751622121228104	0.05
Bach1::Mafk	10	25	0.17736821097901628	0.48875112488751127	chr11	65266377.0	65266491.0	sense	0.7310139303072575	0.13607434698478071	0.05
CEBPB	13	23	0.1759524778655452	0.42815718428157185	chr11	65266377.0	65266491.0	sense	0.6593874737155364	0.18085930734132394	0.05
IRF2	5	23	0.17424512709750647	0.38886111388861117	chr11	65266377.0	65266491.0	antisense	0.6143777719492489	0.2115645053697958	0.05
FOS::JUN	18	25	0.17417504610219806	0.36776322367763226	chr11	65266377.0	65266491.0	sense	0.5946078289367326	0.22576937693121815	0.05
PPARG	5	25	0.17310870033722137	0.5295470452954705	chr11	65266377.0	65266491.0	antisense	0.7741828634038005	0.11115644605185539	0.05
MGA	13	21	0.17248225447636567	0.3585641435856414	chr11	65266377.0	65266491.0	sense	0.5889075649397085	0.2299528668206446	0.05
USF2	12	23	0.1719355461409127	0.49775022497750226	chr11	65266377.0	65266491.0	sense	0.7402073546227039	0.13064660411501028	0.05
CEBPD	13	23	0.17135241473832039	0.42445755424457554	chr11	65266377.0	65266491.0	sense	0.6556353293242104	0.1833376522382774	0.05
Myod1	6	19	0.1713294225504373	0.6457354264573543	chr11	65266377.0	65266491.0	sense	0.8656213662521216	0.06267203235433345	0.05
MAFG	4	25	0.17131108084690483	0.6284371562843716	chr11	65266377.0	65266491.0	sense	0.8583128529252338	0.06635438402323839	0.05
TBX1	13	21	0.16670878712143888	0.2947705229477052	chr11	65266377.0	65266491.0	sense	0.5349157391953112	0.27171462337043395	0.05
RFX4	6	22	0.1664226849617568	0.7350264973502649	chr11	65266377.0	65266491.0	sense	0.9081591840815918	0.0418380207421104	0.05
Dux	17	25	0.1662696331518323	0.3093690630936906	chr11	65266377.0	65266491.0	antisense	0.5467179034604901	0.26223670396323395	0.05
E2F6	13	24	0.16613093194774878	0.38566143385661433	chr11	65266377.0	65266491.0	antisense	0.6121048445614155	0.21317418322264897	0.05
Nr2e3	11	18	0.16583251002807917	0.24867513248675133	chr11	65266377.0	65266491.0	sense	0.4727560211011866	0.3253629311992249	0.05
PLAG1	9	23	0.16522836763776874	0.31696830316968305	chr11	65266377.0	65266491.0	antisense	0.5483551644835516	0.26093806193031577	0.05
MAF::NFE2	3	18	0.16262947670551178	0.6419358064193581	chr11	65266377.0	65266491.0	sense	0.8656213662521216	0.06267203235433345	0.05
Esrra	10	21	0.16222035376617663	0.3454654534546545	chr11	65266377.0	65266491.0	antisense	0.5802478004626722	0.2363864971430222	0.05
HSF4	12	25	0.16202969025586766	0.7408259174082592	chr11	65266377.0	65266491.0	antisense	0.9081591840815918	0.0418380207421104	0.05
RELA	10	20	0.16070784177831593	0.3301669833016698	chr11	65266377.0	65266491.0	sense	0.5618251289625136	0.2503988398484158	0.05
ZBTB7B	13	25	0.16051397327215572	0.5349465053494651	chr11	65266377.0	65266491.0	antisense	0.7776953397097265	0.10919050351936958	0.05
EHF	12	24	0.15966062447366416	0.5695430456954305	chr11	65266377.0	65266491.0	antisense	0.7988995695025092	0.09750781286659987	0.05
FIGLA	10	20	0.15940426323458223	0.6722327767223277	chr11	65266377.0	65266491.0	sense	0.8827359688273597	0.05416917686232402	0.05
Sox11	5	20	0.15850066833807067	0.24687531246875313	chr11	65266377.0	65266491.0	antisense	0.47105987930618703	0.32692388353067126	0.05
ETV5	8	18	0.1583218453875632	0.7391260873912608	chr11	65266377.0	65266491.0	sense	0.9081591840815918	0.0418380207421104	0.05
Gabpa	14	25	0.15830617237975814	0.5675432456754325	chr11	65266377.0	65266491.0	antisense	0.7982518821288602	0.09786004880202882	0.05
Esrrg	10	20	0.15785981771431806	0.534046595340466	chr11	65266377.0	65266491.0	antisense	0.7776953397097265	0.10919050351936958	0.05
RREB1	4	24	0.1519976203014384	0.3604639536046395	chr11	65266377.0	65266491.0	sense	0.5901602268795202	0.22903006259070852	0.05
XBP1	5	19	0.15021070395620092	0.7396260373962604	chr11	65266377.0	65266491.0	antisense	0.9081591840815918	0.0418380207421104	0.05
SNAI2	11	20	0.15007381105513687	0.7168283171682832	chr11	65266377.0	65266491.0	antisense	0.9008084663688595	0.04536754069876977	0.05
RFX3	6	22	0.14992133629200655	0.7529247075292471	chr11	65266377.0	65266491.0	antisense	0.9194539369592453	0.036470023278015774	0.05
TBX15	13	21	0.14957544581138388	0.3518648135186481	chr11	65266377.0	65266491.0	sense	0.5871956212738855	0.23121719162005064	0.05
ETS1	15	25	0.14871075720596258	0.6153384661533846	chr11	65266377.0	65266491.0	antisense	0.8438726048239503	0.07372311166580178	0.05
Klf1	12	23	0.14822177369961703	0.5092490750924907	chr11	65266377.0	65266491.0	antisense	0.7529922221453067	0.1232095097180508	0.05
FEV	15	25	0.14765203331984333	0.6621337866213378	chr11	65266377.0	65266491.0	antisense	0.8739138776477683	0.05853136405352458	0.05
IRF8	6	20	0.14619751176353143	0.3955604439556044	chr11	65266377.0	65266491.0	antisense	0.6202292157491199	0.20744778027898175	0.05
Myb	10	20	0.1459752887139839	0.5425457454254574	chr11	65266377.0	65266491.0	sense	0.777992090293733	0.10902481838209441	0.05
JDP2	13	22	0.14573348299189687	0.3812618738126187	chr11	65266377.0	65266491.0	sense	0.6107250386072504	0.21415427436134635	0.05
SPIB	14	21	0.14533832852823464	0.48475152484751527	chr11	65266377.0	65266491.0	antisense	0.729234902596697	0.13713255334344907	0.05
STAT1	14	25	0.14532481578246484	0.5402459754024598	chr11	65266377.0	65266491.0	sense	0.777992090293733	0.10902481838209441	0.05
KLF13	3	21	0.14519600263746535	0.5451454854514548	chr11	65266377.0	65266491.0	sense	0.7779967904848859	0.10902219462673621	0.05
NFKB2	11	24	0.14468595947616342	0.5389461053894611	chr11	65266377.0	65266491.0	sense	0.777992090293733	0.10902481838209441	0.05
RORA	11	21	0.14431362577520643	0.6020397960203979	chr11	65266377.0	65266491.0	antisense	0.8311450769816634	0.08032316317932543	0.05
HINFP	12	24	0.14356770051431708	0.7321267873212679	chr11	65266377.0	65266491.0	sense	0.9081591840815918	0.0418380207421104	0.05
TFAP2A	13	24	0.14349065156909185	0.7557244275572442	chr11	65266377.0	65266491.0	antisense	0.920706520897206	0.03587878095012808	0.05
MAFG::NFE2L1	16	22	0.14322129349079066	0.5480451954804519	chr11	65266377.0	65266491.0	sense	0.7779967904848859	0.10902219462673621	0.05
ERG	15	25	0.14116460780828896	0.679032096790321	chr11	65266377.0	65266491.0	antisense	0.8854715031009461	0.05282541103534727	0.05
EGR2	14	25	0.14084918599676016	0.5072492750724927	chr11	65266377.0	65266491.0	antisense	0.7521782107503535	0.12367925146127627	0.05
Myc	11	21	0.14070744971448293	0.5960403959604039	chr11	65266377.0	65266491.0	sense	0.8303169683031697	0.08075608677248002	0.05
Atf1	17	25	0.1400824281359076	0.6006399360063993	chr11	65266377.0	65266491.0	sense	0.8311450769816634	0.08032316317932543	0.05
TFAP2C(var.2)	13	24	0.1390826074543709	0.7898210178982101	chr11	65266377.0	65266491.0	sense	0.9455592371797303	0.024311258384871293	0.05
SPDEF	7	18	0.1384072303539746	0.649035096490351	chr11	65266377.0	65266491.0	sense	0.8656213662521216	0.06267203235433345	0.05
ID4	10	20	0.1378129060720091	0.7337266273372662	chr11	65266377.0	65266491.0	antisense	0.9081591840815918	0.0418380207421104	0.05
USF1	12	23	0.13780802663474684	0.7281271872812719	chr11	65266377.0	65266491.0	sense	0.9081591840815918	0.0418380207421104	0.05
ETV6	14	24	0.13705439206714462	0.6586341365863414	chr11	65266377.0	65266491.0	antisense	0.8720181553273245	0.059474473007348275	0.05
TEAD3	9	17	0.13695091643163204	0.5166483351664833	chr11	65266377.0	65266491.0	antisense	0.759218145982012	0.1196334204362986	0.05
HIC2	14	23	0.13678649830483652	0.8197180281971803	chr11	65266377.0	65266491.0	sense	0.9632240395869915	0.016272687081168028	0.05
PROX1	5	17	0.13661619530125607	0.6021397860213978	chr11	65266377.0	65266491.0	antisense	0.8311450769816634	0.08032316317932543	0.05
RXRA::VDR	9	24	0.13660941361789053	0.6152384761523848	chr11	65266377.0	65266491.0	antisense	0.8438726048239503	0.07372311166580178	0.05
IRF9	8	23	0.13618045286950847	0.39436056394360564	chr11	65266377.0	65266491.0	sense	0.6202216142022161	0.20745310303711872	0.05
CEBPG	13	23	0.13581131326564289	0.5642435756424358	chr11	65266377.0	65266491.0	antisense	0.7957674341261526	0.09921383783188116	0.05
Arntl	13	23	0.13537319755645508	0.8076192380761924	chr11	65266377.0	65266491.0	antisense	0.9569734807341184	0.01910009705117593	0.05
ETV3	8	18	0.13533567575224434	0.776022397760224	chr11	65266377.0	65266491.0	sense	0.93446780611962	0.02943565615293059	0.05
FLI1	15	25	0.135220851843866	0.6385361463853615	chr11	65266377.0	65266491.0	antisense	0.8656213662521216	0.06267203235433345	0.05
Creb5	4	16	0.1349034652846073	0.641035896410359	chr11	65266377.0	65266491.0	antisense	0.8656213662521216	0.06267203235433345	0.05
HSF2	12	25	0.1335175660213983	0.698930106989301	chr11	65266377.0	65266491.0	antisense	0.8969473423028068	0.04723305262881651	0.05
MZF1(var.2)	11	21	0.13118508223714406	0.7122287771222878	chr11	65266377.0	65266491.0	sense	0.8995940211804062	0.04595343960477628	0.05
RFX2	6	22	0.130491708687799	0.7141285871412859	chr11	65266377.0	65266491.0	antisense	0.8995940211804062	0.04595343960477628	0.05
MYBL2	10	25	0.12959795633981303	0.8416158384161584	chr11	65266377.0	65266491.0	antisense	0.9694318816455383	0.013482701762989137	0.05
ELF3	11	24	0.1291824524411467	0.6735326467353264	chr11	65266377.0	65266491.0	antisense	0.8827359688273597	0.05416917686232402	0.05
NR1H2::RXRA	8	25	0.12886354140901252	0.48795120487951205	chr11	65266377.0	65266491.0	antisense	0.7310139303072575	0.13607434698478071	0.05
TCF3	8	18	0.12883386123132426	0.7674232576742326	chr11	65266377.0	65266491.0	antisense	0.9284211438995961	0.03225497746390497	0.05
ERF	15	25	0.12835504184254892	0.7081291870812919	chr11	65266377.0	65266491.0	antisense	0.8995940211804062	0.04595343960477628	0.05
Vdr	5	21	0.12782304575329811	0.6935306469353064	chr11	65266377.0	65266491.0	sense	0.8931573343906304	0.0490720311013604	0.05
RUNX3	14	24	0.12776160449740168	0.692030796920308	chr11	65266377.0	65266491.0	antisense	0.8931573343906304	0.0490720311013604	0.05
ESRRB	9	20	0.1271095979985331	0.6494350564943505	chr11	65266377.0	65266491.0	antisense	0.8656213662521216	0.06267203235433345	0.05
ATF4	12	25	0.12702586996152743	0.7747225277472253	chr11	65266377.0	65266491.0	antisense	0.93446780611962	0.02943565615293059	0.05
ATF7	4	18	0.126663860700942	0.7898210178982101	chr11	65266377.0	65266491.0	antisense	0.9455592371797303	0.024311258384871293	0.05
E2F3	3	21	0.1261353560968856	0.5507449255074492	chr11	65266377.0	65266491.0	antisense	0.7788463660445945	0.10854820209560809	0.05
TFAP2B(var.2)	13	24	0.12549332578800992	0.8051194880511949	chr11	65266377.0	65266491.0	sense	0.9561945407289936	0.019453740182209706	0.05
GMEB2	17	25	0.12352493414533784	0.7655234476552345	chr11	65266377.0	65266491.0	sense	0.9282866105912774	0.032317913672789675	0.05
ZBTB33	5	20	0.12290168528521525	0.904009599040096	chr11	65266377.0	65266491.0	sense	0.9998000199980002	8.685889667019445e-05	0.05
E2F1	13	25	0.12260796000721379	0.855014498550145	chr11	65266377.0	65266491.0	sense	0.977771385857009	0.009762676364716498	0.05
TFAP4	6	16	0.1221058659451643	0.6926307369263074	chr11	65266377.0	65266491.0	antisense	0.8931573343906304	0.0490720311013604	0.05
TGIF2	9	21	0.12186519438741321	0.6874312568743126	chr11	65266377.0	65266491.0	sense	0.8931573343906304	0.0490720311013604	0.05
CREB3	8	22	0.12076294286548338	0.8898110188981102	chr11	65266377.0	65266491.0	antisense	0.9995928978530718	0.00017683821403298536	0.05
HSF1	12	25	0.12001727262398082	0.7125287471252875	chr11	65266377.0	65266491.0	antisense	0.8995940211804062	0.04595343960477628	0.05
Znf423	6	21	0.11842646722672402	0.6759324067593241	chr11	65266377.0	65266491.0	sense	0.8836496702974539	0.05371988024988395	0.05
ELK1	15	25	0.11813136532520645	0.7112288771122888	chr11	65266377.0	65266491.0	antisense	0.8995940211804062	0.04595343960477628	0.05
RUNX2	8	17	0.11771133398450709	0.7137286271372862	chr11	65266377.0	65266491.0	antisense	0.8995940211804062	0.04595343960477628	0.05
Crem	5	15	0.11679459655636601	0.8358164183581642	chr11	65266377.0	65266491.0	sense	0.9690892517891069	0.013636223181937343	0.05
Creb3l2	10	19	0.1156347664661068	0.6907309269073093	chr11	65266377.0	65266491.0	sense	0.8931573343906304	0.0490720311013604	0.05
MAX::MYC	8	19	0.11508554449848357	0.8365163483651635	chr11	65266377.0	65266491.0	antisense	0.9690892517891069	0.013636223181937343	0.05
Tcf12	5	16	0.11431656163225097	0.8326167383261673	chr11	65266377.0	65266491.0	antisense	0.9688970564826924	0.013722363482248942	0.05
ZIC4	5	20	0.11312417386369615	0.8639136086391361	chr11	65266377.0	65266491.0	sense	0.9811185183451021	0.008278527019361718	0.05
NRF1	14	25	0.11304335399703304	0.7401259874012599	chr11	65266377.0	65266491.0	antisense	0.9081591840815918	0.0418380207421104	0.05
RFX5	6	22	0.11300369666412567	0.7994200579942006	chr11	65266377.0	65266491.0	sense	0.9516032341719957	0.02154409061473733	0.05
ZNF354C	19	25	0.11219246087410847	0.6162383761623837	chr11	65266377.0	65266491.0	sense	0.8438726048239503	0.07372311166580178	0.05
Rfx1	7	21	0.11198298637229669	0.930906909309069	chr11	65266377.0	65266491.0	antisense	0.9998000199980002	8.685889667019445e-05	0.05
EWSR1-FLI1	5	23	0.11181625294140983	0.3398660133986601	chr11	65266377.0	65266491.0	antisense	0.5745617620648359	0.24066328032253156	0.05
SREBF2	5	15	0.11136906910139811	0.7419258074192581	chr11	65266377.0	65266491.0	antisense	0.9081591840815918	0.0418380207421104	0.05
Ascl2	6	16	0.10966122195400972	0.8203179682031797	chr11	65266377.0	65266491.0	antisense	0.9632240395869915	0.016272687081168028	0.05
PKNOX2	9	21	0.10746122434376447	0.650934906509349	chr11	65266377.0	65266491.0	sense	0.8656213662521216	0.06267203235433345	0.05
Atf3	15	23	0.10726686832881778	0.7907209279072093	chr11	65266377.0	65266491.0	antisense	0.9455592371797303	0.024311258384871293	0.05
Npas2	10	20	0.10688259652606691	0.9147085291470853	chr11	65266377.0	65266491.0	sense	0.9998000199980002	8.685889667019445e-05	0.05
PKNOX1	9	21	0.1065151620213596	0.6464353564643536	chr11	65266377.0	65266491.0	antisense	0.8656213662521216	0.06267203235433345	0.05
TFAP2C	12	24	0.10452869357373024	0.9383061693830617	chr11	65266377.0	65266491.0	antisense	0.9998000199980002	8.685889667019445e-05	0.05
NFKB1	11	24	0.10371573247587264	0.646935306469353	chr11	65266377.0	65266491.0	antisense	0.8656213662521216	0.06267203235433345	0.05
TGIF1	9	21	0.10311142255123945	0.6634336566343366	chr11	65266377.0	65266491.0	sense	0.8739138776477683	0.05853136405352458	0.05
Klf12	4	19	0.10276505002744629	0.8232176782321767	chr11	65266377.0	65266491.0	sense	0.9644468961681709	0.015721680239953982	0.05
ELF1	12	24	0.10268972612768489	0.8424157584241576	chr11	65266377.0	65266491.0	antisense	0.9694318816455383	0.013482701762989137	0.05
MAX	8	18	0.10262245904004483	0.926007399260074	chr11	65266377.0	65266491.0	antisense	0.9998000199980002	8.685889667019445e-05	0.05
GCM2	6	16	0.10194637763722277	0.9173082691730827	chr11	65266377.0	65266491.0	antisense	0.9998000199980002	8.685889667019445e-05	0.05
TCF4	10	20	0.10139094285254063	0.8789121087891211	chr11	65266377.0	65266491.0	sense	0.9898287828483964	0.004439921659954981	0.05
REST	4	25	0.10128923632119277	0.6521347865213478	chr11	65266377.0	65266491.0	sense	0.8656213662521216	0.06267203235433345	0.05
GCM1	12	23	0.10124022193018335	0.92010798920108	chr11	65266377.0	65266491.0	sense	0.9998000199980002	8.685889667019445e-05	0.05
INSM1	12	24	0.09921146545745566	0.7925207479252074	chr11	65266377.0	65266491.0	sense	0.9455592371797303	0.024311258384871293	0.05
JDP2(var.2)	4	16	0.09819163528147264	0.8553144685531446	chr11	65266377.0	65266491.0	antisense	0.977771385857009	0.009762676364716498	0.05
MNT	10	20	0.09784516833757897	0.9398060193980602	chr11	65266377.0	65266491.0	sense	0.9998000199980002	8.685889667019445e-05	0.05
ZBED1	11	24	0.09757563364842704	0.8423157684231577	chr11	65266377.0	65266491.0	sense	0.9694318816455383	0.013482701762989137	0.05
TFAP2B	12	24	0.09551843453720033	0.948005199480052	chr11	65266377.0	65266491.0	antisense	0.9998000199980002	8.685889667019445e-05	0.05
Nkx2-5(var.2)	9	20	0.09501434719971098	0.9356064393560644	chr11	65266377.0	65266491.0	sense	0.9998000199980002	8.685889667019445e-05	0.05
Klf4	15	25	0.09435047863959088	0.7050294970502949	chr11	65266377.0	65266491.0	antisense	0.8995940211804062	0.04595343960477628	0.05
ELF4	12	24	0.0941161945048707	0.8792120787921208	chr11	65266377.0	65266491.0	antisense	0.9898287828483964	0.004439921659954981	0.05
SP8	3	15	0.09327543164286299	0.8774122587741225	chr11	65266377.0	65266491.0	sense	0.9898287828483964	0.004439921659954981	0.05
HEY2	10	20	0.09192723490589741	0.9475052494750525	chr11	65266377.0	65266491.0	antisense	0.9998000199980002	8.685889667019445e-05	0.05
TFEC	8	18	0.09157674532007327	0.9828017198280172	chr11	65266377.0	65266491.0	antisense	0.9998000199980002	8.685889667019445e-05	0.05
Tcfl5	13	23	0.0907694523875588	0.9991000899910009	chr11	65266377.0	65266491.0	sense	0.9998000199980002	8.685889667019445e-05	0.05
EGR4	3	19	0.09058692786271201	0.9649035096490352	chr11	65266377.0	65266491.0	sense	0.9998000199980002	8.685889667019445e-05	0.05
Mlxip	11	19	0.09027072497041268	0.8309169083091691	chr11	65266377.0	65266491.0	sense	0.9688970564826924	0.013722363482248942	0.05
Myog	9	20	0.08940162111635279	0.9485051494850515	chr11	65266377.0	65266491.0	antisense	0.9998000199980002	8.685889667019445e-05	0.05
CREB3L1	6	20	0.08930919663275812	0.9646035396460354	chr11	65266377.0	65266491.0	sense	0.9998000199980002	8.685889667019445e-05	0.05
TFE3	12	22	0.0887266785178836	0.995000499950005	chr11	65266377.0	65266491.0	sense	0.9998000199980002	8.685889667019445e-05	0.05
SP2	7	22	0.08783603445868093	0.8261173882611739	chr11	65266377.0	65266491.0	sense	0.9656642443863721	0.015173848902457363	0.05
SREBF1	5	15	0.0851278454427802	0.8515148485151485	chr11	65266377.0	65266491.0	sense	0.9777349698658452	0.009778851473502014	0.05
ZIC1	5	19	0.08358197905303141	0.818018198180182	chr11	65266377.0	65266491.0	sense	0.9632240395869915	0.016272687081168028	0.05
HEY1	10	20	0.0815401491080051	0.9607039296070393	chr11	65266377.0	65266491.0	antisense	0.9998000199980002	8.685889667019445e-05	0.05
CREB1	17	25	0.08153096167106881	0.9705029497050295	chr11	65266377.0	65266491.0	antisense	0.9998000199980002	8.685889667019445e-05	0.05
NHLH1	10	20	0.08104698524285879	0.9532046795320468	chr11	65266377.0	65266491.0	antisense	0.9998000199980002	8.685889667019445e-05	0.05
E2F8	13	25	0.08010186968191964	0.7592240775922408	chr11	65266377.0	65266491.0	sense	0.9228039725301473	0.03489054457551206	0.05
MTF1	8	22	0.07889089170674851	0.9045095490450955	chr11	65266377.0	65266491.0	antisense	0.9998000199980002	8.685889667019445e-05	0.05
BCL6B	7	24	0.07817147990500804	0.7419258074192581	chr11	65266377.0	65266491.0	antisense	0.9081591840815918	0.0418380207421104	0.05
TFEB	8	18	0.07577069971012879	0.9953004699530047	chr11	65266377.0	65266491.0	antisense	0.9998000199980002	8.685889667019445e-05	0.05
KLF14	3	17	0.07298380475072931	0.9093090690930907	chr11	65266377.0	65266491.0	sense	0.9998000199980002	8.685889667019445e-05	0.05
Zfx	11	25	0.07278252224336344	0.9808019198080192	chr11	65266377.0	65266491.0	sense	0.9998000199980002	8.685889667019445e-05	0.05
SP4	4	21	0.07248241354199408	0.8788121187881212	chr11	65266377.0	65266491.0	antisense	0.9898287828483964	0.004439921659954981	0.05
Id2	17	25	0.07233541344400607	0.9346065393460654	chr11	65266377.0	65266491.0	antisense	0.9998000199980002	8.685889667019445e-05	0.05
MLXIPL	8	18	0.07178106953750443	0.992000799920008	chr11	65266377.0	65266491.0	sense	0.9998000199980002	8.685889667019445e-05	0.05
TP73	4	22	0.07157223079249256	0.9974002599740026	chr11	65266377.0	65266491.0	antisense	0.9998000199980002	8.685889667019445e-05	0.05
TFAP2A(var.2)	12	24	0.06962648946579764	0.9794020597940206	chr11	65266377.0	65266491.0	sense	0.9998000199980002	8.685889667019445e-05	0.05
ARNT::HIF1A	7	15	0.0695673331393563	0.9764023597640236	chr11	65266377.0	65266491.0	antisense	0.9998000199980002	8.685889667019445e-05	0.05
SP3	3	14	0.06662746165807938	0.938906109389061	chr11	65266377.0	65266491.0	sense	0.9998000199980002	8.685889667019445e-05	0.05
Mycn	10	18	0.0663793438944065	0.9398060193980602	chr11	65266377.0	65266491.0	sense	0.9998000199980002	8.685889667019445e-05	0.05
KLF5	15	25	0.06446976936472931	0.8109189081091891	chr11	65266377.0	65266491.0	sense	0.9586945633454877	0.01831973545937017	0.05
Arnt	12	18	0.06307293220493589	0.9142085791420858	chr11	65266377.0	65266491.0	antisense	0.9998000199980002	8.685889667019445e-05	0.05
NFIC::TLX1	9	23	0.06248835245693611	0.9779022097790221	chr11	65266377.0	65266491.0	antisense	0.9998000199980002	8.685889667019445e-05	0.05
ZIC3	5	20	0.06245414911843037	0.9384061593840616	chr11	65266377.0	65266491.0	sense	0.9998000199980002	8.685889667019445e-05	0.05
MLX	8	18	0.06226993602311893	0.9925007499250075	chr11	65266377.0	65266491.0	sense	0.9998000199980002	8.685889667019445e-05	0.05
SREBF2(var.2)	5	15	0.05975425421690492	0.9886011398860114	chr11	65266377.0	65266491.0	antisense	0.9998000199980002	8.685889667019445e-05	0.05
Srebf1(var.2)	5	15	0.05975306297754749	0.9938006199380062	chr11	65266377.0	65266491.0	antisense	0.9998000199980002	8.685889667019445e-05	0.05
Ahr::Arnt	14	20	0.05834013610928784	0.9431056894310569	chr11	65266377.0	65266491.0	sense	0.9998000199980002	8.685889667019445e-05	0.05
BATF3	6	20	0.05688260182262218	0.9817018298170183	chr11	65266377.0	65266491.0	antisense	0.9998000199980002	8.685889667019445e-05	0.05
HES5	9	21	0.05480610485268448	0.9771022897710229	chr11	65266377.0	65266491.0	sense	0.9998000199980002	8.685889667019445e-05	0.05
EGR1	9	23	0.05447133192824515	0.9166083391660834	chr11	65266377.0	65266491.0	sense	0.9998000199980002	8.685889667019445e-05	0.05
SP1	13	24	0.054409390170403096	0.8607139286071392	chr11	65266377.0	65266491.0	sense	0.9796283529541782	0.008938653770525893	0.05
TP63	3	21	0.053426173381830915	0.9768023197680232	chr11	65266377.0	65266491.0	antisense	0.9998000199980002	8.685889667019445e-05	0.05
TP53	4	22	0.0519562049811482	0.9968003199680032	chr11	65266377.0	65266491.0	sense	0.9998000199980002	8.685889667019445e-05	0.05
GLIS3	5	19	0.051278531672033154	0.926007399260074	chr11	65266377.0	65266491.0	sense	0.9998000199980002	8.685889667019445e-05	0.05
EBF1	8	22	0.050699802585691046	0.9948005199480052	chr11	65266377.0	65266491.0	antisense	0.9998000199980002	8.685889667019445e-05	0.05
HES7	9	21	0.049817452955828644	0.9832016798320168	chr11	65266377.0	65266491.0	antisense	0.9998000199980002	8.685889667019445e-05	0.05
GLIS1	4	20	0.04907352296642674	0.9036096390360964	chr11	65266377.0	65266491.0	sense	0.9998000199980002	8.685889667019445e-05	0.05
BHLHE40	10	20	0.04767655897835773	0.9998000199980002	chr11	65266377.0	65266491.0	antisense	0.9998000199980002	8.685889667019445e-05	0.05
ZNF740	15	25	0.046696519566092186	0.8587141285871412	chr11	65266377.0	65266491.0	sense	0.9795002917290688	0.008995430321306157	0.05
TFAP2B(var.3)	12	25	0.04335205461045273	0.9972002799720028	chr11	65266377.0	65266491.0	sense	0.9998000199980002	8.685889667019445e-05	0.05
TFAP2A(var.3)	12	25	0.03616021940909739	0.9997000299970003	chr11	65266377.0	65266491.0	sense	0.9998000199980002	8.685889667019445e-05	0.05
EGR3	4	19	0.03537293457332924	0.9943005699430058	chr11	65266377.0	65266491.0	sense	0.9998000199980002	8.685889667019445e-05	0.05
GLIS2	5	19	0.03507667036522538	0.9894010598940106	chr11	65266377.0	65266491.0	sense	0.9998000199980002	8.685889667019445e-05	0.05
KLF16	12	23	0.03436559184949609	0.9715028497150285	chr11	65266377.0	65266491.0	sense	0.9998000199980002	8.685889667019445e-05	0.05
TFAP2C(var.3)	12	25	0.03334096847665932	0.9996000399960004	chr11	65266377.0	65266491.0	sense	0.9998000199980002	8.685889667019445e-05	0.05
BHLHE41	12	22	0.032345663322638246	0.9998000199980002	chr11	65266377.0	65266491.0	sense	0.9998000199980002	8.685889667019445e-05	0.05
E2F7	3	17	0.026129160074765293	0.9753024697530247	chr11	65266377.0	65266491.0	sense	0.9998000199980002	8.685889667019445e-05	0.05
