motif	start	end	score	pval	tile_chr	tile_start	tile_end	strand	padj	neg_log_pval	fdr_cutoff
TBP	38	53	2.81219338808563	9.999000099990002e-05	chr11	65190189.0	65190303.0	sense	0.025947405259474053	1.585906065092386	0.05
HOXA10	36	47	2.307994421994258	0.00019998000199980003	chr11	65190189.0	65190303.0	sense	0.025947405259474053	1.585906065092386	0.05
CDX1	37	46	2.1948278940350905	0.00029997000299970003	chr11	65190189.0	65190303.0	sense	0.025947405259474053	1.585906065092386	0.05
Hoxd9	37	47	1.9635967314498042	0.0007999200079992001	chr11	65190189.0	65190303.0	sense	0.027677232276772323	1.5578773414921425	0.05
TCF7L2	36	50	1.7695134358091889	0.0006999300069993001	chr11	65190189.0	65190303.0	sense	0.025947405259474053	1.585906065092386	0.05
HLTF	40	50	1.738138436803436	0.00029997000299970003	chr11	65190189.0	65190303.0	antisense	0.025947405259474053	1.585906065092386	0.05
Barhl1	39	49	1.7307415589273556	0.0018998100189981002	chr11	65190189.0	65190303.0	sense	0.049300069993000704	1.307152464139557	0.05
HOXA13	37	47	1.7044154517577534	0.0005999400059994001	chr11	65190189.0	65190303.0	sense	0.025947405259474053	1.585906065092386	0.05
CDX2	35	46	1.685422214267674	0.00019998000199980003	chr11	65190189.0	65190303.0	sense	0.025947405259474053	1.585906065092386	0.05
HOXD13	37	47	1.6507206228945337	0.0004999500049995	chr11	65190189.0	65190303.0	sense	0.025947405259474053	1.585906065092386	0.05
MNX1	36	46	1.6199057579549263	0.0006999300069993001	chr11	65190189.0	65190303.0	sense	0.025947405259474053	1.585906065092386	0.05
HOXB13	37	47	1.612185964043603	0.0004999500049995	chr11	65190189.0	65190303.0	sense	0.025947405259474053	1.585906065092386	0.05
Rhox11	32	49	1.5974033119882893	0.0029997000299970002	chr11	65190189.0	65190303.0	sense	0.06768888328558448	1.1694826507263354	0.05
Hoxa11	36	48	1.5288390226352266	0.00039996000399960006	chr11	65190189.0	65190303.0	sense	0.025947405259474053	1.585906065092386	0.05
GSX2	36	46	1.4426955131034624	0.026097390260973904	chr11	65190189.0	65190303.0	sense	0.17590318890188905	0.7547262872626057	0.05
HOXC11	36	47	1.3847478876147825	0.00029997000299970003	chr11	65190189.0	65190303.0	sense	0.025947405259474053	1.585906065092386	0.05
Hoxd3	34	50	1.3466891601570405	0.014098590140985901	chr11	65190189.0	65190303.0	antisense	0.16203889815100123	0.7903807186393197	0.05
GSX1	36	46	1.344528717969178	0.0316968303169683	chr11	65190189.0	65190303.0	sense	0.18419806371011252	0.7347149394183955	0.05
HOXC10	37	47	1.3368448630005412	0.0008999100089991	chr11	65190189.0	65190303.0	sense	0.029190830916908307	1.5347535426450047	0.05
BARHL2	39	49	1.3281266979571051	0.0034996500349965005	chr11	65190189.0	65190303.0	sense	0.07567993200679933	1.1210192667897352	0.05
ISL2	40	48	1.32095450369584	0.0024997500249975004	chr11	65190189.0	65190303.0	antisense	0.05897137558971376	1.2293587415785734	0.05
Nr2e1	42	51	1.3151493743476856	0.0012998700129987	chr11	65190189.0	65190303.0	sense	0.0396842668674309	1.401381638499842	0.05
Gata4	35	46	1.273831404129557	0.0014998500149985001	chr11	65190189.0	65190303.0	antisense	0.04096958725180114	1.3875384113255524	0.05
IRF1	31	52	1.270879622860603	0.011198880111988802	chr11	65190189.0	65190303.0	antisense	0.16201306698598433	0.7904499565002719	0.05
HOXC12	36	47	1.263571624016424	0.0005999400059994001	chr11	65190189.0	65190303.0	sense	0.025947405259474053	1.585906065092386	0.05
Hoxd8	35	52	1.2426207081555942	0.032296770322967704	chr11	65190189.0	65190303.0	antisense	0.18419806371011252	0.7347149394183955	0.05
Hmx3	33	50	1.2092780919528883	0.028897110288971104	chr11	65190189.0	65190303.0	sense	0.18289756390214637	0.7377920790555736	0.05
HOXD11	37	47	1.196162290848318	0.0013998600139986002	chr11	65190189.0	65190303.0	sense	0.04036263040362631	1.3940205388534728	0.05
Hmx2	33	50	1.180118264075857	0.0268973102689731	chr11	65190189.0	65190303.0	sense	0.1767051142986967	0.7527508807164383	0.05
Arid3a	40	46	1.1753870238788413	0.0005999400059994001	chr11	65190189.0	65190303.0	sense	0.025947405259474053	1.585906065092386	0.05
ALX3	36	46	1.1598055271459293	0.0390960903909609	chr11	65190189.0	65190303.0	sense	0.196998746727269	0.7055365367377102	0.05
ESX1	36	46	1.1538829424622832	0.0364963503649635	chr11	65190189.0	65190303.0	sense	0.19097290270972903	0.7190282507548872	0.05
Hmx1	33	50	1.1461263032821056	0.0341965803419658	chr11	65190189.0	65190303.0	sense	0.1899243065384183	0.7214194506395557	0.05
Prrx2	37	45	1.140700486111927	0.0207979202079792	chr11	65190189.0	65190303.0	sense	0.17590318890188905	0.7547262872626057	0.05
Arid5a	31	45	1.12916480919467	0.05269473052694731	chr11	65190189.0	65190303.0	antisense	0.22361178516294714	0.6505053112670137	0.05
Pou5f1::Sox2	32	47	1.1287137924763844	0.014798520147985201	chr11	65190189.0	65190303.0	antisense	0.16203889815100123	0.7903807186393197	0.05
HOXC13	36	47	1.0968935491114844	0.0022997700229977	chr11	65190189.0	65190303.0	sense	0.05683717342551459	1.2453675281447312	0.05
Nr1h3::Rxra	31	50	1.090619984919135	0.0425957404259574	chr11	65190189.0	65190303.0	antisense	0.20281825028506323	0.6928929682663095	0.05
Dlx3	40	48	1.0827601954352233	0.018098190180981903	chr11	65190189.0	65190303.0	antisense	0.16773144114160013	0.7753855215654207	0.05
Foxj3	33	50	1.0817843226016284	0.06309369063093691	chr11	65190189.0	65190303.0	sense	0.23052592699913682	0.637280222901507	0.05
MEF2C	34	49	1.0814474547571937	0.030496950304969503	chr11	65190189.0	65190303.0	sense	0.18419806371011252	0.7347149394183955	0.05
PRDM1	35	50	1.0797193843629613	0.021097890210978902	chr11	65190189.0	65190303.0	sense	0.17590318890188905	0.7547262872626057	0.05
SPIC	39	53	1.0730680370455705	0.03469653034696531	chr11	65190189.0	65190303.0	sense	0.1899243065384183	0.7214194506395557	0.05
RAX2	37	45	1.071576889273026	0.024397560243975602	chr11	65190189.0	65190303.0	sense	0.17590318890188905	0.7547262872626057	0.05
TBX2	35	46	1.070745227849287	0.021897810218978103	chr11	65190189.0	65190303.0	sense	0.17590318890188905	0.7547262872626057	0.05
SHOX	37	45	1.067174787047011	0.020097990200979902	chr11	65190189.0	65190303.0	antisense	0.17590318890188905	0.7547262872626057	0.05
Pparg::Rxra	36	51	1.0655323201153952	0.05299470052994701	chr11	65190189.0	65190303.0	sense	0.22361178516294714	0.6505053112670137	0.05
Gmeb1	31	48	1.0622127515022224	0.2181781821817818	chr11	65190189.0	65190303.0	antisense	0.3986464989864649	0.3994120456369376	0.05
GATA5	38	46	1.0599149467424027	0.012798720127987202	chr11	65190189.0	65190303.0	sense	0.16201306698598433	0.7904499565002719	0.05
Hoxc9	36	49	1.0571013078008333	0.0110988901109889	chr11	65190189.0	65190303.0	sense	0.16201306698598433	0.7904499565002719	0.05
HOXB2	36	46	1.047049683468028	0.0598940105989401	chr11	65190189.0	65190303.0	sense	0.23052592699913682	0.637280222901507	0.05
MIXL1	36	46	1.0391851098852938	0.06929307069293071	chr11	65190189.0	65190303.0	antisense	0.2348745644916028	0.6291640121668585	0.05
NFATC3	37	47	1.038995623184116	0.0354964503549645	chr11	65190189.0	65190303.0	antisense	0.1899243065384183	0.7214194506395557	0.05
MEOX2	36	46	1.0363436780730073	0.0688931106889311	chr11	65190189.0	65190303.0	sense	0.2348745644916028	0.6291640121668585	0.05
Arid3b	38	49	1.0354790718590883	0.0292970702929707	chr11	65190189.0	65190303.0	sense	0.18319493351869628	0.7370865414503693	0.05
Dlx4	40	48	1.0247966523422947	0.018098190180981903	chr11	65190189.0	65190303.0	antisense	0.16773144114160013	0.7753855215654207	0.05
LHX9	37	45	1.0233276620964742	0.019498050194980503	chr11	65190189.0	65190303.0	sense	0.17447393191715313	0.7582694516288241	0.05
LMX1B	37	45	1.0180975068638984	0.045795420457954206	chr11	65190189.0	65190303.0	sense	0.21221270730069852	0.6732286140947172	0.05
NRL	42	53	1.0158740671713646	0.05499450054994501	chr11	65190189.0	65190303.0	antisense	0.22568208295449524	0.6465029184714924	0.05
NFAT5	37	47	1.0122880621824117	0.0244975502449755	chr11	65190189.0	65190303.0	antisense	0.17590318890188905	0.7547262872626057	0.05
STAT1::STAT2	35	50	1.0106307939932764	0.0173982601739826	chr11	65190189.0	65190303.0	antisense	0.16773144114160013	0.7753855215654207	0.05
NFATC2	39	46	1.0084677638909214	0.004899510048995101	chr11	65190189.0	65190303.0	antisense	0.10171382861713829	0.9926199980719288	0.05
FOXC2	39	51	1.006643369980275	0.03519648035196481	chr11	65190189.0	65190303.0	sense	0.1899243065384183	0.7214194506395557	0.05
HLF	36	48	1.0036970003788852	0.014998500149985002	chr11	65190189.0	65190303.0	antisense	0.16203889815100123	0.7903807186393197	0.05
Dmbx1	32	49	0.9977153493728637	0.053594640535946404	chr11	65190189.0	65190303.0	sense	0.2243195035335176	0.6491329648978699	0.05
Mecom	39	53	0.9937543338275228	0.013798620137986202	chr11	65190189.0	65190303.0	sense	0.16203889815100123	0.7903807186393197	0.05
LBX2	36	46	0.9884192691928604	0.07289271072892711	chr11	65190189.0	65190303.0	sense	0.2405740907390742	0.6187511469668674	0.05
HOXD12	36	47	0.9862578672440473	0.0051994800519948	chr11	65190189.0	65190303.0	sense	0.10378962103789621	0.9838460737644236	0.05
MAFG	32	53	0.9857156398323192	0.0313968603139686	chr11	65190189.0	65190303.0	sense	0.18419806371011252	0.7347149394183955	0.05
Dlx1	39	49	0.9796614852403616	0.0822917708229177	chr11	65190189.0	65190303.0	antisense	0.24951749011145394	0.6028990067834071	0.05
NKX6-2	37	45	0.9720425067338966	0.04079592040795921	chr11	65190189.0	65190303.0	sense	0.1978792774928115	0.7035996840237344	0.05
NFIL3	35	46	0.9566513301116211	0.007999200079992	chr11	65190189.0	65190303.0	antisense	0.153762401537624	0.8131498465954486	0.05
Dlx2	40	48	0.9511830667323171	0.014298570142985701	chr11	65190189.0	65190303.0	antisense	0.16203889815100123	0.7903807186393197	0.05
Foxk1	33	50	0.9498872254305877	0.06419358064193581	chr11	65190189.0	65190303.0	sense	0.23052592699913682	0.637280222901507	0.05
POU4F1	33	47	0.9451842920277022	0.052594740525947405	chr11	65190189.0	65190303.0	sense	0.22361178516294714	0.6505053112670137	0.05
MEF2A	39	51	0.9394700456496707	0.008799120087991202	chr11	65190189.0	65190303.0	sense	0.15903248384838936	0.7985141579738297	0.05
SRY	38	47	0.9385995993702847	0.0316968303169683	chr11	65190189.0	65190303.0	sense	0.18419806371011252	0.7347149394183955	0.05
POU4F3	33	49	0.9384835007702373	0.06429357064293571	chr11	65190189.0	65190303.0	sense	0.23052592699913682	0.637280222901507	0.05
HNF4G	35	50	0.9343002815357858	0.039696030396960305	chr11	65190189.0	65190303.0	sense	0.1978792774928115	0.7035996840237344	0.05
IRF2	35	53	0.9285368944059922	0.015298470152984701	chr11	65190189.0	65190303.0	sense	0.16203889815100123	0.7903807186393197	0.05
Tcf7	36	48	0.9190645692089002	0.011898810118988102	chr11	65190189.0	65190303.0	sense	0.16201306698598433	0.7904499565002719	0.05
EMX1	39	49	0.9185291228344378	0.08029197080291971	chr11	65190189.0	65190303.0	sense	0.24951749011145394	0.6028990067834071	0.05
PAX5	34	53	0.9105050730511957	0.0994900509949005	chr11	65190189.0	65190303.0	sense	0.26616152817707917	0.5748547186129054	0.05
Spz1	37	48	0.9017429130228639	0.0235976402359764	chr11	65190189.0	65190303.0	sense	0.17590318890188905	0.7547262872626057	0.05
VAX1	40	48	0.8994112722908074	0.0634936506349365	chr11	65190189.0	65190303.0	sense	0.23052592699913682	0.637280222901507	0.05
Mafb	41	53	0.8975355148649229	0.0433956604339566	chr11	65190189.0	65190303.0	sense	0.20474861604748618	0.6887790250741191	0.05
NFATC1	43	53	0.8939263812248454	0.09259074092590741	chr11	65190189.0	65190303.0	antisense	0.2597471831764192	0.5854491534438199	0.05
Nkx2-5	40	47	0.8933339446279633	0.0108989101089891	chr11	65190189.0	65190303.0	sense	0.16201306698598433	0.7904499565002719	0.05
Tcf12	42	53	0.8925544342751639	0.012698730126987301	chr11	65190189.0	65190303.0	sense	0.16201306698598433	0.7904499565002719	0.05
Bcl6	36	50	0.8869722602240403	0.038396160383961604	chr11	65190189.0	65190303.0	antisense	0.196998746727269	0.7055365367377102	0.05
Alx4	32	49	0.8835196388234446	0.08209179082091791	chr11	65190189.0	65190303.0	antisense	0.24951749011145394	0.6028990067834071	0.05
UNCX	37	45	0.8815011072136597	0.07069293070692931	chr11	65190189.0	65190303.0	sense	0.23670729701223425	0.6257883538017969	0.05
Gfi1b	38	49	0.8789113560295034	0.017698230176982303	chr11	65190189.0	65190303.0	sense	0.16773144114160013	0.7753855215654207	0.05
GSC2	36	46	0.8769441295446432	0.09509049095090491	chr11	65190189.0	65190303.0	antisense	0.2597471831764192	0.5854491534438199	0.05
LEF1	36	51	0.8767341867873776	0.024897510248975102	chr11	65190189.0	65190303.0	sense	0.17590318890188905	0.7547262872626057	0.05
BARX1	40	48	0.8761973343513204	0.0184981501849815	chr11	65190189.0	65190303.0	antisense	0.16843052536851577	0.7735791966978824	0.05
Stat4	39	53	0.8756201323963311	0.035096490350964904	chr11	65190189.0	65190303.0	sense	0.1899243065384183	0.7214194506395557	0.05
Nr2f6	37	51	0.8678895391096765	0.014698530146985302	chr11	65190189.0	65190303.0	sense	0.16203889815100123	0.7903807186393197	0.05
EVX2	36	46	0.8577314373369963	0.10688931106889311	chr11	65190189.0	65190303.0	sense	0.2751452577514526	0.5604379680431729	0.05
EVX1	36	46	0.8563155587947512	0.10648935106489352	chr11	65190189.0	65190303.0	sense	0.2751452577514526	0.5604379680431729	0.05
VAX2	40	48	0.8554868478750282	0.0608939106089391	chr11	65190189.0	65190303.0	sense	0.23052592699913682	0.637280222901507	0.05
SRF	35	51	0.8529834982123439	0.0115988401159884	chr11	65190189.0	65190303.0	sense	0.16201306698598433	0.7904499565002719	0.05
POU2F2	36	49	0.8521642799332888	0.034096590340965904	chr11	65190189.0	65190303.0	antisense	0.1899243065384183	0.7214194506395557	0.05
GATA1::TAL1	34	52	0.8473142566842417	0.08439156084391561	chr11	65190189.0	65190303.0	antisense	0.25171965562064486	0.5990828710853494	0.05
LMX1A	37	45	0.8460307953696355	0.06779322067793221	chr11	65190189.0	65190303.0	sense	0.23456454354564543	0.6297376346170227	0.05
Gata1	38	49	0.8448488108438796	0.032296770322967704	chr11	65190189.0	65190303.0	antisense	0.18419806371011252	0.7347149394183955	0.05
HSF2	33	46	0.8372534546761543	0.0143985601439856	chr11	65190189.0	65190303.0	antisense	0.16203889815100123	0.7903807186393197	0.05
EOMES	35	48	0.8349889029192128	0.07439256074392561	chr11	65190189.0	65190303.0	sense	0.2405740907390742	0.6187511469668674	0.05
GATA2	36	50	0.8343914594867188	0.06519348065193481	chr11	65190189.0	65190303.0	antisense	0.23052592699913682	0.637280222901507	0.05
Crx	42	53	0.8287161531206487	0.027297270272972702	chr11	65190189.0	65190303.0	sense	0.1770910408959104	0.7518034093795923	0.05
Alx1	32	49	0.8286616114518729	0.11048895110488952	chr11	65190189.0	65190303.0	antisense	0.2797256859679886	0.5532676524630296	0.05
HOXA5	39	47	0.8211566437330023	0.025597440255974404	chr11	65190189.0	65190303.0	antisense	0.17590318890188905	0.7547262872626057	0.05
Hnf4a	37	53	0.8186745824871624	0.011198880111988802	chr11	65190189.0	65190303.0	sense	0.16201306698598433	0.7904499565002719	0.05
HSF4	33	46	0.8165526484143844	0.048595140485951406	chr11	65190189.0	65190303.0	antisense	0.21931198184529374	0.6589376405197231	0.05
Hoxb5	34	50	0.8156973020736233	0.1391860813918608	chr11	65190189.0	65190303.0	sense	0.3182272081161928	0.4972626913469842	0.05
MEF2D	37	49	0.811841057785216	0.012798720127987202	chr11	65190189.0	65190303.0	sense	0.16201306698598433	0.7904499565002719	0.05
Hoxa9	37	48	0.8112767593508682	0.024997500249975	chr11	65190189.0	65190303.0	sense	0.17590318890188905	0.7547262872626057	0.05
YY2	41	52	0.8098217170135127	0.052894710528947106	chr11	65190189.0	65190303.0	antisense	0.22361178516294714	0.6505053112670137	0.05
TBR1	36	46	0.8086610549073739	0.031996800319968	chr11	65190189.0	65190303.0	sense	0.18419806371011252	0.7347149394183955	0.05
RAX	36	46	0.8064048757423389	0.068993100689931	chr11	65190189.0	65190303.0	sense	0.2348745644916028	0.6291640121668585	0.05
Six3	32	49	0.8063729192422144	0.10308969103089691	chr11	65190189.0	65190303.0	sense	0.27159162256363195	0.5660836303064812	0.05
MEF2B	37	49	0.8056556740445788	0.0091990800919908	chr11	65190189.0	65190303.0	sense	0.15903248384838936	0.7985141579738297	0.05
DLX6	40	48	0.8050692312016979	0.047795220477952205	chr11	65190189.0	65190303.0	antisense	0.21931198184529374	0.6589376405197231	0.05
NKX6-1	37	45	0.8013777125433598	0.0402959704029597	chr11	65190189.0	65190303.0	sense	0.1978792774928115	0.7035996840237344	0.05
FOXD2	40	47	0.7970839794467885	0.031596840315968405	chr11	65190189.0	65190303.0	sense	0.18419806371011252	0.7347149394183955	0.05
FOXP1	33	48	0.7962187777200365	0.11698830116988301	chr11	65190189.0	65190303.0	sense	0.29190830916908306	0.5347535426450047	0.05
GATA3	38	46	0.7949013647252895	0.009499050094990502	chr11	65190189.0	65190303.0	sense	0.15903248384838936	0.7985141579738297	0.05
Rarb(var.2)	34	51	0.7926248815107535	0.009499050094990502	chr11	65190189.0	65190303.0	sense	0.15903248384838936	0.7985141579738297	0.05
POU3F3	40	53	0.7919139308755015	0.07379262073792621	chr11	65190189.0	65190303.0	antisense	0.2405740907390742	0.6187511469668674	0.05
NKX2-8	41	50	0.788839050653743	0.0552944705529447	chr11	65190189.0	65190303.0	antisense	0.22568208295449524	0.6465029184714924	0.05
PITX3	39	48	0.7827641022739436	0.0660933906609339	chr11	65190189.0	65190303.0	sense	0.2317734442771939	0.6349363253377219	0.05
Pitx1	37	45	0.7795315231918285	0.05089491050894911	chr11	65190189.0	65190303.0	antisense	0.22361178516294714	0.6505053112670137	0.05
MAFK	38	53	0.7683228665230447	0.09469053094690531	chr11	65190189.0	65190303.0	sense	0.2597471831764192	0.5854491534438199	0.05
Sox3	37	47	0.7654877122178088	0.0367963203679632	chr11	65190189.0	65190303.0	antisense	0.19097290270972903	0.7190282507548872	0.05
FOXC1	39	50	0.762607099845787	0.0648935106489351	chr11	65190189.0	65190303.0	sense	0.23052592699913682	0.637280222901507	0.05
RARA(var.2)	34	51	0.7578927474267999	0.017798220177982202	chr11	65190189.0	65190303.0	sense	0.16773144114160013	0.7753855215654207	0.05
FOXP3	40	47	0.757237397108492	0.0418958104189581	chr11	65190189.0	65190303.0	sense	0.20133264451332644	0.6960858019490592	0.05
LIN54	37	46	0.7556336007979906	0.036196380361963806	chr11	65190189.0	65190303.0	antisense	0.19097290270972903	0.7190282507548872	0.05
RORA	40	50	0.7539314040439156	0.0225977402259774	chr11	65190189.0	65190303.0	sense	0.17590318890188905	0.7547262872626057	0.05
Foxq1	39	50	0.7537166631025435	0.0560943905609439	chr11	65190189.0	65190303.0	antisense	0.22568208295449524	0.6465029184714924	0.05
HSF1	33	46	0.7520106018324705	0.017298270172982702	chr11	65190189.0	65190303.0	antisense	0.16773144114160013	0.7753855215654207	0.05
Rarg(var.2)	34	51	0.7510125696426692	0.012698730126987301	chr11	65190189.0	65190303.0	sense	0.16201306698598433	0.7904499565002719	0.05
RARA::RXRA	34	51	0.749084910035544	0.12038796120387961	chr11	65190189.0	65190303.0	sense	0.29190830916908306	0.5347535426450047	0.05
GSC	36	46	0.7469016330478165	0.0908909109089091	chr11	65190189.0	65190303.0	antisense	0.2597471831764192	0.5854491534438199	0.05
MEIS2	40	48	0.7421984077549869	0.021597840215978402	chr11	65190189.0	65190303.0	sense	0.17590318890188905	0.7547262872626057	0.05
POU2F1	41	53	0.7411556862387122	0.11478852114788521	chr11	65190189.0	65190303.0	sense	0.28920020619297293	0.5388014017356035	0.05
NKX3-2	40	49	0.7324077320199818	0.06479352064793521	chr11	65190189.0	65190303.0	antisense	0.23052592699913682	0.637280222901507	0.05
Myog	42	53	0.7316275713793388	0.0387961203879612	chr11	65190189.0	65190303.0	sense	0.196998746727269	0.7055365367377102	0.05
Hes2	35	48	0.73023133285204	0.4006599340065993	chr11	65190189.0	65190303.0	sense	0.585753537322324	0.23228508005079918	0.05
FOXF2	33	47	0.7257193508258809	0.0968903109689031	chr11	65190189.0	65190303.0	sense	0.2619066218378162	0.581853521081189	0.05
HOXB3	36	46	0.7205476811272437	0.22127787221277873	chr11	65190189.0	65190303.0	antisense	0.40015057727676706	0.39777655223513925	0.05
DMRT3	35	46	0.7192538239746794	0.0958904109589041	chr11	65190189.0	65190303.0	sense	0.26056085490927344	0.5840908295054688	0.05
SOX9	38	47	0.7176326589697513	0.10828917108289171	chr11	65190189.0	65190303.0	antisense	0.2760091637895034	0.5590764986697552	0.05
DBP	36	48	0.7176309482190968	0.059494050594940506	chr11	65190189.0	65190303.0	antisense	0.23052592699913682	0.637280222901507	0.05
MSC	42	52	0.7166682318063032	0.0221977802219778	chr11	65190189.0	65190303.0	antisense	0.17590318890188905	0.7547262872626057	0.05
RFX4	36	52	0.7155202367780773	0.09169083091690831	chr11	65190189.0	65190303.0	antisense	0.2597471831764192	0.5854491534438199	0.05
FOXA1	34	49	0.7153185434918332	0.1446855314468553	chr11	65190189.0	65190303.0	antisense	0.3243425657434256	0.4889960520843296	0.05
TFAP4	42	52	0.7145029544046873	0.0245975402459754	chr11	65190189.0	65190303.0	sense	0.17590318890188905	0.7547262872626057	0.05
Nobox	41	49	0.706587445397683	0.056894310568943104	chr11	65190189.0	65190303.0	sense	0.22713959373293438	0.6437071553401704	0.05
OTX2	37	45	0.7008188137382642	0.06359364063593641	chr11	65190189.0	65190303.0	antisense	0.23052592699913682	0.637280222901507	0.05
TBX20	35	46	0.7003282639001852	0.06109389061093891	chr11	65190189.0	65190303.0	sense	0.23052592699913682	0.637280222901507	0.05
Myod1	39	52	0.6973870378358464	0.0923907609239076	chr11	65190189.0	65190303.0	antisense	0.2597471831764192	0.5854491534438199	0.05
BSX	40	48	0.6948288826611673	0.0750924907509249	chr11	65190189.0	65190303.0	antisense	0.2405740907390742	0.6187511469668674	0.05
PRRX1	37	45	0.6872960432842501	0.11998800119988001	chr11	65190189.0	65190303.0	sense	0.29190830916908306	0.5347535426450047	0.05
Sox17	36	45	0.6870694084286605	0.08139186081391861	chr11	65190189.0	65190303.0	antisense	0.24951749011145394	0.6028990067834071	0.05
NKX2-3	41	51	0.6854501540297815	0.08759124087591241	chr11	65190189.0	65190303.0	antisense	0.25947405259474055	0.585906065092386	0.05
Arx	32	49	0.6851882640661661	0.1710828917108289	chr11	65190189.0	65190303.0	sense	0.3470465453454655	0.4596122743991199	0.05
Pou2f3	34	50	0.6790581808540117	0.15558444155584442	chr11	65190189.0	65190303.0	sense	0.33367076515488947	0.47668184275516595	0.05
Foxo1	39	50	0.6764288706251961	0.07489251074892511	chr11	65190189.0	65190303.0	antisense	0.2405740907390742	0.6187511469668674	0.05
PHOX2A	38	49	0.672444488968728	0.13588641135886412	chr11	65190189.0	65190303.0	antisense	0.31710943949852805	0.4987908299971744	0.05
MEIS3	37	45	0.6714950399563689	0.07589241075892411	chr11	65190189.0	65190303.0	antisense	0.24164516063731054	0.6168218979368822	0.05
RFX3	36	52	0.6695933316615857	0.0897910208979102	chr11	65190189.0	65190303.0	antisense	0.2597471831764192	0.5854491534438199	0.05
NR2C2	36	51	0.6691972090684796	0.10848915108489152	chr11	65190189.0	65190303.0	sense	0.2760091637895034	0.5590764986697552	0.05
RHOXF1	42	50	0.668066755842056	0.08799120087991201	chr11	65190189.0	65190303.0	sense	0.25947405259474055	0.585906065092386	0.05
RARA	35	53	0.6671337227774102	0.0163983601639836	chr11	65190189.0	65190303.0	sense	0.16773144114160013	0.7753855215654207	0.05
Foxa2	41	53	0.6669526009243606	0.09869013098690131	chr11	65190189.0	65190303.0	antisense	0.2653895232238434	0.5761162257665419	0.05
MEIS1	38	45	0.6658848728795334	0.0770922907709229	chr11	65190189.0	65190303.0	antisense	0.2439688957933475	0.6126655394251458	0.05
IRF7	34	48	0.6619421307058957	0.07989201079892011	chr11	65190189.0	65190303.0	sense	0.24951749011145394	0.6028990067834071	0.05
Stat6	32	47	0.6618816439947436	0.1464853514648535	chr11	65190189.0	65190303.0	antisense	0.3255623155633155	0.48736587125849584	0.05
SPIB	43	50	0.6612355696418248	0.066993300669933	chr11	65190189.0	65190303.0	sense	0.2333525036758069	0.6319875351398524	0.05
CENPB	34	49	0.6578103831981267	0.1847815218478152	chr11	65190189.0	65190303.0	antisense	0.35918205932215763	0.4446853639088922	0.05
POU5F1B	37	46	0.656716339565342	0.09479052094790522	chr11	65190189.0	65190303.0	sense	0.2597471831764192	0.5854491534438199	0.05
TEF	36	48	0.6561664302599373	0.07119288071192881	chr11	65190189.0	65190303.0	antisense	0.23685323775314776	0.6255206741460101	0.05
GCM2	39	49	0.6561118725252509	0.1202879712028797	chr11	65190189.0	65190303.0	sense	0.29190830916908306	0.5347535426450047	0.05
RXRG	37	51	0.6558147685698261	0.0254974502549745	chr11	65190189.0	65190303.0	sense	0.17590318890188905	0.7547262872626057	0.05
POU3F1	32	44	0.6553691225205859	0.1770822917708229	chr11	65190189.0	65190303.0	antisense	0.3529244776671758	0.4523182193755729	0.05
FOXP2	40	51	0.6543325062874102	0.09319068093190681	chr11	65190189.0	65190303.0	sense	0.2597471831764192	0.5854491534438199	0.05
Ddit3::Cebpa	36	48	0.653592245455143	0.1591840815918408	chr11	65190189.0	65190303.0	sense	0.3378458072560091	0.47128146639973734	0.05
MYBL2	35	50	0.6514001210646129	0.08849115088491151	chr11	65190189.0	65190303.0	antisense	0.25947405259474055	0.585906065092386	0.05
MSX1	40	48	0.6511505535436397	0.1070892910708929	chr11	65190189.0	65190303.0	antisense	0.2751452577514526	0.5604379680431729	0.05
SOX10	40	46	0.649754009498716	0.061493850614938506	chr11	65190189.0	65190303.0	antisense	0.23052592699913682	0.637280222901507	0.05
Rxra	37	51	0.6492938914257929	0.025197480251974803	chr11	65190189.0	65190303.0	sense	0.17590318890188905	0.7547262872626057	0.05
Rarg	36	52	0.6456139382425561	0.0268973102689731	chr11	65190189.0	65190303.0	sense	0.1767051142986967	0.7527508807164383	0.05
HMBOX1	42	52	0.643780880372535	0.17628237176282371	chr11	65190189.0	65190303.0	sense	0.3529244776671758	0.4523182193755729	0.05
EN2	39	49	0.6388377235661997	0.21187881211878812	chr11	65190189.0	65190303.0	antisense	0.39711620235825884	0.40108239334095963	0.05
MEOX1	36	46	0.638257176532877	0.16568343165683433	chr11	65190189.0	65190303.0	sense	0.34395880411958807	0.46349356968110567	0.05
Lhx4	37	45	0.6382483924004236	0.1523847615238476	chr11	65190189.0	65190303.0	sense	0.33104564543545645	0.48011212044174983	0.05
RXRB	37	51	0.6379644524585729	0.026097390260973904	chr11	65190189.0	65190303.0	sense	0.17590318890188905	0.7547262872626057	0.05
Rfx1	37	51	0.6371138595106698	0.13788621137886212	chr11	65190189.0	65190303.0	antisense	0.31710943949852805	0.4987908299971744	0.05
Foxj2	38	46	0.6318088666434518	0.05599440055994401	chr11	65190189.0	65190303.0	sense	0.22568208295449524	0.6465029184714924	0.05
HNF1B	40	53	0.6312470951334563	0.10088991100889912	chr11	65190189.0	65190303.0	sense	0.26852237853137767	0.5710195145540122	0.05
VSX1	40	48	0.6299846449848292	0.1822817718228177	chr11	65190189.0	65190303.0	antisense	0.35834939233349394	0.44569332764325953	0.05
Esrrg	41	51	0.6278098977505157	0.06529347065293471	chr11	65190189.0	65190303.0	sense	0.23052592699913682	0.637280222901507	0.05
Nr2e3	43	50	0.6256275859868927	0.023997600239976002	chr11	65190189.0	65190303.0	sense	0.17590318890188905	0.7547262872626057	0.05
Myb	40	50	0.6163571174503285	0.0643935606439356	chr11	65190189.0	65190303.0	sense	0.23052592699913682	0.637280222901507	0.05
MSX2	40	48	0.6129214665254784	0.09119088091190881	chr11	65190189.0	65190303.0	antisense	0.2597471831764192	0.5854491534438199	0.05
ETV2	42	53	0.6126920135542103	0.07979202079792021	chr11	65190189.0	65190303.0	sense	0.24951749011145394	0.6028990067834071	0.05
STAT1	39	50	0.6113628779269049	0.0634936506349365	chr11	65190189.0	65190303.0	sense	0.23052592699913682	0.637280222901507	0.05
REL	41	51	0.6102943751949481	0.1377862213778622	chr11	65190189.0	65190303.0	antisense	0.31710943949852805	0.4987908299971744	0.05
FOXB1	37	48	0.610147251850203	0.15308469153084692	chr11	65190189.0	65190303.0	sense	0.33104564543545645	0.48011212044174983	0.05
Msx3	40	48	0.6093202791754826	0.09209079092090791	chr11	65190189.0	65190303.0	antisense	0.2597471831764192	0.5854491534438199	0.05
Gfi1	42	52	0.6085878381340681	0.2146785321467853	chr11	65190189.0	65190303.0	sense	0.3979219935149342	0.4002020563343754	0.05
GBX2	39	49	0.6046646908813798	0.16368363163683633	chr11	65190189.0	65190303.0	antisense	0.34254760007870183	0.4652790708426796	0.05
TBX19	32	52	0.6038634392203461	0.1800819918008199	chr11	65190189.0	65190303.0	sense	0.35672730436879974	0.447663647928617	0.05
Pax2	38	46	0.6033698259877373	0.34896510348965104	chr11	65190189.0	65190303.0	antisense	0.5471688480698758	0.2618786362449437	0.05
NFYA	33	51	0.6010279485455431	0.2024797520247975	chr11	65190189.0	65190303.0	antisense	0.38213451382134506	0.4177837357079802	0.05
RFX5	36	52	0.6002575268124418	0.06969303069693031	chr11	65190189.0	65190303.0	antisense	0.2348745644916028	0.6291640121668585	0.05
Nr2f6(var.2)	36	51	0.6001945445066975	0.027897210278972105	chr11	65190189.0	65190303.0	sense	0.17874879178748793	0.747756885033457	0.05
HOXA2	36	46	0.6000212446530059	0.3357664233576642	chr11	65190189.0	65190303.0	antisense	0.5329136811089533	0.2733431302866609	0.05
Nr5a2	38	53	0.5976196709860679	0.20007999200079993	chr11	65190189.0	65190303.0	sense	0.378983634483267	0.4213795436125814	0.05
ZNF410	32	49	0.5960626875172212	0.051294870512948704	chr11	65190189.0	65190303.0	sense	0.22361178516294714	0.6505053112670137	0.05
SNAI2	42	51	0.594762990793408	0.1693830616938306	chr11	65190189.0	65190303.0	sense	0.3461016103114098	0.46079638005365475	0.05
FIGLA	42	52	0.5934522366211129	0.1683831616838316	chr11	65190189.0	65190303.0	antisense	0.34582865824089526	0.46113902031549925	0.05
PBX1	34	46	0.5879168126317305	0.13638636136386362	chr11	65190189.0	65190303.0	sense	0.31710943949852805	0.4987908299971744	0.05
POU4F2	33	49	0.584520490735567	0.09409059094090591	chr11	65190189.0	65190303.0	sense	0.2597471831764192	0.5854491534438199	0.05
VENTX	40	49	0.58428729341793	0.10688931106889311	chr11	65190189.0	65190303.0	antisense	0.2751452577514526	0.5604379680431729	0.05
Sox2	39	47	0.5841921275797438	0.040695930406959305	chr11	65190189.0	65190303.0	antisense	0.1978792774928115	0.7035996840237344	0.05
ONECUT2	31	45	0.5841566438419136	0.18438156184381563	chr11	65190189.0	65190303.0	sense	0.35918205932215763	0.4446853639088922	0.05
RUNX3	41	51	0.5799209953658553	0.16108389161083891	chr11	65190189.0	65190303.0	sense	0.3398477225448187	0.46871563611256584	0.05
RUNX2	41	50	0.57953672191044	0.12148785121487851	chr11	65190189.0	65190303.0	sense	0.29190830916908306	0.5347535426450047	0.05
FOXG1	38	46	0.5779436856809751	0.051894810518948106	chr11	65190189.0	65190303.0	sense	0.22361178516294714	0.6505053112670137	0.05
HESX1	36	46	0.577588916065169	0.15948405159484053	chr11	65190189.0	65190303.0	antisense	0.3378458072560091	0.47128146639973734	0.05
Hand1::Tcf3	40	50	0.5765158718124792	0.21707829217078292	chr11	65190189.0	65190303.0	antisense	0.3986464989864649	0.3994120456369376	0.05
MYF6	42	52	0.5751548991283443	0.060693930606939304	chr11	65190189.0	65190303.0	antisense	0.23052592699913682	0.637280222901507	0.05
Shox2	37	45	0.574019068827488	0.1508849115088491	chr11	65190189.0	65190303.0	sense	0.33041885684849237	0.4809351756629188	0.05
POU1F1	31	45	0.5727356792213878	0.23667633236676333	chr11	65190189.0	65190303.0	antisense	0.41428483414284833	0.38270096476742904	0.05
Lhx3	35	48	0.5725565167295187	0.12738726127387262	chr11	65190189.0	65190303.0	antisense	0.30327517706944906	0.518163135033678	0.05
ONECUT3	31	45	0.5715173551103259	0.16478352164783522	chr11	65190189.0	65190303.0	sense	0.3434644487358493	0.46411820916304414	0.05
POU3F2	32	44	0.5707373279764811	0.1750824917508249	chr11	65190189.0	65190303.0	antisense	0.35220082642898504	0.4532096293081888	0.05
FOXO3	38	46	0.5688883172079875	0.055694430556944306	chr11	65190189.0	65190303.0	sense	0.22568208295449524	0.6465029184714924	0.05
FOXD1	38	46	0.5677743219851198	0.0832916708329167	chr11	65190189.0	65190303.0	sense	0.24987501249875013	0.6022771711504127	0.05
Nkx3-1	40	49	0.5675189198975475	0.13808619138086192	chr11	65190189.0	65190303.0	antisense	0.31710943949852805	0.4987908299971744	0.05
Phox2b	41	52	0.5634936661663378	0.18348165183481652	chr11	65190189.0	65190303.0	sense	0.35918205932215763	0.4446853639088922	0.05
CEBPA	36	47	0.5613061003454101	0.1361863813618638	chr11	65190189.0	65190303.0	antisense	0.31710943949852805	0.4987908299971744	0.05
Rarb	34	50	0.5551262659267717	0.0448955104489551	chr11	65190189.0	65190303.0	sense	0.2099168461532225	0.6779527072117391	0.05
TP73	31	49	0.5501827851251595	0.19658034196580343	chr11	65190189.0	65190303.0	sense	0.3764767434695645	0.4242618468066937	0.05
ESRRB	41	52	0.5492238644405754	0.0741925807419258	chr11	65190189.0	65190303.0	sense	0.2405740907390742	0.6187511469668674	0.05
ZNF263	31	52	0.5480420895787752	0.3324667533246675	chr11	65190189.0	65190303.0	sense	0.5292952299862038	0.27630201985722047	0.05
NFIX	43	52	0.5476579959508487	0.33686631336866313	chr11	65190189.0	65190303.0	sense	0.5330293190193176	0.27324890215896364	0.05
ONECUT1	31	45	0.5461135995765362	0.195980401959804	chr11	65190189.0	65190303.0	sense	0.3764767434695645	0.4242618468066937	0.05
ATF4	35	48	0.5441984727720276	0.1501849815018498	chr11	65190189.0	65190303.0	sense	0.33041885684849237	0.4809351756629188	0.05
FOXL1	40	47	0.5426422837840299	0.0826917308269173	chr11	65190189.0	65190303.0	sense	0.24951749011145394	0.6028990067834071	0.05
POU6F1	40	50	0.5404633359430364	0.26277372262773724	chr11	65190189.0	65190303.0	sense	0.4514677245146772	0.3453732920087376	0.05
ETV5	43	53	0.5398266976869219	0.29827017298270175	chr11	65190189.0	65190303.0	sense	0.49300069993000706	0.307152464139557	0.05
Stat5a::Stat5b	38	49	0.5393432140452293	0.14378562143785623	chr11	65190189.0	65190303.0	sense	0.3243425657434256	0.4889960520843296	0.05
PDX1	40	48	0.5378154160655849	0.1352864713528647	chr11	65190189.0	65190303.0	antisense	0.31710943949852805	0.4987908299971744	0.05
PROP1	41	52	0.5378107869843722	0.14678532146785322	chr11	65190189.0	65190303.0	sense	0.3255623155633155	0.48736587125849584	0.05
STAT3	35	46	0.5339575154963202	0.1528847115288471	chr11	65190189.0	65190303.0	sense	0.33104564543545645	0.48011212044174983	0.05
NR4A2	44	52	0.5328915737257808	0.14028597140285973	chr11	65190189.0	65190303.0	sense	0.3193351717459833	0.4957532454004987	0.05
TBX21	35	45	0.5322725733592081	0.144985501449855	chr11	65190189.0	65190303.0	sense	0.3243425657434256	0.4889960520843296	0.05
NR1H2::RXRA	36	53	0.5318896750396591	0.04939506049395061	chr11	65190189.0	65190303.0	sense	0.22100031376172727	0.6556071097316764	0.05
CUX2	41	51	0.530619115595436	0.19928007199280073	chr11	65190189.0	65190303.0	sense	0.378983634483267	0.4213795436125814	0.05
LBX1	37	45	0.5284826947327109	0.1504849515048495	chr11	65190189.0	65190303.0	antisense	0.33041885684849237	0.4809351756629188	0.05
ELF5	42	53	0.5278734428068853	0.3116688331166883	chr11	65190189.0	65190303.0	sense	0.5023482123837305	0.2989951388473959	0.05
Dux	37	45	0.5209754203022945	0.10678932106789321	chr11	65190189.0	65190303.0	sense	0.2751452577514526	0.5604379680431729	0.05
TBX5	36	44	0.5189293777908324	0.28817118288171184	chr11	65190189.0	65190303.0	sense	0.4793616792166937	0.3193366869688771	0.05
mix-a	36	47	0.5129237917618003	0.21897810218978103	chr11	65190189.0	65190303.0	antisense	0.3986464989864649	0.3994120456369376	0.05
HNF1A	32	47	0.5105568231011927	0.28087191280871915	chr11	65190189.0	65190303.0	sense	0.46872193809557955	0.32908471925366417	0.05
CUX1	41	51	0.5006377713149895	0.22897710228977103	chr11	65190189.0	65190303.0	sense	0.40559425286140327	0.3919082074426263	0.05
Foxd3	40	52	0.5002673164430977	0.23637636236376364	chr11	65190189.0	65190303.0	antisense	0.41428483414284833	0.38270096476742904	0.05
RXRA::VDR	36	51	0.4967146547173363	0.11968803119688032	chr11	65190189.0	65190303.0	sense	0.29190830916908306	0.5347535426450047	0.05
FOXO4	40	47	0.49656140590760267	0.11938806119388061	chr11	65190189.0	65190303.0	sense	0.29190830916908306	0.5347535426450047	0.05
Hes1	41	51	0.49578087823078076	0.7997200279972003	chr11	65190189.0	65190303.0	sense	0.8805625793352868	0.0552397743994382	0.05
POU3F4	37	46	0.4957316887112014	0.12138786121387861	chr11	65190189.0	65190303.0	sense	0.29190830916908306	0.5347535426450047	0.05
Pax6	39	53	0.49488229920644783	0.35706429357064295	chr11	65190189.0	65190303.0	antisense	0.5565056107001913	0.2545304527419427	0.05
TBX4	36	44	0.4911041914097615	0.2258774122587741	chr11	65190189.0	65190303.0	sense	0.40424267918035783	0.3933578364069979	0.05
SMAD3	37	47	0.48975832763756916	0.0902909709029097	chr11	65190189.0	65190303.0	antisense	0.2597471831764192	0.5854491534438199	0.05
ERG	43	53	0.48606555674338436	0.22407759224077592	chr11	65190189.0	65190303.0	sense	0.4024092400448537	0.39533205564989143	0.05
NOTO	36	46	0.48563469605185494	0.3404659534046595	chr11	65190189.0	65190303.0	sense	0.5370876286231558	0.26995485112957524	0.05
Neurog1	37	47	0.4826427945574249	0.6964303569643036	chr11	65190189.0	65190303.0	sense	0.8233424949076845	0.08441946891054396	0.05
MTF1	31	45	0.481868144420141	0.12718728127187282	chr11	65190189.0	65190303.0	antisense	0.30327517706944906	0.518163135033678	0.05
BCL6B	32	49	0.4804553102072383	0.048595140485951406	chr11	65190189.0	65190303.0	antisense	0.21931198184529374	0.6589376405197231	0.05
TFAP2A(var.3)	36	49	0.48033935921410187	0.30026997300269975	chr11	65190189.0	65190303.0	antisense	0.49473052694730535	0.3056312910190242	0.05
RFX2	36	52	0.47954374419394225	0.15398460153984603	chr11	65190189.0	65190303.0	antisense	0.3316099925277182	0.4793723911668101	0.05
TFAP2B(var.3)	36	49	0.4780853225551165	0.2635736426357364	chr11	65190189.0	65190303.0	antisense	0.4514677245146772	0.3453732920087376	0.05
EMX2	36	46	0.4760592287855528	0.31096890310968905	chr11	65190189.0	65190303.0	sense	0.5023482123837305	0.2989951388473959	0.05
HIC2	33	42	0.47350726050285347	0.37966203379662034	chr11	65190189.0	65190303.0	antisense	0.5696430356964304	0.24439720782018268	0.05
Sox6	37	47	0.47144861241850694	0.1810818918108189	chr11	65190189.0	65190303.0	antisense	0.35734411349739553	0.4469133676041043	0.05
FOXI1	40	47	0.4711798080395272	0.11798820117988201	chr11	65190189.0	65190303.0	sense	0.29190830916908306	0.5347535426450047	0.05
Nkx2-5(var.2)	35	46	0.4703275769766625	0.26817318268173185	chr11	65190189.0	65190303.0	sense	0.45769521408514885	0.3394236287727827	0.05
FEV	43	53	0.4699595024830253	0.27077292270772924	chr11	65190189.0	65190303.0	sense	0.45925211400428584	0.33794883589687813	0.05
OTX1	37	45	0.4690019521891657	0.23707629237076291	chr11	65190189.0	65190303.0	antisense	0.41428483414284833	0.38270096476742904	0.05
BATF::JUN	41	52	0.46896191369779705	0.2171782821717828	chr11	65190189.0	65190303.0	sense	0.3986464989864649	0.3994120456369376	0.05
ETS1	43	53	0.4675922108197486	0.2440755924407559	chr11	65190189.0	65190303.0	sense	0.4232886711328867	0.3733633547962781	0.05
MYBL1	37	49	0.46721408513684387	0.194980501949805	chr11	65190189.0	65190303.0	antisense	0.37618914688456806	0.42459373806829476	0.05
LHX2	36	46	0.46658847020664534	0.32786721327867213	chr11	65190189.0	65190303.0	sense	0.5240577480713466	0.28062085369020484	0.05
TEAD4	43	53	0.4658743888089048	0.37976202379762025	chr11	65190189.0	65190303.0	antisense	0.5696430356964304	0.24439720782018268	0.05
TEAD1	43	53	0.46282243581831434	0.39946005399460055	chr11	65190189.0	65190303.0	antisense	0.585753537322324	0.23228508005079918	0.05
THAP1	41	50	0.46248936198786866	0.5693430656934306	chr11	65190189.0	65190303.0	antisense	0.7274198870039287	0.13821482989939138	0.05
CEBPE	37	47	0.4610094848995756	0.268973102689731	chr11	65190189.0	65190303.0	sense	0.45769521408514885	0.3394236287727827	0.05
FOXH1	41	52	0.4600532471542177	0.23097690230976903	chr11	65190189.0	65190303.0	sense	0.4077449397917351	0.3896114199484178	0.05
FOXO6	40	47	0.45778209330985736	0.11878812118788121	chr11	65190189.0	65190303.0	sense	0.29190830916908306	0.5347535426450047	0.05
ETV3	43	53	0.4570234908177817	0.3281671832816718	chr11	65190189.0	65190303.0	sense	0.5240577480713466	0.28062085369020484	0.05
RORA(var.2)	39	53	0.45672941714673543	0.21287871212878712	chr11	65190189.0	65190303.0	sense	0.39711620235825884	0.40108239334095963	0.05
Ascl2	42	52	0.45551662565479795	0.1999800019998	chr11	65190189.0	65190303.0	sense	0.378983634483267	0.4213795436125814	0.05
E2F7	32	46	0.4524379306332925	0.08099190080991901	chr11	65190189.0	65190303.0	antisense	0.24951749011145394	0.6028990067834071	0.05
TGIF2	32	44	0.4523126871302586	0.137986201379862	chr11	65190189.0	65190303.0	antisense	0.31710943949852805	0.4987908299971744	0.05
DUXA	40	53	0.45017949448153294	0.3962603739626037	chr11	65190189.0	65190303.0	sense	0.585753537322324	0.23228508005079918	0.05
SCRT2	38	51	0.4464604781934611	0.18688131186881313	chr11	65190189.0	65190303.0	sense	0.3619082121638582	0.4414015620783616	0.05
PAX7	41	51	0.4368931660829424	0.1434856514348565	chr11	65190189.0	65190303.0	antisense	0.3243425657434256	0.4889960520843296	0.05
DUX4	41	52	0.4362084329471032	0.22287771222877711	chr11	65190189.0	65190303.0	sense	0.4016442105789421	0.3961584887073979	0.05
SPI1	39	53	0.4349376415358549	0.1685831416858314	chr11	65190189.0	65190303.0	sense	0.34582865824089526	0.46113902031549925	0.05
SPDEF	32	43	0.43412287210112804	0.22757724227577242	chr11	65190189.0	65190303.0	sense	0.404495166921664	0.3930866631537896	0.05
ISX	37	45	0.43388818101830495	0.2196780321967803	chr11	65190189.0	65190303.0	sense	0.3986464989864649	0.3994120456369376	0.05
FLI1	43	53	0.43383110553882254	0.24117588241175883	chr11	65190189.0	65190303.0	sense	0.4200345066164525	0.37671503003654633	0.05
ZBTB33	38	53	0.43271333163591114	0.46135386461353867	chr11	65190189.0	65190303.0	antisense	0.636953591874855	0.19589220899413504	0.05
Ahr::Arnt	43	49	0.4306123342187834	0.1673832616738326	chr11	65190189.0	65190303.0	antisense	0.34582865824089526	0.46113902031549925	0.05
NFIC	45	51	0.4289437586546498	0.30616938306169383	chr11	65190189.0	65190303.0	antisense	0.5011092640735927	0.3000675683234761	0.05
GRHL1	40	52	0.42885787575312745	0.30726927307269275	chr11	65190189.0	65190303.0	sense	0.5011092640735927	0.3000675683234761	0.05
PAX3	41	51	0.42622857738545805	0.17748225177482252	chr11	65190189.0	65190303.0	antisense	0.3529244776671758	0.4523182193755729	0.05
JUND(var.2)	33	48	0.4243258486289176	0.40555944405559446	chr11	65190189.0	65190303.0	sense	0.589594822030402	0.22944633921531843	0.05
SMAD2::SMAD3::SMAD4	38	51	0.4233337771785036	0.42955704429557046	chr11	65190189.0	65190303.0	antisense	0.610794810929866	0.21410466119338029	0.05
Tcfl5	39	49	0.42042716627780974	0.807019298070193	chr11	65190189.0	65190303.0	sense	0.8836350542160974	0.05372706379353399	0.05
ID4	33	43	0.41897671636398	0.3595640435956404	chr11	65190189.0	65190303.0	antisense	0.5579853954903017	0.25337716798173554	0.05
CEBPB	37	47	0.4183799273239561	0.2782721727827217	chr11	65190189.0	65190303.0	sense	0.46588147636849214	0.33172455692863456	0.05
Nfe2l2	34	49	0.4167485584600401	0.43445655434456554	chr11	65190189.0	65190303.0	sense	0.6143949637733774	0.21155235289580887	0.05
Sox1	36	51	0.41461670881459006	0.21327867213278673	chr11	65190189.0	65190303.0	sense	0.39711620235825884	0.40108239334095963	0.05
ETV6	43	53	0.41013883878900825	0.3434656534346565	chr11	65190189.0	65190303.0	sense	0.540177800401778	0.26746326791072306	0.05
Esrra	41	52	0.40956813506832884	0.17218278172182783	chr11	65190189.0	65190303.0	sense	0.3477154230102282	0.45877604564206337	0.05
TFAP2C(var.3)	36	49	0.4095198624339675	0.37476252374762525	chr11	65190189.0	65190303.0	antisense	0.5687185667398172	0.2451025932687992	0.05
POU6F2	35	45	0.4089764710159181	0.36426357364263573	chr11	65190189.0	65190303.0	sense	0.5609875214258989	0.25104679905782756	0.05
LHX6	36	46	0.4082248977857255	0.3999600039996	chr11	65190189.0	65190303.0	antisense	0.585753537322324	0.23228508005079918	0.05
CTCF	34	53	0.40703502203895675	0.39976002399760024	chr11	65190189.0	65190303.0	sense	0.585753537322324	0.23228508005079918	0.05
TGIF1	32	44	0.4059434913121497	0.10218978102189781	chr11	65190189.0	65190303.0	sense	0.2705943691345151	0.567681244986187	0.05
MZF1(var.2)	32	42	0.40568623265100406	0.41535846415358463	chr11	65190189.0	65190303.0	sense	0.5971497033122173	0.2239167791349824	0.05
EN1	40	48	0.402807570388233	0.36226377362263773	chr11	65190189.0	65190303.0	antisense	0.5595681503278244	0.252147012783712	0.05
VSX2	37	45	0.40151759994125347	0.37716228377162286	chr11	65190189.0	65190303.0	sense	0.5696430356964304	0.24439720782018268	0.05
PLAG1	36	50	0.3990665424229314	0.24467553244675533	chr11	65190189.0	65190303.0	sense	0.4232886711328867	0.3733633547962781	0.05
GBX1	39	49	0.3990060220133018	0.39076092390760925	chr11	65190189.0	65190303.0	antisense	0.5836307486729837	0.23386183530631338	0.05
ETV4	43	53	0.3968163567458955	0.45695430456954306	chr11	65190189.0	65190303.0	sense	0.636953591874855	0.19589220899413504	0.05
PAX4	37	45	0.39400570800829676	0.3695630436956304	chr11	65190189.0	65190303.0	sense	0.5657912084897705	0.2473438050834179	0.05
ETV1	43	53	0.3929659898956056	0.48525147485251474	chr11	65190189.0	65190303.0	sense	0.6575600925547133	0.18206455208174196	0.05
SP8	41	53	0.39226503133834784	0.39246075392460755	chr11	65190189.0	65190303.0	sense	0.5836307486729837	0.23386183530631338	0.05
GCM1	40	51	0.39222226404831295	0.40205979402059794	chr11	65190189.0	65190303.0	antisense	0.5861489693727256	0.2319919942983689	0.05
CEBPD	37	47	0.391979664240738	0.2963703629637036	chr11	65190189.0	65190303.0	antisense	0.4914256178216044	0.3085422076675628	0.05
E2F1	31	43	0.39160914465417085	0.48125187481251874	chr11	65190189.0	65190303.0	sense	0.6555635775005176	0.18338518342666565	0.05
JUN(var.2)	39	53	0.38992241392205235	0.5204479552044795	chr11	65190189.0	65190303.0	sense	0.68906247130389	0.16174140260230713	0.05
RUNX1	31	42	0.3832331717294173	0.5477452254774523	chr11	65190189.0	65190303.0	sense	0.7124806316360845	0.14722693719721044	0.05
Sox5	44	51	0.38312708638246523	0.25917408259174085	chr11	65190189.0	65190303.0	antisense	0.446881557691407	0.3498075678236924	0.05
Hic1	44	53	0.3827828044194048	0.5087491250874913	chr11	65190189.0	65190303.0	sense	0.6805175152587833	0.16716069238225462	0.05
GMEB2	42	50	0.38206754466110193	0.3718628137186281	chr11	65190189.0	65190303.0	sense	0.5673426792218139	0.24615454473895876	0.05
ELK4	37	48	0.38036966183504	0.39136086391360864	chr11	65190189.0	65190303.0	antisense	0.5836307486729837	0.23386183530631338	0.05
SOX21	34	49	0.38009892201094775	0.17118288171182883	chr11	65190189.0	65190303.0	antisense	0.3470465453454655	0.4596122743991199	0.05
Vdr	35	51	0.3797671721987762	0.27777222277772223	chr11	65190189.0	65190303.0	sense	0.46588147636849214	0.33172455692863456	0.05
MGA	36	44	0.37850024304490126	0.32496750324967505	chr11	65190189.0	65190303.0	sense	0.5221614061504066	0.28219523078063335	0.05
PAX9	32	49	0.37387177192830073	0.27377262273772623	chr11	65190189.0	65190303.0	sense	0.46132464675610363	0.3359933421308779	0.05
Twist2	39	49	0.3702561405587565	0.42205779422057793	chr11	65190189.0	65190303.0	antisense	0.6034380033071073	0.21936734231010918	0.05
EHF	41	53	0.36866535939671874	0.42025797420257976	chr11	65190189.0	65190303.0	sense	0.6025245541744169	0.22002524995613346	0.05
MAF::NFE2	38	53	0.3678369151483267	0.45295470452954706	chr11	65190189.0	65190303.0	sense	0.6353607882454998	0.1969795914825679	0.05
PKNOX2	32	44	0.36466440316299237	0.1625837416258374	chr11	65190189.0	65190303.0	sense	0.34162332754578795	0.46645248143002116	0.05
PKNOX1	32	44	0.36374991431802806	0.15748425157484253	chr11	65190189.0	65190303.0	sense	0.33635525336355254	0.47320178490109766	0.05
PAX1	32	49	0.3587417906196352	0.39666033396660333	chr11	65190189.0	65190303.0	sense	0.585753537322324	0.23228508005079918	0.05
Atoh1	39	49	0.357331736731989	0.49405059494050596	chr11	65190189.0	65190303.0	sense	0.6669494089552084	0.17590710797982245	0.05
NR3C1	36	53	0.35468382390210873	0.36536346365363465	chr11	65190189.0	65190303.0	sense	0.561016679397149	0.25102422668954055	0.05
NFYB	31	46	0.35417911879600966	0.5864413558644136	chr11	65190189.0	65190303.0	antisense	0.7387453002272588	0.13150526900999138	0.05
ELK3	43	53	0.3533933816086424	0.5105489451054894	chr11	65190189.0	65190303.0	sense	0.6811694151921568	0.1667448602858811	0.05
JUN	34	47	0.35094546522762077	0.46655334466553344	chr11	65190189.0	65190303.0	sense	0.6422843126827901	0.19227268517646387	0.05
ERF	43	53	0.350390174582426	0.41435856414358563	chr11	65190189.0	65190303.0	sense	0.5971497033122173	0.2239167791349824	0.05
MAFF	32	50	0.35027451301595114	0.7767223277672233	chr11	65190189.0	65190303.0	sense	0.8740119494544052	0.05848262966921951	0.05
E2F4	35	46	0.34915659965926876	0.37276272372762725	chr11	65190189.0	65190303.0	sense	0.5673426792218139	0.24615454473895876	0.05
SCRT1	38	53	0.34752562062054676	0.42855714428557146	chr11	65190189.0	65190303.0	sense	0.610794810929866	0.21410466119338029	0.05
NFIA	37	47	0.34731521971932966	0.45145485451454853	chr11	65190189.0	65190303.0	sense	0.6349730880570479	0.19724468093794062	0.05
Bhlha15	40	48	0.34536935089723964	0.30546945305469453	chr11	65190189.0	65190303.0	antisense	0.5011092640735927	0.3000675683234761	0.05
E2F8	33	45	0.34448686329523454	0.21877812218778123	chr11	65190189.0	65190303.0	antisense	0.3986464989864649	0.3994120456369376	0.05
E2F6	35	46	0.3437936694197825	0.3601639836016398	chr11	65190189.0	65190303.0	sense	0.5579853954903017	0.25337716798173554	0.05
TBX1	36	44	0.343704821540164	0.30826917308269175	chr11	65190189.0	65190303.0	sense	0.5011092640735927	0.3000675683234761	0.05
MAFG::NFE2L1	39	45	0.3402165069003735	0.40975902409759024	chr11	65190189.0	65190303.0	sense	0.5940361271135457	0.22618714200710294	0.05
Bach1::Mafk	35	50	0.338217443684039	0.458054194580542	chr11	65190189.0	65190303.0	sense	0.636953591874855	0.19589220899413504	0.05
TP53	31	49	0.33671363208173943	0.46145385461453853	chr11	65190189.0	65190303.0	sense	0.636953591874855	0.19589220899413504	0.05
Lhx8	40	48	0.3338073228333577	0.4968503149685031	chr11	65190189.0	65190303.0	sense	0.6680448535457335	0.17519437735462698	0.05
ESR2	34	49	0.33191900703543886	0.7877212278772123	chr11	65190189.0	65190303.0	sense	0.8760999703027557	0.05744633438711134	0.05
TBX15	36	44	0.325184731304918	0.30896910308969106	chr11	65190189.0	65190303.0	sense	0.5011092640735927	0.3000675683234761	0.05
NR3C2	36	53	0.3243549726635411	0.44765523447655237	chr11	65190189.0	65190303.0	sense	0.6313398551449203	0.19973679371847738	0.05
TFCP2	43	53	0.3234414910825941	0.5571442855714429	chr11	65190189.0	65190303.0	sense	0.7228947105289472	0.1409249530044413	0.05
NR2F1	35	48	0.3225476936731598	0.6476352364763523	chr11	65190189.0	65190303.0	sense	0.7844705039985512	0.10542338119303016	0.05
SP3	34	45	0.3208878239441128	0.49475052494750527	chr11	65190189.0	65190303.0	antisense	0.6669494089552084	0.17590710797982245	0.05
CLOCK	41	51	0.3137091052097012	0.5813418658134186	chr11	65190189.0	65190303.0	sense	0.7370073211656937	0.13252819799431406	0.05
T	34	50	0.31316077194356284	0.5277472252774722	chr11	65190189.0	65190303.0	sense	0.6951797206066195	0.15790290536994808	0.05
TCF3	42	52	0.31220614582522127	0.5828417158284172	chr11	65190189.0	65190303.0	sense	0.7370073211656937	0.13252819799431406	0.05
Crem	42	52	0.31210537415627704	0.5457454254574543	chr11	65190189.0	65190303.0	antisense	0.711663004553816	0.1477256101682149	0.05
TFAP2A	38	49	0.31152318183843186	0.628937106289371	chr11	65190189.0	65190303.0	sense	0.7753405182047116	0.11050751981880419	0.05
INSM1	34	46	0.311441058105259	0.41305869413058693	chr11	65190189.0	65190303.0	antisense	0.5971497033122173	0.2239167791349824	0.05
OLIG3	39	49	0.310313453631224	0.6331366863313669	chr11	65190189.0	65190303.0	antisense	0.7776895251651305	0.10919375059305517	0.05
ELF3	31	44	0.3099852488267168	0.4697530246975302	chr11	65190189.0	65190303.0	sense	0.6432765694406812	0.19160226695489013	0.05
Sox11	34	49	0.3081602594229791	0.21347865213478653	chr11	65190189.0	65190303.0	antisense	0.39711620235825884	0.40108239334095963	0.05
ELF4	41	53	0.3076308976848979	0.4841515848415158	chr11	65190189.0	65190303.0	sense	0.6575600925547133	0.18206455208174196	0.05
ZBED1	31	44	0.30671912997776857	0.37796220377962203	chr11	65190189.0	65190303.0	antisense	0.5696430356964304	0.24439720782018268	0.05
SOX4	34	50	0.3016506391248702	0.22747725227477253	chr11	65190189.0	65190303.0	antisense	0.404495166921664	0.3930866631537896	0.05
ELF1	41	53	0.3015338304022611	0.5138486151384861	chr11	65190189.0	65190303.0	sense	0.6838139262996777	0.1650620587697311	0.05
BHLHE22	39	49	0.30111546412637963	0.5041495850414959	chr11	65190189.0	65190303.0	antisense	0.6761075830401456	0.1699841931068891	0.05
TCF4	42	52	0.29531237707240654	0.5687431256874312	chr11	65190189.0	65190303.0	antisense	0.7274198870039287	0.13821482989939138	0.05
TAL1::TCF3	40	52	0.2948384435598997	0.6154384561543845	chr11	65190189.0	65190303.0	sense	0.7641448773782908	0.11682429393610491	0.05
ZBTB18	37	50	0.2898098619480114	0.6066393360663933	chr11	65190189.0	65190303.0	sense	0.7573398910108989	0.12070916718219862	0.05
YY1	39	51	0.28936213990894916	0.6251374862513749	chr11	65190189.0	65190303.0	sense	0.7724913222963418	0.11210639047915599	0.05
NEUROD2	35	45	0.2855228931055135	0.7646235376462354	chr11	65190189.0	65190303.0	sense	0.8702623158736758	0.06034982190390987	0.05
ZBTB7C	31	43	0.2835347431345871	0.7341265873412659	chr11	65190189.0	65190303.0	antisense	0.852375165168047	0.06936921239237329	0.05
Gabpa	38	49	0.27947546072967455	0.6360363963603639	chr11	65190189.0	65190303.0	sense	0.7776895251651305	0.10919375059305517	0.05
ZEB1	44	53	0.2791949969705031	0.46905309469053097	chr11	65190189.0	65190303.0	antisense	0.6432765694406812	0.19160226695489013	0.05
OLIG1	39	49	0.27614265188987736	0.46015398460153983	chr11	65190189.0	65190303.0	antisense	0.636953591874855	0.19589220899413504	0.05
FOS	32	43	0.27609733070319414	0.6118388161183882	chr11	65190189.0	65190303.0	sense	0.7614972315718069	0.11833167120551352	0.05
Npas2	39	49	0.275515374687903	0.7174282571742826	chr11	65190189.0	65190303.0	antisense	0.8367309336482082	0.0774141750033065	0.05
BHLHE23	38	50	0.273721472750299	0.5601439856014399	chr11	65190189.0	65190303.0	antisense	0.7231709664854411	0.14075901802532542	0.05
TEAD3	42	50	0.27165038758104754	0.5176482351764824	chr11	65190189.0	65190303.0	sense	0.6871085269989626	0.16297466184241557	0.05
PPARG	33	53	0.2704382756581249	0.5974402559744025	chr11	65190189.0	65190303.0	antisense	0.748964958576606	0.1255385009291285	0.05
PROX1	32	44	0.26847602647097724	0.5224477552244775	chr11	65190189.0	65190303.0	antisense	0.6899500889605695	0.16118232502073992	0.05
NHLH1	42	52	0.2677945666754379	0.6448355164483551	chr11	65190189.0	65190303.0	antisense	0.783769632404441	0.10581156751608689	0.05
TFAP2C	37	49	0.26662019000367826	0.7673232676732327	chr11	65190189.0	65190303.0	sense	0.8714240173356843	0.05977047463595752	0.05
HEY2	41	51	0.26420086823535643	0.7112288771122888	chr11	65190189.0	65190303.0	sense	0.8352370180589164	0.07819026579960886	0.05
KLF16	41	52	0.26171879974228834	0.43245675432456754	chr11	65190189.0	65190303.0	sense	0.6132378565422146	0.21237104302198245	0.05
Atf3	44	52	0.25956230034365424	0.607039296070393	chr11	65190189.0	65190303.0	antisense	0.7573398910108989	0.12070916718219862	0.05
XBP1	32	46	0.2590809134404337	0.7601239876012399	chr11	65190189.0	65190303.0	antisense	0.868411180859936	0.061274593607168824	0.05
TFAP2B	37	49	0.25794602836107033	0.7518248175182481	chr11	65190189.0	65190303.0	sense	0.8651819962127955	0.0628925264807373	0.05
NEUROG2	39	49	0.25571847857374846	0.5338466153384661	chr11	65190189.0	65190303.0	sense	0.6997936569979366	0.15502999832536069	0.05
TFAP2C(var.2)	38	49	0.254471392667849	0.7481251874812519	chr11	65190189.0	65190303.0	sense	0.8628377162283771	0.06407087934156226	0.05
TFAP2A(var.2)	37	49	0.25123961086040375	0.7437256274372562	chr11	65190189.0	65190303.0	sense	0.8596739435187883	0.06566623640877425	0.05
SREBF2	32	42	0.25089326674556817	0.5915408459154085	chr11	65190189.0	65190303.0	sense	0.7433648886927288	0.128797955759951	0.05
Arntl	42	52	0.24744415478960585	0.8348165183481652	chr11	65190189.0	65190303.0	antisense	0.8974686382293448	0.04698071877405904	0.05
NFIC::TLX1	37	51	0.24719225991188726	0.5836416358364164	chr11	65190189.0	65190303.0	sense	0.7370073211656937	0.13252819799431406	0.05
GLIS2	33	47	0.24625319716478022	0.539046095390461	chr11	65190189.0	65190303.0	sense	0.7046975403215346	0.15199724436288362	0.05
IRF9	33	48	0.24558804346408566	0.35306469353064696	chr11	65190189.0	65190303.0	sense	0.5519294456096558	0.25811643556934405	0.05
Zfx	33	47	0.24223217643899123	0.7613238676132387	chr11	65190189.0	65190303.0	antisense	0.868411180859936	0.061274593607168824	0.05
TP63	31	49	0.24118322365167258	0.48095190480951905	chr11	65190189.0	65190303.0	antisense	0.6555635775005176	0.18338518342666565	0.05
SREBF1	32	42	0.2394222510950891	0.5656434356564344	chr11	65190189.0	65190303.0	antisense	0.7270411572704115	0.13844100335073836	0.05
Creb5	34	46	0.2355355377220445	0.6484351564843516	chr11	65190189.0	65190303.0	antisense	0.7844705039985512	0.10542338119303016	0.05
CREB1	36	44	0.2336372839696274	0.7913208679132087	chr11	65190189.0	65190303.0	sense	0.877554552237084	0.056725876572519915	0.05
CREB3L1	39	53	0.2319297195015811	0.7827217278272173	chr11	65190189.0	65190303.0	antisense	0.8748460637807186	0.058068357871370706	0.05
Tcf21	31	45	0.2273678550723145	0.6677332266773323	chr11	65190189.0	65190303.0	sense	0.8040685490615671	0.0947069248707845	0.05
CEBPG	32	42	0.22618689675016757	0.642035796420358	chr11	65190189.0	65190303.0	antisense	0.7821985407093094	0.1066829986146291	0.05
TFEC	40	50	0.2253363723958929	0.867013298670133	chr11	65190189.0	65190303.0	sense	0.9239833716833655	0.03433584441965342	0.05
FOSL2	33	44	0.2243131224205649	0.7554244575542446	chr11	65190189.0	65190303.0	antisense	0.8674010917492321	0.06178003556474279	0.05
JUND	41	52	0.2239658801174875	0.7229277072292771	chr11	65190189.0	65190303.0	antisense	0.8412544395784637	0.07507263084601586	0.05
OLIG2	39	49	0.2230891302485871	0.7753224677532247	chr11	65190189.0	65190303.0	sense	0.8740119494544052	0.05848262966921951	0.05
EWSR1-FLI1	34	52	0.2225479691431892	0.27377262273772623	chr11	65190189.0	65190303.0	sense	0.46132464675610363	0.3359933421308779	0.05
JUNB	33	44	0.22098229684357673	0.778022197780222	chr11	65190189.0	65190303.0	antisense	0.8740119494544052	0.05848262966921951	0.05
IRF8	34	48	0.22091583811522336	0.46005399460054	chr11	65190189.0	65190303.0	sense	0.636953591874855	0.19589220899413504	0.05
Mitf	36	46	0.22090082996084476	0.9777022297770223	chr11	65190189.0	65190303.0	antisense	0.9815848202413802	0.008072166393908568	0.05
RELA	40	50	0.2204685119050164	0.5704429557044296	chr11	65190189.0	65190303.0	antisense	0.7274198870039287	0.13821482989939138	0.05
TFAP2B(var.2)	38	49	0.21842816402863968	0.7835216478352165	chr11	65190189.0	65190303.0	sense	0.8748460637807186	0.058068357871370706	0.05
ATF7	33	47	0.21778208075056973	0.7577242275772422	chr11	65190189.0	65190303.0	sense	0.8681211349063769	0.061419670502262325	0.05
FOS::JUN	41	48	0.2169350898465583	0.7974202579742026	chr11	65190189.0	65190303.0	sense	0.88055556146513	0.05524323563490356	0.05
ZBTB7B	31	43	0.21667743828098068	0.6872312768723128	chr11	65190189.0	65190303.0	antisense	0.818057414442042	0.08721621478793087	0.05
JDP2	42	51	0.21631744828492613	0.5598440155984401	chr11	65190189.0	65190303.0	antisense	0.7231709664854411	0.14075901802532542	0.05
Atf1	43	51	0.21554852262645469	0.7838216178382161	chr11	65190189.0	65190303.0	antisense	0.8748460637807186	0.058068357871370706	0.05
HEY1	41	51	0.2128796034869955	0.7949205079492051	chr11	65190189.0	65190303.0	sense	0.8796668307582888	0.0556817834870178	0.05
CREB3	31	45	0.2060293704455775	0.8780121987801219	chr11	65190189.0	65190303.0	antisense	0.931877977846387	0.03064095139857072	0.05
Klf1	35	46	0.20484992733689003	0.6344365563443656	chr11	65190189.0	65190303.0	antisense	0.7776895251651305	0.10919375059305517	0.05
NFKB2	34	47	0.20313237239262152	0.6732326767323268	chr11	65190189.0	65190303.0	antisense	0.8088142574631426	0.09215120177537146	0.05
Mlxip	42	50	0.20209409997559272	0.6921307869213079	chr11	65190189.0	65190303.0	antisense	0.8220042984259927	0.08512591144071775	0.05
NFE2	32	43	0.20043236462411568	0.6823317668233176	chr11	65190189.0	65190303.0	antisense	0.8159681727679767	0.08832678078144887	0.05
FOSL1	41	52	0.19928442296756893	0.8008199180081992	chr11	65190189.0	65190303.0	antisense	0.8805625793352868	0.0552397743994382	0.05
GLI2	31	43	0.1992745054958317	0.8052194780521947	chr11	65190189.0	65190303.0	antisense	0.8835283490678416	0.05377951107378932	0.05
NRF1	39	50	0.1965451413226401	0.7155284471552845	chr11	65190189.0	65190303.0	antisense	0.836394738904488	0.07758870764768921	0.05
GLIS3	32	46	0.1942566441278123	0.533946605339466	chr11	65190189.0	65190303.0	sense	0.6997936569979366	0.15502999832536069	0.05
MNT	41	51	0.19423084223927606	0.8976102389761024	chr11	65190189.0	65190303.0	sense	0.9449487099971544	0.024591763522189843	0.05
Creb3l2	42	51	0.19394089777641418	0.7377262273772622	chr11	65190189.0	65190303.0	antisense	0.8546426607339266	0.0682154325357642	0.05
ZIC4	38	53	0.19252001665170446	0.8345165483451655	chr11	65190189.0	65190303.0	antisense	0.8974686382293448	0.04698071877405904	0.05
Ar	36	53	0.19097269262530658	0.7737226277372263	chr11	65190189.0	65190303.0	antisense	0.8740119494544052	0.05848262966921951	0.05
ARNT::HIF1A	42	50	0.18630018338989396	0.8322167783221678	chr11	65190189.0	65190303.0	sense	0.8974686382293448	0.04698071877405904	0.05
USF2	35	46	0.18252396456451475	0.9118088191180882	chr11	65190189.0	65190303.0	sense	0.9521705777108407	0.021285242453238297	0.05
TFEB	35	45	0.18219497615804012	0.9355064493550644	chr11	65190189.0	65190303.0	antisense	0.9628799496287995	0.01642785665928792	0.05
ZNF143	34	50	0.18026112923505935	0.6872312768723128	chr11	65190189.0	65190303.0	antisense	0.818057414442042	0.08721621478793087	0.05
EBF1	37	51	0.17940281394814658	0.8407159284071593	chr11	65190189.0	65190303.0	antisense	0.8996527151408571	0.04592510501048264	0.05
Myc	38	48	0.17878042020747542	0.827917208279172	chr11	65190189.0	65190303.0	antisense	0.8974686382293448	0.04698071877405904	0.05
TFE3	35	45	0.17603377647981575	0.9844015598440156	chr11	65190189.0	65190303.0	antisense	0.9863019489556836	0.00599010869950083	0.05
HINFP	31	43	0.17582543188147245	0.8705129487051295	chr11	65190189.0	65190303.0	antisense	0.9258119270040209	0.03347722860973592	0.05
MLXIPL	41	51	0.17482109424543532	0.916108389161084	chr11	65190189.0	65190303.0	antisense	0.9535541435836375	0.020654642322210308	0.05
Id2	42	50	0.1730501150154688	0.7883211678832117	chr11	65190189.0	65190303.0	sense	0.8760999703027557	0.05744633438711134	0.05
ELK1	43	53	0.1708812833733896	0.8352164783521648	chr11	65190189.0	65190303.0	sense	0.8974686382293448	0.04698071877405904	0.05
Arnt	43	49	0.16923163583253178	0.712928707129287	chr11	65190189.0	65190303.0	sense	0.8352370180589164	0.07819026579960886	0.05
BHLHE40	41	51	0.16336304963039888	0.9094090590940906	chr11	65190189.0	65190303.0	sense	0.9515792372375665	0.021555042519099916	0.05
SP2	38	53	0.16307811262462935	0.7119288071192881	chr11	65190189.0	65190303.0	antisense	0.8352370180589164	0.07819026579960886	0.05
USF1	35	46	0.16202021837960082	0.9394060593940606	chr11	65190189.0	65190303.0	sense	0.9635409976788882	0.016129801831659518	0.05
Znf423	37	52	0.16047926192881648	0.6937306269373062	chr11	65190189.0	65190303.0	sense	0.8220232771243423	0.08511588442646335	0.05
EGR1	31	45	0.1602483121443922	0.6807319268073193	chr11	65190189.0	65190303.0	antisense	0.8159350346720524	0.08834441870523879	0.05
MAX::MYC	40	51	0.15135182735197858	0.9546045395460454	chr11	65190189.0	65190303.0	sense	0.9733590491638459	0.011726929200260756	0.05
MZF1	45	51	0.15116230140052056	0.6998300169983002	chr11	65190189.0	65190303.0	sense	0.8254813155048132	0.08329275240117717	0.05
Mycn	45	53	0.150373246390406	0.8198180181981802	chr11	65190189.0	65190303.0	sense	0.8938772089177637	0.04872213573657485	0.05
ZBTB7A	33	45	0.14695243569471358	0.9035096490350965	chr11	65190189.0	65190303.0	sense	0.9492338215571154	0.022626796103726386	0.05
MAX	39	49	0.14415126004829962	0.9707029297070293	chr11	65190189.0	65190303.0	sense	0.980145565210016	0.008709420763783426	0.05
JDP2(var.2)	31	43	0.14071018777140618	0.9092090790920908	chr11	65190189.0	65190303.0	antisense	0.9515792372375665	0.021555042519099916	0.05
KLF5	35	45	0.14046993461015353	0.6251374862513749	chr11	65190189.0	65190303.0	antisense	0.7724913222963418	0.11210639047915599	0.05
ZNF740	31	41	0.13653108720646912	0.565943405659434	chr11	65190189.0	65190303.0	antisense	0.7270411572704115	0.13844100335073836	0.05
Srebf1(var.2)	42	52	0.13163306629605717	0.9287071292870713	chr11	65190189.0	65190303.0	sense	0.9601573707171116	0.017657579842906706	0.05
Klf12	31	46	0.13157934477276842	0.809019098090191	chr11	65190189.0	65190303.0	sense	0.8839598145448614	0.0535674778807177	0.05
MLX	41	51	0.13096760734173013	0.9461053894610539	chr11	65190189.0	65190303.0	antisense	0.9684984164305463	0.01390108504919427	0.05
ZNF354C	46	52	0.12585521766723132	0.8297170282971703	chr11	65190189.0	65190303.0	antisense	0.8974686382293448	0.04698071877405904	0.05
SP1	42	53	0.12358821981530876	0.6503349665033497	chr11	65190189.0	65190303.0	antisense	0.7849391805005546	0.1051639924219796	0.05
ZIC1	39	53	0.12349363337604206	0.7753224677532247	chr11	65190189.0	65190303.0	antisense	0.8740119494544052	0.05848262966921951	0.05
SOX8	34	50	0.11829389262970286	0.6368363163683631	chr11	65190189.0	65190303.0	antisense	0.7776895251651305	0.10919375059305517	0.05
EGR4	36	52	0.1173679607606585	0.9595040495950405	chr11	65190189.0	65190303.0	antisense	0.975033416423524	0.010980499871052275	0.05
ESR1	35	52	0.11716230593679648	0.8939106089391061	chr11	65190189.0	65190303.0	sense	0.9429666789418619	0.025503653399847462	0.05
SREBF2(var.2)	32	42	0.11647919428585347	0.926907309269073	chr11	65190189.0	65190303.0	antisense	0.9601573707171116	0.017657579842906706	0.05
KLF14	32	46	0.10588250269454971	0.8597140285971403	chr11	65190189.0	65190303.0	antisense	0.9180896725142301	0.03711489790971006	0.05
EGR2	31	42	0.1037932992977647	0.8843115688431157	chr11	65190189.0	65190303.0	antisense	0.9347407418117659	0.029308827644696965	0.05
ZIC3	35	50	0.09641934254122199	0.8826117388261174	chr11	65190189.0	65190303.0	antisense	0.9347407418117659	0.029308827644696965	0.05
BATF3	38	52	0.09097614093496807	0.9197080291970803	chr11	65190189.0	65190303.0	antisense	0.9546569343065693	0.020152668526404845	0.05
HES5	40	52	0.0851893291976846	0.9168083191680831	chr11	65190189.0	65190303.0	sense	0.9535541435836375	0.020654642322210308	0.05
Klf4	35	45	0.0769060729911358	0.8327167283271673	chr11	65190189.0	65190303.0	sense	0.8974686382293448	0.04698071877405904	0.05
RREB1	33	53	0.06784139384220288	0.5762423757624238	chr11	65190189.0	65190303.0	sense	0.7330141985801419	0.1348876129369287	0.05
HES7	32	44	0.05865834739710249	0.9626037396260374	chr11	65190189.0	65190303.0	sense	0.9757643376287372	0.010655058589069066	0.05
EGR3	32	47	0.047326844076761576	0.9328067193280672	chr11	65190189.0	65190303.0	sense	0.9624785036406897	0.01660896140853476	0.05
BHLHE41	32	42	0.04135071727767946	0.9983001699830018	chr11	65190189.0	65190303.0	antisense	0.9983001699830018	0.0007388549385138793	0.05
GLIS1	32	48	0.03783677069528369	0.8384161583841616	chr11	65190189.0	65190303.0	sense	0.8990454260359088	0.04621836413071277	0.05
NFKB1	34	47	0.03478105265734397	0.96000399960004	chr11	65190189.0	65190303.0	sense	0.975033416423524	0.010980499871052275	0.05
E2F2	36	52	-0.0	0.9768023197680232	chr11	65190189.0	65190303.0	sense	0.9815848202413802	0.008072166393908568	0.05
E2F3	35	53	-0.0	0.9543045695430457	chr11	65190189.0	65190303.0	sense	0.9733590491638459	0.011726929200260756	0.05
SP4	36	53	-0.0	0.9661033896610339	chr11	65190189.0	65190303.0	antisense	0.9774028445108706	0.00992640138972013	0.05
KLF13	35	53	-0.004254618550892111	0.9778022197780222	chr11	65190189.0	65190303.0	antisense	0.9815848202413802	0.008072166393908568	0.05
REST	32	53	-0.010232722956225198	0.936906309369063	chr11	65190189.0	65190303.0	sense	0.9628799496287995	0.01642785665928792	0.05
