motif	start	end	score	pval	tile_chr	tile_start	tile_end	strand	padj	neg_log_pval	fdr_cutoff
THAP1	2	11	3.1297746060935463	0.0006999300069993001	chr1	173837438.0	173837552.0	sense	0.060543945605439464	1.2179292797977916	0.1
E2F4	1	12	2.8308248235629296	9.999000099990002e-05	chr1	173837438.0	173837552.0	antisense	0.051894810518948106	1.2848760694284047	0.1
E2F6	1	12	2.79943063785729	0.00019998000199980003	chr1	173837438.0	173837552.0	antisense	0.051894810518948106	1.2848760694284047	0.1
ZNF263	1	22	2.375703687077832	0.021097890210978902	chr1	173837438.0	173837552.0	antisense	0.49771840997718414	0.3030162949529184	0.1
Stat4	2	16	2.327603799717561	0.00029997000299970003	chr1	173837438.0	173837552.0	sense	0.051894810518948106	1.2848760694284047	0.1
Hes2	3	16	1.999764483966725	0.0207979202079792	chr1	173837438.0	173837552.0	sense	0.49771840997718414	0.3030162949529184	0.1
STAT3	2	13	1.986736175629426	0.00039996000399960006	chr1	173837438.0	173837552.0	sense	0.051894810518948106	1.2848760694284047	0.1
SP2	2	17	1.9146369349746948	0.041995800419958006	chr1	173837438.0	173837552.0	sense	0.5991491759914918	0.22246503363067296	0.1
SPIB	3	10	1.8140507774131178	0.0018998100189981002	chr1	173837438.0	173837552.0	antisense	0.12325017498250175	0.9092124554675194	0.1
HSF4	3	16	1.7891298422349475	0.0034996500349965005	chr1	173837438.0	173837552.0	sense	0.17298270172982702	0.7619973241480672	0.1
Bcl6	2	16	1.7277610705380582	0.007499250074992501	chr1	173837438.0	173837552.0	sense	0.24325692430756923	0.6139347886926295	0.1
STAT1	2	13	1.6818971882756817	0.0006999300069993001	chr1	173837438.0	173837552.0	sense	0.060543945605439464	1.2179292797977916	0.1
EGR1	2	16	1.6466018062636525	0.07979202079792021	chr1	173837438.0	173837552.0	sense	0.7395010498950105	0.13106120508387578	0.1
Stat5a::Stat5b	3	14	1.6205802196902248	0.0036996300369963003	chr1	173837438.0	173837552.0	antisense	0.17298270172982702	0.7619973241480672	0.1
NFATC2	1	8	1.5969705456608925	0.0046995300469953	chr1	173837438.0	173837552.0	sense	0.1876196995685047	0.7267215637995241	0.1
GCM2	3	13	1.5844441681670713	0.008899110088991101	chr1	173837438.0	173837552.0	antisense	0.27168459624625774	0.565934984161766	0.1
PAX5	2	21	1.5805008703382943	0.060993900609939006	chr1	173837438.0	173837552.0	antisense	0.6331166883311669	0.19851623875365662	0.1
EWSR1-FLI1	1	19	1.5323020746139822	0.0018998100189981002	chr1	173837438.0	173837552.0	antisense	0.12325017498250175	0.9092124554675194	0.1
Hand1::Tcf3	2	12	1.508871604745717	0.017798220177982202	chr1	173837438.0	173837552.0	antisense	0.46186381361863815	0.335486062783492	0.1
HSF2	3	16	1.4999587856481034	0.0038996100389961006	chr1	173837438.0	173837552.0	sense	0.17298270172982702	0.7619973241480672	0.1
Pax6	3	17	1.4783726654459635	0.017798220177982202	chr1	173837438.0	173837552.0	sense	0.46186381361863815	0.335486062783492	0.1
Pax2	2	10	1.4736415347075955	0.037396260373962605	chr1	173837438.0	173837552.0	sense	0.5545331181167598	0.25607251157820027	0.1
ZBTB18	2	15	1.453556610161121	0.0059994000599940004	chr1	173837438.0	173837552.0	sense	0.22240633079549188	0.6528528547229993	0.1
ETV5	4	14	1.3969600182594573	0.032096790320967905	chr1	173837438.0	173837552.0	sense	0.5270566693330667	0.2781426867694364	0.1
Gmeb1	1	18	1.389206408422427	0.3344665533446655	chr1	173837438.0	173837552.0	antisense	0.9924131139009651	0.003307505527200584	0.1
HSF1	3	16	1.388500188985942	0.003999600039996	chr1	173837438.0	173837552.0	sense	0.17298270172982702	0.7619973241480672	0.1
NFIX	1	10	1.3589263469396655	0.04739526047395261	chr1	173837438.0	173837552.0	sense	0.5991491759914918	0.22246503363067296	0.1
MZF1(var.2)	3	13	1.3453143203131075	0.0740925907409259	chr1	173837438.0	173837552.0	antisense	0.7121121221211212	0.14745162127204517	0.1
YY2	3	14	1.3410261398814896	0.025897410258974102	chr1	173837438.0	173837552.0	sense	0.5102989701029897	0.2921753081699042	0.1
ETV1	4	14	1.3115321195188567	0.029097090290970903	chr1	173837438.0	173837552.0	sense	0.5102989701029897	0.2921753081699042	0.1
ETV4	4	14	1.3106666536336613	0.029197080291970802	chr1	173837438.0	173837552.0	sense	0.5102989701029897	0.2921753081699042	0.1
EGR4	3	19	1.3010187829670397	0.09259074092590741	chr1	173837438.0	173837552.0	sense	0.8144846532295924	0.08911709438861462	0.1
TFAP2A(var.3)	3	16	1.2443467081707833	0.0496950304969503	chr1	173837438.0	173837552.0	antisense	0.5991491759914918	0.22246503363067296	0.1
E2F8	2	14	1.242157729885663	0.0066993300669933005	chr1	173837438.0	173837552.0	sense	0.2317968203179682	0.6348925257832596	0.1
FEV	4	14	1.218043214839135	0.029497050294970503	chr1	173837438.0	173837552.0	sense	0.5102989701029897	0.2921753081699042	0.1
Rhox11	3	20	1.2176235227097256	0.1842815718428157	chr1	173837438.0	173837552.0	antisense	0.9675714671523502	0.014316947090847413	0.1
ELK3	4	14	1.2161902062268426	0.0324967503249675	chr1	173837438.0	173837552.0	sense	0.5270566693330667	0.2781426867694364	0.1
TFAP2C(var.3)	3	16	1.2085468840636375	0.050294970502949704	chr1	173837438.0	173837552.0	antisense	0.5991491759914918	0.22246503363067296	0.1
TFAP2B(var.3)	3	16	1.2049992600341344	0.047995200479952004	chr1	173837438.0	173837552.0	antisense	0.5991491759914918	0.22246503363067296	0.1
GCM1	2	13	1.2016453915697762	0.0282971702829717	chr1	173837438.0	173837552.0	antisense	0.5102989701029897	0.2921753081699042	0.1
ERG	4	14	1.1965850236256665	0.028197180281971802	chr1	173837438.0	173837552.0	sense	0.5102989701029897	0.2921753081699042	0.1
ETV3	4	14	1.1811496588413604	0.0354964503549645	chr1	173837438.0	173837552.0	sense	0.5418428745360758	0.26612663341556586	0.1
TFAP2C	4	16	1.1799064895867095	0.12988701129887012	chr1	173837438.0	173837552.0	sense	0.8988181181881811	0.04632818174707701	0.1
ELF5	3	14	1.1733312461781098	0.08199180081991801	chr1	173837438.0	173837552.0	sense	0.746556923255043	0.1269370727171795	0.1
TFAP2B	4	16	1.1679560741355433	0.11968803119688032	chr1	173837438.0	173837552.0	sense	0.8685173149351733	0.06122151894878604	0.1
ETS1	4	14	1.1407132575342471	0.034596540345965404	chr1	173837438.0	173837552.0	sense	0.5418428745360758	0.26612663341556586	0.1
ELK4	4	15	1.1264720714069254	0.05349465053494651	chr1	173837438.0	173837552.0	antisense	0.6169716361697164	0.20973480118252003	0.1
FLI1	4	14	1.1030221312777384	0.029197080291970802	chr1	173837438.0	173837552.0	sense	0.5102989701029897	0.2921753081699042	0.1
Rfx1	1	15	1.093933100596674	0.06519348065193481	chr1	173837438.0	173837552.0	sense	0.6506810857375801	0.18663181733128378	0.1
NFIC	3	9	1.089338379614631	0.047495250474952504	chr1	173837438.0	173837552.0	antisense	0.5991491759914918	0.22246503363067296	0.1
Gabpa	5	16	1.0851409474022526	0.059194080591940805	chr1	173837438.0	173837552.0	sense	0.6331166883311669	0.19851623875365662	0.1
CTCF	2	21	1.0815510200585328	0.11458854114588542	chr1	173837438.0	173837552.0	sense	0.8685173149351733	0.06122151894878604	0.1
EBF1	2	16	1.0762369208598324	0.04559544045595441	chr1	173837438.0	173837552.0	sense	0.5991491759914918	0.22246503363067296	0.1
SP1	2	13	1.0609642463982867	0.1362863713628637	chr1	173837438.0	173837552.0	sense	0.916808319168083	0.03772145454727829	0.1
TFAP2A(var.2)	4	16	1.057585346301703	0.1852814718528147	chr1	173837438.0	173837552.0	sense	0.9675714671523502	0.014316947090847413	0.1
ZBTB7C	3	15	1.0566256880315785	0.2091790820917908	chr1	173837438.0	173837552.0	antisense	0.9822946276800892	0.007758231169834947	0.1
ELK1	4	14	1.0560932566938879	0.027497250274972504	chr1	173837438.0	173837552.0	sense	0.5102989701029897	0.2921753081699042	0.1
Neurog1	4	14	1.038285018482874	0.29827017298270175	chr1	173837438.0	173837552.0	sense	0.9924131139009651	0.003307505527200584	0.1
EGR3	3	18	1.03568972466978	0.08549145085491451	chr1	173837438.0	173837552.0	sense	0.7650010860982868	0.11633794826316944	0.1
TFCP2	2	12	1.0292933922688752	0.050794920507949204	chr1	173837438.0	173837552.0	antisense	0.5991491759914918	0.22246503363067296	0.1
ZBTB33	3	18	1.0279227211462423	0.1337866213378662	chr1	173837438.0	173837552.0	sense	0.9136217957151652	0.039233548277391915	0.1
Hes1	7	17	1.0177215327682214	0.5292470752924707	chr1	173837438.0	173837552.0	sense	0.9924131139009651	0.003307505527200584	0.1
HLF	1	13	1.004880120489357	0.10998900109989002	chr1	173837438.0	173837552.0	sense	0.8685173149351733	0.06122151894878604	0.1
CENPB	5	20	0.9773582368094407	0.19718028197180282	chr1	173837438.0	173837552.0	sense	0.9675714671523502	0.014316947090847413	0.1
E2F7	1	15	0.9701170652504687	0.015898410158984102	chr1	173837438.0	173837552.0	sense	0.4584041595840416	0.3387514502112594	0.1
EHF	2	14	0.9627605264379122	0.07789221077892211	chr1	173837438.0	173837552.0	sense	0.7350192253501924	0.13370130125008414	0.1
GLIS2	1	15	0.9579775045979966	0.11908809119088092	chr1	173837438.0	173837552.0	antisense	0.8685173149351733	0.06122151894878604	0.1
CREB3	2	16	0.9550171923697869	0.09679032096790322	chr1	173837438.0	173837552.0	sense	0.8372362763723629	0.07715196250365472	0.1
GLI2	5	17	0.9541228560138603	0.12048795120487951	chr1	173837438.0	173837552.0	antisense	0.8685173149351733	0.06122151894878604	0.1
ELF4	2	14	0.9502308928288251	0.0585941405859414	chr1	173837438.0	173837552.0	sense	0.6331166883311669	0.19851623875365662	0.1
ELF1	2	14	0.9497042905881508	0.06059394060593941	chr1	173837438.0	173837552.0	sense	0.6331166883311669	0.19851623875365662	0.1
HIC2	2	11	0.9485088081281448	0.1977802219778022	chr1	173837438.0	173837552.0	sense	0.9675714671523502	0.014316947090847413	0.1
GLIS3	1	15	0.9439747683080132	0.0580941905809419	chr1	173837438.0	173837552.0	antisense	0.6331166883311669	0.19851623875365662	0.1
TAL1::TCF3	4	16	0.9429659481953212	0.0734926507349265	chr1	173837438.0	173837552.0	antisense	0.7121121221211212	0.14745162127204517	0.1
Stat6	1	16	0.9232757595445454	0.17328267173282672	chr1	173837438.0	173837552.0	antisense	0.9675714671523502	0.014316947090847413	0.1
XBP1	1	15	0.9223945989721551	0.11428857114288571	chr1	173837438.0	173837552.0	sense	0.8685173149351733	0.06122151894878604	0.1
ZNF143	3	19	0.9195038450807763	0.04989501049895011	chr1	173837438.0	173837552.0	sense	0.5991491759914918	0.22246503363067296	0.1
Zfx	1	15	0.9165253520754545	0.24087591240875914	chr1	173837438.0	173837552.0	sense	0.9924131139009651	0.003307505527200584	0.1
Dmbx1	1	18	0.9157051163373084	0.3241675832416758	chr1	173837438.0	173837552.0	sense	0.9924131139009651	0.003307505527200584	0.1
SMAD2::SMAD3::SMAD4	6	19	0.9082175683392036	0.17848215178482152	chr1	173837438.0	173837552.0	sense	0.9675714671523502	0.014316947090847413	0.1
Tcfl5	2	12	0.902911859846679	0.5101489851014899	chr1	173837438.0	173837552.0	sense	0.9924131139009651	0.003307505527200584	0.1
Mitf	2	12	0.9021518592085678	0.34656534346565343	chr1	173837438.0	173837552.0	sense	0.9924131139009651	0.003307505527200584	0.1
RARA::RXRA	3	20	0.8994406105377805	0.24897510248975102	chr1	173837438.0	173837552.0	antisense	0.9924131139009651	0.003307505527200584	0.1
REL	6	16	0.8946231198600635	0.14128587141285873	chr1	173837438.0	173837552.0	sense	0.9193710258603768	0.03650918723704351	0.1
SPDEF	4	15	0.8859707984594611	0.06469353064693531	chr1	173837438.0	173837552.0	sense	0.6506810857375801	0.18663181733128378	0.1
RUNX3	2	12	0.878191291604857	0.1830816918308169	chr1	173837438.0	173837552.0	antisense	0.9675714671523502	0.014316947090847413	0.1
Hic1	2	11	0.873099075053657	0.19518048195180482	chr1	173837438.0	173837552.0	sense	0.9675714671523502	0.014316947090847413	0.1
ESR2	1	16	0.8723946754410302	0.28957104289571045	chr1	173837438.0	173837552.0	antisense	0.9924131139009651	0.003307505527200584	0.1
SP3	7	18	0.8680784737001946	0.26107389261073893	chr1	173837438.0	173837552.0	sense	0.9924131139009651	0.003307505527200584	0.1
KLF5	2	12	0.8675483961118419	0.18388161183881613	chr1	173837438.0	173837552.0	sense	0.9675714671523502	0.014316947090847413	0.1
Tcf12	3	14	0.8675374428832997	0.10088991100889912	chr1	173837438.0	173837552.0	antisense	0.8434966027206804	0.07391666224217452	0.1
MZF1	4	10	0.8629074948686843	0.12258774122587741	chr1	173837438.0	173837552.0	antisense	0.8715484615921969	0.0597084593664645	0.1
RUNX2	3	12	0.8614164537025757	0.15148485151484853	chr1	173837438.0	173837552.0	antisense	0.9436504625399529	0.025188842885365603	0.1
NFAT5	1	11	0.8577988612364875	0.24317568243175683	chr1	173837438.0	173837552.0	sense	0.9924131139009651	0.003307505527200584	0.1
PAX1	2	19	0.8523861137806479	0.10168983101689831	chr1	173837438.0	173837552.0	sense	0.8434966027206804	0.07391666224217452	0.1
ELF3	3	16	0.8462019193143024	0.10238976102389762	chr1	173837438.0	173837552.0	sense	0.8434966027206804	0.07391666224217452	0.1
NFATC1	4	14	0.8373449273736582	0.34566543345665435	chr1	173837438.0	173837552.0	antisense	0.9924131139009651	0.003307505527200584	0.1
MYBL2	3	18	0.8344774817791408	0.1434856514348565	chr1	173837438.0	173837552.0	sense	0.9193710258603768	0.03650918723704351	0.1
Myod1	4	17	0.8337037231660477	0.20957904209579042	chr1	173837438.0	173837552.0	sense	0.9822946276800892	0.007758231169834947	0.1
MAFG	2	23	0.8217824961092087	0.30596940305969406	chr1	173837438.0	173837552.0	antisense	0.9924131139009651	0.003307505527200584	0.1
HINFP	4	16	0.8055337401779059	0.2410758924107589	chr1	173837438.0	173837552.0	antisense	0.9924131139009651	0.003307505527200584	0.1
GMEB2	3	11	0.8017140734732063	0.12968703129687031	chr1	173837438.0	173837552.0	antisense	0.8988181181881811	0.04632818174707701	0.1
HOXA5	1	9	0.7823834186225673	0.18448155184481552	chr1	173837438.0	173837552.0	antisense	0.9675714671523502	0.014316947090847413	0.1
CEBPE	2	12	0.7818125032295141	0.1581841815818418	chr1	173837438.0	173837552.0	antisense	0.9436504625399529	0.025188842885365603	0.1
ZIC4	4	19	0.7814192659681641	0.32486751324867513	chr1	173837438.0	173837552.0	sense	0.9924131139009651	0.003307505527200584	0.1
REST	3	24	0.7761172991969258	0.11528847115288471	chr1	173837438.0	173837552.0	sense	0.8685173149351733	0.06122151894878604	0.1
DBP	1	13	0.767237010527068	0.19808019198080193	chr1	173837438.0	173837552.0	sense	0.9675714671523502	0.014316947090847413	0.1
TEF	1	13	0.7642837593159997	0.1713828617138286	chr1	173837438.0	173837552.0	sense	0.9675714671523502	0.014316947090847413	0.1
ZBTB7A	6	18	0.7619233098943549	0.2987701229877012	chr1	173837438.0	173837552.0	antisense	0.9924131139009651	0.003307505527200584	0.1
CREB3L1	5	19	0.7604843102802463	0.1792820717928207	chr1	173837438.0	173837552.0	sense	0.9675714671523502	0.014316947090847413	0.1
TEAD4	5	15	0.756786990638324	0.30886911308869114	chr1	173837438.0	173837552.0	antisense	0.9924131139009651	0.003307505527200584	0.1
YY1	1	13	0.7541238754251268	0.19518048195180482	chr1	173837438.0	173837552.0	antisense	0.9675714671523502	0.014316947090847413	0.1
Nr1h3::Rxra	5	24	0.7500115632101628	0.5093490650934906	chr1	173837438.0	173837552.0	antisense	0.9924131139009651	0.003307505527200584	0.1
SP4	4	21	0.7495909497290995	0.16818318168183183	chr1	173837438.0	173837552.0	sense	0.9675714671523502	0.014316947090847413	0.1
CEBPB	2	12	0.7487699897041874	0.1377862213778622	chr1	173837438.0	173837552.0	antisense	0.916808319168083	0.03772145454727829	0.1
TFAP2C(var.2)	3	14	0.7463423117481122	0.2890710928907109	chr1	173837438.0	173837552.0	antisense	0.9924131139009651	0.003307505527200584	0.1
TFAP2B(var.2)	3	14	0.7424018445900497	0.24907509249075094	chr1	173837438.0	173837552.0	antisense	0.9924131139009651	0.003307505527200584	0.1
SPIC	3	17	0.7422515104001013	0.39136086391360864	chr1	173837438.0	173837552.0	antisense	0.9924131139009651	0.003307505527200584	0.1
NFATC3	4	14	0.7410892100964677	0.37966203379662034	chr1	173837438.0	173837552.0	antisense	0.9924131139009651	0.003307505527200584	0.1
Pparg::Rxra	3	18	0.7365795557193393	0.49405059494050596	chr1	173837438.0	173837552.0	antisense	0.9924131139009651	0.003307505527200584	0.1
MAFF	4	22	0.7365108513165085	0.5044495550444955	chr1	173837438.0	173837552.0	sense	0.9924131139009651	0.003307505527200584	0.1
PLAG1	4	18	0.7278910167177003	0.19108089191080893	chr1	173837438.0	173837552.0	antisense	0.9675714671523502	0.014316947090847413	0.1
Hoxd3	3	19	0.720963405724429	0.536046395360464	chr1	173837438.0	173837552.0	sense	0.9924131139009651	0.003307505527200584	0.1
CEBPD	2	12	0.7197796567646247	0.14288571142885712	chr1	173837438.0	173837552.0	antisense	0.9193710258603768	0.03650918723704351	0.1
FIGLA	4	14	0.7162554256234979	0.2986701329867013	chr1	173837438.0	173837552.0	antisense	0.9924131139009651	0.003307505527200584	0.1
FOS::JUN	4	11	0.7125411888580994	0.1563843615638436	chr1	173837438.0	173837552.0	antisense	0.9436504625399529	0.025188842885365603	0.1
KLF14	6	20	0.7120633544325707	0.23687631236876314	chr1	173837438.0	173837552.0	sense	0.9924131139009651	0.003307505527200584	0.1
E2F1	4	16	0.7119729197183344	0.3036696330366963	chr1	173837438.0	173837552.0	sense	0.9924131139009651	0.003307505527200584	0.1
IRF1	3	24	0.7106435291552753	0.2790720927907209	chr1	173837438.0	173837552.0	sense	0.9924131139009651	0.003307505527200584	0.1
RUNX1	1	12	0.7058721151640158	0.415958404159584	chr1	173837438.0	173837552.0	sense	0.9924131139009651	0.003307505527200584	0.1
TBX2	3	14	0.700741331802485	0.43725627437256276	chr1	173837438.0	173837552.0	antisense	0.9924131139009651	0.003307505527200584	0.1
ETV2	3	14	0.6964118197215224	0.1994800519948005	chr1	173837438.0	173837552.0	sense	0.9675714671523502	0.014316947090847413	0.1
BARHL2	4	14	0.6948218828405088	0.46595340465953405	chr1	173837438.0	173837552.0	antisense	0.9924131139009651	0.003307505527200584	0.1
RELA	7	17	0.69011165054164	0.10568943105689431	chr1	173837438.0	173837552.0	antisense	0.8570752299770023	0.06698105610486574	0.1
Arid5a	3	17	0.6894402934668651	0.5584441555844416	chr1	173837438.0	173837552.0	antisense	0.9924131139009651	0.003307505527200584	0.1
ETV6	4	14	0.6869268159965197	0.26887311268873115	chr1	173837438.0	173837552.0	sense	0.9924131139009651	0.003307505527200584	0.1
Myog	3	14	0.6854783965541889	0.22317768223177684	chr1	173837438.0	173837552.0	antisense	0.9924131139009651	0.003307505527200584	0.1
ERF	4	14	0.6831594292643928	0.21197880211978803	chr1	173837438.0	173837552.0	sense	0.9822946276800892	0.007758231169834947	0.1
TEAD1	5	15	0.6818533058459284	0.394960503949605	chr1	173837438.0	173837552.0	antisense	0.9924131139009651	0.003307505527200584	0.1
CEBPG	2	12	0.6801114162525859	0.11758824117588242	chr1	173837438.0	173837552.0	sense	0.8685173149351733	0.06122151894878604	0.1
ATF4	1	14	0.6755870301088596	0.23267673232676733	chr1	173837438.0	173837552.0	antisense	0.9924131139009651	0.003307505527200584	0.1
Crem	3	13	0.6751294038561714	0.23077692230776922	chr1	173837438.0	173837552.0	antisense	0.9924131139009651	0.003307505527200584	0.1
GATA1::TAL1	6	24	0.6553818694438902	0.50994900509949	chr1	173837438.0	173837552.0	antisense	0.9924131139009651	0.003307505527200584	0.1
TBP	3	18	0.6531974590128637	0.5728427157284272	chr1	173837438.0	173837552.0	antisense	0.9924131139009651	0.003307505527200584	0.1
ARNT::HIF1A	8	16	0.6479138115473143	0.26547345265473454	chr1	173837438.0	173837552.0	antisense	0.9924131139009651	0.003307505527200584	0.1
HEY2	7	17	0.6464000237215575	0.32466753324667535	chr1	173837438.0	173837552.0	antisense	0.9924131139009651	0.003307505527200584	0.1
NFKB2	6	19	0.6448422361150926	0.20627937206279373	chr1	173837438.0	173837552.0	sense	0.9822946276800892	0.007758231169834947	0.1
Ar	6	23	0.6415721418068174	0.2693730626937306	chr1	173837438.0	173837552.0	antisense	0.9924131139009651	0.003307505527200584	0.1
ZNF740	5	15	0.6393386888754433	0.24887511248875113	chr1	173837438.0	173837552.0	sense	0.9924131139009651	0.003307505527200584	0.1
Six3	2	19	0.6366470881875175	0.5471452854714528	chr1	173837438.0	173837552.0	sense	0.9924131139009651	0.003307505527200584	0.1
TBX5	3	11	0.6361806887119642	0.42405759424057593	chr1	173837438.0	173837552.0	antisense	0.9924131139009651	0.003307505527200584	0.1
TFAP2A	4	15	0.6351961926166304	0.41785821417858215	chr1	173837438.0	173837552.0	antisense	0.9924131139009651	0.003307505527200584	0.1
TFE3	12	22	0.634313871752782	0.5204479552044795	chr1	173837438.0	173837552.0	antisense	0.9924131139009651	0.003307505527200584	0.1
Pou5f1::Sox2	1	16	0.6269259267859413	0.43425657434256576	chr1	173837438.0	173837552.0	antisense	0.9924131139009651	0.003307505527200584	0.1
ZBTB7B	5	17	0.6266075853423011	0.35076492350764926	chr1	173837438.0	173837552.0	antisense	0.9924131139009651	0.003307505527200584	0.1
MAX::MYC	4	15	0.626273160213203	0.2960703929607039	chr1	173837438.0	173837552.0	antisense	0.9924131139009651	0.003307505527200584	0.1
HES5	6	18	0.6262090051030598	0.1581841815818418	chr1	173837438.0	173837552.0	sense	0.9436504625399529	0.025188842885365603	0.1
NRF1	5	16	0.6220611757325292	0.30126987301269875	chr1	173837438.0	173837552.0	sense	0.9924131139009651	0.003307505527200584	0.1
NFYB	2	17	0.6215587951453332	0.4343565643435656	chr1	173837438.0	173837552.0	sense	0.9924131139009651	0.003307505527200584	0.1
Nfe2l2	6	21	0.6205424078718274	0.40255974402559747	chr1	173837438.0	173837552.0	sense	0.9924131139009651	0.003307505527200584	0.1
IRF7	1	15	0.6178507121929732	0.28387161283871615	chr1	173837438.0	173837552.0	antisense	0.9924131139009651	0.003307505527200584	0.1
EGR2	5	16	0.6159809032840661	0.26547345265473454	chr1	173837438.0	173837552.0	sense	0.9924131139009651	0.003307505527200584	0.1
MEIS1	5	12	0.6158416278553493	0.36136386361363865	chr1	173837438.0	173837552.0	antisense	0.9924131139009651	0.003307505527200584	0.1
KLF16	7	18	0.6070829153529474	0.2910708929107089	chr1	173837438.0	173837552.0	sense	0.9924131139009651	0.003307505527200584	0.1
RORA	3	13	0.6031539764751409	0.266973302669733	chr1	173837438.0	173837552.0	sense	0.9924131139009651	0.003307505527200584	0.1
Foxo1	4	15	0.6004244173188873	0.32756724327567244	chr1	173837438.0	173837552.0	sense	0.9924131139009651	0.003307505527200584	0.1
LBX2	1	11	0.5994711838598775	0.7691230876912308	chr1	173837438.0	173837552.0	antisense	0.9924131139009651	0.003307505527200584	0.1
POU5F1B	1	10	0.5990268920234744	0.37776222377762225	chr1	173837438.0	173837552.0	antisense	0.9924131139009651	0.003307505527200584	0.1
IRF8	1	15	0.593170152705227	0.15408459154084592	chr1	173837438.0	173837552.0	antisense	0.9436504625399529	0.025188842885365603	0.1
NR3C2	6	23	0.5926267416968747	0.28847115288471153	chr1	173837438.0	173837552.0	antisense	0.9924131139009651	0.003307505527200584	0.1
Esrra	3	14	0.5824684831565814	0.16428357164283572	chr1	173837438.0	173837552.0	sense	0.9675714671523502	0.014316947090847413	0.1
Creb5	1	13	0.5821229299119788	0.23347665233476653	chr1	173837438.0	173837552.0	sense	0.9924131139009651	0.003307505527200584	0.1
NFYA	5	23	0.5804101963340799	0.4851514848515148	chr1	173837438.0	173837552.0	antisense	0.9924131139009651	0.003307505527200584	0.1
ZIC3	8	23	0.5779289716333239	0.33936606339366066	chr1	173837438.0	173837552.0	antisense	0.9924131139009651	0.003307505527200584	0.1
TFEC	12	22	0.5763956274148377	0.44715528447155284	chr1	173837438.0	173837552.0	antisense	0.9924131139009651	0.003307505527200584	0.1
NEUROD2	4	14	0.5745917885640444	0.46655334466553344	chr1	173837438.0	173837552.0	sense	0.9924131139009651	0.003307505527200584	0.1
Hoxc9	4	17	0.5725023078216599	0.44275572442755723	chr1	173837438.0	173837552.0	sense	0.9924131139009651	0.003307505527200584	0.1
IRF2	2	20	0.5719621103079839	0.2800719928007199	chr1	173837438.0	173837552.0	antisense	0.9924131139009651	0.003307505527200584	0.1
TEAD3	6	14	0.5707357564010307	0.25447455254474555	chr1	173837438.0	173837552.0	antisense	0.9924131139009651	0.003307505527200584	0.1
GSC	8	18	0.5657555929292251	0.5476452354764524	chr1	173837438.0	173837552.0	sense	0.9924131139009651	0.003307505527200584	0.1
NFIL3	3	14	0.5652820895823798	0.34256574342565743	chr1	173837438.0	173837552.0	sense	0.9924131139009651	0.003307505527200584	0.1
NFKB1	6	19	0.564330135962014	0.1581841815818418	chr1	173837438.0	173837552.0	antisense	0.9436504625399529	0.025188842885365603	0.1
Ddit3::Cebpa	7	19	0.5632243181486075	0.5680431956804319	chr1	173837438.0	173837552.0	antisense	0.9924131139009651	0.003307505527200584	0.1
Arntl	11	21	0.5559919112234359	0.49635036496350365	chr1	173837438.0	173837552.0	sense	0.9924131139009651	0.003307505527200584	0.1
SP8	4	16	0.5502678032134299	0.417958204179582	chr1	173837438.0	173837552.0	sense	0.9924131139009651	0.003307505527200584	0.1
MEIS3	4	12	0.5475519615460632	0.48095190480951905	chr1	173837438.0	173837552.0	antisense	0.9924131139009651	0.003307505527200584	0.1
PAX9	4	21	0.5434462481552306	0.24707529247075294	chr1	173837438.0	173837552.0	antisense	0.9924131139009651	0.003307505527200584	0.1
GRHL1	1	13	0.5428285045659356	0.4086591340865913	chr1	173837438.0	173837552.0	antisense	0.9924131139009651	0.003307505527200584	0.1
ZNF354C	3	9	0.5427741592449554	0.3003699630036996	chr1	173837438.0	173837552.0	sense	0.9924131139009651	0.003307505527200584	0.1
HES7	6	18	0.5408318812328913	0.1932806719328067	chr1	173837438.0	173837552.0	sense	0.9675714671523502	0.014316947090847413	0.1
TFEB	12	22	0.5387961438021177	0.46935306469353066	chr1	173837438.0	173837552.0	antisense	0.9924131139009651	0.003307505527200584	0.1
CREB1	3	11	0.5366217861723528	0.38776122387761225	chr1	173837438.0	173837552.0	antisense	0.9924131139009651	0.003307505527200584	0.1
SMAD3	6	16	0.5346575382658302	0.21177882211778823	chr1	173837438.0	173837552.0	sense	0.9822946276800892	0.007758231169834947	0.1
Nkx2-5(var.2)	5	16	0.5333780085608736	0.4530546945305469	chr1	173837438.0	173837552.0	antisense	0.9924131139009651	0.003307505527200584	0.1
MYBL1	4	16	0.529038572686621	0.35796420357964204	chr1	173837438.0	173837552.0	sense	0.9924131139009651	0.003307505527200584	0.1
ZNF410	4	21	0.5289333501809946	0.22407759224077592	chr1	173837438.0	173837552.0	sense	0.9924131139009651	0.003307505527200584	0.1
CEBPA	2	13	0.5286238146863433	0.411958804119588	chr1	173837438.0	173837552.0	sense	0.9924131139009651	0.003307505527200584	0.1
IRF9	1	16	0.5279788990539573	0.18818118188181182	chr1	173837438.0	173837552.0	antisense	0.9675714671523502	0.014316947090847413	0.1
Ascl2	4	14	0.5226613054953584	0.36736326367363265	chr1	173837438.0	173837552.0	antisense	0.9924131139009651	0.003307505527200584	0.1
VENTX	4	13	0.5225556082474131	0.4036596340365963	chr1	173837438.0	173837552.0	sense	0.9924131139009651	0.003307505527200584	0.1
TCF7L2	3	17	0.5163480117912513	0.5016498350164984	chr1	173837438.0	173837552.0	antisense	0.9924131139009651	0.003307505527200584	0.1
Gata1	3	14	0.516173069043259	0.39066093390660933	chr1	173837438.0	173837552.0	sense	0.9924131139009651	0.003307505527200584	0.1
Hmx1	2	19	0.5159192025426017	0.6787321267873213	chr1	173837438.0	173837552.0	antisense	0.9924131139009651	0.003307505527200584	0.1
PBX1	1	13	0.5156930352077675	0.44175582441755823	chr1	173837438.0	173837552.0	sense	0.9924131139009651	0.003307505527200584	0.1
MAFK	5	20	0.5145412680921978	0.6668333166683331	chr1	173837438.0	173837552.0	sense	0.9924131139009651	0.003307505527200584	0.1
Klf1	6	17	0.5138274519605635	0.38746125387461255	chr1	173837438.0	173837552.0	sense	0.9924131139009651	0.003307505527200584	0.1
CDX1	1	10	0.5113533236467849	0.459054094590541	chr1	173837438.0	173837552.0	antisense	0.9924131139009651	0.003307505527200584	0.1
NRL	3	14	0.49862248934653364	0.9014098590140985	chr1	173837438.0	173837552.0	antisense	0.9924131139009651	0.003307505527200584	0.1
NHLH1	6	16	0.498420161418891	0.45665433456654336	chr1	173837438.0	173837552.0	sense	0.9924131139009651	0.003307505527200584	0.1
TFAP4	4	14	0.4980061800040777	0.34166583341665835	chr1	173837438.0	173837552.0	sense	0.9924131139009651	0.003307505527200584	0.1
GSC2	5	15	0.4953819715954951	0.7968203179682032	chr1	173837438.0	173837552.0	antisense	0.9924131139009651	0.003307505527200584	0.1
Hmx3	2	19	0.4940646431809554	0.656034396560344	chr1	173837438.0	173837552.0	antisense	0.9924131139009651	0.003307505527200584	0.1
Gfi1b	4	15	0.49298309664764595	0.4510548945105489	chr1	173837438.0	173837552.0	antisense	0.9924131139009651	0.003307505527200584	0.1
JUN	2	15	0.49157550933197414	0.47335266473352666	chr1	173837438.0	173837552.0	antisense	0.9924131139009651	0.003307505527200584	0.1
TCF3	4	14	0.48575136841988165	0.5182481751824818	chr1	173837438.0	173837552.0	antisense	0.9924131139009651	0.003307505527200584	0.1
Hoxb5	5	21	0.4853686439704352	0.7863213678632137	chr1	173837438.0	173837552.0	sense	0.9924131139009651	0.003307505527200584	0.1
Klf4	8	18	0.4817568970777593	0.36366363363663634	chr1	173837438.0	173837552.0	antisense	0.9924131139009651	0.003307505527200584	0.1
INSM1	3	15	0.4812423175536737	0.39046095390460955	chr1	173837438.0	173837552.0	antisense	0.9924131139009651	0.003307505527200584	0.1
Bach1::Mafk	5	20	0.47879841690822394	0.4654534546545345	chr1	173837438.0	173837552.0	antisense	0.9924131139009651	0.003307505527200584	0.1
BHLHE40	12	22	0.47644578605626103	0.4487551244875512	chr1	173837438.0	173837552.0	antisense	0.9924131139009651	0.003307505527200584	0.1
NR3C1	6	23	0.4754498625164653	0.39616038396160386	chr1	173837438.0	173837552.0	antisense	0.9924131139009651	0.003307505527200584	0.1
NR2F1	3	16	0.47501030457579874	0.6144385561443856	chr1	173837438.0	173837552.0	antisense	0.9924131139009651	0.003307505527200584	0.1
ATF7	5	19	0.47319162537615966	0.41685831416858316	chr1	173837438.0	173837552.0	antisense	0.9924131139009651	0.003307505527200584	0.1
ESR1	6	23	0.4730696870301364	0.32886711328867113	chr1	173837438.0	173837552.0	antisense	0.9924131139009651	0.003307505527200584	0.1
ZIC1	9	23	0.4726251426505564	0.34836516348365165	chr1	173837438.0	173837552.0	antisense	0.9924131139009651	0.003307505527200584	0.1
Atf3	10	18	0.4723579032941786	0.40735926407359263	chr1	173837438.0	173837552.0	antisense	0.9924131139009651	0.003307505527200584	0.1
Spz1	4	15	0.4703963745421965	0.5661433856614339	chr1	173837438.0	173837552.0	antisense	0.9924131139009651	0.003307505527200584	0.1
Gfi1	6	16	0.46891236781300777	0.6786321367863214	chr1	173837438.0	173837552.0	antisense	0.9924131139009651	0.003307505527200584	0.1
MAF::NFE2	2	17	0.4667266781717176	0.5377462253774623	chr1	173837438.0	173837552.0	antisense	0.9924131139009651	0.003307505527200584	0.1
HLTF	3	13	0.4661719899885494	0.7391260873912608	chr1	173837438.0	173837552.0	sense	0.9924131139009651	0.003307505527200584	0.1
Gata4	8	19	0.4645764576368703	0.46085391460853914	chr1	173837438.0	173837552.0	sense	0.9924131139009651	0.003307505527200584	0.1
LEF1	3	18	0.46430722662330054	0.44445555444455553	chr1	173837438.0	173837552.0	antisense	0.9924131139009651	0.003307505527200584	0.1
JUND(var.2)	1	16	0.4598048526766213	0.6124387561243876	chr1	173837438.0	173837552.0	antisense	0.9924131139009651	0.003307505527200584	0.1
Atf1	4	12	0.4585572453318449	0.4684531546845315	chr1	173837438.0	173837552.0	antisense	0.9924131139009651	0.003307505527200584	0.1
SNAI2	2	11	0.4547009749993829	0.6652334766523348	chr1	173837438.0	173837552.0	antisense	0.9924131139009651	0.003307505527200584	0.1
MSC	4	14	0.45366387663322244	0.4266573342665733	chr1	173837438.0	173837552.0	sense	0.9924131139009651	0.003307505527200584	0.1
TCF4	12	22	0.45364034111925955	0.5067493250674933	chr1	173837438.0	173837552.0	sense	0.9924131139009651	0.003307505527200584	0.1
Klf12	7	22	0.45246309271845403	0.42885711428857115	chr1	173837438.0	173837552.0	sense	0.9924131139009651	0.003307505527200584	0.1
FOXA1	4	19	0.4515064572516561	0.5931406859314069	chr1	173837438.0	173837552.0	sense	0.9924131139009651	0.003307505527200584	0.1
TBR1	2	12	0.4487808321984651	0.547045295470453	chr1	173837438.0	173837552.0	antisense	0.9924131139009651	0.003307505527200584	0.1
NFIA	1	11	0.44525284444849705	0.5429457054294571	chr1	173837438.0	173837552.0	sense	0.9924131139009651	0.003307505527200584	0.1
OLIG2	4	14	0.4431519919208431	0.5346465353464653	chr1	173837438.0	173837552.0	sense	0.9924131139009651	0.003307505527200584	0.1
RHOXF1	6	14	0.4418419325978908	0.6203379662033797	chr1	173837438.0	173837552.0	antisense	0.9924131139009651	0.003307505527200584	0.1
TBX20	2	13	0.440291321542528	0.5178482151784821	chr1	173837438.0	173837552.0	antisense	0.9924131139009651	0.003307505527200584	0.1
Hmx2	2	19	0.438786064219075	0.6735326467353264	chr1	173837438.0	173837552.0	antisense	0.9924131139009651	0.003307505527200584	0.1
OLIG3	4	14	0.437964971764566	0.6407359264073592	chr1	173837438.0	173837552.0	sense	0.9924131139009651	0.003307505527200584	0.1
RFX4	1	17	0.4358272026017835	0.6751324867513249	chr1	173837438.0	173837552.0	sense	0.9924131139009651	0.003307505527200584	0.1
JDP2(var.2)	1	13	0.4329802989118104	0.40475952404759524	chr1	173837438.0	173837552.0	sense	0.9924131139009651	0.003307505527200584	0.1
JUN(var.2)	8	22	0.4329449196576398	0.7090290970902909	chr1	173837438.0	173837552.0	antisense	0.9924131139009651	0.003307505527200584	0.1
JUND	7	18	0.43252732792781534	0.48275172482751727	chr1	173837438.0	173837552.0	antisense	0.9924131139009651	0.003307505527200584	0.1
HOXB13	5	15	0.4306976328466869	0.45345465453454653	chr1	173837438.0	173837552.0	sense	0.9924131139009651	0.003307505527200584	0.1
TBX21	3	13	0.4272725191987535	0.5182481751824818	chr1	173837438.0	173837552.0	antisense	0.9924131139009651	0.003307505527200584	0.1
Hoxa9	5	16	0.4239369785292024	0.5208479152084792	chr1	173837438.0	173837552.0	sense	0.9924131139009651	0.003307505527200584	0.1
POU6F1	2	12	0.4227144493267425	0.5800419958004199	chr1	173837438.0	173837552.0	sense	0.9924131139009651	0.003307505527200584	0.1
RREB1	4	24	0.42180306912364407	0.32666733326667335	chr1	173837438.0	173837552.0	sense	0.9924131139009651	0.003307505527200584	0.1
Arx	3	20	0.42021960704261024	0.6411358864113589	chr1	173837438.0	173837552.0	sense	0.9924131139009651	0.003307505527200584	0.1
MNT	12	22	0.41606735109808995	0.6585341465853415	chr1	173837438.0	173837552.0	antisense	0.9924131139009651	0.003307505527200584	0.1
Dlx1	5	15	0.4084822738694772	0.8036196380361964	chr1	173837438.0	173837552.0	sense	0.9924131139009651	0.003307505527200584	0.1
MAX	12	22	0.4081149986326096	0.6737326267373263	chr1	173837438.0	173837552.0	sense	0.9924131139009651	0.003307505527200584	0.1
SRF	3	19	0.40708128909919833	0.4781521847815218	chr1	173837438.0	173837552.0	sense	0.9924131139009651	0.003307505527200584	0.1
POU3F4	1	10	0.4055353984200629	0.44645535446455353	chr1	173837438.0	173837552.0	antisense	0.9924131139009651	0.003307505527200584	0.1
OTX1	6	14	0.40539293980540797	0.6196380361963804	chr1	173837438.0	173837552.0	antisense	0.9924131139009651	0.003307505527200584	0.1
Mafb	2	14	0.4048127151551965	0.8297170282971703	chr1	173837438.0	173837552.0	antisense	0.9924131139009651	0.003307505527200584	0.1
Srebf1(var.2)	12	22	0.40477163165925245	0.45435456454354567	chr1	173837438.0	173837552.0	antisense	0.9924131139009651	0.003307505527200584	0.1
NR2C2	6	21	0.40461295058816754	0.5445455454454554	chr1	173837438.0	173837552.0	antisense	0.9924131139009651	0.003307505527200584	0.1
HOXA2	5	15	0.40317417241342973	0.8347165283471653	chr1	173837438.0	173837552.0	sense	0.9924131139009651	0.003307505527200584	0.1
USF1	4	15	0.40294680105690295	0.6481351864813518	chr1	173837438.0	173837552.0	sense	0.9924131139009651	0.003307505527200584	0.1
MEF2C	2	17	0.39838142617812095	0.6146385361463854	chr1	173837438.0	173837552.0	sense	0.9924131139009651	0.003307505527200584	0.1
NR4A2	9	17	0.3969997243100134	0.6245375462453755	chr1	173837438.0	173837552.0	sense	0.9924131139009651	0.003307505527200584	0.1
KLF13	6	24	0.3968180494376916	0.44255574442555745	chr1	173837438.0	173837552.0	sense	0.9924131139009651	0.003307505527200584	0.1
SREBF2(var.2)	12	22	0.39463048122169553	0.41505849415058493	chr1	173837438.0	173837552.0	antisense	0.9924131139009651	0.003307505527200584	0.1
GATA2	4	18	0.3927761382223847	0.6557344265573443	chr1	173837438.0	173837552.0	sense	0.9924131139009651	0.003307505527200584	0.1
HEY1	12	22	0.39185251465584875	0.6294370562943705	chr1	173837438.0	173837552.0	sense	0.9924131139009651	0.003307505527200584	0.1
TP73	4	22	0.39165009107321813	0.6801319868013199	chr1	173837438.0	173837552.0	sense	0.9924131139009651	0.003307505527200584	0.1
MEOX2	2	12	0.39068941891135617	0.8478152184781522	chr1	173837438.0	173837552.0	sense	0.9924131139009651	0.003307505527200584	0.1
SCRT2	2	15	0.3888922772285207	0.4901509849015098	chr1	173837438.0	173837552.0	antisense	0.9924131139009651	0.003307505527200584	0.1
Nr5a2	8	23	0.3883312612459226	0.7942205779422058	chr1	173837438.0	173837552.0	antisense	0.9924131139009651	0.003307505527200584	0.1
Npas2	12	22	0.38753929208907645	0.7171282871712829	chr1	173837438.0	173837552.0	antisense	0.9924131139009651	0.003307505527200584	0.1
MTF1	2	16	0.38473965764391954	0.4276572342765723	chr1	173837438.0	173837552.0	antisense	0.9924131139009651	0.003307505527200584	0.1
ID4	4	14	0.3842832191025325	0.6935306469353064	chr1	173837438.0	173837552.0	sense	0.9924131139009651	0.003307505527200584	0.1
MLXIPL	12	22	0.38386839973915515	0.6505349465053495	chr1	173837438.0	173837552.0	sense	0.9924131139009651	0.003307505527200584	0.1
Id2	13	21	0.3816570706228331	0.47705229477052297	chr1	173837438.0	173837552.0	antisense	0.9924131139009651	0.003307505527200584	0.1
SREBF2	12	22	0.38008922828972036	0.5337466253374663	chr1	173837438.0	173837552.0	antisense	0.9924131139009651	0.003307505527200584	0.1
USF2	11	22	0.37918481848949365	0.6878312168783122	chr1	173837438.0	173837552.0	antisense	0.9924131139009651	0.003307505527200584	0.1
ZEB1	11	20	0.37705541209595517	0.49355064493550643	chr1	173837438.0	173837552.0	sense	0.9924131139009651	0.003307505527200584	0.1
Barhl1	4	14	0.37691544003703575	0.9374062593740626	chr1	173837438.0	173837552.0	antisense	0.9924131139009651	0.003307505527200584	0.1
SOX10	1	7	0.37586147107748813	0.5353464653534646	chr1	173837438.0	173837552.0	sense	0.9924131139009651	0.003307505527200584	0.1
SCRT1	8	23	0.3745288501956554	0.5878412158784122	chr1	173837438.0	173837552.0	antisense	0.9924131139009651	0.003307505527200584	0.1
RFX3	1	17	0.3742655005291087	0.6932306769323068	chr1	173837438.0	173837552.0	sense	0.9924131139009651	0.003307505527200584	0.1
RXRA::VDR	7	22	0.36681689475499846	0.47535246475352466	chr1	173837438.0	173837552.0	sense	0.9924131139009651	0.003307505527200584	0.1
Tcf21	10	24	0.3654439064914957	0.5568443155684432	chr1	173837438.0	173837552.0	antisense	0.9924131139009651	0.003307505527200584	0.1
FOSL1	7	18	0.3640108378631719	0.6077392260773923	chr1	173837438.0	173837552.0	antisense	0.9924131139009651	0.003307505527200584	0.1
Myc	5	15	0.3631180718024361	0.6113388661133886	chr1	173837438.0	173837552.0	sense	0.9924131139009651	0.003307505527200584	0.1
Hoxa11	11	23	0.3603819095560353	0.809019098090191	chr1	173837438.0	173837552.0	sense	0.9924131139009651	0.003307505527200584	0.1
PRDM1	3	18	0.3601555827990244	0.6198380161983802	chr1	173837438.0	173837552.0	antisense	0.9924131139009651	0.003307505527200584	0.1
TBX19	1	21	0.3584129442236109	0.7223277672232776	chr1	173837438.0	173837552.0	sense	0.9924131139009651	0.003307505527200584	0.1
POU4F1	1	15	0.3582107781220572	0.7032296770322968	chr1	173837438.0	173837552.0	antisense	0.9924131139009651	0.003307505527200584	0.1
PROX1	9	21	0.35107598955221914	0.5478452154784521	chr1	173837438.0	173837552.0	sense	0.9924131139009651	0.003307505527200584	0.1
EVX1	8	18	0.35075868689668427	0.915008499150085	chr1	173837438.0	173837552.0	antisense	0.9924131139009651	0.003307505527200584	0.1
GATA5	8	16	0.35008309437383256	0.7202279772022798	chr1	173837438.0	173837552.0	antisense	0.9924131139009651	0.003307505527200584	0.1
EOMES	4	17	0.34804694281347903	0.7885211478852114	chr1	173837438.0	173837552.0	antisense	0.9924131139009651	0.003307505527200584	0.1
EN2	4	14	0.3477216526436691	0.8726127387261274	chr1	173837438.0	173837552.0	sense	0.9924131139009651	0.003307505527200584	0.1
HOXC10	12	22	0.34723923659935885	0.7035296470352965	chr1	173837438.0	173837552.0	sense	0.9924131139009651	0.003307505527200584	0.1
GSX1	1	11	0.3472088092417555	0.9004099590040996	chr1	173837438.0	173837552.0	sense	0.9924131139009651	0.003307505527200584	0.1
Twist2	4	14	0.346357569499608	0.7327267273272673	chr1	173837438.0	173837552.0	sense	0.9924131139009651	0.003307505527200584	0.1
FOXF2	2	16	0.34526776154528643	0.6245375462453755	chr1	173837438.0	173837552.0	sense	0.9924131139009651	0.003307505527200584	0.1
Sox17	6	15	0.34507400710009534	0.7175282471752825	chr1	173837438.0	173837552.0	sense	0.9924131139009651	0.003307505527200584	0.1
Hoxd8	2	19	0.34134070163777125	0.775922407759224	chr1	173837438.0	173837552.0	antisense	0.9924131139009651	0.003307505527200584	0.1
MLX	12	22	0.33691745007215984	0.6206379362063794	chr1	173837438.0	173837552.0	antisense	0.9924131139009651	0.003307505527200584	0.1
BHLHE41	12	22	0.3363160629573061	0.5389461053894611	chr1	173837438.0	173837552.0	antisense	0.9924131139009651	0.003307505527200584	0.1
MAFG::NFE2L1	9	15	0.3350202770900986	0.7128287171282872	chr1	173837438.0	173837552.0	sense	0.9924131139009651	0.003307505527200584	0.1
FOSL2	8	19	0.3336271623812486	0.7099290070992901	chr1	173837438.0	173837552.0	antisense	0.9924131139009651	0.003307505527200584	0.1
EVX2	8	18	0.33062399874860077	0.9411058894110589	chr1	173837438.0	173837552.0	antisense	0.9924131139009651	0.003307505527200584	0.1
Sox3	1	11	0.3282037619573565	0.49305069493050696	chr1	173837438.0	173837552.0	sense	0.9924131139009651	0.003307505527200584	0.1
HOXC11	11	22	0.32721026428251565	0.716028397160284	chr1	173837438.0	173837552.0	sense	0.9924131139009651	0.003307505527200584	0.1
JUNB	8	19	0.3213529134898588	0.7530246975302469	chr1	173837438.0	173837552.0	antisense	0.9924131139009651	0.003307505527200584	0.1
SREBF1	12	22	0.3208149826194223	0.5601439856014399	chr1	173837438.0	173837552.0	sense	0.9924131139009651	0.003307505527200584	0.1
Foxj3	4	21	0.31938864152795693	0.7075292470752925	chr1	173837438.0	173837552.0	sense	0.9924131139009651	0.003307505527200584	0.1
MSX1	5	13	0.31485401525952683	0.8233176682331766	chr1	173837438.0	173837552.0	sense	0.9924131139009651	0.003307505527200584	0.1
Nr2f6(var.2)	9	24	0.3138878447320129	0.39206079392060794	chr1	173837438.0	173837552.0	sense	0.9924131139009651	0.003307505527200584	0.1
SOX9	14	23	0.3100391198581054	0.8621137886211379	chr1	173837438.0	173837552.0	sense	0.9924131139009651	0.003307505527200584	0.1
DMRT3	4	15	0.3099169654984336	0.831016898310169	chr1	173837438.0	173837552.0	antisense	0.9924131139009651	0.003307505527200584	0.1
Creb3l2	7	16	0.3068915603011467	0.6567343265673433	chr1	173837438.0	173837552.0	sense	0.9924131139009651	0.003307505527200584	0.1
Rarb	8	24	0.30469042749822617	0.38886111388861117	chr1	173837438.0	173837552.0	sense	0.9924131139009651	0.003307505527200584	0.1
Nr2e1	8	17	0.3038747118236741	0.6911308869113089	chr1	173837438.0	173837552.0	sense	0.9924131139009651	0.003307505527200584	0.1
ESRRB	4	15	0.3028592261866917	0.6626337366263374	chr1	173837438.0	173837552.0	sense	0.9924131139009651	0.003307505527200584	0.1
PITX3	8	17	0.301398197586033	0.8534146585341466	chr1	173837438.0	173837552.0	sense	0.9924131139009651	0.003307505527200584	0.1
NKX2-8	3	12	0.29849656876018354	0.8740125987401259	chr1	173837438.0	173837552.0	antisense	0.9924131139009651	0.003307505527200584	0.1
EMX1	5	15	0.2968213074174026	0.9157084291570843	chr1	173837438.0	173837552.0	sense	0.9924131139009651	0.003307505527200584	0.1
HNF1A	7	22	0.29653345636424594	0.7097290270972902	chr1	173837438.0	173837552.0	antisense	0.9924131139009651	0.003307505527200584	0.1
Myb	3	13	0.29634295821314066	0.6945305469453055	chr1	173837438.0	173837552.0	antisense	0.9924131139009651	0.003307505527200584	0.1
CLOCK	12	22	0.2962662869759584	0.8457154284571543	chr1	173837438.0	173837552.0	antisense	0.9924131139009651	0.003307505527200584	0.1
HOXD13	5	15	0.294924501204714	0.5755424457554245	chr1	173837438.0	173837552.0	sense	0.9924131139009651	0.003307505527200584	0.1
Znf423	8	23	0.29473829641691274	0.5272472752724727	chr1	173837438.0	173837552.0	antisense	0.9924131139009651	0.003307505527200584	0.1
Esrrg	7	17	0.29458417292308736	0.7976202379762024	chr1	173837438.0	173837552.0	sense	0.9924131139009651	0.003307505527200584	0.1
Mlxip	13	21	0.2937961729179556	0.657034296570343	chr1	173837438.0	173837552.0	antisense	0.9924131139009651	0.003307505527200584	0.1
RARA(var.2)	7	24	0.2926472512850952	0.519048095190481	chr1	173837438.0	173837552.0	sense	0.9924131139009651	0.003307505527200584	0.1
NKX2-3	4	14	0.2899384228528431	0.8421157884211579	chr1	173837438.0	173837552.0	antisense	0.9924131139009651	0.003307505527200584	0.1
ZBED1	9	22	0.28870822175265737	0.6185381461853815	chr1	173837438.0	173837552.0	antisense	0.9924131139009651	0.003307505527200584	0.1
Crx	9	20	0.2871231995267839	0.7085291470852915	chr1	173837438.0	173837552.0	antisense	0.9924131139009651	0.003307505527200584	0.1
FOS	7	18	0.286975304650938	0.778022197780222	chr1	173837438.0	173837552.0	antisense	0.9924131139009651	0.003307505527200584	0.1
BSX	5	13	0.28561653997063435	0.7786221377862214	chr1	173837438.0	173837552.0	sense	0.9924131139009651	0.003307505527200584	0.1
Sox6	5	15	0.2853416621895232	0.5804419558044196	chr1	173837438.0	173837552.0	sense	0.9924131139009651	0.003307505527200584	0.1
ALX3	4	14	0.2843157733563473	0.873012698730127	chr1	173837438.0	173837552.0	sense	0.9924131139009651	0.003307505527200584	0.1
Alx1	1	18	0.2804640549343717	0.7962203779622038	chr1	173837438.0	173837552.0	sense	0.9924131139009651	0.003307505527200584	0.1
GLIS1	6	22	0.2798869671853604	0.37816218378162186	chr1	173837438.0	173837552.0	sense	0.9924131139009651	0.003307505527200584	0.1
FOXH1	5	16	0.27763399609845874	0.6754324567543246	chr1	173837438.0	173837552.0	sense	0.9924131139009651	0.003307505527200584	0.1
Pou2f3	5	21	0.27759596951472165	0.811918808119188	chr1	173837438.0	173837552.0	antisense	0.9924131139009651	0.003307505527200584	0.1
Hnf4a	4	20	0.27684580398769887	0.575042495750425	chr1	173837438.0	173837552.0	antisense	0.9924131139009651	0.003307505527200584	0.1
MEIS2	5	13	0.2758573986700584	0.8544145585441456	chr1	173837438.0	173837552.0	antisense	0.9924131139009651	0.003307505527200584	0.1
BHLHE22	4	14	0.27474824412651655	0.7788221177882212	chr1	173837438.0	173837552.0	antisense	0.9924131139009651	0.003307505527200584	0.1
Vdr	6	22	0.27391726718038867	0.6567343265673433	chr1	173837438.0	173837552.0	sense	0.9924131139009651	0.003307505527200584	0.1
HOXA13	5	15	0.2732696066422229	0.6295370462953704	chr1	173837438.0	173837552.0	sense	0.9924131139009651	0.003307505527200584	0.1
Atoh1	4	14	0.27085015574487503	0.8640135986401359	chr1	173837438.0	173837552.0	sense	0.9924131139009651	0.003307505527200584	0.1
ONECUT2	7	21	0.2698129978903393	0.6852314768523148	chr1	173837438.0	173837552.0	sense	0.9924131139009651	0.003307505527200584	0.1
NFE2	7	18	0.2696361575320607	0.6751324867513249	chr1	173837438.0	173837552.0	antisense	0.9924131139009651	0.003307505527200584	0.1
HMBOX1	5	15	0.2695937867986975	0.9316068393160684	chr1	173837438.0	173837552.0	sense	0.9924131139009651	0.003307505527200584	0.1
GBX2	4	14	0.2691567009951022	0.8309169083091691	chr1	173837438.0	173837552.0	sense	0.9924131139009651	0.003307505527200584	0.1
Mycn	12	20	0.2659993570619001	0.6816318368163183	chr1	173837438.0	173837552.0	sense	0.9924131139009651	0.003307505527200584	0.1
BATF::JUN	7	18	0.26543847056549236	0.8051194880511949	chr1	173837438.0	173837552.0	sense	0.9924131139009651	0.003307505527200584	0.1
ONECUT1	7	21	0.264542268969896	0.6618338166183382	chr1	173837438.0	173837552.0	sense	0.9924131139009651	0.003307505527200584	0.1
Bhlha15	5	13	0.2627215854083772	0.7576242375762424	chr1	173837438.0	173837552.0	sense	0.9924131139009651	0.003307505527200584	0.1
Pitx1	9	17	0.26074373009722146	0.8818118188181182	chr1	173837438.0	173837552.0	sense	0.9924131139009651	0.003307505527200584	0.1
NEUROG2	12	22	0.258448847307943	0.7199280071992801	chr1	173837438.0	173837552.0	antisense	0.9924131139009651	0.003307505527200584	0.1
LIN54	1	10	0.2573057871845793	0.6635336466353364	chr1	173837438.0	173837552.0	antisense	0.9924131139009651	0.003307505527200584	0.1
Rarb(var.2)	7	24	0.2570315846026532	0.5462453754624538	chr1	173837438.0	173837552.0	sense	0.9924131139009651	0.003307505527200584	0.1
Nr2f6	9	23	0.25403046134757107	0.7377262273772622	chr1	173837438.0	173837552.0	sense	0.9924131139009651	0.003307505527200584	0.1
SPI1	9	23	0.25380130962977504	0.5242475752424758	chr1	173837438.0	173837552.0	antisense	0.9924131139009651	0.003307505527200584	0.1
MGA	13	21	0.25346751059079464	0.7477252274772522	chr1	173837438.0	173837552.0	antisense	0.9924131139009651	0.003307505527200584	0.1
NKX3-2	7	16	0.2533224256637867	0.8335166483351665	chr1	173837438.0	173837552.0	sense	0.9924131139009651	0.003307505527200584	0.1
ESX1	4	14	0.25315409929433086	0.9148085191480851	chr1	173837438.0	173837552.0	sense	0.9924131139009651	0.003307505527200584	0.1
Ahr::Arnt	7	13	0.24921387051152985	0.6728327167283271	chr1	173837438.0	173837552.0	sense	0.9924131139009651	0.003307505527200584	0.1
MYF6	12	22	0.24801360612148096	0.7637236276372362	chr1	173837438.0	173837552.0	antisense	0.9924131139009651	0.003307505527200584	0.1
HOXD11	12	22	0.24609307192178095	0.7767223277672233	chr1	173837438.0	173837552.0	sense	0.9924131139009651	0.003307505527200584	0.1
HOXB3	4	14	0.24334191911967692	0.9688031196880312	chr1	173837438.0	173837552.0	sense	0.9924131139009651	0.003307505527200584	0.1
NFIC::TLX1	3	17	0.24293636795262274	0.7337266273372662	chr1	173837438.0	173837552.0	sense	0.9924131139009651	0.003307505527200584	0.1
HOXD12	11	22	0.2423082538823753	0.7696230376962304	chr1	173837438.0	173837552.0	sense	0.9924131139009651	0.003307505527200584	0.1
OTX2	6	14	0.2378567600014925	0.8487151284871512	chr1	173837438.0	173837552.0	antisense	0.9924131139009651	0.003307505527200584	0.1
TBX4	6	14	0.23699726985101432	0.8354164583541646	chr1	173837438.0	173837552.0	antisense	0.9924131139009651	0.003307505527200584	0.1
E2F3	6	24	0.23617298487683472	0.5513448655134486	chr1	173837438.0	173837552.0	sense	0.9924131139009651	0.003307505527200584	0.1
Sox2	5	13	0.23431827770674826	0.5860413958604139	chr1	173837438.0	173837552.0	sense	0.9924131139009651	0.003307505527200584	0.1
MIXL1	5	15	0.23385917556061217	0.9521047895210479	chr1	173837438.0	173837552.0	sense	0.9924131139009651	0.003307505527200584	0.1
FOXC1	4	15	0.23309492967836387	0.7462253774622538	chr1	173837438.0	173837552.0	sense	0.9924131139009651	0.003307505527200584	0.1
HOXC12	11	22	0.22855117450531098	0.8122187781221878	chr1	173837438.0	173837552.0	sense	0.9924131139009651	0.003307505527200584	0.1
TBX1	13	21	0.22737456694227046	0.7278272172782722	chr1	173837438.0	173837552.0	antisense	0.9924131139009651	0.003307505527200584	0.1
Alx4	1	18	0.22554199774990588	0.831016898310169	chr1	173837438.0	173837552.0	sense	0.9924131139009651	0.003307505527200584	0.1
POU4F3	3	19	0.22470561480153997	0.8707129287071292	chr1	173837438.0	173837552.0	antisense	0.9924131139009651	0.003307505527200584	0.1
BATF3	8	22	0.2245160496794114	0.6319368063193681	chr1	173837438.0	173837552.0	sense	0.9924131139009651	0.003307505527200584	0.1
FOXC2	4	16	0.22434451811101963	0.7642235776422358	chr1	173837438.0	173837552.0	sense	0.9924131139009651	0.003307505527200584	0.1
POU1F1	2	16	0.22319938053407887	0.8559144085591441	chr1	173837438.0	173837552.0	sense	0.9924131139009651	0.003307505527200584	0.1
HNF4G	9	24	0.2230861288073805	0.9351064893510649	chr1	173837438.0	173837552.0	sense	0.9924131139009651	0.003307505527200584	0.1
GATA3	8	16	0.22300592705610622	0.5755424457554245	chr1	173837438.0	173837552.0	antisense	0.9924131139009651	0.003307505527200584	0.1
Arnt	14	20	0.22197223997629875	0.7319268073192681	chr1	173837438.0	173837552.0	antisense	0.9924131139009651	0.003307505527200584	0.1
Nkx3-1	4	13	0.22149368187008542	0.8411158884111589	chr1	173837438.0	173837552.0	sense	0.9924131139009651	0.003307505527200584	0.1
Dux	9	17	0.21957009817651393	0.7147285271472853	chr1	173837438.0	173837552.0	sense	0.9924131139009651	0.003307505527200584	0.1
TBX15	13	21	0.21187251492376583	0.7037296270372962	chr1	173837438.0	173837552.0	antisense	0.9924131139009651	0.003307505527200584	0.1
CUX1	10	20	0.21086378744391532	0.8702129787021298	chr1	173837438.0	173837552.0	sense	0.9924131139009651	0.003307505527200584	0.1
Tcf7	8	20	0.20800610311360299	0.6874312568743126	chr1	173837438.0	173837552.0	sense	0.9924131139009651	0.003307505527200584	0.1
PKNOX2	11	23	0.2074278545051789	0.6511348865113489	chr1	173837438.0	173837552.0	antisense	0.9924131139009651	0.003307505527200584	0.1
Hoxd9	5	15	0.2070611677269417	0.8532146785321468	chr1	173837438.0	173837552.0	sense	0.9924131139009651	0.003307505527200584	0.1
CUX2	10	20	0.20524377501899618	0.887011298870113	chr1	173837438.0	173837552.0	sense	0.9924131139009651	0.003307505527200584	0.1
PKNOX1	11	23	0.20359697054423426	0.6566343365663434	chr1	173837438.0	173837552.0	antisense	0.9924131139009651	0.003307505527200584	0.1
FOXP1	5	20	0.2024805486760625	0.7644235576442355	chr1	173837438.0	173837552.0	antisense	0.9924131139009651	0.003307505527200584	0.1
POU2F1	2	14	0.20131465509373242	0.9078092190780922	chr1	173837438.0	173837552.0	sense	0.9924131139009651	0.003307505527200584	0.1
Prrx2	5	13	0.1982087730032363	0.9456054394560544	chr1	173837438.0	173837552.0	sense	0.9924131139009651	0.003307505527200584	0.1
MNX1	2	12	0.19780584826689937	0.918008199180082	chr1	173837438.0	173837552.0	antisense	0.9924131139009651	0.003307505527200584	0.1
TGIF2	11	23	0.1970285914421757	0.8497150284971503	chr1	173837438.0	173837552.0	antisense	0.9924131139009651	0.003307505527200584	0.1
STAT1::STAT2	5	20	0.195899442397577	0.6975302469753024	chr1	173837438.0	173837552.0	sense	0.9924131139009651	0.003307505527200584	0.1
HESX1	4	14	0.19439514949157582	0.8996100389961004	chr1	173837438.0	173837552.0	antisense	0.9924131139009651	0.003307505527200584	0.1
BHLHE23	3	15	0.19406347884593994	0.8423157684231577	chr1	173837438.0	173837552.0	antisense	0.9924131139009651	0.003307505527200584	0.1
RAX2	5	13	0.19227304058593375	0.9457054294570543	chr1	173837438.0	173837552.0	sense	0.9924131139009651	0.003307505527200584	0.1
GSX2	1	11	0.19031311202367107	0.9739026097390261	chr1	173837438.0	173837552.0	sense	0.9924131139009651	0.003307505527200584	0.1
UNCX	3	11	0.19008489460026778	0.932906709329067	chr1	173837438.0	173837552.0	sense	0.9924131139009651	0.003307505527200584	0.1
BARX1	5	13	0.18593476974076975	0.9275072492750724	chr1	173837438.0	173837552.0	sense	0.9924131139009651	0.003307505527200584	0.1
OLIG1	12	22	0.1853265315210525	0.8197180281971803	chr1	173837438.0	173837552.0	antisense	0.9924131139009651	0.003307505527200584	0.1
POU6F2	4	14	0.1835249298523637	0.903009699030097	chr1	173837438.0	173837552.0	sense	0.9924131139009651	0.003307505527200584	0.1
ONECUT3	7	21	0.18277792603984516	0.6678332166783322	chr1	173837438.0	173837552.0	sense	0.9924131139009651	0.003307505527200584	0.1
JDP2	8	17	0.17962378568286486	0.8074192580741926	chr1	173837438.0	173837552.0	antisense	0.9924131139009651	0.003307505527200584	0.1
Dlx3	5	13	0.17936922446006157	0.9508049195080492	chr1	173837438.0	173837552.0	sense	0.9924131139009651	0.003307505527200584	0.1
MEOX1	8	18	0.17837540746250122	0.9713028697130287	chr1	173837438.0	173837552.0	sense	0.9924131139009651	0.003307505527200584	0.1
HNF1B	2	15	0.1764729453618227	0.8146185381461853	chr1	173837438.0	173837552.0	antisense	0.9924131139009651	0.003307505527200584	0.1
NKX6-1	3	11	0.17313488112401826	0.8539146085391461	chr1	173837438.0	173837552.0	sense	0.9924131139009651	0.003307505527200584	0.1
RXRG	9	23	0.17134399440534795	0.7110288971102889	chr1	173837438.0	173837552.0	sense	0.9924131139009651	0.003307505527200584	0.1
Dlx4	5	13	0.171339667268487	0.9506049395060494	chr1	173837438.0	173837552.0	sense	0.9924131139009651	0.003307505527200584	0.1
Mecom	8	22	0.17129301269273253	0.7559244075592441	chr1	173837438.0	173837552.0	antisense	0.9924131139009651	0.003307505527200584	0.1
Rxra	9	23	0.17066775483584543	0.6984301569843016	chr1	173837438.0	173837552.0	sense	0.9924131139009651	0.003307505527200584	0.1
LHX9	5	13	0.1698054042123522	0.9418058194180582	chr1	173837438.0	173837552.0	sense	0.9924131139009651	0.003307505527200584	0.1
CDX2	1	12	0.1697786722979594	0.7708229177082292	chr1	173837438.0	173837552.0	antisense	0.9924131139009651	0.003307505527200584	0.1
HOXB2	6	16	0.16795383567109293	0.9811018898110189	chr1	173837438.0	173837552.0	sense	0.9924131139009651	0.003307505527200584	0.1
RXRB	9	23	0.16583636537711607	0.6976302369763023	chr1	173837438.0	173837552.0	sense	0.9924131139009651	0.003307505527200584	0.1
LHX6	4	14	0.1643925890967595	0.9414058594140586	chr1	173837438.0	173837552.0	antisense	0.9924131139009651	0.003307505527200584	0.1
T	3	19	0.16326387610971835	0.9185081491850815	chr1	173837438.0	173837552.0	antisense	0.9924131139009651	0.003307505527200584	0.1
POU3F1	4	16	0.1626727458318313	0.9425057494250575	chr1	173837438.0	173837552.0	antisense	0.9924131139009651	0.003307505527200584	0.1
SHOX	5	13	0.16219873744385344	0.9551044895510449	chr1	173837438.0	173837552.0	antisense	0.9924131139009651	0.003307505527200584	0.1
BCL6B	7	24	0.16019229339016205	0.5024497550244975	chr1	173837438.0	173837552.0	antisense	0.9924131139009651	0.003307505527200584	0.1
TGIF1	11	23	0.15864439329620056	0.7635236476352365	chr1	173837438.0	173837552.0	sense	0.9924131139009651	0.003307505527200584	0.1
HOXC13	11	22	0.15785547018508914	0.918008199180082	chr1	173837438.0	173837552.0	sense	0.9924131139009651	0.003307505527200584	0.1
MSX2	5	13	0.15765228050710126	0.8577142285771423	chr1	173837438.0	173837552.0	sense	0.9924131139009651	0.003307505527200584	0.1
Lhx8	5	13	0.15702858320740806	0.9438056194380562	chr1	173837438.0	173837552.0	sense	0.9924131139009651	0.003307505527200584	0.1
Foxk1	3	20	0.15665729842489776	0.8523147685231477	chr1	173837438.0	173837552.0	antisense	0.9924131139009651	0.003307505527200584	0.1
DLX6	5	13	0.15636466731597265	0.9283071692830717	chr1	173837438.0	173837552.0	sense	0.9924131139009651	0.003307505527200584	0.1
PPARG	4	24	0.15348375096525094	0.8998100189981002	chr1	173837438.0	173837552.0	antisense	0.9924131139009651	0.003307505527200584	0.1
VAX1	12	20	0.1532893383484032	0.972002799720028	chr1	173837438.0	173837552.0	antisense	0.9924131139009651	0.003307505527200584	0.1
RFX5	1	17	0.1528215979233969	0.8613138686131386	chr1	173837438.0	173837552.0	sense	0.9924131139009651	0.003307505527200584	0.1
E2F2	7	23	0.1511598151100617	0.6765323467653235	chr1	173837438.0	173837552.0	antisense	0.9924131139009651	0.003307505527200584	0.1
VAX2	12	20	0.15050987729931783	0.9708029197080292	chr1	173837438.0	173837552.0	antisense	0.9924131139009651	0.003307505527200584	0.1
SOX21	7	22	0.14961395527593865	0.6434356564343565	chr1	173837438.0	173837552.0	antisense	0.9924131139009651	0.003307505527200584	0.1
ISL2	13	21	0.14957908521375915	0.9718028197180282	chr1	173837438.0	173837552.0	sense	0.9924131139009651	0.003307505527200584	0.1
LHX2	5	15	0.14261559865493112	0.947005299470053	chr1	173837438.0	173837552.0	sense	0.9924131139009651	0.003307505527200584	0.1
NOTO	5	15	0.1401455762874554	0.9579042095790421	chr1	173837438.0	173837552.0	sense	0.9924131139009651	0.003307505527200584	0.1
RORA(var.2)	6	20	0.1394975478437199	0.8754124587541245	chr1	173837438.0	173837552.0	antisense	0.9924131139009651	0.003307505527200584	0.1
POU3F3	3	16	0.1366306479982826	0.9208079192080791	chr1	173837438.0	173837552.0	sense	0.9924131139009651	0.003307505527200584	0.1
GBX1	4	14	0.13457706453844354	0.9306069393060694	chr1	173837438.0	173837552.0	sense	0.9924131139009651	0.003307505527200584	0.1
Nobox	4	12	0.1318370571515489	0.9017098290170983	chr1	173837438.0	173837552.0	antisense	0.9924131139009651	0.003307505527200584	0.1
Foxa2	7	19	0.13019566429612509	0.9278072192780722	chr1	173837438.0	173837552.0	antisense	0.9924131139009651	0.003307505527200584	0.1
Rarg(var.2)	7	24	0.12980807343180661	0.7354264573542646	chr1	173837438.0	173837552.0	sense	0.9924131139009651	0.003307505527200584	0.1
Foxd3	11	23	0.12575326401994444	0.8374162583741626	chr1	173837438.0	173837552.0	antisense	0.9924131139009651	0.003307505527200584	0.1
RAX	4	14	0.12499870242979697	0.941005899410059	chr1	173837438.0	173837552.0	sense	0.9924131139009651	0.003307505527200584	0.1
RFX2	1	17	0.12377185251382561	0.906009399060094	chr1	173837438.0	173837552.0	sense	0.9924131139009651	0.003307505527200584	0.1
Msx3	5	13	0.12307759801224238	0.8795120487951205	chr1	173837438.0	173837552.0	sense	0.9924131139009651	0.003307505527200584	0.1
RARA	5	23	0.12161711796660657	0.6314368563143685	chr1	173837438.0	173837552.0	antisense	0.9924131139009651	0.003307505527200584	0.1
Sox1	7	22	0.12158429312437276	0.8101189881011899	chr1	173837438.0	173837552.0	antisense	0.9924131139009651	0.003307505527200584	0.1
FOXP3	1	8	0.1178749546176709	0.951004899510049	chr1	173837438.0	173837552.0	sense	0.9924131139009651	0.003307505527200584	0.1
Sox5	2	9	0.11441127502407643	0.8855114488551145	chr1	173837438.0	173837552.0	sense	0.9924131139009651	0.003307505527200584	0.1
PAX7	10	20	0.11400799311601693	0.7757224277572243	chr1	173837438.0	173837552.0	sense	0.9924131139009651	0.003307505527200584	0.1
PDX1	12	20	0.11400602086888022	0.9243075692430757	chr1	173837438.0	173837552.0	sense	0.9924131139009651	0.003307505527200584	0.1
HOXA10	2	13	0.11178181635373598	0.9679032096790321	chr1	173837438.0	173837552.0	sense	0.9924131139009651	0.003307505527200584	0.1
SOX4	7	23	0.10968069474723251	0.6594340565943405	chr1	173837438.0	173837552.0	antisense	0.9924131139009651	0.003307505527200584	0.1
Nr2e3	16	23	0.10814210500110845	0.9588041195880412	chr1	173837438.0	173837552.0	sense	0.9924131139009651	0.003307505527200584	0.1
EMX2	5	15	0.10431604697462805	0.985001499850015	chr1	173837438.0	173837552.0	antisense	0.9924131139009651	0.003307505527200584	0.1
PAX3	10	20	0.10424709791497912	0.805019498050195	chr1	173837438.0	173837552.0	antisense	0.9924131139009651	0.003307505527200584	0.1
VSX1	14	22	0.0993220590183797	0.9775022497750225	chr1	173837438.0	173837552.0	sense	0.9924131139009651	0.003307505527200584	0.1
LBX1	5	13	0.09546711933429562	0.9476052394760524	chr1	173837438.0	173837552.0	antisense	0.9924131139009651	0.003307505527200584	0.1
FOXB1	9	20	0.09533047571481311	0.9235076492350764	chr1	173837438.0	173837552.0	sense	0.9924131139009651	0.003307505527200584	0.1
POU2F2	9	22	0.09144552113387024	0.9383061693830617	chr1	173837438.0	173837552.0	antisense	0.9924131139009651	0.003307505527200584	0.1
PAX4	8	16	0.09060429504821498	0.9656034396560343	chr1	173837438.0	173837552.0	sense	0.9924131139009651	0.003307505527200584	0.1
DUXA	8	21	0.08856611435664774	0.9819018098190181	chr1	173837438.0	173837552.0	sense	0.9924131139009651	0.003307505527200584	0.1
SRY	9	18	0.08774419493500542	0.9856014398560144	chr1	173837438.0	173837552.0	antisense	0.9924131139009651	0.003307505527200584	0.1
EN1	5	13	0.08656195542340721	0.9799020097990201	chr1	173837438.0	173837552.0	sense	0.9924131139009651	0.003307505527200584	0.1
Sox11	7	22	0.08636471366980826	0.6994300569943006	chr1	173837438.0	173837552.0	antisense	0.9924131139009651	0.003307505527200584	0.1
FOXO4	12	19	0.08447243302642758	0.906009399060094	chr1	173837438.0	173837552.0	sense	0.9924131139009651	0.003307505527200584	0.1
Foxj2	12	20	0.07970499907480647	0.9013098690130987	chr1	173837438.0	173837552.0	sense	0.9924131139009651	0.003307505527200584	0.1
FOXD2	12	19	0.0788861836589757	0.9675032496750325	chr1	173837438.0	173837552.0	sense	0.9924131139009651	0.003307505527200584	0.1
Nkx2-5	13	20	0.07748981602051662	0.9754024597540246	chr1	173837438.0	173837552.0	sense	0.9924131139009651	0.003307505527200584	0.1
VSX2	5	13	0.07551962172864013	0.9681031896810319	chr1	173837438.0	173837552.0	sense	0.9924131139009651	0.003307505527200584	0.1
Foxq1	4	15	0.07551262292015921	0.8877112288771123	chr1	173837438.0	173837552.0	sense	0.9924131139009651	0.003307505527200584	0.1
Lhx4	4	12	0.07282964347688882	0.9748025197480252	chr1	173837438.0	173837552.0	sense	0.9924131139009651	0.003307505527200584	0.1
NKX6-2	8	16	0.0718682143379542	0.9935006499350065	chr1	173837438.0	173837552.0	antisense	0.9935006499350065	0.0028318444443576844	0.1
PRRX1	5	13	0.0717567241856033	0.9888011198880112	chr1	173837438.0	173837552.0	sense	0.9924131139009651	0.003307505527200584	0.1
FOXP2	5	16	0.07171477757023452	0.8895110488951105	chr1	173837438.0	173837552.0	antisense	0.9924131139009651	0.003307505527200584	0.1
FOXO6	12	19	0.07008656597382382	0.9279072092790721	chr1	173837438.0	173837552.0	sense	0.9924131139009651	0.003307505527200584	0.1
LMX1A	4	12	0.06695607887840545	0.9843015698430156	chr1	173837438.0	173837552.0	antisense	0.9924131139009651	0.003307505527200584	0.1
LMX1B	4	12	0.06642907127359912	0.9898010198980102	chr1	173837438.0	173837552.0	sense	0.9924131139009651	0.003307505527200584	0.1
FOXL1	12	19	0.06533729972908106	0.9272072792720728	chr1	173837438.0	173837552.0	sense	0.9924131139009651	0.003307505527200584	0.1
FOXI1	12	19	0.06516306330289807	0.9413058694130587	chr1	173837438.0	173837552.0	sense	0.9924131139009651	0.003307505527200584	0.1
NR1H2::RXRA	5	22	0.06413058247662684	0.8321167883211679	chr1	173837438.0	173837552.0	antisense	0.9924131139009651	0.003307505527200584	0.1
Dlx2	5	13	0.06174160514725348	0.9905009499050095	chr1	173837438.0	173837552.0	sense	0.9924131139009651	0.003307505527200584	0.1
FOXD1	12	20	0.06155943770583456	0.9895010498950105	chr1	173837438.0	173837552.0	sense	0.9924131139009651	0.003307505527200584	0.1
TP53	6	24	0.06128090501590316	0.9841015898410159	chr1	173837438.0	173837552.0	sense	0.9924131139009651	0.003307505527200584	0.1
DUX4	9	20	0.059252924421719116	0.943005699430057	chr1	173837438.0	173837552.0	sense	0.9924131139009651	0.003307505527200584	0.1
SOX8	7	23	0.05654271966138735	0.7293270672932707	chr1	173837438.0	173837552.0	antisense	0.9924131139009651	0.003307505527200584	0.1
PHOX2A	9	20	0.05138193190889251	0.9754024597540246	chr1	173837438.0	173837552.0	sense	0.9924131139009651	0.003307505527200584	0.1
POU3F2	7	19	0.050911103183635356	0.9644035596440356	chr1	173837438.0	173837552.0	antisense	0.9924131139009651	0.003307505527200584	0.1
Shox2	5	13	0.04758830976922061	0.9821017898210179	chr1	173837438.0	173837552.0	sense	0.9924131139009651	0.003307505527200584	0.1
Phox2b	9	20	0.04721937741290348	0.958004199580042	chr1	173837438.0	173837552.0	sense	0.9924131139009651	0.003307505527200584	0.1
FOXG1	9	17	0.04668307963001716	0.9171082891710829	chr1	173837438.0	173837552.0	sense	0.9924131139009651	0.003307505527200584	0.1
Arid3b	4	15	0.04615519102889876	0.9553044695530447	chr1	173837438.0	173837552.0	antisense	0.9924131139009651	0.003307505527200584	0.1
FOXO3	9	17	0.04484879265570607	0.9447055294470553	chr1	173837438.0	173837552.0	sense	0.9924131139009651	0.003307505527200584	0.1
ISX	5	13	0.042735036948042676	0.9505049495050495	chr1	173837438.0	173837552.0	sense	0.9924131139009651	0.003307505527200584	0.1
Rarg	7	23	0.039014627377245495	0.8841115888411158	chr1	173837438.0	173837552.0	antisense	0.9924131139009651	0.003307505527200584	0.1
mix-a	5	16	0.03855732627566038	0.9472052794720528	chr1	173837438.0	173837552.0	antisense	0.9924131139009651	0.003307505527200584	0.1
Arid3a	12	18	0.03413844978710978	0.9292070792920708	chr1	173837438.0	173837552.0	sense	0.9924131139009651	0.003307505527200584	0.1
MEF2A	5	17	0.02862772944780665	0.9086091390860914	chr1	173837438.0	173837552.0	sense	0.9924131139009651	0.003307505527200584	0.1
POU4F2	6	22	0.02766612894015322	0.8664133586641336	chr1	173837438.0	173837552.0	sense	0.9924131139009651	0.003307505527200584	0.1
PROP1	10	21	0.01848956777276842	0.9153084691530847	chr1	173837438.0	173837552.0	sense	0.9924131139009651	0.003307505527200584	0.1
TP63	6	24	0.016490498324744238	0.9376062393760624	chr1	173837438.0	173837552.0	antisense	0.9924131139009651	0.003307505527200584	0.1
MEF2B	8	20	0.01239962128587201	0.9223077692230777	chr1	173837438.0	173837552.0	antisense	0.9924131139009651	0.003307505527200584	0.1
Lhx3	7	20	0.007306541905658348	0.9187081291870813	chr1	173837438.0	173837552.0	antisense	0.9924131139009651	0.003307505527200584	0.1
MEF2D	6	18	-0.0	0.9765023497650235	chr1	173837438.0	173837552.0	sense	0.9924131139009651	0.003307505527200584	0.1
