motif	start	end	score	pval	tile_chr	tile_start	tile_end	strand	padj	neg_log_pval	fdr_cutoff
SP3	2	13	3.1311182602959904	0.0065993400659934	chr16	86543231.0	86543345.0	antisense	0.4892939277500821	0.31043017390079297	0.15
KLF5	3	13	3.0818135040189185	0.0012998700129987	chr16	86543231.0	86543345.0	antisense	0.42380761923807625	0.3728312397835347	0.15
SP1	2	13	3.0621015365588455	0.0027997200279972004	chr16	86543231.0	86543345.0	antisense	0.42380761923807625	0.3728312397835347	0.15
KLF16	2	13	2.7526416457487985	0.004899510048995101	chr16	86543231.0	86543345.0	antisense	0.42380761923807625	0.3728312397835347	0.15
ZNF740	1	11	2.5863304121256054	0.026997300269973004	chr16	86543231.0	86543345.0	antisense	0.5439344954393449	0.2644533980631019	0.15
ZNF263	2	23	2.4235309953419604	0.1723827617238276	chr16	86543231.0	86543345.0	sense	0.8561575941171315	0.06744628677619535	0.15
SP8	1	13	2.3466563895631696	0.0193980601939806	chr16	86543231.0	86543345.0	antisense	0.5439344954393449	0.2644533980631019	0.15
THAP1	1	10	2.332067451862835	0.017298270172982702	chr16	86543231.0	86543345.0	antisense	0.5439344954393449	0.2644533980631019	0.15
Klf4	3	13	2.3057085826031782	0.010698930106989302	chr16	86543231.0	86543345.0	sense	0.5439344954393449	0.2644533980631019	0.15
SP2	3	18	2.06702200743173	0.1710828917108289	chr16	86543231.0	86543345.0	antisense	0.8561575941171315	0.06744628677619535	0.15
E2F6	4	15	2.0151297497612406	0.026497350264973504	chr16	86543231.0	86543345.0	sense	0.5439344954393449	0.2644533980631019	0.15
EGR1	5	19	1.9821967740159259	0.19258074192580743	chr16	86543231.0	86543345.0	antisense	0.8561575941171315	0.06744628677619535	0.15
E2F4	4	15	1.9723373148649432	0.025797420257974202	chr16	86543231.0	86543345.0	sense	0.5439344954393449	0.2644533980631019	0.15
MZF1	2	8	1.932877060168415	0.0040995900409959	chr16	86543231.0	86543345.0	sense	0.42380761923807625	0.3728312397835347	0.15
RREB1	3	23	1.8388535408747406	0.18018198180181982	chr16	86543231.0	86543345.0	antisense	0.8561575941171315	0.06744628677619535	0.15
RARA::RXRA	3	20	1.8026772121223582	0.0044995500449955	chr16	86543231.0	86543345.0	sense	0.42380761923807625	0.3728312397835347	0.15
Klf1	3	14	1.7223859587866404	0.027997200279972004	chr16	86543231.0	86543345.0	antisense	0.5439344954393449	0.2644533980631019	0.15
PLAG1	3	17	1.7202022910989099	0.05449455054494551	chr16	86543231.0	86543345.0	sense	0.7395010498950104	0.13106120508387586	0.15
Zfx	2	16	1.6740072343751138	0.023797620237976203	chr16	86543231.0	86543345.0	sense	0.5439344954393449	0.2644533980631019	0.15
Hes1	3	13	1.66576949477582	0.13588641135886412	chr16	86543231.0	86543345.0	antisense	0.8561575941171315	0.06744628677619535	0.15
HINFP	1	13	1.5707227882398342	0.012798720127987202	chr16	86543231.0	86543345.0	antisense	0.5439344954393449	0.2644533980631019	0.15
Gmeb1	3	20	1.5315023906509566	0.1476852314768523	chr16	86543231.0	86543345.0	sense	0.8561575941171315	0.06744628677619535	0.15
TBX5	2	10	1.5126175123446144	0.024397560243975602	chr16	86543231.0	86543345.0	sense	0.5439344954393449	0.2644533980631019	0.15
KLF14	1	15	1.4496751699995543	0.10258974102589741	chr16	86543231.0	86543345.0	antisense	0.8561575941171315	0.06744628677619535	0.15
PAX5	3	22	1.4467587305464342	0.0744925507449255	chr16	86543231.0	86543345.0	sense	0.7732326767323267	0.11168980101613084	0.15
HIC2	1	10	1.4045224405831906	0.06469353064693531	chr16	86543231.0	86543345.0	antisense	0.7395010498950104	0.13106120508387586	0.15
Pax2	1	9	1.3997859036789486	0.0026997300269973002	chr16	86543231.0	86543345.0	antisense	0.42380761923807625	0.3728312397835347	0.15
Nr1h3::Rxra	1	20	1.3896422858466246	0.032596740325967405	chr16	86543231.0	86543345.0	antisense	0.5541026542507039	0.25640976948695876	0.15
SREBF1	1	11	1.3187431561590863	0.031996800319968	chr16	86543231.0	86543345.0	antisense	0.5541026542507039	0.25640976948695876	0.15
SREBF2	1	11	1.2978297276078934	0.014598540145985401	chr16	86543231.0	86543345.0	sense	0.5439344954393449	0.2644533980631019	0.15
EOMES	3	16	1.2905970488299336	0.0448955104489551	chr16	86543231.0	86543345.0	sense	0.6853167624414028	0.1641086454673368	0.15
GSC	3	13	1.2704193229675385	0.0173982601739826	chr16	86543231.0	86543345.0	antisense	0.5439344954393449	0.2644533980631019	0.15
Pparg::Rxra	1	16	1.2667840724477963	0.18688131186881313	chr16	86543231.0	86543345.0	sense	0.8561575941171315	0.06744628677619535	0.15
NR2C2	2	17	1.2595480422869945	0.10028997100289971	chr16	86543231.0	86543345.0	sense	0.8561575941171315	0.06744628677619535	0.15
ZBTB7A	1	13	1.2468521133768184	0.0861913808619138	chr16	86543231.0	86543345.0	antisense	0.8360830583608305	0.07775057663275482	0.15
MZF1(var.2)	5	15	1.2419226034517834	0.208979102089791	chr16	86543231.0	86543345.0	sense	0.8561575941171315	0.06744628677619535	0.15
ETV6	2	12	1.2341556458963179	0.033096690330966905	chr16	86543231.0	86543345.0	sense	0.5541026542507039	0.25640976948695876	0.15
TBX2	3	14	1.226846993545121	0.05729427057294271	chr16	86543231.0	86543345.0	sense	0.7395010498950104	0.13106120508387586	0.15
ESR2	3	18	1.193790830389063	0.037396260373962605	chr16	86543231.0	86543345.0	antisense	0.606520597940206	0.21715444554783064	0.15
GSC2	3	13	1.1893930429542197	0.06999300069993	chr16	86543231.0	86543345.0	antisense	0.7413544359849729	0.1299741094426617	0.15
PRDM1	4	19	1.1207920078960736	0.22377762223777622	chr16	86543231.0	86543345.0	sense	0.8561575941171315	0.06744628677619535	0.15
NR2F1	1	14	1.1151544236454365	0.05829417058294171	chr16	86543231.0	86543345.0	sense	0.7395010498950104	0.13106120508387586	0.15
SP4	1	18	1.110830455915358	0.15548445155484453	chr16	86543231.0	86543345.0	antisense	0.8561575941171315	0.06744628677619535	0.15
REL	3	13	1.1037793462434562	0.0231976802319768	chr16	86543231.0	86543345.0	sense	0.5439344954393449	0.2644533980631019	0.15
TBX20	3	14	1.1011019112942875	0.044795520447955206	chr16	86543231.0	86543345.0	sense	0.6853167624414028	0.1641086454673368	0.15
ZBTB7C	2	14	1.0595026635703606	0.22547745225477453	chr16	86543231.0	86543345.0	antisense	0.8561575941171315	0.06744628677619535	0.15
NFIX	2	11	1.0508720042534367	0.058894110588941104	chr16	86543231.0	86543345.0	sense	0.7395010498950104	0.13106120508387586	0.15
EGR3	3	18	1.0465941832282155	0.19018098190180982	chr16	86543231.0	86543345.0	antisense	0.8561575941171315	0.06744628677619535	0.15
ELF5	1	12	1.0401037955986343	0.1045895410458954	chr16	86543231.0	86543345.0	sense	0.8561575941171315	0.06744628677619535	0.15
Spz1	2	13	1.034618327415117	0.06229377062293771	chr16	86543231.0	86543345.0	sense	0.7395010498950104	0.13106120508387586	0.15
INSM1	4	16	1.0313916768001032	0.1810818918108189	chr16	86543231.0	86543345.0	sense	0.8561575941171315	0.06744628677619535	0.15
Ar	4	21	1.007435551604199	0.023897610238976102	chr16	86543231.0	86543345.0	sense	0.5439344954393449	0.2644533980631019	0.15
ZEB1	1	10	1.0062724602969844	0.0678932106789321	chr16	86543231.0	86543345.0	antisense	0.7395010498950104	0.13106120508387586	0.15
ZBTB33	3	18	1.0012803764820015	0.0973902609739026	chr16	86543231.0	86543345.0	antisense	0.8561575941171315	0.06744628677619535	0.15
TFAP2A(var.2)	4	16	0.9834346584159328	0.28147185281471854	chr16	86543231.0	86543345.0	antisense	0.8561575941171315	0.06744628677619535	0.15
E2F1	2	14	0.9802732881650501	0.029397060293970604	chr16	86543231.0	86543345.0	antisense	0.5448955104489551	0.2636867703584667	0.15
NFKB2	2	15	0.9739772132869702	0.027197280271972803	chr16	86543231.0	86543345.0	antisense	0.5439344954393449	0.2644533980631019	0.15
Crx	1	12	0.9612885980094253	0.08299170082991701	chr16	86543231.0	86543345.0	sense	0.8360830583608305	0.07775057663275482	0.15
TBP	1	16	0.9611074363947198	0.2836716328367163	chr16	86543231.0	86543345.0	antisense	0.8561575941171315	0.06744628677619535	0.15
STAT1::STAT2	4	19	0.9509270916084014	0.2308769123087691	chr16	86543231.0	86543345.0	antisense	0.8561575941171315	0.06744628677619535	0.15
SPIB	2	9	0.9448496754662842	0.134986501349865	chr16	86543231.0	86543345.0	sense	0.8561575941171315	0.06744628677619535	0.15
ZNF143	2	18	0.9428557080744762	0.0226977302269773	chr16	86543231.0	86543345.0	antisense	0.5439344954393449	0.2644533980631019	0.15
TBX21	3	13	0.9409344150065829	0.0532946705329467	chr16	86543231.0	86543345.0	sense	0.7395010498950104	0.13106120508387586	0.15
NR3C2	4	21	0.9309744020927233	0.019698030196980302	chr16	86543231.0	86543345.0	sense	0.5439344954393449	0.2644533980631019	0.15
NRF1	3	14	0.9304038357227175	0.13938606139386062	chr16	86543231.0	86543345.0	antisense	0.8561575941171315	0.06744628677619535	0.15
GLI2	2	14	0.9288677989685254	0.14138586141385862	chr16	86543231.0	86543345.0	antisense	0.8561575941171315	0.06744628677619535	0.15
TBX4	4	12	0.9270465101562866	0.10368963103689631	chr16	86543231.0	86543345.0	sense	0.8561575941171315	0.06744628677619535	0.15
Dmbx1	3	20	0.9199982269663193	0.2826717328267173	chr16	86543231.0	86543345.0	sense	0.8561575941171315	0.06744628677619535	0.15
Hic1	5	14	0.9012534748681184	0.15848415158484153	chr16	86543231.0	86543345.0	antisense	0.8561575941171315	0.06744628677619535	0.15
EGR4	1	17	0.8990955385762318	0.23407659234076592	chr16	86543231.0	86543345.0	antisense	0.8561575941171315	0.06744628677619535	0.15
NR3C1	4	21	0.8979172338277827	0.0178982101789821	chr16	86543231.0	86543345.0	sense	0.5439344954393449	0.2644533980631019	0.15
Ddit3::Cebpa	4	16	0.8974297836704443	0.08399160083991601	chr16	86543231.0	86543345.0	antisense	0.8360830583608305	0.07775057663275482	0.15
NFYA	3	21	0.8934997698910957	0.14728527147285272	chr16	86543231.0	86543345.0	sense	0.8561575941171315	0.06744628677619535	0.15
TBR1	4	14	0.8873117397858269	0.0902909709029097	chr16	86543231.0	86543345.0	sense	0.8520184345201843	0.06955100860914287	0.15
Myod1	2	15	0.885460237303436	0.132986701329867	chr16	86543231.0	86543345.0	antisense	0.8561575941171315	0.06744628677619535	0.15
MGA	4	12	0.8829261507221801	0.09579042095790422	chr16	86543231.0	86543345.0	sense	0.8561575941171315	0.06744628677619535	0.15
Gfi1	2	12	0.8758315453728692	0.18488151184881513	chr16	86543231.0	86543345.0	antisense	0.8561575941171315	0.06744628677619535	0.15
ZBTB7B	1	13	0.8643754197377181	0.20887911208879112	chr16	86543231.0	86543345.0	antisense	0.8561575941171315	0.06744628677619535	0.15
Rhox11	1	18	0.8598219490399026	0.33396660333966605	chr16	86543231.0	86543345.0	sense	0.8561575941171315	0.06744628677619535	0.15
PPARG	1	21	0.8585247536033584	0.059194080591940805	chr16	86543231.0	86543345.0	sense	0.7395010498950104	0.13106120508387586	0.15
Vdr	4	20	0.858023338306037	0.0282971702829717	chr16	86543231.0	86543345.0	sense	0.5439344954393449	0.2644533980631019	0.15
RHOXF1	4	12	0.8292871096786704	0.08699130086991301	chr16	86543231.0	86543345.0	antisense	0.8360830583608305	0.07775057663275482	0.15
NFKB1	2	15	0.8115029781375867	0.0216978302169783	chr16	86543231.0	86543345.0	sense	0.5439344954393449	0.2644533980631019	0.15
EWSR1-FLI1	6	24	0.8044566376805091	0.1468853114688531	chr16	86543231.0	86543345.0	sense	0.8561575941171315	0.06744628677619535	0.15
CTCF	4	23	0.7878052116293187	0.23767623237676233	chr16	86543231.0	86543345.0	sense	0.8561575941171315	0.06744628677619535	0.15
Hand1::Tcf3	4	14	0.786248483285222	0.20927907209279073	chr16	86543231.0	86543345.0	sense	0.8561575941171315	0.06744628677619535	0.15
MAFF	6	24	0.7843114786309066	0.3271672832716728	chr16	86543231.0	86543345.0	sense	0.8561575941171315	0.06744628677619535	0.15
ARNT::HIF1A	4	12	0.7826168531835171	0.1347865213478652	chr16	86543231.0	86543345.0	sense	0.8561575941171315	0.06744628677619535	0.15
TEAD1	3	13	0.7799646218400992	0.27507249275072493	chr16	86543231.0	86543345.0	antisense	0.8561575941171315	0.06744628677619535	0.15
PITX3	4	13	0.7765028332249511	0.200979902009799	chr16	86543231.0	86543345.0	antisense	0.8561575941171315	0.06744628677619535	0.15
TFAP2A(var.3)	5	18	0.775820387225494	0.2960703929607039	chr16	86543231.0	86543345.0	sense	0.8561575941171315	0.06744628677619535	0.15
MTF1	3	17	0.7729403555399619	0.056394360563943605	chr16	86543231.0	86543345.0	antisense	0.7395010498950104	0.13106120508387586	0.15
Pitx1	4	12	0.7726899976584882	0.16108389161083891	chr16	86543231.0	86543345.0	antisense	0.8561575941171315	0.06744628677619535	0.15
Hoxb5	1	17	0.7648451235232449	0.38416158384161586	chr16	86543231.0	86543345.0	antisense	0.8561575941171315	0.06744628677619535	0.15
HNF4G	5	20	0.7564919323734863	0.25437456254374563	chr16	86543231.0	86543345.0	sense	0.8561575941171315	0.06744628677619535	0.15
Rarg(var.2)	3	20	0.7540432916354882	0.06189381061893811	chr16	86543231.0	86543345.0	sense	0.7395010498950104	0.13106120508387586	0.15
TBX15	4	12	0.7466117482441396	0.1060893910608939	chr16	86543231.0	86543345.0	sense	0.8561575941171315	0.06744628677619535	0.15
RXRA::VDR	5	20	0.743883687548938	0.0633936606339366	chr16	86543231.0	86543345.0	sense	0.7395010498950104	0.13106120508387586	0.15
MEIS3	3	11	0.7426720628510594	0.09419058094190581	chr16	86543231.0	86543345.0	sense	0.8561575941171315	0.06744628677619535	0.15
TFAP2C(var.3)	5	18	0.741819694644116	0.3106689331066893	chr16	86543231.0	86543345.0	sense	0.8561575941171315	0.06744628677619535	0.15
Znf423	5	20	0.7392674205607511	0.13608639136086392	chr16	86543231.0	86543345.0	sense	0.8561575941171315	0.06744628677619535	0.15
CREB3L1	2	16	0.738398675292811	0.1361863813618638	chr16	86543231.0	86543345.0	antisense	0.8561575941171315	0.06744628677619535	0.15
ZIC4	4	19	0.7376853158594388	0.3164683531646835	chr16	86543231.0	86543345.0	antisense	0.8561575941171315	0.06744628677619535	0.15
TBX1	4	12	0.732625897873325	0.11038896110388961	chr16	86543231.0	86543345.0	sense	0.8561575941171315	0.06744628677619535	0.15
TFAP2A	5	16	0.7317350595887072	0.33366663333666635	chr16	86543231.0	86543345.0	antisense	0.8561575941171315	0.06744628677619535	0.15
JUN(var.2)	2	16	0.7232561382154955	0.21477852214778523	chr16	86543231.0	86543345.0	sense	0.8561575941171315	0.06744628677619535	0.15
Gata4	4	15	0.7104270458956813	0.3106689331066893	chr16	86543231.0	86543345.0	antisense	0.8561575941171315	0.06744628677619535	0.15
Mitf	4	14	0.7098871036256579	0.35006499350064996	chr16	86543231.0	86543345.0	sense	0.8561575941171315	0.06744628677619535	0.15
FOXH1	2	13	0.7091178120158468	0.2566743325667433	chr16	86543231.0	86543345.0	antisense	0.8561575941171315	0.06744628677619535	0.15
TEAD4	3	13	0.7090915182874715	0.30526947305269475	chr16	86543231.0	86543345.0	antisense	0.8561575941171315	0.06744628677619535	0.15
Alx1	3	20	0.7082861432685991	0.41175882411758824	chr16	86543231.0	86543345.0	antisense	0.8561575941171315	0.06744628677619535	0.15
TFAP2B(var.3)	5	18	0.7059154073275845	0.31156884311568844	chr16	86543231.0	86543345.0	sense	0.8561575941171315	0.06744628677619535	0.15
GATA1::TAL1	1	19	0.7044199706784191	0.3270672932706729	chr16	86543231.0	86543345.0	antisense	0.8561575941171315	0.06744628677619535	0.15
Hnf4a	2	18	0.7022468161633879	0.0665933406659334	chr16	86543231.0	86543345.0	sense	0.7395010498950104	0.13106120508387586	0.15
ZNF354C	3	9	0.7009019287887521	0.19978002199780023	chr16	86543231.0	86543345.0	antisense	0.8561575941171315	0.06744628677619535	0.15
TFAP2B	4	16	0.70080547032027	0.42745725427457254	chr16	86543231.0	86543345.0	antisense	0.8561575941171315	0.06744628677619535	0.15
TFAP2C	4	16	0.6978355071234998	0.44265573442655737	chr16	86543231.0	86543345.0	antisense	0.8561575941171315	0.06744628677619535	0.15
HES5	4	16	0.6956420918226335	0.09679032096790322	chr16	86543231.0	86543345.0	antisense	0.8561575941171315	0.06744628677619535	0.15
Tcfl5	10	20	0.6896107590431741	0.49545045495450457	chr16	86543231.0	86543345.0	sense	0.8561575941171315	0.06744628677619535	0.15
Klf12	3	18	0.6804793265970843	0.22657734226577342	chr16	86543231.0	86543345.0	antisense	0.8561575941171315	0.06744628677619535	0.15
Hes2	4	17	0.6799963892118271	0.6751324867513249	chr16	86543231.0	86543345.0	sense	0.8561575941171315	0.06744628677619535	0.15
Hoxa11	5	17	0.6762118057520685	0.33966603339666035	chr16	86543231.0	86543345.0	sense	0.8561575941171315	0.06744628677619535	0.15
Hoxd3	1	17	0.6704277800710627	0.45745425457454253	chr16	86543231.0	86543345.0	sense	0.8561575941171315	0.06744628677619535	0.15
ZIC3	6	21	0.66970329390819	0.27047295270472954	chr16	86543231.0	86543345.0	antisense	0.8561575941171315	0.06744628677619535	0.15
Alx4	3	20	0.6492207288991442	0.416958304169583	chr16	86543231.0	86543345.0	antisense	0.8561575941171315	0.06744628677619535	0.15
SMAD2::SMAD3::SMAD4	7	20	0.6478469620341398	0.3143685631436856	chr16	86543231.0	86543345.0	antisense	0.8561575941171315	0.06744628677619535	0.15
KLF13	2	20	0.6406618430264099	0.21237876212378762	chr16	86543231.0	86543345.0	antisense	0.8561575941171315	0.06744628677619535	0.15
Bach1::Mafk	4	19	0.6368320431943348	0.13608639136086392	chr16	86543231.0	86543345.0	antisense	0.8561575941171315	0.06744628677619535	0.15
NFATC1	2	12	0.6316350344657232	0.41285871412858716	chr16	86543231.0	86543345.0	antisense	0.8561575941171315	0.06744628677619535	0.15
Ahr::Arnt	5	11	0.6296275143833431	0.1571842815718428	chr16	86543231.0	86543345.0	sense	0.8561575941171315	0.06744628677619535	0.15
RARA(var.2)	3	20	0.6286238947316388	0.11378862113788621	chr16	86543231.0	86543345.0	sense	0.8561575941171315	0.06744628677619535	0.15
EGR2	5	16	0.622875057638701	0.24797520247975202	chr16	86543231.0	86543345.0	antisense	0.8561575941171315	0.06744628677619535	0.15
RUNX3	3	13	0.6225135981654628	0.40245975402459755	chr16	86543231.0	86543345.0	antisense	0.8561575941171315	0.06744628677619535	0.15
ELK4	6	17	0.620920562840245	0.2672732726727327	chr16	86543231.0	86543345.0	antisense	0.8561575941171315	0.06744628677619535	0.15
REST	3	24	0.6187634948293921	0.1377862213778622	chr16	86543231.0	86543345.0	antisense	0.8561575941171315	0.06744628677619535	0.15
RELA	3	13	0.6185257642468786	0.0683931606839316	chr16	86543231.0	86543345.0	sense	0.7395010498950104	0.13106120508387586	0.15
Nr2f6	3	17	0.6043845613313779	0.23667633236676333	chr16	86543231.0	86543345.0	sense	0.8561575941171315	0.06744628677619535	0.15
SPIC	4	18	0.6036646526788668	0.42285771422857715	chr16	86543231.0	86543345.0	sense	0.8561575941171315	0.06744628677619535	0.15
HEY2	3	13	0.5993760486499611	0.30496950304969506	chr16	86543231.0	86543345.0	sense	0.8561575941171315	0.06744628677619535	0.15
RXRB	3	17	0.5942015603540518	0.11698830116988301	chr16	86543231.0	86543345.0	sense	0.8561575941171315	0.06744628677619535	0.15
RUNX2	4	13	0.5914619807398898	0.39686031396860316	chr16	86543231.0	86543345.0	antisense	0.8561575941171315	0.06744628677619535	0.15
RXRG	3	17	0.5834181241985846	0.12868713128687131	chr16	86543231.0	86543345.0	sense	0.8561575941171315	0.06744628677619535	0.15
Nkx2-5(var.2)	1	12	0.5798960517720294	0.3233676632336766	chr16	86543231.0	86543345.0	antisense	0.8561575941171315	0.06744628677619535	0.15
ETV5	2	12	0.5787844515898416	0.41575842415758424	chr16	86543231.0	86543345.0	sense	0.8561575941171315	0.06744628677619535	0.15
Gfi1b	5	16	0.577185062469111	0.2950704929507049	chr16	86543231.0	86543345.0	antisense	0.8561575941171315	0.06744628677619535	0.15
FOXP1	1	16	0.5714355463647398	0.25147485251474855	chr16	86543231.0	86543345.0	sense	0.8561575941171315	0.06744628677619535	0.15
Rxra	3	17	0.570007142759501	0.12368763123687632	chr16	86543231.0	86543345.0	sense	0.8561575941171315	0.06744628677619535	0.15
NRL	1	12	0.5698333988939908	0.632936706329367	chr16	86543231.0	86543345.0	sense	0.8561575941171315	0.06744628677619535	0.15
NFATC3	2	12	0.543553140414863	0.40145985401459855	chr16	86543231.0	86543345.0	antisense	0.8561575941171315	0.06744628677619535	0.15
Hmx1	2	19	0.5391639838690099	0.4707529247075293	chr16	86543231.0	86543345.0	sense	0.8561575941171315	0.06744628677619535	0.15
RARA	4	22	0.5340041518728518	0.1317868213178682	chr16	86543231.0	86543345.0	sense	0.8561575941171315	0.06744628677619535	0.15
HOXC11	5	16	0.5311997027571184	0.30696930306969306	chr16	86543231.0	86543345.0	sense	0.8561575941171315	0.06744628677619535	0.15
Hmx3	2	19	0.5239849028094794	0.43225677432256776	chr16	86543231.0	86543345.0	sense	0.8561575941171315	0.06744628677619535	0.15
Myog	5	16	0.5225885242080556	0.3013698630136986	chr16	86543231.0	86543345.0	sense	0.8561575941171315	0.06744628677619535	0.15
Nfe2l2	5	20	0.5170035044286241	0.38066193380661933	chr16	86543231.0	86543345.0	antisense	0.8561575941171315	0.06744628677619535	0.15
USF1	5	16	0.5151251192333068	0.30056994300569945	chr16	86543231.0	86543345.0	antisense	0.8561575941171315	0.06744628677619535	0.15
RFX4	5	21	0.5126398669713023	0.37146285371462856	chr16	86543231.0	86543345.0	antisense	0.8561575941171315	0.06744628677619535	0.15
PAX1	5	22	0.5105897996157959	0.24847515248475152	chr16	86543231.0	86543345.0	sense	0.8561575941171315	0.06744628677619535	0.15
MYBL2	4	19	0.5087488280663139	0.3277672232776722	chr16	86543231.0	86543345.0	antisense	0.8561575941171315	0.06744628677619535	0.15
RUNX1	4	15	0.5082282280450073	0.4921507849215078	chr16	86543231.0	86543345.0	sense	0.8561575941171315	0.06744628677619535	0.15
CREB3	4	18	0.5040810600504377	0.33336666333366666	chr16	86543231.0	86543345.0	sense	0.8561575941171315	0.06744628677619535	0.15
NFIC::TLX1	1	15	0.5030893814047931	0.21337866213378662	chr16	86543231.0	86543345.0	antisense	0.8561575941171315	0.06744628677619535	0.15
HOXC12	5	16	0.5025642649328079	0.28147185281471854	chr16	86543231.0	86543345.0	sense	0.8561575941171315	0.06744628677619535	0.15
ATF4	4	17	0.5022430996621263	0.3070692930706929	chr16	86543231.0	86543345.0	sense	0.8561575941171315	0.06744628677619535	0.15
Foxj3	3	20	0.501159303400662	0.32836716328367166	chr16	86543231.0	86543345.0	antisense	0.8561575941171315	0.06744628677619535	0.15
SCRT1	6	21	0.5005368659205999	0.30726927307269275	chr16	86543231.0	86543345.0	sense	0.8561575941171315	0.06744628677619535	0.15
Nr2f6(var.2)	4	19	0.49967247950624144	0.1670832916708329	chr16	86543231.0	86543345.0	sense	0.8561575941171315	0.06744628677619535	0.15
Six3	3	20	0.4930983242303232	0.6044395560443956	chr16	86543231.0	86543345.0	sense	0.8561575941171315	0.06744628677619535	0.15
Hmx2	2	19	0.4914676138756921	0.42885711428857115	chr16	86543231.0	86543345.0	sense	0.8561575941171315	0.06744628677619535	0.15
HOXA10	5	16	0.490002218501928	0.402959704029597	chr16	86543231.0	86543345.0	sense	0.8561575941171315	0.06744628677619535	0.15
MNT	10	20	0.486147837270656	0.35006499350064996	chr16	86543231.0	86543345.0	antisense	0.8561575941171315	0.06744628677619535	0.15
XBP1	3	17	0.4850417834076484	0.36226377362263773	chr16	86543231.0	86543345.0	sense	0.8561575941171315	0.06744628677619535	0.15
MAFG	1	22	0.4845192446037311	0.5266473352664733	chr16	86543231.0	86543345.0	sense	0.8561575941171315	0.06744628677619535	0.15
Creb5	5	17	0.4839849680722185	0.20767923207679231	chr16	86543231.0	86543345.0	antisense	0.8561575941171315	0.06744628677619535	0.15
RFX3	5	21	0.48348712896785423	0.33096690330966905	chr16	86543231.0	86543345.0	antisense	0.8561575941171315	0.06744628677619535	0.15
ID4	5	15	0.48287263721366946	0.3203679632036796	chr16	86543231.0	86543345.0	antisense	0.8561575941171315	0.06744628677619535	0.15
TFAP2C(var.2)	5	16	0.48126375342481836	0.48505149485051496	chr16	86543231.0	86543345.0	antisense	0.8561575941171315	0.06744628677619535	0.15
MEF2C	3	18	0.47575674383530026	0.3581641835816418	chr16	86543231.0	86543345.0	sense	0.8561575941171315	0.06744628677619535	0.15
JUND(var.2)	2	17	0.47427833264579544	0.43285671432856715	chr16	86543231.0	86543345.0	sense	0.8561575941171315	0.06744628677619535	0.15
NKX2-8	10	19	0.4714790853667899	0.5226477352264773	chr16	86543231.0	86543345.0	antisense	0.8561575941171315	0.06744628677619535	0.15
HEY1	5	15	0.46829351570780425	0.40415958404159585	chr16	86543231.0	86543345.0	antisense	0.8561575941171315	0.06744628677619535	0.15
TFAP2B(var.2)	5	16	0.46781037472512615	0.46805319468053197	chr16	86543231.0	86543345.0	antisense	0.8561575941171315	0.06744628677619535	0.15
CEBPE	1	11	0.4677165751783611	0.35806419358064195	chr16	86543231.0	86543345.0	antisense	0.8561575941171315	0.06744628677619535	0.15
NFATC2	4	11	0.4664782438000715	0.3545645435456454	chr16	86543231.0	86543345.0	antisense	0.8561575941171315	0.06744628677619535	0.15
Rfx1	6	20	0.465332001456801	0.48495150484951505	chr16	86543231.0	86543345.0	antisense	0.8561575941171315	0.06744628677619535	0.15
LEF1	3	18	0.4604139800427452	0.34496550344965504	chr16	86543231.0	86543345.0	sense	0.8561575941171315	0.06744628677619535	0.15
PAX9	5	22	0.4589056886404111	0.21147885211478853	chr16	86543231.0	86543345.0	sense	0.8561575941171315	0.06744628677619535	0.15
TP73	5	23	0.4582600972121317	0.4026597340265973	chr16	86543231.0	86543345.0	antisense	0.8561575941171315	0.06744628677619535	0.15
ZNF410	4	21	0.45765750607294964	0.270972902709729	chr16	86543231.0	86543345.0	antisense	0.8561575941171315	0.06744628677619535	0.15
NFYB	1	16	0.4557807085676898	0.46505349465053497	chr16	86543231.0	86543345.0	sense	0.8561575941171315	0.06744628677619535	0.15
Nr5a2	6	21	0.45479582945014463	0.5469453054694531	chr16	86543231.0	86543345.0	antisense	0.8561575941171315	0.06744628677619535	0.15
TEAD3	9	17	0.4526712693288452	0.31216878312168783	chr16	86543231.0	86543345.0	antisense	0.8561575941171315	0.06744628677619535	0.15
FOSL1	5	16	0.4520536530265895	0.2511748825117488	chr16	86543231.0	86543345.0	sense	0.8561575941171315	0.06744628677619535	0.15
CENPB	5	20	0.4496752278038916	0.47465253474652536	chr16	86543231.0	86543345.0	antisense	0.8561575941171315	0.06744628677619535	0.15
NFAT5	2	12	0.44951045356308234	0.41875812418758124	chr16	86543231.0	86543345.0	antisense	0.8561575941171315	0.06744628677619535	0.15
JUN	3	16	0.4451228084020127	0.42345765423457654	chr16	86543231.0	86543345.0	sense	0.8561575941171315	0.06744628677619535	0.15
GCM2	3	13	0.44176231792791193	0.3835616438356164	chr16	86543231.0	86543345.0	sense	0.8561575941171315	0.06744628677619535	0.15
Gabpa	3	14	0.4409999325734496	0.45585441455854414	chr16	86543231.0	86543345.0	sense	0.8561575941171315	0.06744628677619535	0.15
HLF	5	17	0.438579639916237	0.5411458854114588	chr16	86543231.0	86543345.0	antisense	0.8561575941171315	0.06744628677619535	0.15
FOSL2	5	16	0.43794377989617383	0.30646935306469353	chr16	86543231.0	86543345.0	sense	0.8561575941171315	0.06744628677619535	0.15
HOXA2	5	15	0.43681044390328777	0.6982301769823017	chr16	86543231.0	86543345.0	antisense	0.8561575941171315	0.06744628677619535	0.15
Rarb(var.2)	3	20	0.43632337332251064	0.21837816218378162	chr16	86543231.0	86543345.0	sense	0.8561575941171315	0.06744628677619535	0.15
Arx	3	20	0.43489080980148154	0.5208479152084792	chr16	86543231.0	86543345.0	sense	0.8561575941171315	0.06744628677619535	0.15
EVX2	3	13	0.4339231861861026	0.6408359164083591	chr16	86543231.0	86543345.0	sense	0.8561575941171315	0.06744628677619535	0.15
NFIC	3	9	0.4299122368418779	0.3932606739326067	chr16	86543231.0	86543345.0	sense	0.8561575941171315	0.06744628677619535	0.15
Myb	10	20	0.42961040065411377	0.39076092390760925	chr16	86543231.0	86543345.0	antisense	0.8561575941171315	0.06744628677619535	0.15
Arntl	4	14	0.42466927143894806	0.49905009499050096	chr16	86543231.0	86543345.0	sense	0.8561575941171315	0.06744628677619535	0.15
RFX5	5	21	0.42429463570741693	0.2390760923907609	chr16	86543231.0	86543345.0	antisense	0.8561575941171315	0.06744628677619535	0.15
FEV	2	12	0.42409937292890026	0.5095490450954905	chr16	86543231.0	86543345.0	sense	0.8561575941171315	0.06744628677619535	0.15
NR4A2	3	11	0.4225152913882736	0.39166083391660833	chr16	86543231.0	86543345.0	sense	0.8561575941171315	0.06744628677619535	0.15
OTX2	4	12	0.4212157651254217	0.519048095190481	chr16	86543231.0	86543345.0	antisense	0.8561575941171315	0.06744628677619535	0.15
ERG	2	12	0.4135722696690212	0.49185081491850813	chr16	86543231.0	86543345.0	sense	0.8561575941171315	0.06744628677619535	0.15
GATA5	5	13	0.41311149180847234	0.45715428457154283	chr16	86543231.0	86543345.0	sense	0.8561575941171315	0.06744628677619535	0.15
FIGLA	11	21	0.4125252916773206	0.5148485151484852	chr16	86543231.0	86543345.0	antisense	0.8561575941171315	0.06744628677619535	0.15
ETS1	2	12	0.41167036243784394	0.5027497250274973	chr16	86543231.0	86543345.0	sense	0.8561575941171315	0.06744628677619535	0.15
OTX1	4	12	0.41130690039719464	0.47555244475552444	chr16	86543231.0	86543345.0	antisense	0.8561575941171315	0.06744628677619535	0.15
TCF7L2	5	19	0.41064163386534436	0.38416158384161586	chr16	86543231.0	86543345.0	sense	0.8561575941171315	0.06744628677619535	0.15
JUNB	5	16	0.41058682356211845	0.3708629137086291	chr16	86543231.0	86543345.0	sense	0.8561575941171315	0.06744628677619535	0.15
MAFK	7	22	0.40953480905857337	0.6738326167383262	chr16	86543231.0	86543345.0	sense	0.8561575941171315	0.06744628677619535	0.15
RFX2	5	21	0.40807700965799737	0.26987301269873015	chr16	86543231.0	86543345.0	sense	0.8561575941171315	0.06744628677619535	0.15
ETV3	6	16	0.4072505586110781	0.5177482251774822	chr16	86543231.0	86543345.0	sense	0.8561575941171315	0.06744628677619535	0.15
USF2	5	16	0.4069051505043004	0.45525447455254475	chr16	86543231.0	86543345.0	antisense	0.8561575941171315	0.06744628677619535	0.15
GLIS1	6	22	0.40441963346756515	0.2638736126387361	chr16	86543231.0	86543345.0	antisense	0.8561575941171315	0.06744628677619535	0.15
Arid5a	2	16	0.40256318420654313	0.5398460153984601	chr16	86543231.0	86543345.0	antisense	0.8561575941171315	0.06744628677619535	0.15
NKX2-3	10	20	0.40110191944003476	0.5577442255774423	chr16	86543231.0	86543345.0	antisense	0.8561575941171315	0.06744628677619535	0.15
EVX1	5	15	0.3961378211683378	0.6437356264373563	chr16	86543231.0	86543345.0	sense	0.8561575941171315	0.06744628677619535	0.15
ESR1	3	20	0.390165181832964	0.30126987301269875	chr16	86543231.0	86543345.0	sense	0.8561575941171315	0.06744628677619535	0.15
NKX3-2	11	20	0.3895306043207389	0.6682331766823317	chr16	86543231.0	86543345.0	antisense	0.8561575941171315	0.06744628677619535	0.15
MAX	10	20	0.3892853681557578	0.5050494950504949	chr16	86543231.0	86543345.0	antisense	0.8561575941171315	0.06744628677619535	0.15
YY1	3	15	0.3860164317264743	0.5027497250274973	chr16	86543231.0	86543345.0	antisense	0.8561575941171315	0.06744628677619535	0.15
TFE3	6	16	0.38546481983523384	0.6959304069593041	chr16	86543231.0	86543345.0	antisense	0.8561575941171315	0.06744628677619535	0.15
CREB1	5	13	0.38285193745941287	0.41345865413458655	chr16	86543231.0	86543345.0	sense	0.8561575941171315	0.06744628677619535	0.15
ERF	6	16	0.38246804390071193	0.48205179482051796	chr16	86543231.0	86543345.0	sense	0.8561575941171315	0.06744628677619535	0.15
MYBL1	5	17	0.3819689982166843	0.43115688431156884	chr16	86543231.0	86543345.0	antisense	0.8561575941171315	0.06744628677619535	0.15
CDX2	4	15	0.37735725170624274	0.2656734326567343	chr16	86543231.0	86543345.0	sense	0.8561575941171315	0.06744628677619535	0.15
Npas2	10	20	0.3745058442971528	0.5495450454954505	chr16	86543231.0	86543345.0	sense	0.8561575941171315	0.06744628677619535	0.15
Rarg	4	20	0.3728623885492389	0.28617138286171384	chr16	86543231.0	86543345.0	sense	0.8561575941171315	0.06744628677619535	0.15
Tcf12	5	16	0.37032175502437475	0.5197480251974802	chr16	86543231.0	86543345.0	sense	0.8561575941171315	0.06744628677619535	0.15
Barhl1	5	15	0.36830866678781876	0.7682231776822318	chr16	86543231.0	86543345.0	antisense	0.8561575941171315	0.06744628677619535	0.15
ETV4	12	22	0.364254851183911	0.5984401559844016	chr16	86543231.0	86543345.0	sense	0.8561575941171315	0.06744628677619535	0.15
Nkx3-1	11	20	0.36280661115308394	0.6399360063993601	chr16	86543231.0	86543345.0	antisense	0.8561575941171315	0.06744628677619535	0.15
EMX1	14	24	0.3621207624435198	0.6591340865913409	chr16	86543231.0	86543345.0	antisense	0.8561575941171315	0.06744628677619535	0.15
FLI1	2	12	0.36164190410099334	0.5073492650734927	chr16	86543231.0	86543345.0	sense	0.8561575941171315	0.06744628677619535	0.15
ETV1	12	22	0.3612502707181376	0.6293370662933707	chr16	86543231.0	86543345.0	sense	0.8561575941171315	0.06744628677619535	0.15
Mecom	4	18	0.3574419661238455	0.3033696630336966	chr16	86543231.0	86543345.0	sense	0.8561575941171315	0.06744628677619535	0.15
GLIS2	5	19	0.35719383505637586	0.3788621137886211	chr16	86543231.0	86543345.0	antisense	0.8561575941171315	0.06744628677619535	0.15
MIXL1	3	13	0.3568226137834946	0.6140385961403859	chr16	86543231.0	86543345.0	antisense	0.8561575941171315	0.06744628677619535	0.15
Foxk1	2	19	0.3511912020257182	0.4022597740225977	chr16	86543231.0	86543345.0	antisense	0.8561575941171315	0.06744628677619535	0.15
ZIC1	2	16	0.3503408658534226	0.38606139386061394	chr16	86543231.0	86543345.0	antisense	0.8561575941171315	0.06744628677619535	0.15
Tcf7	12	24	0.3483426918540248	0.3063693630636936	chr16	86543231.0	86543345.0	sense	0.8561575941171315	0.06744628677619535	0.15
ELK1	6	16	0.34681621052787936	0.47355264473552644	chr16	86543231.0	86543345.0	sense	0.8561575941171315	0.06744628677619535	0.15
SCRT2	6	19	0.3455646006859241	0.42455754424557546	chr16	86543231.0	86543345.0	sense	0.8561575941171315	0.06744628677619535	0.15
ELF4	6	18	0.34449000731576707	0.5282471752824718	chr16	86543231.0	86543345.0	sense	0.8561575941171315	0.06744628677619535	0.15
SNAI2	5	14	0.34335339238700474	0.6647335266473353	chr16	86543231.0	86543345.0	sense	0.8561575941171315	0.06744628677619535	0.15
GCM1	5	16	0.34289976235836167	0.5038496150384961	chr16	86543231.0	86543345.0	sense	0.8561575941171315	0.06744628677619535	0.15
GATA2	5	19	0.34289286948249337	0.503949605039496	chr16	86543231.0	86543345.0	antisense	0.8561575941171315	0.06744628677619535	0.15
TAL1::TCF3	11	23	0.342699339465913	0.555044495550445	chr16	86543231.0	86543345.0	antisense	0.8561575941171315	0.06744628677619535	0.15
MAX::MYC	4	15	0.3415773063532816	0.5800419958004199	chr16	86543231.0	86543345.0	sense	0.8561575941171315	0.06744628677619535	0.15
MEOX2	14	24	0.3411325511221093	0.5800419958004199	chr16	86543231.0	86543345.0	sense	0.8561575941171315	0.06744628677619535	0.15
HOXD12	5	16	0.33676671423149357	0.39166083391660833	chr16	86543231.0	86543345.0	sense	0.8561575941171315	0.06744628677619535	0.15
Hoxd9	6	16	0.33548351566926	0.39136086391360864	chr16	86543231.0	86543345.0	sense	0.8561575941171315	0.06744628677619535	0.15
MAF::NFE2	5	20	0.3354315268035354	0.5802419758024198	chr16	86543231.0	86543345.0	antisense	0.8561575941171315	0.06744628677619535	0.15
SMAD3	4	14	0.3346031112280898	0.30996900309969005	chr16	86543231.0	86543345.0	antisense	0.8561575941171315	0.06744628677619535	0.15
ELF1	4	16	0.3343220666778132	0.5685431456854314	chr16	86543231.0	86543345.0	sense	0.8561575941171315	0.06744628677619535	0.15
PBX1	8	20	0.33260270221833854	0.5851414858514149	chr16	86543231.0	86543345.0	antisense	0.8561575941171315	0.06744628677619535	0.15
Mafb	5	17	0.3297846769089064	0.774022597740226	chr16	86543231.0	86543345.0	antisense	0.8561575941171315	0.06744628677619535	0.15
MEIS1	4	11	0.3293400736385117	0.6736326367363263	chr16	86543231.0	86543345.0	sense	0.8561575941171315	0.06744628677619535	0.15
ELK3	12	22	0.3292676151079647	0.6154384561543845	chr16	86543231.0	86543345.0	sense	0.8561575941171315	0.06744628677619535	0.15
JDP2(var.2)	5	17	0.32883753820983436	0.40755924407559246	chr16	86543231.0	86543345.0	antisense	0.8561575941171315	0.06744628677619535	0.15
TCF4	10	20	0.32755495145750974	0.4717528247175283	chr16	86543231.0	86543345.0	antisense	0.8561575941171315	0.06744628677619535	0.15
EN2	6	16	0.32691236532938356	0.7289271072892711	chr16	86543231.0	86543345.0	antisense	0.8561575941171315	0.06744628677619535	0.15
Tcf21	9	23	0.32288265230018137	0.46015398460153983	chr16	86543231.0	86543345.0	sense	0.8561575941171315	0.06744628677619535	0.15
NFIA	5	15	0.32285648969262776	0.5985401459854015	chr16	86543231.0	86543345.0	sense	0.8561575941171315	0.06744628677619535	0.15
Atf3	5	13	0.3203498797396215	0.5066493350664933	chr16	86543231.0	86543345.0	sense	0.8561575941171315	0.06744628677619535	0.15
E2F8	1	13	0.32025384446522076	0.3428657134286571	chr16	86543231.0	86543345.0	antisense	0.8561575941171315	0.06744628677619535	0.15
MEIS2	9	17	0.3183318328602162	0.5535446455354465	chr16	86543231.0	86543345.0	sense	0.8561575941171315	0.06744628677619535	0.15
FOXA1	3	18	0.3170434285090056	0.5003499650034996	chr16	86543231.0	86543345.0	sense	0.8561575941171315	0.06744628677619535	0.15
TCF3	5	15	0.31559988945504164	0.5717428257174283	chr16	86543231.0	86543345.0	antisense	0.8561575941171315	0.06744628677619535	0.15
NEUROD2	3	13	0.3141728463037482	0.7863213678632137	chr16	86543231.0	86543345.0	sense	0.8561575941171315	0.06744628677619535	0.15
Hoxc9	4	17	0.3132130309339449	0.6242375762423757	chr16	86543231.0	86543345.0	antisense	0.8561575941171315	0.06744628677619535	0.15
BCL6B	5	22	0.3061121484913097	0.20577942205779423	chr16	86543231.0	86543345.0	antisense	0.8561575941171315	0.06744628677619535	0.15
Pou2f3	3	19	0.30601411873982953	0.5957404259574043	chr16	86543231.0	86543345.0	sense	0.8561575941171315	0.06744628677619535	0.15
Rarb	3	19	0.3054367299028045	0.32286771322867713	chr16	86543231.0	86543345.0	sense	0.8561575941171315	0.06744628677619535	0.15
BHLHE40	10	20	0.3053672565374484	0.5792420757924207	chr16	86543231.0	86543345.0	antisense	0.8561575941171315	0.06744628677619535	0.15
Bcl6	5	19	0.30429524363501453	0.7671232876712328	chr16	86543231.0	86543345.0	antisense	0.8561575941171315	0.06744628677619535	0.15
NFE2	5	16	0.3038352486414422	0.39766023397660233	chr16	86543231.0	86543345.0	antisense	0.8561575941171315	0.06744628677619535	0.15
IRF2	4	22	0.30135084169601856	0.40375962403759624	chr16	86543231.0	86543345.0	sense	0.8561575941171315	0.06744628677619535	0.15
TFEB	6	16	0.3000208873952351	0.7064293570642936	chr16	86543231.0	86543345.0	antisense	0.8561575941171315	0.06744628677619535	0.15
YY2	5	16	0.29930037367852996	0.6811318868113189	chr16	86543231.0	86543345.0	sense	0.8561575941171315	0.06744628677619535	0.15
ATF7	2	16	0.29902248488784083	0.5601439856014399	chr16	86543231.0	86543345.0	antisense	0.8561575941171315	0.06744628677619535	0.15
DMRT3	12	23	0.29775204703033165	0.6405359464053595	chr16	86543231.0	86543345.0	sense	0.8561575941171315	0.06744628677619535	0.15
Creb3l2	6	15	0.29768580531539157	0.49395060493950604	chr16	86543231.0	86543345.0	sense	0.8561575941171315	0.06744628677619535	0.15
FOXF2	3	17	0.2927077000610236	0.46205379462053797	chr16	86543231.0	86543345.0	sense	0.8561575941171315	0.06744628677619535	0.15
GSX1	14	24	0.2913794446847228	0.7418258174182581	chr16	86543231.0	86543345.0	antisense	0.8561575941171315	0.06744628677619535	0.15
VAX2	15	23	0.29109361988607313	0.6082391760823918	chr16	86543231.0	86543345.0	antisense	0.8561575941171315	0.06744628677619535	0.15
LBX2	5	15	0.28970597896561556	0.9144085591440856	chr16	86543231.0	86543345.0	sense	0.9305451807760401	0.031262535713905484	0.15
VAX1	15	23	0.28814389224287285	0.6102389761023898	chr16	86543231.0	86543345.0	antisense	0.8561575941171315	0.06744628677619535	0.15
HES7	9	21	0.28650699465884905	0.41755824417558246	chr16	86543231.0	86543345.0	antisense	0.8561575941171315	0.06744628677619535	0.15
BATF::JUN	4	15	0.2863313910436873	0.5587441255874412	chr16	86543231.0	86543345.0	sense	0.8561575941171315	0.06744628677619535	0.15
IRF7	7	21	0.2857190549450755	0.36936306369363064	chr16	86543231.0	86543345.0	sense	0.8561575941171315	0.06744628677619535	0.15
MNX1	5	15	0.28528496219665106	0.527947205279472	chr16	86543231.0	86543345.0	sense	0.8561575941171315	0.06744628677619535	0.15
EHF	6	18	0.2841304026872528	0.6311368863113689	chr16	86543231.0	86543345.0	sense	0.8561575941171315	0.06744628677619535	0.15
Foxd3	11	23	0.282770479956459	0.401959804019598	chr16	86543231.0	86543345.0	sense	0.8561575941171315	0.06744628677619535	0.15
Gata1	5	16	0.28231661795300267	0.4617538246175382	chr16	86543231.0	86543345.0	antisense	0.8561575941171315	0.06744628677619535	0.15
TFAP4	11	21	0.2804062258942589	0.5705429457054294	chr16	86543231.0	86543345.0	sense	0.8561575941171315	0.06744628677619535	0.15
Id2	11	19	0.27756895355694594	0.49765023497650235	chr16	86543231.0	86543345.0	sense	0.8561575941171315	0.06744628677619535	0.15
Nr2e1	11	20	0.2767563864734485	0.40685931406859316	chr16	86543231.0	86543345.0	sense	0.8561575941171315	0.06744628677619535	0.15
JUND	5	16	0.27661174821339307	0.5965403459654035	chr16	86543231.0	86543345.0	sense	0.8561575941171315	0.06744628677619535	0.15
HOXB2	14	24	0.2753122061329713	0.6516348365163483	chr16	86543231.0	86543345.0	sense	0.8561575941171315	0.06744628677619535	0.15
Mlxip	11	19	0.2752360816782797	0.5101489851014899	chr16	86543231.0	86543345.0	sense	0.8561575941171315	0.06744628677619535	0.15
CEBPA	5	16	0.2747484669821417	0.6407359264073592	chr16	86543231.0	86543345.0	antisense	0.8561575941171315	0.06744628677619535	0.15
ISL2	11	19	0.2700395893814789	0.7313268673132687	chr16	86543231.0	86543345.0	antisense	0.8561575941171315	0.06744628677619535	0.15
TFEC	10	20	0.2683096825575447	0.791920807919208	chr16	86543231.0	86543345.0	antisense	0.8561575941171315	0.06744628677619535	0.15
MSC	11	21	0.2661321270550852	0.6142385761423858	chr16	86543231.0	86543345.0	antisense	0.8561575941171315	0.06744628677619535	0.15
Ascl2	5	15	0.26554713968738447	0.674932506749325	chr16	86543231.0	86543345.0	antisense	0.8561575941171315	0.06744628677619535	0.15
TP53	5	23	0.2653815045775317	0.6595340465953404	chr16	86543231.0	86543345.0	antisense	0.8561575941171315	0.06744628677619535	0.15
IRF1	1	22	0.2648791017705338	0.42895710428957107	chr16	86543231.0	86543345.0	antisense	0.8561575941171315	0.06744628677619535	0.15
HOXB3	14	24	0.2616263689079986	0.7662233776622338	chr16	86543231.0	86543345.0	sense	0.8561575941171315	0.06744628677619535	0.15
HOXC10	6	16	0.25922397661284197	0.5975402459754025	chr16	86543231.0	86543345.0	sense	0.8561575941171315	0.06744628677619535	0.15
GLIS3	7	21	0.258765095633722	0.40005999400059994	chr16	86543231.0	86543345.0	antisense	0.8561575941171315	0.06744628677619535	0.15
TGIF2	10	22	0.25860637885864707	0.5137486251374862	chr16	86543231.0	86543345.0	sense	0.8561575941171315	0.06744628677619535	0.15
PKNOX1	10	22	0.2578413122917004	0.3414658534146585	chr16	86543231.0	86543345.0	sense	0.8561575941171315	0.06744628677619535	0.15
BATF3	4	18	0.25770679031920307	0.37106289371062895	chr16	86543231.0	86543345.0	sense	0.8561575941171315	0.06744628677619535	0.15
SOX9	10	19	0.2570651889749396	0.7409259074092591	chr16	86543231.0	86543345.0	sense	0.8561575941171315	0.06744628677619535	0.15
FOXP2	4	15	0.25550802198475686	0.32656734326567344	chr16	86543231.0	86543345.0	sense	0.8561575941171315	0.06744628677619535	0.15
PKNOX2	10	22	0.2531457471120028	0.35826417358264173	chr16	86543231.0	86543345.0	sense	0.8561575941171315	0.06744628677619535	0.15
NHLH1	5	15	0.2524276109708355	0.6217378262173783	chr16	86543231.0	86543345.0	antisense	0.8561575941171315	0.06744628677619535	0.15
Dlx1	5	15	0.25123007352414956	0.7294270572942706	chr16	86543231.0	86543345.0	antisense	0.8561575941171315	0.06744628677619535	0.15
SOX10	10	16	0.2507971672551319	0.4844515548445156	chr16	86543231.0	86543345.0	antisense	0.8561575941171315	0.06744628677619535	0.15
Hoxd8	3	20	0.24983317262503094	0.6023397660233977	chr16	86543231.0	86543345.0	antisense	0.8561575941171315	0.06744628677619535	0.15
ELF3	6	19	0.2495157026020358	0.5829417058294171	chr16	86543231.0	86543345.0	sense	0.8561575941171315	0.06744628677619535	0.15
HMBOX1	11	21	0.24789805254141498	0.8017198280171983	chr16	86543231.0	86543345.0	sense	0.8561575941171315	0.06744628677619535	0.15
Mycn	10	18	0.24765205616738387	0.527947205279472	chr16	86543231.0	86543345.0	sense	0.8561575941171315	0.06744628677619535	0.15
TGIF1	10	22	0.24443687395814082	0.33466653334666535	chr16	86543231.0	86543345.0	sense	0.8561575941171315	0.06744628677619535	0.15
BHLHE41	10	20	0.2443039564086603	0.5334466553344666	chr16	86543231.0	86543345.0	sense	0.8561575941171315	0.06744628677619535	0.15
MEOX1	5	15	0.24403961054447262	0.7107289271072893	chr16	86543231.0	86543345.0	antisense	0.8561575941171315	0.06744628677619535	0.15
Myc	11	21	0.24387139207412792	0.7021297870212979	chr16	86543231.0	86543345.0	sense	0.8561575941171315	0.06744628677619535	0.15
Sox17	9	18	0.24239964325430174	0.6652334766523348	chr16	86543231.0	86543345.0	sense	0.8561575941171315	0.06744628677619535	0.15
ALX3	3	13	0.2393043740079099	0.6925307469253075	chr16	86543231.0	86543345.0	antisense	0.8561575941171315	0.06744628677619535	0.15
Foxo1	5	16	0.23760883060624793	0.5249475052494751	chr16	86543231.0	86543345.0	antisense	0.8561575941171315	0.06744628677619535	0.15
HOXD11	6	16	0.2372272180394362	0.5716428357164284	chr16	86543231.0	86543345.0	sense	0.8561575941171315	0.06744628677619535	0.15
ZBTB18	9	22	0.2362958110916359	0.7308269173082692	chr16	86543231.0	86543345.0	sense	0.8561575941171315	0.06744628677619535	0.15
TEF	5	17	0.23572699646467507	0.5968403159684031	chr16	86543231.0	86543345.0	antisense	0.8561575941171315	0.06744628677619535	0.15
SRY	12	21	0.23481124013354374	0.5891410858914109	chr16	86543231.0	86543345.0	antisense	0.8561575941171315	0.06744628677619535	0.15
Stat6	5	20	0.2343966470816018	0.7602239776022398	chr16	86543231.0	86543345.0	sense	0.8561575941171315	0.06744628677619535	0.15
FOS::JUN	12	19	0.23332913284478074	0.7648235176482352	chr16	86543231.0	86543345.0	antisense	0.8561575941171315	0.06744628677619535	0.15
MYF6	11	21	0.23266613680208248	0.6149385061493851	chr16	86543231.0	86543345.0	antisense	0.8561575941171315	0.06744628677619535	0.15
Foxa2	10	22	0.23218649518251241	0.5969403059694031	chr16	86543231.0	86543345.0	antisense	0.8561575941171315	0.06744628677619535	0.15
Foxq1	11	22	0.2314815244973329	0.48075192480751927	chr16	86543231.0	86543345.0	sense	0.8561575941171315	0.06744628677619535	0.15
HLTF	9	19	0.22880501016646038	0.7743225677432257	chr16	86543231.0	86543345.0	antisense	0.8561575941171315	0.06744628677619535	0.15
Esrrg	1	11	0.2286341366525461	0.7624237576242375	chr16	86543231.0	86543345.0	sense	0.8561575941171315	0.06744628677619535	0.15
BARHL2	8	18	0.22771971718100942	0.8737126287371263	chr16	86543231.0	86543345.0	sense	0.9069137086291371	0.04243403339087395	0.15
HSF4	5	18	0.2257392493342963	0.8398160183981602	chr16	86543231.0	86543345.0	antisense	0.8841065183542498	0.0534954074455171	0.15
CEBPB	6	16	0.22378651699661595	0.7482251774822518	chr16	86543231.0	86543345.0	antisense	0.8561575941171315	0.06744628677619535	0.15
NR1H2::RXRA	5	22	0.22268348849389957	0.37466253374662534	chr16	86543231.0	86543345.0	antisense	0.8561575941171315	0.06744628677619535	0.15
ETV2	11	22	0.22237367290913512	0.5992400759924008	chr16	86543231.0	86543345.0	sense	0.8561575941171315	0.06744628677619535	0.15
FOXB1	12	23	0.22091952609901339	0.5273472652734726	chr16	86543231.0	86543345.0	sense	0.8561575941171315	0.06744628677619535	0.15
Neurog1	7	17	0.21701922429083068	0.9971002899710029	chr16	86543231.0	86543345.0	antisense	0.9971002899710029	0.0012611574451268672	0.15
Sox3	14	24	0.2168677555490226	0.5049495050494951	chr16	86543231.0	86543345.0	antisense	0.8561575941171315	0.06744628677619535	0.15
SPDEF	11	22	0.21621451659061083	0.7666233376662334	chr16	86543231.0	86543345.0	sense	0.8561575941171315	0.06744628677619535	0.15
Srebf1(var.2)	10	20	0.21467562169618432	0.7062293770622937	chr16	86543231.0	86543345.0	antisense	0.8561575941171315	0.06744628677619535	0.15
Dux	9	17	0.21455713947998167	0.5812418758124187	chr16	86543231.0	86543345.0	antisense	0.8561575941171315	0.06744628677619535	0.15
SREBF2(var.2)	6	16	0.21448096562945923	0.6217378262173783	chr16	86543231.0	86543345.0	antisense	0.8561575941171315	0.06744628677619535	0.15
Stat4	9	23	0.2131199336931354	0.8003199680031997	chr16	86543231.0	86543345.0	sense	0.8561575941171315	0.06744628677619535	0.15
DBP	5	17	0.21283246689874166	0.6653334666533347	chr16	86543231.0	86543345.0	antisense	0.8561575941171315	0.06744628677619535	0.15
Arnt	12	18	0.21150705780194326	0.533046695330467	chr16	86543231.0	86543345.0	sense	0.8561575941171315	0.06744628677619535	0.15
SRF	4	20	0.21132130656055198	0.6381361863813618	chr16	86543231.0	86543345.0	sense	0.8561575941171315	0.06744628677619535	0.15
MAFG::NFE2L1	6	12	0.2086447606018478	0.8064193580641936	chr16	86543231.0	86543345.0	antisense	0.8594078990458244	0.06580065891805882	0.15
SPI1	8	22	0.20720141595596475	0.48155184481551844	chr16	86543231.0	86543345.0	sense	0.8561575941171315	0.06744628677619535	0.15
TFCP2	4	14	0.206177066142047	0.8735126487351265	chr16	86543231.0	86543345.0	antisense	0.9069137086291371	0.04243403339087395	0.15
CDX1	6	15	0.2057365282108393	0.5704429557044296	chr16	86543231.0	86543345.0	sense	0.8561575941171315	0.06744628677619535	0.15
Sox5	12	19	0.20531045881101473	0.532046795320468	chr16	86543231.0	86543345.0	sense	0.8561575941171315	0.06744628677619535	0.15
CLOCK	10	20	0.20420210394302848	0.9078092190780922	chr16	86543231.0	86543345.0	antisense	0.9274665053179721	0.032701765613987153	0.15
HOXC13	11	22	0.20411824494323552	0.6974302569743026	chr16	86543231.0	86543345.0	sense	0.8561575941171315	0.06744628677619535	0.15
MLXIPL	10	20	0.20109160525812328	0.8934106589341065	chr16	86543231.0	86543345.0	sense	0.9177295288222657	0.03728529423196775	0.15
CEBPD	6	16	0.20005118799145147	0.754024597540246	chr16	86543231.0	86543345.0	antisense	0.8561575941171315	0.06744628677619535	0.15
Nr2e3	13	20	0.19959230146875478	0.633036696330367	chr16	86543231.0	86543345.0	antisense	0.8561575941171315	0.06744628677619535	0.15
PROX1	12	24	0.19852959117664687	0.6785321467853215	chr16	86543231.0	86543345.0	antisense	0.8561575941171315	0.06744628677619535	0.15
GSX2	14	24	0.1979513507846012	0.7726227377262274	chr16	86543231.0	86543345.0	antisense	0.8561575941171315	0.06744628677619535	0.15
FOXC2	12	24	0.19705726150992162	0.5725427457254274	chr16	86543231.0	86543345.0	sense	0.8561575941171315	0.06744628677619535	0.15
ESRRB	11	22	0.19692162999212356	0.7121287871212879	chr16	86543231.0	86543345.0	sense	0.8561575941171315	0.06744628677619535	0.15
FOXC1	12	23	0.1960162690224568	0.5281471852814719	chr16	86543231.0	86543345.0	sense	0.8561575941171315	0.06744628677619535	0.15
Pax6	8	22	0.19389051554800688	0.911008899110089	chr16	86543231.0	86543345.0	antisense	0.9289069128450612	0.032027805127235943	0.15
HNF1B	5	18	0.19260149534351784	0.551944805519448	chr16	86543231.0	86543345.0	sense	0.8561575941171315	0.06744628677619535	0.15
HOXA5	8	16	0.19255275605736027	0.6921307869213079	chr16	86543231.0	86543345.0	antisense	0.8561575941171315	0.06744628677619535	0.15
ESX1	8	18	0.19129992505347765	0.7613238676132387	chr16	86543231.0	86543345.0	antisense	0.8561575941171315	0.06744628677619535	0.15
TP63	5	23	0.18829912515415498	0.5333466653334666	chr16	86543231.0	86543345.0	sense	0.8561575941171315	0.06744628677619535	0.15
Crem	5	15	0.18724413564899742	0.8201179882011799	chr16	86543231.0	86543345.0	sense	0.8704319752073872	0.06026516360055914	0.15
Hoxa9	5	16	0.1868839278517533	0.7151284871512849	chr16	86543231.0	86543345.0	antisense	0.8561575941171315	0.06744628677619535	0.15
EBF1	5	19	0.1864492441938101	0.7993200679932007	chr16	86543231.0	86543345.0	sense	0.8561575941171315	0.06744628677619535	0.15
PDX1	15	23	0.18599327486532644	0.5391460853914608	chr16	86543231.0	86543345.0	sense	0.8561575941171315	0.06744628677619535	0.15
Dlx3	9	17	0.18321112390606234	0.748025197480252	chr16	86543231.0	86543345.0	antisense	0.8561575941171315	0.06744628677619535	0.15
ZBED1	7	20	0.1821204868231692	0.6882311768823117	chr16	86543231.0	86543345.0	antisense	0.8561575941171315	0.06744628677619535	0.15
POU1F1	10	24	0.18126270548925127	0.6899310068993101	chr16	86543231.0	86543345.0	sense	0.8561575941171315	0.06744628677619535	0.15
NEUROG2	8	18	0.1809844675023288	0.6966303369663034	chr16	86543231.0	86543345.0	antisense	0.8561575941171315	0.06744628677619535	0.15
FOS	6	17	0.18036017800524418	0.7824217578242175	chr16	86543231.0	86543345.0	antisense	0.8561575941171315	0.06744628677619535	0.15
CEBPG	6	16	0.17994193199304295	0.7447255274472553	chr16	86543231.0	86543345.0	antisense	0.8561575941171315	0.06744628677619535	0.15
Prrx2	4	12	0.1792869943015747	0.7488251174882512	chr16	86543231.0	86543345.0	antisense	0.8561575941171315	0.06744628677619535	0.15
MLX	10	20	0.1778150776009067	0.8497150284971503	chr16	86543231.0	86543345.0	sense	0.8891171366734294	0.051041019165106685	0.15
RORA	9	19	0.17779427219031296	0.8368163183681632	chr16	86543231.0	86543345.0	sense	0.8827391651078794	0.054167604337210934	0.15
FOXI1	15	22	0.1777106194956497	0.42375762423757624	chr16	86543231.0	86543345.0	sense	0.8561575941171315	0.06744628677619535	0.15
Dlx4	9	17	0.1764940598965239	0.7483251674832517	chr16	86543231.0	86543345.0	antisense	0.8561575941171315	0.06744628677619535	0.15
RORA(var.2)	6	20	0.17624431974030055	0.7091290870912909	chr16	86543231.0	86543345.0	sense	0.8561575941171315	0.06744628677619535	0.15
Sox6	10	20	0.1758016014172562	0.5174482551744826	chr16	86543231.0	86543345.0	sense	0.8561575941171315	0.06744628677619535	0.15
FOXP3	15	22	0.17578256272589293	0.718028197180282	chr16	86543231.0	86543345.0	sense	0.8561575941171315	0.06744628677619535	0.15
FOXD1	15	23	0.17545062393093205	0.626937306269373	chr16	86543231.0	86543345.0	sense	0.8561575941171315	0.06744628677619535	0.15
FOXD2	15	22	0.17459512263279006	0.6032396760323968	chr16	86543231.0	86543345.0	sense	0.8561575941171315	0.06744628677619535	0.15
HESX1	5	15	0.17448994810917015	0.7523247675232477	chr16	86543231.0	86543345.0	antisense	0.8561575941171315	0.06744628677619535	0.15
GATA3	14	22	0.17401672499318455	0.46965303469653036	chr16	86543231.0	86543345.0	sense	0.8561575941171315	0.06744628677619535	0.15
ONECUT2	9	23	0.17292028615624933	0.5863413658634137	chr16	86543231.0	86543345.0	antisense	0.8561575941171315	0.06744628677619535	0.15
VSX1	15	23	0.1723429804659305	0.6439356064393561	chr16	86543231.0	86543345.0	antisense	0.8561575941171315	0.06744628677619535	0.15
GBX1	14	24	0.17122368277679068	0.7197280271972802	chr16	86543231.0	86543345.0	sense	0.8561575941171315	0.06744628677619535	0.15
FOXO3	15	23	0.1702422172121772	0.39986001399860016	chr16	86543231.0	86543345.0	sense	0.8561575941171315	0.06744628677619535	0.15
EMX2	5	15	0.16928909467192327	0.7977202279772023	chr16	86543231.0	86543345.0	sense	0.8561575941171315	0.06744628677619535	0.15
Sox2	9	17	0.16890511270803613	0.5235476452354765	chr16	86543231.0	86543345.0	antisense	0.8561575941171315	0.06744628677619535	0.15
POU2F1	5	17	0.16759556967519884	0.7327267273272673	chr16	86543231.0	86543345.0	sense	0.8561575941171315	0.06744628677619535	0.15
FOXO4	15	22	0.16625646624384718	0.49365063493650635	chr16	86543231.0	86543345.0	sense	0.8561575941171315	0.06744628677619535	0.15
HSF2	10	23	0.16588428339694283	0.7194280571942806	chr16	86543231.0	86543345.0	sense	0.8561575941171315	0.06744628677619535	0.15
ONECUT1	9	23	0.16575446358858714	0.5795420457954205	chr16	86543231.0	86543345.0	antisense	0.8561575941171315	0.06744628677619535	0.15
JDP2	11	20	0.16565303376457896	0.6544345565443456	chr16	86543231.0	86543345.0	antisense	0.8561575941171315	0.06744628677619535	0.15
GBX2	14	24	0.16502822651009927	0.7729227077292271	chr16	86543231.0	86543345.0	sense	0.8561575941171315	0.06744628677619535	0.15
NOTO	5	15	0.16456971594951975	0.7892210778922107	chr16	86543231.0	86543345.0	antisense	0.8561575941171315	0.06744628677619535	0.15
HOXB13	14	24	0.16423229588873375	0.6638336166383362	chr16	86543231.0	86543345.0	antisense	0.8561575941171315	0.06744628677619535	0.15
GMEB2	11	19	0.16420520957344348	0.8735126487351265	chr16	86543231.0	86543345.0	antisense	0.9069137086291371	0.04243403339087395	0.15
Pou5f1::Sox2	6	21	0.16309542143734998	0.7429257074292571	chr16	86543231.0	86543345.0	sense	0.8561575941171315	0.06744628677619535	0.15
FOXO6	15	22	0.16092110068531906	0.50994900509949	chr16	86543231.0	86543345.0	sense	0.8561575941171315	0.06744628677619535	0.15
HOXA13	14	24	0.16037089838658936	0.6799320067993201	chr16	86543231.0	86543345.0	antisense	0.8561575941171315	0.06744628677619535	0.15
DLX6	15	23	0.16014966911562273	0.7456254374562544	chr16	86543231.0	86543345.0	antisense	0.8561575941171315	0.06744628677619535	0.15
RAX2	4	12	0.1594163632472	0.7592240775922408	chr16	86543231.0	86543345.0	antisense	0.8561575941171315	0.06744628677619535	0.15
HNF1A	4	19	0.1587923403384743	0.6158384161583842	chr16	86543231.0	86543345.0	sense	0.8561575941171315	0.06744628677619535	0.15
BARX1	15	23	0.1554527907469376	0.7913208679132087	chr16	86543231.0	86543345.0	sense	0.8561575941171315	0.06744628677619535	0.15
Atf1	10	18	0.15339367576645968	0.8965103489651035	chr16	86543231.0	86543345.0	sense	0.9177295288222657	0.03728529423196775	0.15
HSF1	5	18	0.15281096412853834	0.6856314368563143	chr16	86543231.0	86543345.0	antisense	0.8561575941171315	0.06744628677619535	0.15
VSX2	15	23	0.15175403284818056	0.6445355464453555	chr16	86543231.0	86543345.0	antisense	0.8561575941171315	0.06744628677619535	0.15
IRF8	7	21	0.15162810146196648	0.5146485351464853	chr16	86543231.0	86543345.0	sense	0.8561575941171315	0.06744628677619535	0.15
CUX1	10	20	0.1491197788992198	0.7484251574842515	chr16	86543231.0	86543345.0	antisense	0.8561575941171315	0.06744628677619535	0.15
ONECUT3	9	23	0.14855319241730375	0.5263473652634737	chr16	86543231.0	86543345.0	antisense	0.8561575941171315	0.06744628677619535	0.15
MSX1	4	12	0.14846343719233646	0.7845215478452154	chr16	86543231.0	86543345.0	antisense	0.8561575941171315	0.06744628677619535	0.15
UNCX	15	23	0.1457837001317364	0.7325267473252675	chr16	86543231.0	86543345.0	antisense	0.8561575941171315	0.06744628677619535	0.15
POU6F2	8	18	0.1450958177909255	0.7496250374962504	chr16	86543231.0	86543345.0	antisense	0.8561575941171315	0.06744628677619535	0.15
GRHL1	9	21	0.14389171551659524	0.8962103789621038	chr16	86543231.0	86543345.0	sense	0.9177295288222657	0.03728529423196775	0.15
POU4F3	8	24	0.14328668385832993	0.7429257074292571	chr16	86543231.0	86543345.0	sense	0.8561575941171315	0.06744628677619535	0.15
CUX2	10	20	0.14281449652736042	0.779022097790221	chr16	86543231.0	86543345.0	antisense	0.8561575941171315	0.06744628677619535	0.15
VENTX	7	16	0.14267909125314676	0.8454154584541546	chr16	86543231.0	86543345.0	sense	0.886405298864053	0.052367656428213005	0.15
Atoh1	8	18	0.14203634371003782	0.9261073892610739	chr16	86543231.0	86543345.0	sense	0.9384564467529855	0.027585877942748308	0.15
Sox1	9	24	0.13979676575287076	0.6197380261973803	chr16	86543231.0	86543345.0	antisense	0.8561575941171315	0.06744628677619535	0.15
LHX2	7	17	0.13915558579173745	0.7468253174682532	chr16	86543231.0	86543345.0	antisense	0.8561575941171315	0.06744628677619535	0.15
Lhx8	15	23	0.13834830669267822	0.7926207379262074	chr16	86543231.0	86543345.0	antisense	0.8561575941171315	0.06744628677619535	0.15
RAX	5	15	0.13829947583130217	0.7675232476752325	chr16	86543231.0	86543345.0	sense	0.8561575941171315	0.06744628677619535	0.15
E2F3	6	24	0.13818939529916408	0.573942605739426	chr16	86543231.0	86543345.0	sense	0.8561575941171315	0.06744628677619535	0.15
STAT3	8	19	0.13737767292976089	0.8709129087091291	chr16	86543231.0	86543345.0	antisense	0.9069137086291371	0.04243403339087395	0.15
NFIL3	4	15	0.13629860159477433	0.7061293870612939	chr16	86543231.0	86543345.0	antisense	0.8561575941171315	0.06744628677619535	0.15
Esrra	10	21	0.13487054509153842	0.8277172282771723	chr16	86543231.0	86543345.0	sense	0.8749190254090681	0.05803213948663213	0.15
EN1	15	23	0.13375346249336034	0.7229277072292771	chr16	86543231.0	86543345.0	sense	0.8561575941171315	0.06744628677619535	0.15
LBX1	15	23	0.13363185427613952	0.6691330866913309	chr16	86543231.0	86543345.0	sense	0.8561575941171315	0.06744628677619535	0.15
LHX6	14	24	0.1336028588125661	0.8435156484351565	chr16	86543231.0	86543345.0	sense	0.8862036873235754	0.052466447284602945	0.15
E2F7	10	24	0.13248437852424733	0.5246475352464753	chr16	86543231.0	86543345.0	antisense	0.8561575941171315	0.06744628677619535	0.15
POU3F3	4	17	0.12968252856281234	0.7091290870912909	chr16	86543231.0	86543345.0	sense	0.8561575941171315	0.06744628677619535	0.15
Nkx2-5	11	18	0.1292456959297672	0.6895310468953104	chr16	86543231.0	86543345.0	sense	0.8561575941171315	0.06744628677619535	0.15
Twist2	8	18	0.12827255399849277	0.9427057294270573	chr16	86543231.0	86543345.0	sense	0.9518760186238185	0.021419614571394397	0.15
mix-a	6	17	0.1276340859508722	0.5826417358264173	chr16	86543231.0	86543345.0	sense	0.8561575941171315	0.06744628677619535	0.15
Bhlha15	9	17	0.12658710684922322	0.8895110488951105	chr16	86543231.0	86543345.0	sense	0.9159845920169888	0.03811183163594785	0.15
POU3F1	11	23	0.1258332010784619	0.774022597740226	chr16	86543231.0	86543345.0	sense	0.8561575941171315	0.06744628677619535	0.15
MSX2	16	24	0.1257711435449222	0.7398260173982601	chr16	86543231.0	86543345.0	antisense	0.8561575941171315	0.06744628677619535	0.15
BHLHE22	8	18	0.12573984384301617	0.8886111388861114	chr16	86543231.0	86543345.0	sense	0.9159845920169888	0.03811183163594785	0.15
NKX6-2	15	23	0.12565155970866954	0.7251274872512748	chr16	86543231.0	86543345.0	antisense	0.8561575941171315	0.06744628677619535	0.15
Foxj2	13	21	0.12549215911297348	0.5745425457454254	chr16	86543231.0	86543345.0	antisense	0.8561575941171315	0.06744628677619535	0.15
HOXD13	14	24	0.12507296527076375	0.6668333166683331	chr16	86543231.0	86543345.0	antisense	0.8561575941171315	0.06744628677619535	0.15
POU2F2	4	17	0.12337948987632388	0.7059294070592941	chr16	86543231.0	86543345.0	sense	0.8561575941171315	0.06744628677619535	0.15
BSX	16	24	0.12294781660534028	0.7661233876612339	chr16	86543231.0	86543345.0	antisense	0.8561575941171315	0.06744628677619535	0.15
OLIG3	8	18	0.1215596467166118	0.9587041295870413	chr16	86543231.0	86543345.0	sense	0.9642779908055706	0.015797745693999936	0.15
NKX6-1	15	23	0.1191892643664607	0.5805419458054195	chr16	86543231.0	86543345.0	sense	0.8561575941171315	0.06744628677619535	0.15
POU5F1B	12	21	0.11915283329141846	0.7823217678232177	chr16	86543231.0	86543345.0	sense	0.8561575941171315	0.06744628677619535	0.15
FOXL1	15	22	0.11887056296285767	0.5929407059294071	chr16	86543231.0	86543345.0	sense	0.8561575941171315	0.06744628677619535	0.15
PAX4	15	23	0.11816237789273752	0.783021697830217	chr16	86543231.0	86543345.0	antisense	0.8561575941171315	0.06744628677619535	0.15
FOXG1	13	21	0.11582466032430734	0.5383461653834617	chr16	86543231.0	86543345.0	antisense	0.8561575941171315	0.06744628677619535	0.15
PRRX1	15	23	0.1144315637491946	0.7077292270772922	chr16	86543231.0	86543345.0	antisense	0.8561575941171315	0.06744628677619535	0.15
Nobox	5	13	0.11409855158855689	0.7441255874412559	chr16	86543231.0	86543345.0	antisense	0.8561575941171315	0.06744628677619535	0.15
POU3F2	11	23	0.11279668269460934	0.6606339366063394	chr16	86543231.0	86543345.0	sense	0.8561575941171315	0.06744628677619535	0.15
POU3F4	12	21	0.11263975356451122	0.6294370562943705	chr16	86543231.0	86543345.0	sense	0.8561575941171315	0.06744628677619535	0.15
LHX9	16	24	0.11184682926213806	0.8002199780021998	chr16	86543231.0	86543345.0	antisense	0.8561575941171315	0.06744628677619535	0.15
SHOX	16	24	0.10989934626618306	0.7909209079092091	chr16	86543231.0	86543345.0	sense	0.8561575941171315	0.06744628677619535	0.15
Msx3	16	24	0.10890318470157405	0.7168283171682832	chr16	86543231.0	86543345.0	antisense	0.8561575941171315	0.06744628677619535	0.15
Dlx2	15	23	0.10768282614442874	0.7516248375162484	chr16	86543231.0	86543345.0	sense	0.8561575941171315	0.06744628677619535	0.15
LMX1B	15	23	0.10536391241738684	0.6228377162283771	chr16	86543231.0	86543345.0	sense	0.8561575941171315	0.06744628677619535	0.15
Stat5a::Stat5b	7	18	0.10503502617844289	0.8863113688631137	chr16	86543231.0	86543345.0	sense	0.9159845920169888	0.03811183163594785	0.15
POU6F1	14	24	0.10452279652027933	0.6152384761523848	chr16	86543231.0	86543345.0	sense	0.8561575941171315	0.06744628677619535	0.15
STAT1	9	20	0.1043308380442077	0.8823117688231177	chr16	86543231.0	86543345.0	sense	0.9140115928526907	0.039048295863516366	0.15
BHLHE23	7	19	0.10408944197587966	0.8149185081491851	chr16	86543231.0	86543345.0	antisense	0.866685872396367	0.0621382826911388	0.15
OLIG1	8	18	0.10397162669554004	0.787021297870213	chr16	86543231.0	86543345.0	antisense	0.8561575941171315	0.06744628677619535	0.15
Shox2	15	23	0.10247275485898016	0.6815318468153184	chr16	86543231.0	86543345.0	antisense	0.8561575941171315	0.06744628677619535	0.15
IRF9	8	23	0.10104338997488341	0.5049495050494951	chr16	86543231.0	86543345.0	antisense	0.8561575941171315	0.06744628677619535	0.15
DUXA	7	20	0.097907829671393	0.8257174282571743	chr16	86543231.0	86543345.0	antisense	0.8745864189091295	0.058197270918235164	0.15
POU4F1	4	18	0.08833802965510602	0.7828217178282172	chr16	86543231.0	86543345.0	sense	0.8561575941171315	0.06744628677619535	0.15
OLIG2	7	17	0.08809587539842535	0.9624037596240376	chr16	86543231.0	86543345.0	antisense	0.9661267915761615	0.01496587434180903	0.15
ISX	15	23	0.08385787800609251	0.6658334166583342	chr16	86543231.0	86543345.0	antisense	0.8561575941171315	0.06744628677619535	0.15
E2F2	7	23	0.08319787779210691	0.6725327467253275	chr16	86543231.0	86543345.0	sense	0.8561575941171315	0.06744628677619535	0.15
LMX1A	15	23	0.07981350054597582	0.6176382361763824	chr16	86543231.0	86543345.0	sense	0.8561575941171315	0.06744628677619535	0.15
Arid3b	5	16	0.07780227311029729	0.599040095990401	chr16	86543231.0	86543345.0	antisense	0.8561575941171315	0.06744628677619535	0.15
Lhx4	15	23	0.07499173099705754	0.6832316768323168	chr16	86543231.0	86543345.0	sense	0.8561575941171315	0.06744628677619535	0.15
DUX4	8	19	0.06429602399158706	0.7316268373162683	chr16	86543231.0	86543345.0	antisense	0.8561575941171315	0.06744628677619535	0.15
Lhx3	5	18	0.06415663657423827	0.5815418458154185	chr16	86543231.0	86543345.0	antisense	0.8561575941171315	0.06744628677619535	0.15
PAX7	10	20	0.06347139731947338	0.5957404259574043	chr16	86543231.0	86543345.0	antisense	0.8561575941171315	0.06744628677619535	0.15
Sox11	9	24	0.062251197334995505	0.5773422657734226	chr16	86543231.0	86543345.0	antisense	0.8561575941171315	0.06744628677619535	0.15
PAX3	10	20	0.06146988036640736	0.6109389061093891	chr16	86543231.0	86543345.0	sense	0.8561575941171315	0.06744628677619535	0.15
LIN54	14	23	0.05192011282436115	0.7295270472952705	chr16	86543231.0	86543345.0	antisense	0.8561575941171315	0.06744628677619535	0.15
SOX21	9	24	0.047605266555223576	0.6725327467253275	chr16	86543231.0	86543345.0	sense	0.8561575941171315	0.06744628677619535	0.15
PHOX2A	11	22	0.04400033439059713	0.7326267373262674	chr16	86543231.0	86543345.0	sense	0.8561575941171315	0.06744628677619535	0.15
SOX8	7	23	0.03166020574801921	0.6234376562343765	chr16	86543231.0	86543345.0	sense	0.8561575941171315	0.06744628677619535	0.15
Phox2b	11	22	0.030337386614231947	0.7507249275072493	chr16	86543231.0	86543345.0	sense	0.8561575941171315	0.06744628677619535	0.15
TBX19	3	23	0.027931419148781056	0.9561043895610439	chr16	86543231.0	86543345.0	sense	0.9635304430721976	0.016134559109825256	0.15
SOX4	7	23	0.02622046053200543	0.6505349465053495	chr16	86543231.0	86543345.0	sense	0.8561575941171315	0.06744628677619535	0.15
MEF2B	5	17	0.010915909479226658	0.7414258574142586	chr16	86543231.0	86543345.0	antisense	0.8561575941171315	0.06744628677619535	0.15
T	7	23	0.009380022809194945	0.9726027397260274	chr16	86543231.0	86543345.0	sense	0.97448035119268	0.01122691329815579	0.15
PROP1	9	20	0.009372639912140542	0.6198380161983802	chr16	86543231.0	86543345.0	antisense	0.8561575941171315	0.06744628677619535	0.15
Arid3a	17	23	0.0009560858476171492	0.7295270472952705	chr16	86543231.0	86543345.0	sense	0.8561575941171315	0.06744628677619535	0.15
MEF2A	2	14	-0.0	0.9276072392760724	chr16	86543231.0	86543345.0	sense	0.9384564467529855	0.027585877942748308	0.15
MEF2D	2	14	-0.0	0.9243075692430757	chr16	86543231.0	86543345.0	sense	0.9384564467529855	0.027585877942748308	0.15
POU4F2	4	20	-0.022393881958004187	0.794020597940206	chr16	86543231.0	86543345.0	antisense	0.8561575941171315	0.06744628677619535	0.15
