motif	start	end	score	pval	tile_chr	tile_start	tile_end	strand	padj	neg_log_pval	fdr_cutoff
Neurog1	60	70	3.0466981924264727	0.0012998700129987	chr1	173837092.0	173837206.0	antisense	0.09081591840815918	1.0418380207421105	0.1
MEIS1	66	73	2.6442970761525326	0.00029997000299970003	chr1	173837092.0	173837206.0	antisense	0.051894810518948106	1.2848760694284047	0.1
Hes2	62	75	2.499312071249844	0.014198580141985802	chr1	173837092.0	173837206.0	antisense	0.20358733357433487	0.6912492456373053	0.1
Mecom	64	78	2.4298628205217443	0.00019998000199980003	chr1	173837092.0	173837206.0	antisense	0.051894810518948106	1.2848760694284047	0.1
MEIS3	65	73	2.4266526218946805	0.0006999300069993001	chr1	173837092.0	173837206.0	antisense	0.09081591840815918	1.0418380207421105	0.1
NRL	60	71	2.385817981483045	0.0065993400659934	chr1	173837092.0	173837206.0	sense	0.16433356664333568	0.7842737188592195	0.1
Sox17	62	71	2.297091890416495	0.00019998000199980003	chr1	173837092.0	173837206.0	sense	0.051894810518948106	1.2848760694284047	0.1
SPIC	64	78	2.2805747016104125	0.0028997100289971	chr1	173837092.0	173837206.0	antisense	0.12800719928007198	0.8927656044170911	0.1
MEIS2	65	73	2.0535207492622	0.0010998900109989002	chr1	173837092.0	173837206.0	antisense	0.09081591840815918	1.0418380207421105	0.1
SMAD2::SMAD3::SMAD4	62	75	2.04021828760881	0.0034996500349965005	chr1	173837092.0	173837206.0	sense	0.12800719928007198	0.8927656044170911	0.1
NR3C2	57	74	2.0040039792426394	0.0017998200179982	chr1	173837092.0	173837206.0	sense	0.10378962103789621	0.9838460737644236	0.1
Myb	62	72	1.9965632872942751	0.0010998900109989002	chr1	173837092.0	173837206.0	sense	0.09081591840815918	1.0418380207421105	0.1
NR3C1	57	74	1.9768210978390819	0.001999800019998	chr1	173837092.0	173837206.0	antisense	0.10378962103789621	0.9838460737644236	0.1
ZIC4	57	72	1.952341839079834	0.0131986801319868	chr1	173837092.0	173837206.0	sense	0.2014739702500338	0.6957810552648102	0.1
PRDM1	63	78	1.924305553772016	0.0072992700729927005	chr1	173837092.0	173837206.0	antisense	0.16433356664333568	0.7842737188592195	0.1
TBP	64	79	1.9145439764620853	0.0514948505149485	chr1	173837092.0	173837206.0	antisense	0.36115982996294965	0.44230056011818997	0.1
Rhox11	56	73	1.8646685888414398	0.061993800619938005	chr1	173837092.0	173837206.0	antisense	0.3736426357364264	0.4275435729971363	0.1
NFATC1	65	75	1.8604303481501663	0.028997100289971003	chr1	173837092.0	173837206.0	sense	0.28941336635567216	0.5384814151642479	0.1
Mafb	60	72	1.8573294835235286	0.011498850114988501	chr1	173837092.0	173837206.0	sense	0.19185354191853543	0.7170301786315441	0.1
SRY	65	74	1.8544571780767756	0.006899310068993101	chr1	173837092.0	173837206.0	antisense	0.16433356664333568	0.7842737188592195	0.1
GLI2	57	69	1.844570934184734	0.0036996300369963003	chr1	173837092.0	173837206.0	sense	0.12800719928007198	0.8927656044170911	0.1
JUN	60	73	1.8007912140842426	0.0034996500349965005	chr1	173837092.0	173837206.0	sense	0.12800719928007198	0.8927656044170911	0.1
RUNX1	64	75	1.7983916077959556	0.015798420157984203	chr1	173837092.0	173837206.0	sense	0.20498450154984504	0.6882789738019446	0.1
OLIG2	60	70	1.7940956149127107	0.0035996400359964	chr1	173837092.0	173837206.0	antisense	0.12800719928007198	0.8927656044170911	0.1
ESR2	58	73	1.7935939649937251	0.028897110288971104	chr1	173837092.0	173837206.0	sense	0.28941336635567216	0.5384814151642479	0.1
GATA2	60	74	1.7858884848512389	0.014898510148985102	chr1	173837092.0	173837206.0	sense	0.20358733357433487	0.6912492456373053	0.1
NFATC3	65	75	1.7852213029648691	0.025597440255974404	chr1	173837092.0	173837206.0	sense	0.26777722227777223	0.5722263678011934	0.1
JUND(var.2)	59	74	1.7723899152358007	0.0108989101089891	chr1	173837092.0	173837206.0	sense	0.19185354191853543	0.7170301786315441	0.1
SMAD3	67	77	1.7666201950924159	0.0013998600139986002	chr1	173837092.0	173837206.0	antisense	0.09081591840815918	1.0418380207421105	0.1
YY1	57	69	1.748482887271165	0.0066993300669933005	chr1	173837092.0	173837206.0	antisense	0.16433356664333568	0.7842737188592195	0.1
Hand1::Tcf3	63	73	1.743883143719971	0.0103989601039896	chr1	173837092.0	173837206.0	sense	0.19185354191853543	0.7170301786315441	0.1
MAFF	58	76	1.7428331199168365	0.06409359064093591	chr1	173837092.0	173837206.0	antisense	0.3736426357364264	0.4275435729971363	0.1
Myod1	61	74	1.7333959904629792	0.0112988701129887	chr1	173837092.0	173837206.0	sense	0.19185354191853543	0.7170301786315441	0.1
OLIG3	60	70	1.7263341968969037	0.0082991700829917	chr1	173837092.0	173837206.0	antisense	0.17229077092290768	0.7637379857243686	0.1
Pax2	64	72	1.7185354280085725	0.0377962203779622	chr1	173837092.0	173837206.0	antisense	0.32923428968578555	0.48249493942026045	0.1
THAP1	66	75	1.710744607834832	0.0638936106389361	chr1	173837092.0	173837206.0	sense	0.3736426357364264	0.4275435729971363	0.1
Bcl6	64	78	1.7057970288645432	0.022997700229977002	chr1	173837092.0	173837206.0	antisense	0.260578197499399	0.5840619243940157	0.1
Ar	57	74	1.6872717401402306	0.0110988901109889	chr1	173837092.0	173837206.0	sense	0.19185354191853543	0.7170301786315441	0.1
Nr2e1	66	75	1.6538549756985224	0.0064993500649935	chr1	173837092.0	173837206.0	antisense	0.16433356664333568	0.7842737188592195	0.1
NFAT5	65	75	1.6438941745619804	0.0230976902309769	chr1	173837092.0	173837206.0	sense	0.260578197499399	0.5840619243940157	0.1
STAT1::STAT2	63	78	1.640007678396226	0.012198780121987801	chr1	173837092.0	173837206.0	sense	0.19185354191853543	0.7170301786315441	0.1
NR4A2	66	74	1.6301215678479528	0.007599240075992401	chr1	173837092.0	173837206.0	antisense	0.16433356664333568	0.7842737188592195	0.1
NEUROD2	60	70	1.613231954297753	0.015298470152984701	chr1	173837092.0	173837206.0	sense	0.20358733357433487	0.6912492456373053	0.1
GATA5	64	72	1.6113339989793125	0.014998500149985002	chr1	173837092.0	173837206.0	antisense	0.20358733357433487	0.6912492456373053	0.1
Mitf	67	77	1.6036492084851295	0.0700929907009299	chr1	173837092.0	173837206.0	sense	0.38292907551350125	0.41688165675059397	0.1
MAFG::NFE2L1	68	74	1.490196499815742	0.007499250074992501	chr1	173837092.0	173837206.0	antisense	0.16433356664333568	0.7842737188592195	0.1
Foxq1	64	75	1.4894397489571387	0.0098990100989901	chr1	173837092.0	173837206.0	sense	0.19185354191853543	0.7170301786315441	0.1
EMX1	67	77	1.48839075161043	0.10338966103389662	chr1	173837092.0	173837206.0	antisense	0.458625932278567	0.3385413924166428	0.1
Sox6	63	73	1.48729068200807	0.006999300069993001	chr1	173837092.0	173837206.0	sense	0.16433356664333568	0.7842737188592195	0.1
Sox3	65	75	1.4831361133858136	0.007099290070992901	chr1	173837092.0	173837206.0	sense	0.16433356664333568	0.7842737188592195	0.1
LBX2	61	71	1.4777779596053866	0.14558544145585442	chr1	173837092.0	173837206.0	antisense	0.5066397206433203	0.29530076444682385	0.1
MYBL2	56	71	1.4597706734403084	0.0301969803019698	chr1	173837092.0	173837206.0	sense	0.2902265329022653	0.5372628862942227	0.1
Gata1	63	74	1.4257323259889219	0.017698230176982303	chr1	173837092.0	173837206.0	sense	0.21869955861556703	0.6601520934644987	0.1
Nr5a2	65	80	1.424948464632106	0.058194180581941805	chr1	173837092.0	173837206.0	antisense	0.3736426357364264	0.4275435729971363	0.1
RARA::RXRA	55	72	1.4187762024500066	0.0771922807719228	chr1	173837092.0	173837206.0	sense	0.39666132396661324	0.40158014287531124	0.1
GRHL1	61	73	1.4095764131632498	0.025797420257974202	chr1	173837092.0	173837206.0	antisense	0.26777722227777223	0.5722263678011934	0.1
FOXC1	63	74	1.4061980119333193	0.029597040295970403	chr1	173837092.0	173837206.0	antisense	0.28982762101148374	0.5378602279702553	0.1
SOX10	66	72	1.4047507327678141	0.012098790120987902	chr1	173837092.0	173837206.0	sense	0.19185354191853543	0.7170301786315441	0.1
Gfi1b	64	75	1.4022436050810851	0.017598240175982403	chr1	173837092.0	173837206.0	antisense	0.21869955861556703	0.6601520934644987	0.1
Nr1h3::Rxra	59	78	1.3862112687567871	0.2268773122687731	chr1	173837092.0	173837206.0	sense	0.5495707186038152	0.2599764147541041	0.1
Hes1	57	67	1.3769753200279475	0.42075792420757924	chr1	173837092.0	173837206.0	sense	0.6374362563743626	0.19556323817086985	0.1
FIGLA	61	71	1.374536580010879	0.0476952304769523	chr1	173837092.0	173837206.0	sense	0.3566854582147419	0.4477145961447695	0.1
MAF::NFE2	60	75	1.3655300683451996	0.0316968303169683	chr1	173837092.0	173837206.0	antisense	0.29133928712391916	0.5356009467809904	0.1
Nfe2l2	64	79	1.362949322942812	0.055894410558944105	chr1	173837092.0	173837206.0	antisense	0.3719128087191281	0.4295588642324619	0.1
Myog	60	71	1.3628087673887503	0.0235976402359764	chr1	173837092.0	173837206.0	antisense	0.260578197499399	0.5840619243940157	0.1
IRF7	65	79	1.3553427659407178	0.0206979302069793	chr1	173837092.0	173837206.0	antisense	0.249819204126099	0.6023741795510736	0.1
MEOX2	62	72	1.3509459590107487	0.1770822917708229	chr1	173837092.0	173837206.0	antisense	0.5192412962093621	0.2846307746001367	0.1
BARHL2	60	70	1.3420766207754538	0.1146885311468853	chr1	173837092.0	173837206.0	sense	0.4699136385574041	0.32798195003075004	0.1
ZNF263	57	78	1.3376584801065619	0.1483851614838516	chr1	173837092.0	173837206.0	antisense	0.5066397206433203	0.29530076444682385	0.1
MAFK	60	75	1.3372351269312663	0.09429057094290572	chr1	173837092.0	173837206.0	antisense	0.4292702308716497	0.367269228027549	0.1
ETV5	60	70	1.336977542886022	0.07579242075792421	chr1	173837092.0	173837206.0	antisense	0.39666132396661324	0.40158014287531124	0.1
TCF7L2	63	77	1.3369758334264144	0.0678932106789321	chr1	173837092.0	173837206.0	antisense	0.38292907551350125	0.41688165675059397	0.1
FOXP3	67	74	1.3359017586446726	0.025797420257974202	chr1	173837092.0	173837206.0	antisense	0.26777722227777223	0.5722263678011934	0.1
CENPB	64	79	1.3356974846772731	0.0978902109789021	chr1	173837092.0	173837206.0	antisense	0.4417827782439147	0.3547912179788787	0.1
Gmeb1	55	72	1.3234363036909802	0.6602339766023397	chr1	173837092.0	173837206.0	sense	0.736906309369063	0.13258772504534838	0.1
HOXB2	62	72	1.3155070065851189	0.18888111188881113	chr1	173837092.0	173837206.0	antisense	0.5309658507833427	0.274933409790978	0.1
ID4	61	71	1.313771732206888	0.041695830416958304	chr1	173837092.0	173837206.0	sense	0.33181227331812274	0.4791075540085996	0.1
Foxo1	64	75	1.3075364454826577	0.03189681031896811	chr1	173837092.0	173837206.0	sense	0.29133928712391916	0.5356009467809904	0.1
Hoxd8	56	73	1.3039008147452826	0.23407659234076592	chr1	173837092.0	173837206.0	sense	0.5495707186038152	0.2599764147541041	0.1
TEAD1	60	70	1.303286544325127	0.0771922807719228	chr1	173837092.0	173837206.0	sense	0.39666132396661324	0.40158014287531124	0.1
SNAI2	62	71	1.3024406075638266	0.06109389061093891	chr1	173837092.0	173837206.0	antisense	0.3736426357364264	0.4275435729971363	0.1
GATA1::TAL1	61	79	1.2922876683444862	0.1872812718728127	chr1	173837092.0	173837206.0	sense	0.5309658507833427	0.274933409790978	0.1
EVX1	62	72	1.2753102173331516	0.1934806519348065	chr1	173837092.0	173837206.0	antisense	0.5309658507833427	0.274933409790978	0.1
IRF2	60	78	1.2736486141776784	0.031996800319968	chr1	173837092.0	173837206.0	antisense	0.29133928712391916	0.5356009467809904	0.1
ETV1	60	70	1.2704994833465315	0.06479352064793521	chr1	173837092.0	173837206.0	antisense	0.3736426357364264	0.4275435729971363	0.1
Atoh1	60	70	1.2669723118900307	0.050594940505949405	chr1	173837092.0	173837206.0	antisense	0.36042012237132454	0.4431909702155247	0.1
TEAD4	60	70	1.2624194229664045	0.08359164083591641	chr1	173837092.0	173837206.0	sense	0.41318153898895826	0.3838590910593265	0.1
ETV4	60	70	1.2613965441186636	0.0628937106289371	chr1	173837092.0	173837206.0	antisense	0.3736426357364264	0.4275435729971363	0.1
EVX2	62	72	1.2523742280629448	0.21587841215878412	chr1	173837092.0	173837206.0	antisense	0.541958068344109	0.26603431381445225	0.1
REL	66	76	1.225371395771402	0.07699230076992301	chr1	173837092.0	173837206.0	sense	0.39666132396661324	0.40158014287531124	0.1
MNX1	67	77	1.2237013866798894	0.13338666133386662	chr1	173837092.0	173837206.0	antisense	0.5016498350164984	0.2995993262491111	0.1
IRF1	55	76	1.222796703548699	0.12448755124487551	chr1	173837092.0	173837206.0	sense	0.48215700817977897	0.3168115163614574	0.1
FOXH1	67	78	1.2206986076366253	0.038196180381961806	chr1	173837092.0	173837206.0	antisense	0.32923428968578555	0.48249493942026045	0.1
TAL1::TCF3	59	71	1.2093964895996123	0.0537946205379462	chr1	173837092.0	173837206.0	sense	0.3625897150544686	0.4405845189344975	0.1
Gata4	64	75	1.2073190214070735	0.046295370462953706	chr1	173837092.0	173837206.0	sense	0.353342606915779	0.451803991116688	0.1
ERG	60	70	1.2050768670921754	0.0524947505249475	chr1	173837092.0	173837206.0	antisense	0.3625897150544686	0.4405845189344975	0.1
ETS1	60	70	1.2033243998729282	0.048795120487951205	chr1	173837092.0	173837206.0	antisense	0.3566854582147419	0.4477145961447695	0.1
SP2	58	73	1.1940305934162552	0.1060893910608939	chr1	173837092.0	173837206.0	sense	0.45883661633836614	0.338341931574689	0.1
FEV	60	70	1.1912929486862855	0.062193780621937804	chr1	173837092.0	173837206.0	antisense	0.3736426357364264	0.4275435729971363	0.1
Hoxb5	63	79	1.1872707327609382	0.2862713728627137	chr1	173837092.0	173837206.0	antisense	0.5692522701752812	0.2446952287450872	0.1
FOXA1	60	75	1.1842514492013057	0.12988701129887012	chr1	173837092.0	173837206.0	sense	0.4956717563537764	0.3048058267255944	0.1
Barhl1	61	71	1.1839741576767149	0.3568643135686431	chr1	173837092.0	173837206.0	sense	0.6106175566653861	0.214230712888189	0.1
ELK3	60	70	1.1819342335362928	0.0638936106389361	chr1	173837092.0	173837206.0	antisense	0.3736426357364264	0.4275435729971363	0.1
T	56	72	1.1723590546201008	0.0690930906909309	chr1	173837092.0	173837206.0	antisense	0.38292907551350125	0.41688165675059397	0.1
ETV3	60	70	1.1703840532204524	0.0756924307569243	chr1	173837092.0	173837206.0	antisense	0.39666132396661324	0.40158014287531124	0.1
VAX1	68	76	1.170315300201964	0.1792820717928207	chr1	173837092.0	173837206.0	antisense	0.5227381756206402	0.28171578217511595	0.1
Dmbx1	56	73	1.166911992970578	0.3013698630136986	chr1	173837092.0	173837206.0	antisense	0.5733050782512988	0.2416142112922199	0.1
Dlx1	67	77	1.163334630059725	0.3017698230176982	chr1	173837092.0	173837206.0	antisense	0.5733050782512988	0.2416142112922199	0.1
Arid5a	60	74	1.1486725704859826	0.3428657134286571	chr1	173837092.0	173837206.0	sense	0.5990541885408774	0.22253389093312995	0.1
NR2F1	63	76	1.1473473563382368	0.12068793120687932	chr1	173837092.0	173837206.0	antisense	0.48182335612592586	0.31711215163789236	0.1
ERF	60	70	1.14621325479995	0.05069493050694931	chr1	173837092.0	173837206.0	antisense	0.36042012237132454	0.4431909702155247	0.1
GATA3	69	77	1.1428508833924418	0.014898510148985102	chr1	173837092.0	173837206.0	antisense	0.20358733357433487	0.6912492456373053	0.1
Atf3	66	74	1.1311528559484707	0.036096390360963904	chr1	173837092.0	173837206.0	antisense	0.32300045857483217	0.4907968610856842	0.1
VAX2	68	76	1.1293250611900778	0.16678332166783322	chr1	173837092.0	173837206.0	antisense	0.5192412962093621	0.2846307746001367	0.1
FOXP1	64	79	1.1162883814984013	0.1446855314468553	chr1	173837092.0	173837206.0	antisense	0.5066397206433203	0.29530076444682385	0.1
Creb5	62	74	1.115193303164939	0.042995700429957005	chr1	173837092.0	173837206.0	antisense	0.3330562466141445	0.47748241654964474	0.1
SOX9	63	72	1.1145314611422976	0.1481851814818518	chr1	173837092.0	173837206.0	sense	0.5066397206433203	0.29530076444682385	0.1
Pparg::Rxra	60	75	1.1048327025273725	0.33456654334566543	chr1	173837092.0	173837206.0	antisense	0.5916714451003878	0.2279193898823233	0.1
FLI1	60	70	1.1009974684636423	0.053594640535946404	chr1	173837092.0	173837206.0	antisense	0.3625897150544686	0.4405845189344975	0.1
HNF4G	60	75	1.0999401328481624	0.2096790320967903	chr1	173837092.0	173837206.0	antisense	0.5360759490553407	0.2707736768762739	0.1
Foxd3	64	76	1.0989669289754769	0.08859114088591141	chr1	173837092.0	173837206.0	sense	0.41515848415158485	0.3817860824364612	0.1
FOXC2	62	74	1.098548613411906	0.137986201379862	chr1	173837092.0	173837206.0	antisense	0.5066397206433203	0.29530076444682385	0.1
Tcf12	60	71	1.094799724717603	0.06989301069893011	chr1	173837092.0	173837206.0	antisense	0.38292907551350125	0.41688165675059397	0.1
Foxj3	55	72	1.094312735595949	0.26617338266173385	chr1	173837092.0	173837206.0	antisense	0.5649838241982252	0.24796398609563383	0.1
Sox1	62	77	1.0929893037345226	0.0415958404159584	chr1	173837092.0	173837206.0	antisense	0.33181227331812274	0.4791075540085996	0.1
EOMES	63	76	1.0884046675581884	0.20877912208779123	chr1	173837092.0	173837206.0	antisense	0.5360759490553407	0.2707736768762739	0.1
SOX21	62	77	1.0876525178239898	0.021497850214978503	chr1	173837092.0	173837206.0	antisense	0.2535769150357692	0.5958902859989869	0.1
TGIF2	60	72	1.0705998560233483	0.0408959104089591	chr1	173837092.0	173837206.0	antisense	0.33181227331812274	0.4791075540085996	0.1
Six3	60	77	1.070499485571093	0.3016698330166983	chr1	173837092.0	173837206.0	sense	0.5733050782512988	0.2416142112922199	0.1
USF1	67	78	1.0656086356256063	0.08919108089191082	chr1	173837092.0	173837206.0	antisense	0.41515848415158485	0.3817860824364612	0.1
ZIC1	57	71	1.0638789105789979	0.05909409059094091	chr1	173837092.0	173837206.0	sense	0.3736426357364264	0.4275435729971363	0.1
PPARG	56	76	1.0631823860951148	0.18948105189481051	chr1	173837092.0	173837206.0	sense	0.5309658507833427	0.274933409790978	0.1
DMRT3	59	70	1.0597828176492632	0.17118288171182883	chr1	173837092.0	173837206.0	antisense	0.5192412962093621	0.2846307746001367	0.1
SCRT1	60	75	1.0595315071092013	0.0928907109289071	chr1	173837092.0	173837206.0	antisense	0.4266396369212636	0.3699387989181828	0.1
SPIB	63	70	1.059116812280336	0.06239376062393761	chr1	173837092.0	173837206.0	antisense	0.3736426357364264	0.4275435729971363	0.1
POU3F3	55	68	1.0581960207707175	0.1638836116388361	chr1	173837092.0	173837206.0	antisense	0.5192412962093621	0.2846307746001367	0.1
GSX2	62	72	1.0581534681962799	0.5134486551344866	chr1	173837092.0	173837206.0	antisense	0.6808387863503726	0.16695571112246607	0.1
HOXA2	67	77	1.0504857972265935	0.3387661233876612	chr1	173837092.0	173837206.0	sense	0.5959987052142244	0.22475468374789848	0.1
NFYB	63	78	1.0475182119509294	0.19618038196180382	chr1	173837092.0	173837206.0	sense	0.5319883396275757	0.2740978866728058	0.1
PAX5	55	74	1.0440483219825045	0.40845915408459155	chr1	173837092.0	173837206.0	antisense	0.6351373712186305	0.19713233280251388	0.1
ZBTB7A	65	77	1.0436530305446423	0.17538246175382463	chr1	173837092.0	173837206.0	antisense	0.5192412962093621	0.2846307746001367	0.1
TBX2	63	74	1.042960027700377	0.25677432256774324	chr1	173837092.0	173837206.0	sense	0.5649838241982252	0.24796398609563383	0.1
BATF::JUN	65	76	1.0383799792435837	0.08649135086491351	chr1	173837092.0	173837206.0	antisense	0.41515848415158485	0.3817860824364612	0.1
Hoxa11	67	79	1.037777262778764	0.2283771622837716	chr1	173837092.0	173837206.0	sense	0.5495707186038152	0.2599764147541041	0.1
HLTF	60	70	1.037416391469123	0.30626937306269375	chr1	173837092.0	173837206.0	sense	0.574549687888354	0.24067240693635134	0.1
Stat4	64	78	1.0371048057800287	0.1832816718328167	chr1	173837092.0	173837206.0	antisense	0.5284621537846216	0.27698610956949415	0.1
Nkx2-5(var.2)	61	72	1.0331313714451462	0.11748825117488251	chr1	173837092.0	173837206.0	antisense	0.4726852896105739	0.32542791311989866	0.1
HOXD11	68	78	1.0296634014181585	0.08959104089591041	chr1	173837092.0	173837206.0	sense	0.41515848415158485	0.3817860824364612	0.1
MZF1(var.2)	57	67	1.0261992464081813	0.18938106189381063	chr1	173837092.0	173837206.0	antisense	0.5309658507833427	0.274933409790978	0.1
Dlx3	68	76	1.0225556913319	0.26017398260173985	chr1	173837092.0	173837206.0	antisense	0.5649838241982252	0.24796398609563383	0.1
Gabpa	68	79	1.0166245428924923	0.11608839116088392	chr1	173837092.0	173837206.0	antisense	0.4707021485351465	0.3272538193376993	0.1
Pou5f1::Sox2	64	79	1.0154138595508846	0.2298770122987701	chr1	173837092.0	173837206.0	sense	0.5495707186038152	0.2599764147541041	0.1
Sox5	65	72	1.0103347101018636	0.0486951304869513	chr1	173837092.0	173837206.0	sense	0.3566854582147419	0.4477145961447695	0.1
SPDEF	60	71	1.0095370486366473	0.0831916808319168	chr1	173837092.0	173837206.0	sense	0.41318153898895826	0.3838590910593265	0.1
HOXB3	62	72	1.0090329126320303	0.4006599340065993	chr1	173837092.0	173837206.0	antisense	0.6304433193044332	0.20035395305577064	0.1
INSM1	67	79	1.0083252074557154	0.0857914208579142	chr1	173837092.0	173837206.0	sense	0.41515848415158485	0.3817860824364612	0.1
LEF1	62	77	1.0042188352183892	0.1105889411058894	chr1	173837092.0	173837206.0	antisense	0.4628682293061016	0.33454262762196046	0.1
Tcfl5	57	67	0.9936731420392069	0.6260373962603739	chr1	173837092.0	173837206.0	sense	0.7244833503520546	0.13997159077709267	0.1
TCF4	61	71	0.9901388245056589	0.11018898110188981	chr1	173837092.0	173837206.0	sense	0.4628682293061016	0.33454262762196046	0.1
FOXP2	65	76	0.989558877311456	0.08439156084391561	chr1	173837092.0	173837206.0	antisense	0.41320018941502074	0.38383948806752005	0.1
XBP1	65	79	0.9867933694562185	0.16378362163783622	chr1	173837092.0	173837206.0	sense	0.5192412962093621	0.2846307746001367	0.1
Foxk1	63	80	0.9838841351192816	0.26997300269973	chr1	173837092.0	173837206.0	sense	0.5649838241982252	0.24796398609563383	0.1
POU2F1	56	68	0.9830836711800998	0.23467653234676533	chr1	173837092.0	173837206.0	antisense	0.5495707186038152	0.2599764147541041	0.1
Zfx	55	69	0.9826056964394518	0.24317568243175683	chr1	173837092.0	173837206.0	sense	0.5534694356651292	0.25690635723961197	0.1
TFE3	68	78	0.9800883618991185	0.290970902909709	chr1	173837092.0	173837206.0	antisense	0.5733050782512988	0.2416142112922199	0.1
MEF2C	64	79	0.9785596151165745	0.24937506249375063	chr1	173837092.0	173837206.0	antisense	0.557536554036904	0.2537266534886087	0.1
Gfi1	61	71	0.9662511835918439	0.2712728727127287	chr1	173837092.0	173837206.0	sense	0.565424180473519	0.24762562276254504	0.1
Rfx1	65	79	0.9659152222646469	0.23507649235076492	chr1	173837092.0	173837206.0	sense	0.5495707186038152	0.2599764147541041	0.1
MAX::MYC	60	71	0.9657460801538653	0.12408759124087591	chr1	173837092.0	173837206.0	antisense	0.48215700817977897	0.3168115163614574	0.1
CREB1	64	72	0.9605466976535996	0.11328867113288671	chr1	173837092.0	173837206.0	antisense	0.4699136385574041	0.32798195003075004	0.1
HOXC12	67	78	0.960232724832206	0.11038896110388961	chr1	173837092.0	173837206.0	sense	0.4628682293061016	0.33454262762196046	0.1
Dlx4	68	76	0.9588437331762394	0.2665733426657334	chr1	173837092.0	173837206.0	antisense	0.5649838241982252	0.24796398609563383	0.1
FOXB1	65	76	0.9563177075761732	0.15598440155984403	chr1	173837092.0	173837206.0	sense	0.5111149262432247	0.29148143602693166	0.1
HOXC10	68	78	0.9557086697880127	0.1713828617138286	chr1	173837092.0	173837206.0	sense	0.5192412962093621	0.2846307746001367	0.1
Tcf21	59	73	0.9542286940625316	0.104989501049895	chr1	173837092.0	173837206.0	sense	0.45883661633836614	0.338341931574689	0.1
ALX3	67	77	0.9527621097732726	0.46455354464553544	chr1	173837092.0	173837206.0	sense	0.6665061515826439	0.17619583786892423	0.1
HOXD12	67	78	0.9496838826596397	0.11498850114988501	chr1	173837092.0	173837206.0	sense	0.4699136385574041	0.32798195003075004	0.1
POU4F3	63	79	0.9460870601738702	0.37706229377062295	chr1	173837092.0	173837206.0	antisense	0.6127144294916302	0.2127418918652046	0.1
ONECUT2	65	79	0.9415341377166511	0.17248275172482752	chr1	173837092.0	173837206.0	antisense	0.5192412962093621	0.2846307746001367	0.1
GSX1	67	77	0.9408013204099093	0.6339366063393661	chr1	173837092.0	173837206.0	sense	0.7244833503520546	0.13997159077709267	0.1
ONECUT1	65	79	0.9376167750045172	0.15128487151284872	chr1	173837092.0	173837206.0	antisense	0.5066397206433203	0.29530076444682385	0.1
POU3F1	64	76	0.9355823678222774	0.28387161283871615	chr1	173837092.0	173837206.0	antisense	0.5690396211344116	0.24485749346261898	0.1
ELF5	60	71	0.9352283644650294	0.2823717628237176	chr1	173837092.0	173837206.0	antisense	0.5690396211344116	0.24485749346261898	0.1
MYF6	61	71	0.9344583131454919	0.07939206079392061	chr1	173837092.0	173837206.0	sense	0.40306648946755813	0.3946233071416334	0.1
ZBED1	66	79	0.9312380290756731	0.07639236076392361	chr1	173837092.0	173837206.0	sense	0.39666132396661324	0.40158014287531124	0.1
PHOX2A	64	75	0.9300538828326149	0.20377962203779623	chr1	173837092.0	173837206.0	sense	0.5357221853572219	0.2710603682272607	0.1
KLF13	55	73	0.929453017192526	0.14978502149785022	chr1	173837092.0	173837206.0	sense	0.5066397206433203	0.29530076444682385	0.1
ELK4	59	70	0.9267147513966314	0.1541845815418458	chr1	173837092.0	173837206.0	sense	0.5096929797466113	0.2926913481227004	0.1
CUX2	66	76	0.9226508081859882	0.1755824417558244	chr1	173837092.0	173837206.0	antisense	0.5192412962093621	0.2846307746001367	0.1
FOXF2	65	79	0.9210373381794053	0.2126787321267873	chr1	173837092.0	173837206.0	antisense	0.541079715557856	0.2667387469515746	0.1
TFEC	68	78	0.9199525658689665	0.21697830216978303	chr1	173837092.0	173837206.0	antisense	0.541958068344109	0.26603431381445225	0.1
TP73	58	76	0.9194325323137122	0.256974302569743	chr1	173837092.0	173837206.0	sense	0.5649838241982252	0.24796398609563383	0.1
ZBTB7C	64	76	0.9167381699752322	0.3782621737826217	chr1	173837092.0	173837206.0	antisense	0.6127144294916302	0.2127418918652046	0.1
ATF7	61	75	0.9160152925176669	0.1331866813318668	chr1	173837092.0	173837206.0	antisense	0.5016498350164984	0.2995993262491111	0.1
PKNOX1	60	72	0.9146410046664283	0.038696130386961305	chr1	173837092.0	173837206.0	antisense	0.32923428968578555	0.48249493942026045	0.1
PKNOX2	60	72	0.9143401722613779	0.040995900409959006	chr1	173837092.0	173837206.0	antisense	0.33181227331812274	0.4791075540085996	0.1
HOXA10	60	71	0.9141821892565529	0.36736326367363265	chr1	173837092.0	173837206.0	antisense	0.6127144294916302	0.2127418918652046	0.1
MSC	61	71	0.9139027306846083	0.10118988101189881	chr1	173837092.0	173837206.0	antisense	0.45273748487220244	0.344153546151543	0.1
MIXL1	67	77	0.9129290435505786	0.5480451954804519	chr1	173837092.0	173837206.0	sense	0.6971076614966241	0.15670014416433575	0.1
EN2	67	77	0.9081332518093518	0.37896210378962103	chr1	173837092.0	173837206.0	antisense	0.6127144294916302	0.2127418918652046	0.1
GSC2	62	72	0.9025327187784076	0.5295470452954705	chr1	173837092.0	173837206.0	sense	0.687476502349765	0.16274214124203765	0.1
HSF4	63	76	0.8994756884492409	0.28217178282171784	chr1	173837092.0	173837206.0	antisense	0.5690396211344116	0.24485749346261898	0.1
PBX1	66	78	0.8993566914096917	0.17548245175482452	chr1	173837092.0	173837206.0	sense	0.5192412962093621	0.2846307746001367	0.1
TFEB	68	78	0.8964999881494939	0.20957904209579042	chr1	173837092.0	173837206.0	antisense	0.5360759490553407	0.2707736768762739	0.1
HOXC11	67	78	0.895611780930239	0.19088091190880913	chr1	173837092.0	173837206.0	sense	0.5309658507833427	0.274933409790978	0.1
Arntl	67	77	0.8954028365262432	0.24237576242375763	chr1	173837092.0	173837206.0	sense	0.5534694356651292	0.25690635723961197	0.1
ZIC3	56	71	0.8953781705630087	0.17488251174882513	chr1	173837092.0	173837206.0	antisense	0.5192412962093621	0.2846307746001367	0.1
JUN(var.2)	56	70	0.8944241604829436	0.3026697330266973	chr1	173837092.0	173837206.0	antisense	0.5733050782512988	0.2416142112922199	0.1
HOXC13	69	80	0.8933795355764649	0.14628537146285372	chr1	173837092.0	173837206.0	antisense	0.5066397206433203	0.29530076444682385	0.1
NFATC2	71	78	0.8932017239525011	0.12238776122387761	chr1	173837092.0	173837206.0	sense	0.48215700817977897	0.3168115163614574	0.1
CREB3	64	78	0.891748770601771	0.23327667233276672	chr1	173837092.0	173837206.0	antisense	0.5495707186038152	0.2599764147541041	0.1
Foxa2	67	79	0.887415060209947	0.19868013198680132	chr1	173837092.0	173837206.0	sense	0.5319883396275757	0.2740978866728058	0.1
ETV2	60	71	0.8803945607656567	0.12838716128387162	chr1	173837092.0	173837206.0	antisense	0.4935773089357732	0.3066448141905764	0.1
TGIF1	60	72	0.8795212391793578	0.042195780421957804	chr1	173837092.0	173837206.0	antisense	0.33181227331812274	0.4791075540085996	0.1
CUX1	66	76	0.8791145536940103	0.19978002199780023	chr1	173837092.0	173837206.0	antisense	0.5319883396275757	0.2740978866728058	0.1
Bach1::Mafk	63	78	0.8682453643287454	0.1917808219178082	chr1	173837092.0	173837206.0	antisense	0.5309658507833427	0.274933409790978	0.1
Phox2b	64	75	0.8655211189272406	0.19438056194380562	chr1	173837092.0	173837206.0	sense	0.5309658507833427	0.274933409790978	0.1
Klf12	57	72	0.8648945798551453	0.193980601939806	chr1	173837092.0	173837206.0	sense	0.5309658507833427	0.274933409790978	0.1
Spz1	59	70	0.8612272618666905	0.26147385261473854	chr1	173837092.0	173837206.0	antisense	0.5649838241982252	0.24796398609563383	0.1
Rarg(var.2)	57	74	0.8595158353399586	0.07999200079992001	chr1	173837092.0	173837206.0	antisense	0.40306648946755813	0.3946233071416334	0.1
BHLHE22	60	70	0.8592985825337134	0.14808519148085192	chr1	173837092.0	173837206.0	antisense	0.5066397206433203	0.29530076444682385	0.1
RFX4	64	80	0.8566802307198611	0.3351664833516648	chr1	173837092.0	173837206.0	antisense	0.5916714451003878	0.2279193898823233	0.1
TBX19	59	79	0.8566679279684072	0.42375762423757624	chr1	173837092.0	173837206.0	antisense	0.6374362563743626	0.19556323817086985	0.1
IRF8	65	79	0.8524729246031079	0.0674932506749325	chr1	173837092.0	173837206.0	antisense	0.38292907551350125	0.41688165675059397	0.1
Esrrg	66	76	0.8488586988929822	0.17518248175182483	chr1	173837092.0	173837206.0	antisense	0.5192412962093621	0.2846307746001367	0.1
Hoxd3	63	79	0.8469962982803113	0.6342365763423657	chr1	173837092.0	173837206.0	sense	0.7244833503520546	0.13997159077709267	0.1
FOS::JUN	65	72	0.84642375237946	0.16198380161983802	chr1	173837092.0	173837206.0	antisense	0.5192412962093621	0.2846307746001367	0.1
Hoxd9	60	70	0.8439081521964494	0.34396560343965604	chr1	173837092.0	173837206.0	antisense	0.5990541885408774	0.22253389093312995	0.1
Dlx2	68	76	0.8380181663674416	0.23467653234676533	chr1	173837092.0	173837206.0	antisense	0.5495707186038152	0.2599764147541041	0.1
Bhlha15	62	70	0.8376527200860713	0.10818918108189181	chr1	173837092.0	173837206.0	sense	0.4628682293061016	0.33454262762196046	0.1
Klf4	58	68	0.8322767992054532	0.15148485151484853	chr1	173837092.0	173837206.0	antisense	0.5066397206433203	0.29530076444682385	0.1
EGR4	55	71	0.8320489570881121	0.45685431456854314	chr1	173837092.0	173837206.0	sense	0.6660319923063873	0.17650490934557497	0.1
ESR1	57	74	0.8303373202722882	0.14108589141085892	chr1	173837092.0	173837206.0	antisense	0.5066397206433203	0.29530076444682385	0.1
LMX1B	68	76	0.8301155735660184	0.42495750424957507	chr1	173837092.0	173837206.0	antisense	0.6374362563743626	0.19556323817086985	0.1
POU6F1	62	72	0.829455251839436	0.29887011298870114	chr1	173837092.0	173837206.0	sense	0.5733050782512988	0.2416142112922199	0.1
NKX6-1	68	76	0.8284347600030825	0.22087791220877911	chr1	173837092.0	173837206.0	sense	0.541958068344109	0.26603431381445225	0.1
HESX1	61	71	0.82733357627793	0.2782721727827217	chr1	173837092.0	173837206.0	sense	0.5690396211344116	0.24485749346261898	0.1
SCRT2	62	75	0.8263098168834481	0.14238576142385762	chr1	173837092.0	173837206.0	antisense	0.5066397206433203	0.29530076444682385	0.1
CTCF	59	78	0.8255325958093014	0.37866213378662134	chr1	173837092.0	173837206.0	antisense	0.6127144294916302	0.2127418918652046	0.1
TFAP4	61	71	0.8233470906524794	0.1424857514248575	chr1	173837092.0	173837206.0	antisense	0.5066397206433203	0.29530076444682385	0.1
RFX3	64	80	0.8168209993143712	0.30816918308169183	chr1	173837092.0	173837206.0	antisense	0.574549687888354	0.24067240693635134	0.1
JUND	65	76	0.8143038257780466	0.16868313168683133	chr1	173837092.0	173837206.0	sense	0.5192412962093621	0.2846307746001367	0.1
Klf1	57	68	0.8114181238640569	0.206979302069793	chr1	173837092.0	173837206.0	sense	0.5360759490553407	0.2707736768762739	0.1
GSC	62	72	0.8105365986777483	0.42295770422957707	chr1	173837092.0	173837206.0	sense	0.6374362563743626	0.19556323817086985	0.1
FOXD2	67	74	0.810027335311818	0.19958004199580043	chr1	173837092.0	173837206.0	antisense	0.5319883396275757	0.2740978866728058	0.1
NHLH1	61	71	0.8099971461916858	0.21797820217978203	chr1	173837092.0	173837206.0	sense	0.541958068344109	0.26603431381445225	0.1
PROP1	64	75	0.8081992542189389	0.14828517148285172	chr1	173837092.0	173837206.0	sense	0.5066397206433203	0.29530076444682385	0.1
USF2	68	79	0.8033877415684938	0.23247675232476753	chr1	173837092.0	173837206.0	sense	0.5495707186038152	0.2599764147541041	0.1
RUNX3	62	72	0.8032559108669352	0.2508749125087491	chr1	173837092.0	173837206.0	antisense	0.557536554036904	0.2537266534886087	0.1
BARX1	63	71	0.8022609699993695	0.27757224277572246	chr1	173837092.0	173837206.0	antisense	0.5690396211344116	0.24485749346261898	0.1
POU6F2	66	76	0.7996865197100407	0.27887211278872115	chr1	173837092.0	173837206.0	sense	0.5690396211344116	0.24485749346261898	0.1
NFIX	65	74	0.7963048574870556	0.5143485651434857	chr1	173837092.0	173837206.0	antisense	0.6808387863503726	0.16695571112246607	0.1
TBX5	64	72	0.7907977994895662	0.3848615138486151	chr1	173837092.0	173837206.0	sense	0.6181071123656865	0.2089362590883241	0.1
RUNX2	63	72	0.7901888224321242	0.22347765223477653	chr1	173837092.0	173837206.0	antisense	0.5445300540368498	0.26397814539918724	0.1
RORA	67	77	0.7866290072990154	0.20437956204379562	chr1	173837092.0	173837206.0	antisense	0.5357221853572219	0.2710603682272607	0.1
ZBTB18	60	73	0.7847856751928038	0.2596740325967403	chr1	173837092.0	173837206.0	antisense	0.5649838241982252	0.24796398609563383	0.1
Stat6	65	80	0.7815996651031296	0.43455654434556545	chr1	173837092.0	173837206.0	sense	0.6443852757581384	0.19085439179417474	0.1
TFCP2	62	72	0.7808801263321774	0.29417058294170584	chr1	173837092.0	173837206.0	antisense	0.5733050782512988	0.2416142112922199	0.1
ZEB1	60	69	0.7792401868520884	0.15228477152284772	chr1	173837092.0	173837206.0	sense	0.5066397206433203	0.29530076444682385	0.1
Hmx1	57	74	0.7791105028286547	0.6352364763523648	chr1	173837092.0	173837206.0	antisense	0.7244833503520546	0.13997159077709267	0.1
ESX1	62	72	0.7768396832683498	0.6317368263173683	chr1	173837092.0	173837206.0	antisense	0.7244833503520546	0.13997159077709267	0.1
CDX1	61	70	0.7750657764299291	0.32356764323567644	chr1	173837092.0	173837206.0	antisense	0.5830958570809587	0.2342600442474009	0.1
CEBPA	55	66	0.7744483023967136	0.266973302669733	chr1	173837092.0	173837206.0	sense	0.5649838241982252	0.24796398609563383	0.1
PROX1	62	74	0.7712388942037929	0.1658834116588341	chr1	173837092.0	173837206.0	antisense	0.5192412962093621	0.2846307746001367	0.1
UNCX	63	71	0.7670204385658258	0.5061493850614939	chr1	173837092.0	173837206.0	sense	0.6808387863503726	0.16695571112246607	0.1
POU4F1	55	69	0.7655447868978191	0.4674532546745325	chr1	173837092.0	173837206.0	antisense	0.6665061515826439	0.17619583786892423	0.1
Foxj2	66	74	0.7652862419065706	0.1521847815218478	chr1	173837092.0	173837206.0	antisense	0.5066397206433203	0.29530076444682385	0.1
CREB3L1	64	78	0.7644648271577047	0.30426957304269575	chr1	173837092.0	173837206.0	antisense	0.5742396669423967	0.2409068109005003	0.1
TBR1	67	77	0.7627937939932219	0.3000699930006999	chr1	173837092.0	173837206.0	antisense	0.5733050782512988	0.2416142112922199	0.1
HOXA5	61	69	0.7587736050417682	0.3000699930006999	chr1	173837092.0	173837206.0	antisense	0.5733050782512988	0.2416142112922199	0.1
Ddit3::Cebpa	56	68	0.7583425763065127	0.5097490250974902	chr1	173837092.0	173837206.0	sense	0.6808387863503726	0.16695571112246607	0.1
STAT1	67	78	0.7552533518107888	0.22137786221377861	chr1	173837092.0	173837206.0	antisense	0.541958068344109	0.26603431381445225	0.1
Hmx3	57	74	0.752592963458509	0.6379362063793621	chr1	173837092.0	173837206.0	antisense	0.7244833503520546	0.13997159077709267	0.1
Prrx2	68	76	0.7518234698626485	0.5695430456954305	chr1	173837092.0	173837206.0	antisense	0.7023015707907883	0.15347636022530703	0.1
IRF9	65	80	0.7500312347222187	0.08909109089091091	chr1	173837092.0	173837206.0	antisense	0.41515848415158485	0.3817860824364612	0.1
TBX20	59	70	0.7462451083089156	0.291970802919708	chr1	173837092.0	173837206.0	antisense	0.5733050782512988	0.2416142112922199	0.1
TCF3	61	71	0.7442157935117467	0.3327667233276672	chr1	173837092.0	173837206.0	sense	0.5916714451003878	0.2279193898823233	0.1
Rarb(var.2)	55	72	0.7417890093185376	0.14238576142385762	chr1	173837092.0	173837206.0	sense	0.5066397206433203	0.29530076444682385	0.1
FOXO4	67	74	0.7379355525609221	0.15658434156584342	chr1	173837092.0	173837206.0	antisense	0.5111149262432247	0.29148143602693166	0.1
Twist2	61	71	0.736832303601476	0.3180681931806819	chr1	173837092.0	173837206.0	sense	0.576448278517096	0.2392396534383224	0.1
HINFP	59	71	0.7357891593567694	0.41045895410458955	chr1	173837092.0	173837206.0	sense	0.6351373712186305	0.19713233280251388	0.1
HEY2	61	71	0.7344171760943858	0.34106589341065896	chr1	173837092.0	173837206.0	antisense	0.598017563108554	0.2232860610799462	0.1
GCM1	58	69	0.733271553320904	0.35766423357664234	chr1	173837092.0	173837206.0	antisense	0.6106175566653861	0.214230712888189	0.1
Hmx2	57	74	0.7329876781620207	0.6056394360563944	chr1	173837092.0	173837206.0	antisense	0.7209331819111667	0.14210498503368907	0.1
MYBL1	58	70	0.7324340777600793	0.2796720327967203	chr1	173837092.0	173837206.0	antisense	0.5690396211344116	0.24485749346261898	0.1
NFIC	66	72	0.7294404469820119	0.31726827317268275	chr1	173837092.0	173837206.0	sense	0.576448278517096	0.2392396534383224	0.1
PDX1	63	71	0.7288790705749898	0.2605739426057394	chr1	173837092.0	173837206.0	antisense	0.5649838241982252	0.24796398609563383	0.1
RAX	61	71	0.7264141903689634	0.44895510448955106	chr1	173837092.0	173837206.0	antisense	0.6600784680738725	0.18040443381290422	0.1
Npas2	61	71	0.7240777011803476	0.36526347365263473	chr1	173837092.0	173837206.0	sense	0.6126935693527421	0.21275667786826685	0.1
HLF	62	74	0.7192631593774964	0.4634536546345365	chr1	173837092.0	173837206.0	sense	0.6665061515826439	0.17619583786892423	0.1
NKX6-2	68	76	0.7184590162969604	0.5298470152984701	chr1	173837092.0	173837206.0	sense	0.687476502349765	0.16274214124203765	0.1
YY2	56	67	0.7169005856697859	0.47925207479252074	chr1	173837092.0	173837206.0	sense	0.6686500250779212	0.17480113476921114	0.1
MTF1	66	80	0.7134622731560184	0.19988001199880012	chr1	173837092.0	173837206.0	antisense	0.5319883396275757	0.2740978866728058	0.1
JDP2(var.2)	62	74	0.7106648038831727	0.20677932206779323	chr1	173837092.0	173837206.0	sense	0.5360759490553407	0.2707736768762739	0.1
Hic1	64	73	0.7044789066111656	0.4824517548245176	chr1	173837092.0	173837206.0	antisense	0.6694985581655738	0.17425035394907362	0.1
RAX2	68	76	0.7043982826959707	0.5907409259074092	chr1	173837092.0	173837206.0	antisense	0.7197054942393084	0.14284518189121187	0.1
TBX4	64	72	0.7038885180899778	0.35026497350264973	chr1	173837092.0	173837206.0	sense	0.605958404159584	0.21755718683037487	0.1
RFX5	64	80	0.7018821750311703	0.24987501249875013	chr1	173837092.0	173837206.0	antisense	0.557536554036904	0.2537266534886087	0.1
FOXL1	67	74	0.7005660868783095	0.17618238176182383	chr1	173837092.0	173837206.0	antisense	0.5192412962093621	0.2846307746001367	0.1
Ascl2	61	71	0.6998404154649248	0.2940705929407059	chr1	173837092.0	173837206.0	sense	0.5733050782512988	0.2416142112922199	0.1
FOS	65	76	0.6997646727400895	0.31226877312268775	chr1	173837092.0	173837206.0	sense	0.576448278517096	0.2392396534383224	0.1
ZBTB33	55	70	0.6990159741266316	0.5520447955204479	chr1	173837092.0	173837206.0	sense	0.6971076614966241	0.15670014416433575	0.1
Tcf7	60	72	0.6974981590231948	0.21997800219978003	chr1	173837092.0	173837206.0	antisense	0.541958068344109	0.26603431381445225	0.1
Crx	60	71	0.6952955392411957	0.3531646835316468	chr1	173837092.0	173837206.0	antisense	0.6069287111023997	0.2168623174800245	0.1
EHF	64	76	0.6951298913477453	0.35276472352764726	chr1	173837092.0	173837206.0	antisense	0.6069287111023997	0.2168623174800245	0.1
RARA(var.2)	55	72	0.6928343178245264	0.20417958204179582	chr1	173837092.0	173837206.0	sense	0.5357221853572219	0.2710603682272607	0.1
POU1F1	62	76	0.6890014958097137	0.5058494150584941	chr1	173837092.0	173837206.0	antisense	0.6808387863503726	0.16695571112246607	0.1
LHX9	68	76	0.6835545838960383	0.5121487851214879	chr1	173837092.0	173837206.0	antisense	0.6808387863503726	0.16695571112246607	0.1
SHOX	68	76	0.6825969506592263	0.5656434356564344	chr1	173837092.0	173837206.0	sense	0.7023015707907883	0.15347636022530703	0.1
TFAP2A	57	68	0.6813167951825514	0.49175082491750827	chr1	173837092.0	173837206.0	sense	0.67162810034786	0.17287114164251657	0.1
Atf1	66	74	0.6801038550783651	0.30886911308869114	chr1	173837092.0	173837206.0	sense	0.574549687888354	0.24067240693635134	0.1
DUXA	63	76	0.6788132467229369	0.5254474552544746	chr1	173837092.0	173837206.0	sense	0.687476502349765	0.16274214124203765	0.1
RARA	57	75	0.6780248933372264	0.12398760123987601	chr1	173837092.0	173837206.0	sense	0.48215700817977897	0.3168115163614574	0.1
SPI1	60	74	0.6765043468675228	0.17378262173782622	chr1	173837092.0	173837206.0	antisense	0.5192412962093621	0.2846307746001367	0.1
TFAP2C(var.2)	57	68	0.6740168263503823	0.49005099490050996	chr1	173837092.0	173837206.0	sense	0.6710724705893527	0.1732305768838475	0.1
RFX2	64	80	0.6736617284971623	0.28577142285771423	chr1	173837092.0	173837206.0	antisense	0.5692522701752812	0.2446952287450872	0.1
Arid3b	60	71	0.6723355874625799	0.5000499950005	chr1	173837092.0	173837206.0	sense	0.6808387863503726	0.16695571112246607	0.1
ELF1	60	72	0.6674555096042234	0.3187681231876812	chr1	173837092.0	173837206.0	antisense	0.576448278517096	0.2392396534383224	0.1
GLIS2	57	71	0.6656871632587854	0.31766823317668236	chr1	173837092.0	173837206.0	sense	0.576448278517096	0.2392396534383224	0.1
KLF5	58	68	0.664487063697425	0.24397560243975602	chr1	173837092.0	173837206.0	sense	0.5534694356651292	0.25690635723961197	0.1
MEOX1	67	77	0.6623493327188337	0.5904409559044096	chr1	173837092.0	173837206.0	sense	0.7197054942393084	0.14284518189121187	0.1
BHLHE23	60	72	0.6608041710624153	0.3317668233176682	chr1	173837092.0	173837206.0	antisense	0.5916714451003878	0.2279193898823233	0.1
NOTO	61	71	0.6576041576680998	0.5605439456054394	chr1	173837092.0	173837206.0	sense	0.7010176090824652	0.15427107271623022	0.1
NFIC::TLX1	58	72	0.6574131620977984	0.2773722627737226	chr1	173837092.0	173837206.0	antisense	0.5690396211344116	0.24485749346261898	0.1
Hoxc9	58	71	0.6561807230872416	0.508049195080492	chr1	173837092.0	173837206.0	antisense	0.6808387863503726	0.16695571112246607	0.1
ELF3	63	76	0.6545411693773546	0.3170682931706829	chr1	173837092.0	173837206.0	antisense	0.576448278517096	0.2392396534383224	0.1
ONECUT3	65	79	0.6544190252906501	0.30996900309969005	chr1	173837092.0	173837206.0	antisense	0.574549687888354	0.24067240693635134	0.1
ISL2	62	70	0.6518045826659921	0.605039496050395	chr1	173837092.0	173837206.0	antisense	0.7209331819111667	0.14210498503368907	0.1
EWSR1-FLI1	61	79	0.6511586748146573	0.05929407059294071	chr1	173837092.0	173837206.0	antisense	0.3736426357364264	0.4275435729971363	0.1
MNT	61	71	0.6505586259076307	0.47955204479552044	chr1	173837092.0	173837206.0	sense	0.6686500250779212	0.17480113476921114	0.1
HEY1	61	71	0.6498794500267292	0.40285971402859716	chr1	173837092.0	173837206.0	antisense	0.6316742948061689	0.1995067958157458	0.1
FOSL1	65	76	0.6490793395017089	0.31786821317868214	chr1	173837092.0	173837206.0	sense	0.576448278517096	0.2392396534383224	0.1
FOXO6	67	74	0.6488699278886454	0.18238176182381763	chr1	173837092.0	173837206.0	antisense	0.5284621537846216	0.27698610956949415	0.1
PRRX1	68	76	0.644100031413127	0.5128487151284872	chr1	173837092.0	173837206.0	antisense	0.6808387863503726	0.16695571112246607	0.1
PITX3	59	68	0.6433258666229128	0.6021397860213978	chr1	173837092.0	173837206.0	sense	0.7209331819111667	0.14210498503368907	0.1
SOX8	55	71	0.642127499661059	0.10588941105889411	chr1	173837092.0	173837206.0	antisense	0.45883661633836614	0.338341931574689	0.1
FOXD1	66	74	0.6383514645578252	0.30886911308869114	chr1	173837092.0	173837206.0	antisense	0.574549687888354	0.24067240693635134	0.1
NEUROG2	61	71	0.6372120301079103	0.262973702629737	chr1	173837092.0	173837206.0	sense	0.5649838241982252	0.24796398609563383	0.1
Srebf1(var.2)	68	78	0.634190615296536	0.26907309269073093	chr1	173837092.0	173837206.0	antisense	0.5649838241982252	0.24796398609563383	0.1
OTX2	60	68	0.6323990899983268	0.46425357464253575	chr1	173837092.0	173837206.0	sense	0.6665061515826439	0.17619583786892423	0.1
KLF14	56	70	0.6307427767217362	0.36476352364763526	chr1	173837092.0	173837206.0	sense	0.6126935693527421	0.21275667786826685	0.1
RHOXF1	60	68	0.6302031549230511	0.5285471452854714	chr1	173837092.0	173837206.0	sense	0.687476502349765	0.16274214124203765	0.1
ZNF143	58	74	0.6298512603085533	0.26617338266173385	chr1	173837092.0	173837206.0	sense	0.5649838241982252	0.24796398609563383	0.1
Crem	65	75	0.6286539284333845	0.42875712428757123	chr1	173837092.0	173837206.0	sense	0.6412822694675777	0.19295076753456494	0.1
JUNB	64	75	0.6276212308361314	0.39266073392660733	chr1	173837092.0	173837206.0	sense	0.6232138254064502	0.20536292081827262	0.1
FOXI1	67	74	0.6267707875455301	0.21687831216878312	chr1	173837092.0	173837206.0	antisense	0.541958068344109	0.26603431381445225	0.1
SREBF2(var.2)	68	78	0.625746299032808	0.23667633236676333	chr1	173837092.0	173837206.0	antisense	0.550829670396189	0.2589826745474828	0.1
Lhx4	68	76	0.6256203523788841	0.5057494250574942	chr1	173837092.0	173837206.0	sense	0.6808387863503726	0.16695571112246607	0.1
TFAP2B(var.2)	57	68	0.6255351169431513	0.48865113488651135	chr1	173837092.0	173837206.0	sense	0.6709257645664005	0.1733255302374583	0.1
ETV6	60	70	0.6246962995041175	0.42305769423057693	chr1	173837092.0	173837206.0	antisense	0.6374362563743626	0.19556323817086985	0.1
NFIA	65	75	0.6234903276555727	0.4306569343065693	chr1	173837092.0	173837206.0	sense	0.642272841681349	0.1922804416123857	0.1
VSX1	62	70	0.6224622557412746	0.5823417658234177	chr1	173837092.0	173837206.0	sense	0.7128192841093249	0.14702055971615666	0.1
FOSL2	66	77	0.6221280918457498	0.37696230376962303	chr1	173837092.0	173837206.0	antisense	0.6127144294916302	0.2127418918652046	0.1
LMX1A	68	76	0.6220854450086504	0.5602439756024398	chr1	173837092.0	173837206.0	antisense	0.7010176090824652	0.15427107271623022	0.1
Pitx1	67	75	0.6220213461862395	0.5781421857814218	chr1	173837092.0	173837206.0	antisense	0.7093517598594751	0.1491383494688081	0.1
HOXA13	70	80	0.6163288558493337	0.40085991400859916	chr1	173837092.0	173837206.0	antisense	0.6304433193044332	0.20035395305577064	0.1
Znf423	56	71	0.6154098885315399	0.283971602839716	chr1	173837092.0	173837206.0	sense	0.5690396211344116	0.24485749346261898	0.1
TEAD3	62	70	0.6145420941028444	0.29747025297470253	chr1	173837092.0	173837206.0	antisense	0.5733050782512988	0.2416142112922199	0.1
MSX1	69	77	0.6138519012872835	0.5671432856714329	chr1	173837092.0	173837206.0	sense	0.7023015707907883	0.15347636022530703	0.1
BHLHE41	68	78	0.6132704446967683	0.24497550244975502	chr1	173837092.0	173837206.0	antisense	0.5534694356651292	0.25690635723961197	0.1
E2F6	66	77	0.613110317121105	0.3344665533446655	chr1	173837092.0	173837206.0	antisense	0.5916714451003878	0.2279193898823233	0.1
EBF1	65	79	0.6122929107268094	0.46095390460953906	chr1	173837092.0	173837206.0	antisense	0.6665061515826439	0.17619583786892423	0.1
HOXD13	70	80	0.6122746286119818	0.36336366363363665	chr1	173837092.0	173837206.0	antisense	0.6126935693527421	0.21275667786826685	0.1
EGR3	55	70	0.6120228714787861	0.3501649835016498	chr1	173837092.0	173837206.0	sense	0.605958404159584	0.21755718683037487	0.1
TFAP2C	67	79	0.6116371068169401	0.6707329267073293	chr1	173837092.0	173837206.0	antisense	0.7422396353115222	0.12945585820943997	0.1
RELA	62	72	0.611539835353322	0.25137486251374863	chr1	173837092.0	173837206.0	sense	0.557536554036904	0.2537266534886087	0.1
NKX2-8	68	77	0.6102358911300554	0.6214378562143785	chr1	173837092.0	173837206.0	antisense	0.7244833503520546	0.13997159077709267	0.1
EN1	68	76	0.6075259028663049	0.47135286471352866	chr1	173837092.0	173837206.0	antisense	0.6665725797992408	0.1761525554921892	0.1
GBX2	61	71	0.6074451223952385	0.5566443355664433	chr1	173837092.0	173837206.0	antisense	0.7006427686529167	0.15450335599485285	0.1
DBP	62	74	0.6054418378940369	0.48055194480551944	chr1	173837092.0	173837206.0	antisense	0.6686500250779212	0.17480113476921114	0.1
BHLHE40	68	78	0.6047509443960735	0.41325867413258677	chr1	173837092.0	173837206.0	antisense	0.6351373712186305	0.19713233280251388	0.1
LHX2	68	78	0.6038337252263659	0.5687431256874312	chr1	173837092.0	173837206.0	antisense	0.7023015707907883	0.15347636022530703	0.1
POU2F2	62	75	0.6032254667991059	0.45065493450654937	chr1	173837092.0	173837206.0	sense	0.660705963301975	0.17999177338321506	0.1
SREBF1	57	67	0.6021979549059832	0.33136686331366866	chr1	173837092.0	173837206.0	sense	0.5916714451003878	0.2279193898823233	0.1
TFAP2B	67	79	0.600522298237304	0.6454354564543545	chr1	173837092.0	173837206.0	antisense	0.7310497708399095	0.13605305469012877	0.1
SREBF2	68	78	0.5974437737316626	0.37146285371462856	chr1	173837092.0	173837206.0	antisense	0.6127144294916302	0.2127418918652046	0.1
NR2C2	60	75	0.5971534931191265	0.48805119488051196	chr1	173837092.0	173837206.0	antisense	0.6709257645664005	0.1733255302374583	0.1
GCM2	56	66	0.5938305171634454	0.5925407459254075	chr1	173837092.0	173837206.0	antisense	0.7202076045322868	0.14254229730939638	0.1
MGA	64	72	0.5914725300318064	0.39746025397460255	chr1	173837092.0	173837206.0	sense	0.6289081457707888	0.20141278014759478	0.1
Sox11	56	71	0.5902998301062444	0.1371862813718628	chr1	173837092.0	173837206.0	sense	0.5066397206433203	0.29530076444682385	0.1
VENTX	70	79	0.5872099227675774	0.47465253474652536	chr1	173837092.0	173837206.0	antisense	0.6686500250779212	0.17480113476921114	0.1
EMX2	67	77	0.5861143438741492	0.6038396160383962	chr1	173837092.0	173837206.0	antisense	0.7209331819111667	0.14210498503368907	0.1
FOXO3	66	74	0.5838282397113034	0.2435756424357564	chr1	173837092.0	173837206.0	antisense	0.5534694356651292	0.25690635723961197	0.1
TFAP2A(var.2)	56	68	0.5829879047687093	0.663033696630337	chr1	173837092.0	173837206.0	sense	0.7384431084788518	0.13168295820639608	0.1
Shox2	68	76	0.5825094758624441	0.47725227477252274	chr1	173837092.0	173837206.0	antisense	0.6686500250779212	0.17480113476921114	0.1
ELK1	60	70	0.5798264916937225	0.38306169383061695	chr1	173837092.0	173837206.0	antisense	0.6174193139692242	0.20941978914115797	0.1
Rarb	59	75	0.5788614588131484	0.18518148185181482	chr1	173837092.0	173837206.0	antisense	0.5309658507833427	0.274933409790978	0.1
HOXB13	70	80	0.576239494532799	0.4183581641835816	chr1	173837092.0	173837206.0	antisense	0.6374362563743626	0.19556323817086985	0.1
E2F8	67	79	0.5739160820362049	0.22087791220877911	chr1	173837092.0	173837206.0	sense	0.541958068344109	0.26603431381445225	0.1
NFE2	65	76	0.5737060856224431	0.29287071292870714	chr1	173837092.0	173837206.0	sense	0.5733050782512988	0.2416142112922199	0.1
HIC2	66	75	0.5725176990810029	0.7133286671332867	chr1	173837092.0	173837206.0	sense	0.7710856772950564	0.11289736370106948	0.1
SOX4	62	78	0.5716932539232635	0.1638836116388361	chr1	173837092.0	173837206.0	antisense	0.5192412962093621	0.2846307746001367	0.1
HMBOX1	65	75	0.5681139838343713	0.7572242775722428	chr1	173837092.0	173837206.0	antisense	0.8020395919591714	0.09580419263230568	0.1
Hoxa9	57	68	0.5661874886563434	0.48795120487951205	chr1	173837092.0	173837206.0	sense	0.6709257645664005	0.1733255302374583	0.1
BSX	63	71	0.5656591236023503	0.563943605639436	chr1	173837092.0	173837206.0	antisense	0.7023015707907883	0.15347636022530703	0.1
NKX3-2	62	71	0.5608591205901058	0.5952404759524048	chr1	173837092.0	173837206.0	antisense	0.7209331819111667	0.14210498503368907	0.1
Sox2	63	71	0.5604200314331523	0.24527547245275472	chr1	173837092.0	173837206.0	sense	0.5534694356651292	0.25690635723961197	0.1
TBX21	60	70	0.5564424639362403	0.46985301469853014	chr1	173837092.0	173837206.0	antisense	0.6665725797992408	0.1761525554921892	0.1
E2F4	66	77	0.5544908783262013	0.4246575342465753	chr1	173837092.0	173837206.0	antisense	0.6374362563743626	0.19556323817086985	0.1
TFAP2A(var.3)	67	80	0.5508447174093049	0.6118388161183882	chr1	173837092.0	173837206.0	sense	0.7244833503520546	0.13997159077709267	0.1
RORA(var.2)	66	80	0.5506521016049841	0.46705329467053297	chr1	173837092.0	173837206.0	antisense	0.6665061515826439	0.17619583786892423	0.1
Alx1	55	72	0.5486924881464844	0.7568243175682432	chr1	173837092.0	173837206.0	antisense	0.8020395919591714	0.09580419263230568	0.1
SRF	56	72	0.548480406116455	0.46045395460453953	chr1	173837092.0	173837206.0	sense	0.6665061515826439	0.17619583786892423	0.1
TFAP2B(var.3)	67	80	0.5456987120798217	0.5466453354664533	chr1	173837092.0	173837206.0	sense	0.6971076614966241	0.15670014416433575	0.1
Stat5a::Stat5b	68	79	0.5434754419368324	0.5285471452854714	chr1	173837092.0	173837206.0	antisense	0.687476502349765	0.16274214124203765	0.1
BATF3	61	75	0.5381032721096063	0.26977302269773024	chr1	173837092.0	173837206.0	antisense	0.5649838241982252	0.24796398609563383	0.1
ATF4	62	75	0.5369017190919321	0.538046195380462	chr1	173837092.0	173837206.0	antisense	0.6917167194171672	0.16007172690500943	0.1
DLX6	63	71	0.5346809038605278	0.6733326667333267	chr1	173837092.0	173837206.0	antisense	0.7435311787970139	0.1287008153120525	0.1
SP1	58	69	0.5342022349916622	0.3658634136586341	chr1	173837092.0	173837206.0	sense	0.6126935693527421	0.21275667786826685	0.1
Myc	62	72	0.532538766552391	0.47895210478952105	chr1	173837092.0	173837206.0	sense	0.6686500250779212	0.17480113476921114	0.1
TBX1	64	72	0.5313779413776174	0.37806219378062195	chr1	173837092.0	173837206.0	sense	0.6127144294916302	0.2127418918652046	0.1
NKX2-3	61	71	0.5294672568695926	0.6815318468153184	chr1	173837092.0	173837206.0	antisense	0.7509873216500005	0.12436739479865735	0.1
ESRRB	65	76	0.5266840256890731	0.41485851414858516	chr1	173837092.0	173837206.0	antisense	0.6351373712186305	0.19713233280251388	0.1
TFAP2C(var.3)	67	80	0.5234864038320665	0.5987401259874012	chr1	173837092.0	173837206.0	antisense	0.7209331819111667	0.14210498503368907	0.1
MEF2A	65	77	0.5214858545221127	0.3685631436856314	chr1	173837092.0	173837206.0	antisense	0.6127144294916302	0.2127418918652046	0.1
HSF2	63	76	0.5168711140355717	0.5072492750724927	chr1	173837092.0	173837206.0	antisense	0.6808387863503726	0.16695571112246607	0.1
POU3F2	55	67	0.5162277228790271	0.5969403059694031	chr1	173837092.0	173837206.0	antisense	0.7209331819111667	0.14210498503368907	0.1
OLIG1	60	70	0.5150076994981232	0.40535946405359463	chr1	173837092.0	173837206.0	antisense	0.6336794031440229	0.1981304087754512	0.1
TP53	60	78	0.5144752946021285	0.6220377962203779	chr1	173837092.0	173837206.0	sense	0.7244833503520546	0.13997159077709267	0.1
CLOCK	61	71	0.5139814015398501	0.6355364463553644	chr1	173837092.0	173837206.0	sense	0.7244833503520546	0.13997159077709267	0.1
Pax6	55	69	0.5108817697765887	0.815018498150185	chr1	173837092.0	173837206.0	sense	0.8493867480721808	0.0708945190505691	0.1
LBX1	70	78	0.5099484527975	0.5364463553644635	chr1	173837092.0	173837206.0	antisense	0.6917167194171672	0.16007172690500943	0.1
Nr2e3	62	69	0.5070783658521075	0.3598640135986401	chr1	173837092.0	173837206.0	sense	0.6123587641235876	0.21299406212227948	0.1
CEBPE	55	65	0.5061392857158027	0.668033196680332	chr1	173837092.0	173837206.0	sense	0.7409425724094256	0.13021545120041642	0.1
Nkx3-1	62	71	0.503826046417695	0.6085391460853915	chr1	173837092.0	173837206.0	antisense	0.7227272696071354	0.14102555837667835	0.1
SP3	58	69	0.5029127678179053	0.6345365463453655	chr1	173837092.0	173837206.0	sense	0.7244833503520546	0.13997159077709267	0.1
MAX	58	68	0.5028724096132496	0.6946305369463054	chr1	173837092.0	173837206.0	sense	0.7589752603687	0.11977238017891607	0.1
SP4	57	74	0.49632668591267376	0.43225677432256776	chr1	173837092.0	173837206.0	antisense	0.642811650067085	0.19191626085393299	0.1
MAFG	55	76	0.4925284104448898	0.9086091390860914	chr1	173837092.0	173837206.0	antisense	0.9156662974479252	0.038262770417077624	0.1
PAX1	55	72	0.49209492038069413	0.6023397660233977	chr1	173837092.0	173837206.0	antisense	0.7209331819111667	0.14210498503368907	0.1
POU5F1B	57	66	0.49187466490956644	0.6588341165883411	chr1	173837092.0	173837206.0	antisense	0.736906309369063	0.13258772504534838	0.1
ELF4	64	76	0.49183752830840594	0.5468453154684532	chr1	173837092.0	173837206.0	antisense	0.6971076614966241	0.15670014416433575	0.1
Vdr	62	78	0.48909665207026876	0.48835116488351166	chr1	173837092.0	173837206.0	antisense	0.6709257645664005	0.1733255302374583	0.1
E2F7	66	80	0.4878032843456416	0.24297570242975702	chr1	173837092.0	173837206.0	sense	0.5534694356651292	0.25690635723961197	0.1
ZNF740	57	67	0.4867384803672474	0.3708629137086291	chr1	173837092.0	173837206.0	sense	0.6127144294916302	0.2127418918652046	0.1
HES5	56	68	0.4842581553338741	0.37236276372362764	chr1	173837092.0	173837206.0	sense	0.6127144294916302	0.2127418918652046	0.1
Nr2f6(var.2)	57	72	0.4824018626211024	0.2810718928107189	chr1	173837092.0	173837206.0	sense	0.5690396211344116	0.24485749346261898	0.1
ZBTB7B	57	69	0.4774134282420295	0.6200379962003799	chr1	173837092.0	173837206.0	sense	0.7244833503520546	0.13997159077709267	0.1
TBX15	64	72	0.4711317559167146	0.41485851414858516	chr1	173837092.0	173837206.0	sense	0.6351373712186305	0.19713233280251388	0.1
FOXG1	66	74	0.4693615631012941	0.36596340365963403	chr1	173837092.0	173837206.0	antisense	0.6126935693527421	0.21275667786826685	0.1
MZF1	58	64	0.46911648862621147	0.46565343465653436	chr1	173837092.0	173837206.0	antisense	0.6665061515826439	0.17619583786892423	0.1
Nobox	68	76	0.4646579376180235	0.637036296370363	chr1	173837092.0	173837206.0	antisense	0.7244833503520546	0.13997159077709267	0.1
Creb3l2	62	71	0.46246955062165307	0.5155484451554845	chr1	173837092.0	173837206.0	antisense	0.6808387863503726	0.16695571112246607	0.1
Ahr::Arnt	62	68	0.4603586267235768	0.45555444455554445	chr1	173837092.0	173837206.0	antisense	0.666007765420641	0.1765207070764362	0.1
GLIS3	55	69	0.45991238944840807	0.3862613738626137	chr1	173837092.0	173837206.0	sense	0.6181071123656865	0.2089362590883241	0.1
STAT3	67	78	0.4581123846562671	0.6853314668533147	chr1	173837092.0	173837206.0	antisense	0.7532411315830443	0.12306597286697853	0.1
SP8	56	68	0.4574545016536478	0.6681331866813318	chr1	173837092.0	173837206.0	sense	0.7409425724094256	0.13021545120041642	0.1
ZNF410	55	72	0.45615269040641976	0.3885611438856114	chr1	173837092.0	173837206.0	sense	0.6185988763086882	0.20859087323258008	0.1
NFYA	56	74	0.4516485069701109	0.8278172182781722	chr1	173837092.0	173837206.0	sense	0.8575591542642144	0.06673591270274223	0.1
Nkx2-5	70	77	0.4485682262170989	0.6585341465853415	chr1	173837092.0	173837206.0	antisense	0.736906309369063	0.13258772504534838	0.1
MLXIPL	68	78	0.4445743543239993	0.7024297570242976	chr1	173837092.0	173837206.0	sense	0.7628971412482183	0.11753401250330489	0.1
DUX4	64	75	0.44296606716196624	0.5507449255074492	chr1	173837092.0	173837206.0	sense	0.6971076614966241	0.15670014416433575	0.1
NFIL3	64	75	0.44290796487541634	0.6374362563743625	chr1	173837092.0	173837206.0	sense	0.7244833503520546	0.13997159077709267	0.1
CEBPB	63	73	0.4424985413896052	0.6871312868713129	chr1	173837092.0	173837206.0	antisense	0.7532411315830443	0.12306597286697853	0.1
Lhx3	58	71	0.44061642928966904	0.5214478552144786	chr1	173837092.0	173837206.0	sense	0.6851428781172515	0.16421885229231542	0.1
KLF16	57	68	0.4391758138859298	0.5092490750924907	chr1	173837092.0	173837206.0	sense	0.6808387863503726	0.16695571112246607	0.1
CEBPD	63	73	0.4360867751342709	0.6598340165983402	chr1	173837092.0	173837206.0	antisense	0.736906309369063	0.13258772504534838	0.1
CDX2	61	72	0.4360588229213794	0.5707429257074292	chr1	173837092.0	173837206.0	antisense	0.7023015707907883	0.15347636022530703	0.1
EGR1	62	76	0.4351095902554477	0.6178382161783822	chr1	173837092.0	173837206.0	sense	0.7244833503520546	0.13997159077709267	0.1
OTX1	61	69	0.43425488667992135	0.7447255274472553	chr1	173837092.0	173837206.0	sense	0.7952933101751554	0.09947267071741196	0.1
Rarg	57	73	0.4305296584121118	0.38706129387061294	chr1	173837092.0	173837206.0	sense	0.6181071123656865	0.2089362590883241	0.1
HES7	56	68	0.4301118239996086	0.41445855414458554	chr1	173837092.0	173837206.0	antisense	0.6351373712186305	0.19713233280251388	0.1
MEF2B	65	77	0.42770845537727575	0.43625637436256376	chr1	173837092.0	173837206.0	antisense	0.6450628441429361	0.19039797290740879	0.1
JDP2	66	75	0.4261974819719687	0.4430556944305569	chr1	173837092.0	173837206.0	sense	0.6532554130950542	0.18491698287492384	0.1
MEF2D	65	77	0.4252230757391543	0.41285871412858716	chr1	173837092.0	173837206.0	antisense	0.6351373712186305	0.19713233280251388	0.1
MLX	68	78	0.4246753488566587	0.6049395060493951	chr1	173837092.0	173837206.0	sense	0.7209331819111667	0.14210498503368907	0.1
HSF1	63	76	0.4231528440811573	0.5473452654734526	chr1	173837092.0	173837206.0	antisense	0.6971076614966241	0.15670014416433575	0.1
Esrra	66	77	0.4197072154633821	0.5214478552144786	chr1	173837092.0	173837206.0	antisense	0.6851428781172515	0.16421885229231542	0.1
NFKB2	55	68	0.41258790866025613	0.6257374262573743	chr1	173837092.0	173837206.0	sense	0.7244833503520546	0.13997159077709267	0.1
ARNT::HIF1A	69	77	0.402019808810535	0.7492250774922508	chr1	173837092.0	173837206.0	antisense	0.7984554727278812	0.0977492980449381	0.1
POU3F4	57	66	0.3985043952324629	0.571042895710429	chr1	173837092.0	173837206.0	antisense	0.7023015707907883	0.15347636022530703	0.1
Hnf4a	60	76	0.39823337528100833	0.5513448655134486	chr1	173837092.0	173837206.0	antisense	0.6971076614966241	0.15670014416433575	0.1
Pou2f3	56	72	0.39375227693840903	0.8697130286971303	chr1	173837092.0	173837206.0	sense	0.8890561731228451	0.05107079818999755	0.1
LHX6	68	78	0.38764762479843556	0.8422157784221578	chr1	173837092.0	173837206.0	antisense	0.869005942348111	0.0609772537927944	0.1
CEBPG	55	65	0.38730060566707386	0.6359364063593641	chr1	173837092.0	173837206.0	sense	0.7244833503520546	0.13997159077709267	0.1
GBX1	61	71	0.3851108093152133	0.7856214378562144	chr1	173837092.0	173837206.0	antisense	0.8253796077882091	0.08334626520715713	0.1
ZNF354C	56	62	0.38342136489598494	0.6208379162083791	chr1	173837092.0	173837206.0	sense	0.7244833503520546	0.13997159077709267	0.1
Msx3	69	77	0.3790295931669815	0.6996300369963003	chr1	173837092.0	173837206.0	sense	0.7628319100863022	0.11757114823675739	0.1
Dux	62	70	0.3785552381571132	0.6263373662633737	chr1	173837092.0	173837206.0	antisense	0.7244833503520546	0.13997159077709267	0.1
MSX2	69	77	0.37815515513654363	0.726027397260274	chr1	173837092.0	173837206.0	sense	0.7791727025644543	0.10836627087955725	0.1
Mlxip	62	70	0.3774431723140479	0.633036696330367	chr1	173837092.0	173837206.0	sense	0.7244833503520546	0.13997159077709267	0.1
E2F1	67	79	0.37606548879750074	0.8933106689331067	chr1	173837092.0	173837206.0	antisense	0.9090749748554557	0.04140029739052135	0.1
EGR2	57	68	0.37478952064734	0.6482351764823517	chr1	173837092.0	173837206.0	sense	0.7313783839007404	0.1358578795070751	0.1
VSX2	62	70	0.36913531061984023	0.8049195080491951	chr1	173837092.0	173837206.0	sense	0.8405497478421172	0.0754365777938684	0.1
NRF1	62	73	0.36876939649156715	0.7328267173282672	chr1	173837092.0	173837206.0	sense	0.7842001366873622	0.1055730863375693	0.1
Id2	69	77	0.3642696225331364	0.6596340365963403	chr1	173837092.0	173837206.0	antisense	0.736906309369063	0.13258772504534838	0.1
REST	55	76	0.3538036624344022	0.7096290370962903	chr1	173837092.0	173837206.0	antisense	0.7688882468746862	0.11413677761408117	0.1
LIN54	71	80	0.34882672040209145	0.7161283871612839	chr1	173837092.0	173837206.0	antisense	0.7711008982089343	0.11288879099137024	0.1
NFKB1	55	68	0.3472187393695366	0.5384461553844615	chr1	173837092.0	173837206.0	antisense	0.6917167194171672	0.16007172690500943	0.1
Lhx8	70	78	0.34479141578243316	0.8593140685931406	chr1	173837092.0	173837206.0	sense	0.8813913075095652	0.05483123692031957	0.1
PLAG1	66	80	0.3430079933955005	0.5575442455754425	chr1	173837092.0	173837206.0	sense	0.7006427686529167	0.15450335599485285	0.1
mix-a	69	80	0.34231916477957564	0.7661233876612339	chr1	173837092.0	173837206.0	antisense	0.8098127050838705	0.09161541390431434	0.1
Alx4	55	72	0.3382099983869735	0.901009899010099	chr1	173837092.0	173837206.0	sense	0.9151157291315878	0.03852397987340046	0.1
Nr2f6	57	71	0.33311704832744055	0.7845215478452154	chr1	173837092.0	173837206.0	antisense	0.8253796077882091	0.08334626520715713	0.1
TEF	57	69	0.3309580534917067	0.8049195080491951	chr1	173837092.0	173837206.0	antisense	0.8405497478421172	0.0754365777938684	0.1
TP63	58	76	0.3303896518777522	0.6465353464653535	chr1	173837092.0	173837206.0	sense	0.7310497708399095	0.13605305469012877	0.1
RXRA::VDR	58	73	0.3174204207394118	0.7146285371462854	chr1	173837092.0	173837206.0	antisense	0.7710856772950564	0.11289736370106948	0.1
GMEB2	67	75	0.31415635465429476	0.9135086491350864	chr1	173837092.0	173837206.0	antisense	0.9170425317236168	0.03761052162057448	0.1
PAX4	70	78	0.31272871956332743	0.8702129787021298	chr1	173837092.0	173837206.0	antisense	0.8890561731228451	0.05107079818999755	0.1
NR1H2::RXRA	58	75	0.31141630174478013	0.535946405359464	chr1	173837092.0	173837206.0	antisense	0.6917167194171672	0.16007172690500943	0.1
Arx	55	72	0.31129803796071226	0.9052094790520948	chr1	173837092.0	173837206.0	antisense	0.9156662974479252	0.038262770417077624	0.1
POU4F2	55	71	0.3052250681357171	0.6879312068793121	chr1	173837092.0	173837206.0	sense	0.7532411315830443	0.12306597286697853	0.1
Mycn	61	69	0.28570296981033244	0.7913208679132087	chr1	173837092.0	173837206.0	sense	0.8296879402968793	0.08108522243196466	0.1
HNF1A	61	76	0.2641719330566393	0.9109089091090891	chr1	173837092.0	173837206.0	antisense	0.9162048911387931	0.03800739408261792	0.1
RREB1	60	80	0.2559935638361185	0.47135286471352866	chr1	173837092.0	173837206.0	antisense	0.6665725797992408	0.1761525554921892	0.1
Arid3a	62	68	0.25292810151558553	0.7266273372662734	chr1	173837092.0	173837206.0	antisense	0.7791727025644543	0.10836627087955725	0.1
ISX	70	78	0.23813430340342187	0.8404159584041596	chr1	173837092.0	173837206.0	sense	0.8688762597843801	0.06104206879793437	0.1
E2F2	63	79	0.22903421660459872	0.7026297370262974	chr1	173837092.0	173837206.0	antisense	0.7628971412482183	0.11753401250330489	0.1
PAX9	55	72	0.22820203511132947	0.8853114688531147	chr1	173837092.0	173837206.0	antisense	0.9027046214828419	0.044454334122334425	0.1
Arnt	63	69	0.2223445366811639	0.8486151384861513	chr1	173837092.0	173837206.0	sense	0.8738715414172868	0.05855240369727686	0.1
HNF1B	62	75	0.21884133473928602	0.9079092090790921	chr1	173837092.0	173837206.0	sense	0.9156662974479252	0.038262770417077624	0.1
E2F3	62	80	0.20802291868356998	0.7778222177782221	chr1	173837092.0	173837206.0	antisense	0.8205075833880027	0.08591740070675122	0.1
RXRB	58	72	0.17165837520599012	0.8186181381861813	chr1	173837092.0	173837206.0	sense	0.8514284844060684	0.06985182466223575	0.1
Rxra	58	72	0.17099012726401222	0.8267173282671733	chr1	173837092.0	173837206.0	sense	0.8575591542642144	0.06673591270274223	0.1
RXRG	62	76	0.16513328221187945	0.8536146385361464	chr1	173837092.0	173837206.0	antisense	0.877279202772792	0.05686216612539296	0.1
PAX3	57	67	0.12318656863469803	0.9028097190280971	chr1	173837092.0	173837206.0	antisense	0.9151528206554345	0.03850637738098363	0.1
GLIS1	56	72	0.11280917187692127	0.7512248775122488	chr1	173837092.0	173837206.0	antisense	0.7989461299771662	0.09748250259135785	0.1
PAX7	57	67	0.021355407358251064	0.9763023697630236	chr1	173837092.0	173837206.0	sense	0.9763023697630236	0.010415656531711693	0.1
BCL6B	63	80	-0.023077641186247964	0.9483051694830517	chr1	173837092.0	173837206.0	antisense	0.9501358744434437	0.02221428386748728	0.1
