motif	start	end	score	pval	tile_chr	tile_start	tile_end	strand	padj	neg_log_pval	fdr_cutoff
Gmeb1	55	72	4.035903257226656	0.0007999200079992001	chr1	211556065.0	211556179.0	sense	0.14991834149918343	0.8241452308969117	0.1
Hes1	54	64	3.8152716270075038	0.0025997400259974	chr1	211556065.0	211556179.0	antisense	0.14991834149918343	0.8241452308969117	0.1
NRF1	55	66	3.518599330126678	9.999000099990002e-05	chr1	211556065.0	211556179.0	sense	0.051894810518948106	1.2848760694284047	0.1
Tcfl5	54	64	3.482022987435001	0.0024997500249975004	chr1	211556065.0	211556179.0	sense	0.14991834149918343	0.8241452308969117	0.1
EGR4	51	67	2.5468628885731732	0.0032996700329967	chr1	211556065.0	211556179.0	antisense	0.17125287471252876	0.7663621295505173	0.1
HINFP	55	67	2.4426089929857686	0.0015998400159984002	chr1	211556065.0	211556179.0	sense	0.14991834149918343	0.8241452308969117	0.1
PAX5	52	71	2.371312458354021	0.014598540145985401	chr1	211556065.0	211556179.0	antisense	0.3788321167883212	0.42155320930794893	0.1
Hes2	55	68	2.2311388134706616	0.023797620237976203	chr1	211556065.0	211556179.0	antisense	0.5146235376462355	0.2885103540834988	0.1
EGR3	54	69	2.129682103075662	0.0018998100189981002	chr1	211556065.0	211556179.0	antisense	0.14991834149918343	0.8241452308969117	0.1
ZBTB33	50	65	2.0735240340615597	0.0064993500649935	chr1	211556065.0	211556179.0	sense	0.28369163083691634	0.5471534761003694	0.1
EGR2	54	65	2.063582494865653	0.0021997800219978004	chr1	211556065.0	211556179.0	antisense	0.14991834149918343	0.8241452308969117	0.1
Mitf	55	65	2.048340395080893	0.0136986301369863	chr1	211556065.0	211556179.0	antisense	0.3741888968997837	0.426909103224827	0.1
EGR1	54	68	2.0082039064963446	0.017598240175982403	chr1	211556065.0	211556179.0	antisense	0.4349279357778508	0.36158269634817425	0.1
Arntl	55	65	1.8795700969247193	0.0022997700229977	chr1	211556065.0	211556179.0	antisense	0.14991834149918343	0.8241452308969117	0.1
SP2	55	70	1.8545291490509292	0.043195680431956804	chr1	211556065.0	211556179.0	antisense	0.647724116477241	0.18860993271605359	0.1
E2F4	58	69	1.7664770243207029	0.013398660133986601	chr1	211556065.0	211556179.0	antisense	0.3741888968997837	0.426909103224827	0.1
ZBTB7C	53	65	1.7568727737537237	0.06569343065693431	chr1	211556065.0	211556179.0	antisense	0.647724116477241	0.18860993271605359	0.1
ARNT::HIF1A	55	63	1.6932695734123577	0.0024997500249975004	chr1	211556065.0	211556179.0	sense	0.14991834149918343	0.8241452308969117	0.1
TBX19	51	71	1.627040139693665	0.027197280271972803	chr1	211556065.0	211556179.0	sense	0.5428995561982264	0.265280513365024	0.1
HEY1	54	64	1.6075349598903508	0.0081991800819918	chr1	211556065.0	211556179.0	antisense	0.28369163083691634	0.5471534761003694	0.1
GLI2	53	65	1.5850423345718752	0.0231976802319768	chr1	211556065.0	211556179.0	antisense	0.5146235376462355	0.2885103540834988	0.1
GCM1	52	63	1.5763656058197242	0.0112988701129887	chr1	211556065.0	211556179.0	sense	0.36650709929007097	0.4359176086009099	0.1
HEY2	54	64	1.5569050676879552	0.012898710128987101	chr1	211556065.0	211556179.0	sense	0.3741888968997837	0.426909103224827	0.1
Zfx	57	71	1.526241474212406	0.06729327067293271	chr1	211556065.0	211556179.0	sense	0.647724116477241	0.18860993271605359	0.1
THAP1	56	65	1.5246127753128658	0.14338566143385661	chr1	211556065.0	211556179.0	antisense	0.9315118488151186	0.030811616514066803	0.1
E2F1	51	63	1.518572165583623	0.0188981101889811	chr1	211556065.0	211556179.0	antisense	0.445823599458236	0.3508369460773669	0.1
MAX::MYC	54	65	1.5173770941018017	0.006799320067993201	chr1	211556065.0	211556179.0	antisense	0.28369163083691634	0.5471534761003694	0.1
ZBTB7A	54	66	1.5133522041358134	0.053394660533946606	chr1	211556065.0	211556179.0	antisense	0.647724116477241	0.18860993271605359	0.1
ETV5	56	66	1.509571949108586	0.046295370462953706	chr1	211556065.0	211556179.0	antisense	0.647724116477241	0.18860993271605359	0.1
TFE3	60	70	1.4636849910784875	0.0377962203779622	chr1	211556065.0	211556179.0	antisense	0.647724116477241	0.18860993271605359	0.1
Ahr::Arnt	56	62	1.4214608716018835	0.007999200079992	chr1	211556065.0	211556179.0	sense	0.28369163083691634	0.5471534761003694	0.1
SP3	53	64	1.419155207125375	0.12498750124987501	chr1	211556065.0	211556179.0	antisense	0.8752924707529246	0.057846807308268196	0.1
ETV6	56	66	1.4007792949298326	0.029797020297970205	chr1	211556065.0	211556179.0	antisense	0.5727649457276495	0.2420235695111369	0.1
CTCF	53	72	1.3639345051336724	0.07779222077792221	chr1	211556065.0	211556179.0	antisense	0.678092190780922	0.16871125712760995	0.1
TFAP2A(var.2)	58	70	1.3337577146761057	0.14358564143585642	chr1	211556065.0	211556179.0	antisense	0.9315118488151186	0.030811616514066803	0.1
GCM2	52	62	1.3249182485157345	0.05959404059594041	chr1	211556065.0	211556179.0	sense	0.647724116477241	0.18860993271605359	0.1
Klf1	54	65	1.3229506833731288	0.06529347065293471	chr1	211556065.0	211556179.0	antisense	0.647724116477241	0.18860993271605359	0.1
E2F6	58	69	1.2692846311910453	0.07729227077292271	chr1	211556065.0	211556179.0	antisense	0.678092190780922	0.16871125712760995	0.1
NFIX	51	60	1.233947215072743	0.11528847115288471	chr1	211556065.0	211556179.0	antisense	0.8677965536779656	0.0615820789378675	0.1
ZNF263	51	72	1.2215934987063586	0.24487551244875513	chr1	211556065.0	211556179.0	sense	1.0	-0.0	0.1
KLF14	55	69	1.2204514098930066	0.07839216078392161	chr1	211556065.0	211556179.0	antisense	0.678092190780922	0.16871125712760995	0.1
NHLH1	56	66	1.1651464353759724	0.044495550444955505	chr1	211556065.0	211556179.0	sense	0.647724116477241	0.18860993271605359	0.1
TFEC	54	64	1.147568031134733	0.0644935506449355	chr1	211556065.0	211556179.0	antisense	0.647724116477241	0.18860993271605359	0.1
ELF5	56	67	1.1444875638782073	0.1493850614938506	chr1	211556065.0	211556179.0	antisense	0.9341065893410658	0.029603564325098777	0.1
MNT	60	70	1.1429090178184083	0.054394560543945605	chr1	211556065.0	211556179.0	antisense	0.647724116477241	0.18860993271605359	0.1
Pax2	59	67	1.1395140688732106	0.22097790220977903	chr1	211556065.0	211556179.0	sense	0.9719282309057231	0.01236580304941945	0.1
ZBTB7B	53	65	1.1305925665319747	0.1264873512648735	chr1	211556065.0	211556179.0	antisense	0.8752924707529246	0.057846807308268196	0.1
Gabpa	54	65	1.128042931949024	0.08339166083391661	chr1	211556065.0	211556179.0	antisense	0.7095126552918478	0.14903985380143317	0.1
SP8	58	70	1.1233143632329323	0.19938006199380062	chr1	211556065.0	211556179.0	sense	0.9719282309057231	0.01236580304941945	0.1
ELK4	55	66	1.1223372808367513	0.0851914808519148	chr1	211556065.0	211556179.0	sense	0.7131351380990932	0.14682816415995864	0.1
EOMES	57	70	1.1218200019734184	0.19558044195580443	chr1	211556065.0	211556179.0	antisense	0.9719282309057231	0.01236580304941945	0.1
TFAP2C	54	66	1.1125523499296586	0.22027797220277973	chr1	211556065.0	211556179.0	antisense	0.9719282309057231	0.01236580304941945	0.1
MAX	60	70	1.1100939502244962	0.058194180581941805	chr1	211556065.0	211556179.0	sense	0.647724116477241	0.18860993271605359	0.1
CLOCK	60	70	1.1010929686663553	0.0413958604139586	chr1	211556065.0	211556179.0	sense	0.647724116477241	0.18860993271605359	0.1
TFAP2B	54	66	1.0999766623794194	0.207979202079792	chr1	211556065.0	211556179.0	sense	0.9719282309057231	0.01236580304941945	0.1
TP53	50	68	1.0860259845329334	0.047495250474952504	chr1	211556065.0	211556179.0	antisense	0.647724116477241	0.18860993271605359	0.1
NRL	59	70	1.0667889953343603	0.35376462353764626	chr1	211556065.0	211556179.0	antisense	1.0	-0.0	0.1
MAFF	54	72	1.055382213889313	0.2862713728627137	chr1	211556065.0	211556179.0	sense	1.0	-0.0	0.1
TBX2	59	70	1.0457854714005064	0.253974602539746	chr1	211556065.0	211556179.0	antisense	1.0	-0.0	0.1
IRF7	51	65	1.04238885613341	0.10948905109489052	chr1	211556065.0	211556179.0	antisense	0.8481316047499727	0.07153675295309411	0.1
CEBPE	52	62	1.040022167862084	0.0654934506549345	chr1	211556065.0	211556179.0	antisense	0.647724116477241	0.18860993271605359	0.1
RUNX2	53	62	1.0352915106784508	0.1311868813118688	chr1	211556065.0	211556179.0	antisense	0.8956909503854811	0.04784181365815462	0.1
MZF1(var.2)	53	63	1.0337695879133375	0.23767623237676233	chr1	211556065.0	211556179.0	antisense	1.0	-0.0	0.1
T	53	69	1.032929129826561	0.0673932606739326	chr1	211556065.0	211556179.0	sense	0.647724116477241	0.18860993271605359	0.1
ELF1	56	68	1.0307922672332972	0.0658934106589341	chr1	211556065.0	211556179.0	antisense	0.647724116477241	0.18860993271605359	0.1
HIC2	59	68	1.0224673599640701	0.22037796220377961	chr1	211556065.0	211556179.0	sense	0.9719282309057231	0.01236580304941945	0.1
ETV1	56	66	1.0162951216878646	0.14858514148585142	chr1	211556065.0	211556179.0	antisense	0.9341065893410658	0.029603564325098777	0.1
Arnt	56	62	1.013199733652223	0.007499250074992501	chr1	211556065.0	211556179.0	sense	0.28369163083691634	0.5471534761003694	0.1
CEBPB	52	62	1.0044101469681406	0.05169483051694831	chr1	211556065.0	211556179.0	antisense	0.647724116477241	0.18860993271605359	0.1
ETV3	56	66	0.9979583951594247	0.12038796120387961	chr1	211556065.0	211556179.0	antisense	0.8677965536779656	0.0615820789378675	0.1
TFAP2A	60	71	0.9953912659868261	0.21087891210878912	chr1	211556065.0	211556179.0	antisense	0.9719282309057231	0.01236580304941945	0.1
CENPB	51	66	0.9953251633834023	0.23567643235676433	chr1	211556065.0	211556179.0	antisense	1.0	-0.0	0.1
ELF4	56	68	0.9877186021806282	0.07269273072692731	chr1	211556065.0	211556179.0	antisense	0.6737058437013441	0.17152968557556741	0.1
CEBPD	52	62	0.9856641429343794	0.0496950304969503	chr1	211556065.0	211556179.0	antisense	0.647724116477241	0.18860993271605359	0.1
CEBPG	52	62	0.9847556417562193	0.025797420257974202	chr1	211556065.0	211556179.0	antisense	0.5355544445555445	0.27119637213721226	0.1
Npas2	54	64	0.9836591880185858	0.0887911208879112	chr1	211556065.0	211556179.0	sense	0.720040495950405	0.14264307763369097	0.1
PAX1	54	71	0.9818235607556748	0.065993400659934	chr1	211556065.0	211556179.0	antisense	0.647724116477241	0.18860993271605359	0.1
RUNX3	52	62	0.9811781911561035	0.1835816418358164	chr1	211556065.0	211556179.0	antisense	0.9719282309057231	0.01236580304941945	0.1
FEV	56	66	0.9708022396628405	0.13288671132886712	chr1	211556065.0	211556179.0	antisense	0.8956909503854811	0.04784181365815462	0.1
ZIC4	57	72	0.9705252466698274	0.2752724727527247	chr1	211556065.0	211556179.0	sense	1.0	-0.0	0.1
ZIC3	55	70	0.9572803541856085	0.17198280171982802	chr1	211556065.0	211556179.0	antisense	0.971798609612723	0.012423726633327503	0.1
ETS1	56	66	0.9572750632224166	0.12238776122387761	chr1	211556065.0	211556179.0	antisense	0.8701266859615407	0.06041751173931838	0.1
ERG	56	66	0.9572134210546009	0.11968803119688032	chr1	211556065.0	211556179.0	antisense	0.8677965536779656	0.0615820789378675	0.1
KLF16	59	70	0.9509298038270809	0.20717928207179281	chr1	211556065.0	211556179.0	antisense	0.9719282309057231	0.01236580304941945	0.1
Rhox11	53	70	0.9483507319286237	0.45945405459454053	chr1	211556065.0	211556179.0	antisense	1.0	-0.0	0.1
TBX5	55	63	0.9428038120681124	0.2575742425757424	chr1	211556065.0	211556179.0	sense	1.0	-0.0	0.1
PAX9	54	71	0.9381303107055208	0.045295470452954706	chr1	211556065.0	211556179.0	antisense	0.647724116477241	0.18860993271605359	0.1
PRDM1	55	70	0.9311524950929043	0.2843715628437156	chr1	211556065.0	211556179.0	antisense	1.0	-0.0	0.1
TFAP2A(var.3)	51	64	0.9280561076584154	0.21507849215078492	chr1	211556065.0	211556179.0	sense	0.9719282309057231	0.01236580304941945	0.1
GLIS2	51	65	0.9269791097416706	0.1710828917108289	chr1	211556065.0	211556179.0	antisense	0.971798609612723	0.012423726633327503	0.1
Klf4	54	64	0.9156621070505507	0.1982801719828017	chr1	211556065.0	211556179.0	sense	0.9719282309057231	0.01236580304941945	0.1
Mafb	58	70	0.9065367639219813	0.2735726427357264	chr1	211556065.0	211556179.0	antisense	1.0	-0.0	0.1
EHF	56	68	0.9053998204442817	0.14238576142385762	chr1	211556065.0	211556179.0	antisense	0.9315118488151186	0.030811616514066803	0.1
MTF1	52	66	0.905282656562962	0.0537946205379462	chr1	211556065.0	211556179.0	antisense	0.647724116477241	0.18860993271605359	0.1
TFAP2C(var.3)	51	64	0.9030213874903598	0.207979202079792	chr1	211556065.0	211556179.0	sense	0.9719282309057231	0.01236580304941945	0.1
SPIC	56	70	0.8838979080656773	0.3745625437456254	chr1	211556065.0	211556179.0	antisense	1.0	-0.0	0.1
Nfe2l2	56	71	0.8831334539711995	0.19368063193680632	chr1	211556065.0	211556179.0	antisense	0.9719282309057231	0.01236580304941945	0.1
IRF8	51	65	0.8801396513870839	0.0565943405659434	chr1	211556065.0	211556179.0	antisense	0.647724116477241	0.18860993271605359	0.1
Klf12	56	71	0.8768543186122657	0.17498250174982502	chr1	211556065.0	211556179.0	antisense	0.971798609612723	0.012423726633327503	0.1
BHLHE40	54	64	0.8740945128334513	0.08849115088491151	chr1	211556065.0	211556179.0	antisense	0.720040495950405	0.14264307763369097	0.1
Neurog1	56	66	0.8732182183512996	0.6246375362463754	chr1	211556065.0	211556179.0	antisense	1.0	-0.0	0.1
ETV4	56	66	0.8664316712568803	0.22547745225477453	chr1	211556065.0	211556179.0	antisense	0.9833848547918318	0.007276484606956212	0.1
HES5	59	71	0.8616789992013527	0.0660933906609339	chr1	211556065.0	211556179.0	antisense	0.647724116477241	0.18860993271605359	0.1
Id2	55	63	0.858569847353194	0.048295170482951705	chr1	211556065.0	211556179.0	antisense	0.647724116477241	0.18860993271605359	0.1
RARA::RXRA	53	70	0.8562070923649626	0.36836316368363164	chr1	211556065.0	211556179.0	antisense	1.0	-0.0	0.1
TP73	52	70	0.8526261704177015	0.1713828617138286	chr1	211556065.0	211556179.0	sense	0.971798609612723	0.012423726633327503	0.1
ELK1	56	66	0.8496784974301105	0.10378962103789621	chr1	211556065.0	211556179.0	antisense	0.8161638381616384	0.08822265145783444	0.1
Pax6	52	66	0.8490957977879022	0.2843715628437156	chr1	211556065.0	211556179.0	sense	1.0	-0.0	0.1
TCF4	56	66	0.846243089659364	0.1546845315468453	chr1	211556065.0	211556179.0	antisense	0.9444855514448555	0.024804681443330045	0.1
SP1	59	70	0.8454611643326908	0.25947405259474055	chr1	211556065.0	211556179.0	antisense	1.0	-0.0	0.1
YY2	50	61	0.8453137702522582	0.25317468253174685	chr1	211556065.0	211556179.0	antisense	1.0	-0.0	0.1
TBX21	60	70	0.8447243354942626	0.18718128187181282	chr1	211556065.0	211556179.0	antisense	0.9719282309057231	0.01236580304941945	0.1
Mlxip	55	63	0.8442035172089806	0.051394860513948606	chr1	211556065.0	211556179.0	antisense	0.647724116477241	0.18860993271605359	0.1
INSM1	58	70	0.8309187945035925	0.2186781321867813	chr1	211556065.0	211556179.0	antisense	0.9719282309057231	0.01236580304941945	0.1
MLXIPL	60	70	0.8229089297199709	0.11698830116988301	chr1	211556065.0	211556179.0	sense	0.8677965536779656	0.0615820789378675	0.1
KLF5	52	62	0.8216596105036886	0.252974702529747	chr1	211556065.0	211556179.0	antisense	1.0	-0.0	0.1
SP4	55	72	0.8110315932616295	0.17698230176982302	chr1	211556065.0	211556179.0	sense	0.971798609612723	0.012423726633327503	0.1
Srebf1(var.2)	60	70	0.8094868199900498	0.06939306069393061	chr1	211556065.0	211556179.0	antisense	0.6548181545481816	0.18387928846779372	0.1
SREBF2(var.2)	60	70	0.8031420675573833	0.05549445055494451	chr1	211556065.0	211556179.0	antisense	0.647724116477241	0.18860993271605359	0.1
ERF	56	66	0.7991414543926978	0.17318268173182683	chr1	211556065.0	211556179.0	antisense	0.971798609612723	0.012423726633327503	0.1
FLI1	56	66	0.7930302385492015	0.16278372162783722	chr1	211556065.0	211556179.0	antisense	0.971798609612723	0.012423726633327503	0.1
ELK3	56	66	0.7897256732929989	0.2450754924507549	chr1	211556065.0	211556179.0	antisense	1.0	-0.0	0.1
TFEB	60	70	0.786329166669745	0.22767723227677233	chr1	211556065.0	211556179.0	antisense	0.9847040295970404	0.006694284860886806	0.1
ZBED1	51	64	0.7720156739497014	0.07439256074392561	chr1	211556065.0	211556179.0	antisense	0.6773638425631121	0.1691779895550175	0.1
USF1	59	70	0.7678129472005628	0.21307869213078692	chr1	211556065.0	211556179.0	antisense	0.9719282309057231	0.01236580304941945	0.1
PLAG1	54	68	0.7676337333201452	0.2084791520847915	chr1	211556065.0	211556179.0	sense	0.9719282309057231	0.01236580304941945	0.1
TFAP2C(var.2)	56	67	0.761929549281743	0.32396760323967605	chr1	211556065.0	211556179.0	antisense	1.0	-0.0	0.1
NKX2-8	54	63	0.7475843277231455	0.3584641535846415	chr1	211556065.0	211556179.0	antisense	1.0	-0.0	0.1
ESR2	57	72	0.7473427154943603	0.5017498250174982	chr1	211556065.0	211556179.0	antisense	1.0	-0.0	0.1
Bach1::Mafk	55	70	0.746408041460232	0.18218178182181782	chr1	211556065.0	211556179.0	antisense	0.9719282309057231	0.01236580304941945	0.1
IRF2	52	70	0.7455144269025984	0.19968003199680032	chr1	211556065.0	211556179.0	antisense	0.9719282309057231	0.01236580304941945	0.1
HSF4	54	67	0.7447709830876407	0.34756524347565243	chr1	211556065.0	211556179.0	sense	1.0	-0.0	0.1
POU6F2	50	60	0.7365065808556147	0.27887211278872115	chr1	211556065.0	211556179.0	antisense	1.0	-0.0	0.1
Nr1h3::Rxra	53	72	0.7282718811858945	0.5677432256774323	chr1	211556065.0	211556179.0	antisense	1.0	-0.0	0.1
TFAP2B(var.2)	56	67	0.7280801344669539	0.3110688931106889	chr1	211556065.0	211556179.0	antisense	1.0	-0.0	0.1
TBX4	53	61	0.7260779195183351	0.30786921307869214	chr1	211556065.0	211556179.0	antisense	1.0	-0.0	0.1
Hic1	58	67	0.7248179697811139	0.38236176382361764	chr1	211556065.0	211556179.0	antisense	1.0	-0.0	0.1
TBR1	59	69	0.7239218417101955	0.2987701229877012	chr1	211556065.0	211556179.0	antisense	1.0	-0.0	0.1
IRF9	51	66	0.7234967114458004	0.0983901609839016	chr1	211556065.0	211556179.0	antisense	0.7856075930868451	0.10479432763991889	0.1
ZEB1	50	59	0.7205527534253613	0.1745825417458254	chr1	211556065.0	211556179.0	antisense	0.971798609612723	0.012423726633327503	0.1
Six3	52	69	0.719621782892817	0.5074492550744926	chr1	211556065.0	211556179.0	sense	1.0	-0.0	0.1
Ddit3::Cebpa	55	67	0.717185269203507	0.43625637436256376	chr1	211556065.0	211556179.0	antisense	1.0	-0.0	0.1
CEBPA	51	62	0.716405963112694	0.2582741725827417	chr1	211556065.0	211556179.0	antisense	1.0	-0.0	0.1
TCF3	60	70	0.7155177915840217	0.2725727427257274	chr1	211556065.0	211556179.0	sense	1.0	-0.0	0.1
ZNF740	55	65	0.7154021544242215	0.3086691330866913	chr1	211556065.0	211556179.0	antisense	1.0	-0.0	0.1
ZIC1	51	65	0.7102025970500286	0.2094790520947905	chr1	211556065.0	211556179.0	antisense	0.9719282309057231	0.01236580304941945	0.1
MLX	60	70	0.7077920464627475	0.11818818118188182	chr1	211556065.0	211556179.0	sense	0.8677965536779656	0.0615820789378675	0.1
MAFK	55	70	0.6997616729962843	0.48295170482951705	chr1	211556065.0	211556179.0	sense	1.0	-0.0	0.1
TFAP2B(var.3)	51	64	0.6906474237108051	0.3170682931706829	chr1	211556065.0	211556179.0	antisense	1.0	-0.0	0.1
Myc	55	65	0.6879163409046078	0.18988101189881013	chr1	211556065.0	211556179.0	sense	0.9719282309057231	0.01236580304941945	0.1
SMAD2::SMAD3::SMAD4	51	64	0.6748928548974729	0.40805919408059194	chr1	211556065.0	211556179.0	antisense	1.0	-0.0	0.1
XBP1	57	71	0.6699737439152601	0.33426657334266574	chr1	211556065.0	211556179.0	antisense	1.0	-0.0	0.1
Pparg::Rxra	54	69	0.6663363715842272	0.6153384661533846	chr1	211556065.0	211556179.0	antisense	1.0	-0.0	0.1
PITX3	55	64	0.6635377637130272	0.44995500449955006	chr1	211556065.0	211556179.0	antisense	1.0	-0.0	0.1
Rfx1	52	66	0.662097527405217	0.4340565943405659	chr1	211556065.0	211556179.0	antisense	1.0	-0.0	0.1
SREBF1	52	62	0.6576498148046614	0.24867513248675133	chr1	211556065.0	211556179.0	antisense	1.0	-0.0	0.1
Nkx2-5(var.2)	50	61	0.6528615259387045	0.35296470352964704	chr1	211556065.0	211556179.0	antisense	1.0	-0.0	0.1
MGA	53	61	0.649983357329745	0.285971402859714	chr1	211556065.0	211556179.0	antisense	1.0	-0.0	0.1
NFIC	52	58	0.6341989416074978	0.33586641335866413	chr1	211556065.0	211556179.0	sense	1.0	-0.0	0.1
ID4	54	64	0.6303117911325583	0.3852614738526147	chr1	211556065.0	211556179.0	sense	1.0	-0.0	0.1
GSC2	55	65	0.6236941396222299	0.7163283671632836	chr1	211556065.0	211556179.0	antisense	1.0	-0.0	0.1
KLF13	54	72	0.6231805658820608	0.24527547245275472	chr1	211556065.0	211556179.0	antisense	1.0	-0.0	0.1
NEUROD2	56	66	0.6195001707010348	0.45755424457554245	chr1	211556065.0	211556179.0	antisense	1.0	-0.0	0.1
SPDEF	56	67	0.6106337235828302	0.25977402259774024	chr1	211556065.0	211556179.0	antisense	1.0	-0.0	0.1
NKX2-3	54	64	0.6084109336836664	0.43355664433556645	chr1	211556065.0	211556179.0	antisense	1.0	-0.0	0.1
Mycn	62	70	0.6070931967517899	0.1725827417258274	chr1	211556065.0	211556179.0	antisense	0.971798609612723	0.012423726633327503	0.1
GMEB2	59	67	0.6002883593670146	0.3418658134186581	chr1	211556065.0	211556179.0	sense	1.0	-0.0	0.1
HES7	59	71	0.5988058288999217	0.14608539146085392	chr1	211556065.0	211556179.0	sense	0.9341065893410658	0.029603564325098777	0.1
RUNX1	51	62	0.5903107911391314	0.5398460153984601	chr1	211556065.0	211556179.0	sense	1.0	-0.0	0.1
USF2	59	70	0.5901287786052734	0.3738626137386261	chr1	211556065.0	211556179.0	antisense	1.0	-0.0	0.1
NFKB2	53	66	0.5821104418815621	0.27947205279472054	chr1	211556065.0	211556179.0	antisense	1.0	-0.0	0.1
BHLHE41	54	64	0.5806550489686625	0.17788221177882213	chr1	211556065.0	211556179.0	sense	0.971798609612723	0.012423726633327503	0.1
GATA1::TAL1	53	71	0.5792214881710169	0.6441355864413558	chr1	211556065.0	211556179.0	antisense	1.0	-0.0	0.1
GSC	55	65	0.5758908923554259	0.56994300569943	chr1	211556065.0	211556179.0	antisense	1.0	-0.0	0.1
FIGLA	60	70	0.5726402469458126	0.5201479852014799	chr1	211556065.0	211556179.0	sense	1.0	-0.0	0.1
LBX2	55	65	0.5678859976370833	0.8861113888611138	chr1	211556065.0	211556179.0	sense	1.0	-0.0	0.1
ATF4	51	64	0.5623375981801569	0.36626337366263373	chr1	211556065.0	211556179.0	antisense	1.0	-0.0	0.1
CREB3	53	67	0.5606608371263806	0.46285371462853714	chr1	211556065.0	211556179.0	antisense	1.0	-0.0	0.1
ISL2	51	59	0.5577798058348551	0.6055394460553944	chr1	211556065.0	211556179.0	antisense	1.0	-0.0	0.1
E2F8	51	63	0.5460332215876423	0.19098090190980901	chr1	211556065.0	211556179.0	antisense	0.9719282309057231	0.01236580304941945	0.1
CREB3L1	52	66	0.539991269867304	0.46355364463553644	chr1	211556065.0	211556179.0	sense	1.0	-0.0	0.1
NR2F1	55	68	0.5366311454360139	0.5773422657734226	chr1	211556065.0	211556179.0	sense	1.0	-0.0	0.1
Myod1	56	69	0.5354696349894033	0.5287471252874713	chr1	211556065.0	211556179.0	sense	1.0	-0.0	0.1
Barhl1	54	64	0.5350243185691167	0.8462153784621538	chr1	211556065.0	211556179.0	antisense	1.0	-0.0	0.1
DBP	51	63	0.5348373122099898	0.43825617438256176	chr1	211556065.0	211556179.0	antisense	1.0	-0.0	0.1
HLF	51	63	0.5332581594227863	0.5505449455054494	chr1	211556065.0	211556179.0	sense	1.0	-0.0	0.1
BARHL2	54	64	0.5277731351109042	0.7381261873812619	chr1	211556065.0	211556179.0	antisense	1.0	-0.0	0.1
SNAI2	61	70	0.5233057679042621	0.6166383361663834	chr1	211556065.0	211556179.0	antisense	1.0	-0.0	0.1
Creb3l2	60	69	0.5148631930603236	0.3083691630836916	chr1	211556065.0	211556179.0	sense	1.0	-0.0	0.1
OLIG3	56	66	0.5129076266729246	0.5604439556044396	chr1	211556065.0	211556179.0	antisense	1.0	-0.0	0.1
TEAD1	56	66	0.512675118773743	0.5778422157784222	chr1	211556065.0	211556179.0	sense	1.0	-0.0	0.1
NFIA	58	68	0.5103883501690816	0.44325567443255676	chr1	211556065.0	211556179.0	antisense	1.0	-0.0	0.1
GLIS1	56	72	0.5067333247459435	0.20427957204279573	chr1	211556065.0	211556179.0	sense	0.9719282309057231	0.01236580304941945	0.1
Ascl2	56	66	0.5040356891468903	0.43345665433456654	chr1	211556065.0	211556179.0	sense	1.0	-0.0	0.1
REST	51	72	0.5025859819172116	0.23047695230476953	chr1	211556065.0	211556179.0	sense	0.9885746962493833	0.004990510019187951	0.1
E2F7	50	64	0.5014660876231958	0.15208479152084792	chr1	211556065.0	211556179.0	antisense	0.9396667476109531	0.027026141437288084	0.1
Pou2f3	55	71	0.5000453832898367	0.5933406659334066	chr1	211556065.0	211556179.0	antisense	1.0	-0.0	0.1
TEAD4	56	66	0.4975045018045162	0.575042495750425	chr1	211556065.0	211556179.0	sense	1.0	-0.0	0.1
YY1	60	72	0.4929665787342049	0.5128487151284872	chr1	211556065.0	211556179.0	antisense	1.0	-0.0	0.1
HOXA5	50	58	0.4870212263237138	0.5308469153084692	chr1	211556065.0	211556179.0	antisense	1.0	-0.0	0.1
SREBF2	52	62	0.48403979560061766	0.41785821417858215	chr1	211556065.0	211556179.0	sense	1.0	-0.0	0.1
MAF::NFE2	55	70	0.4795482088065508	0.545045495450455	chr1	211556065.0	211556179.0	sense	1.0	-0.0	0.1
ELF3	55	68	0.47570763344483935	0.41945805419458054	chr1	211556065.0	211556179.0	antisense	1.0	-0.0	0.1
Dmbx1	55	72	0.47181619345175835	0.7655234476552345	chr1	211556065.0	211556179.0	antisense	1.0	-0.0	0.1
EVX2	55	65	0.46907588323383037	0.8569143085691431	chr1	211556065.0	211556179.0	sense	1.0	-0.0	0.1
BHLHE22	56	66	0.4669613995945497	0.43015698430156984	chr1	211556065.0	211556179.0	sense	1.0	-0.0	0.1
Hand1::Tcf3	61	71	0.45567329156058184	0.7248275172482752	chr1	211556065.0	211556179.0	antisense	1.0	-0.0	0.1
GSX2	51	61	0.45502547455879017	0.8186181381861813	chr1	211556065.0	211556179.0	antisense	1.0	-0.0	0.1
MYBL1	54	66	0.4545310493789616	0.5098490150984901	chr1	211556065.0	211556179.0	antisense	1.0	-0.0	0.1
FOXF2	54	68	0.4510226512397721	0.5429457054294571	chr1	211556065.0	211556179.0	antisense	1.0	-0.0	0.1
PROX1	51	63	0.4497971966537178	0.3782621737826217	chr1	211556065.0	211556179.0	antisense	1.0	-0.0	0.1
Atoh1	56	66	0.44906453492936277	0.6268373162683731	chr1	211556065.0	211556179.0	antisense	1.0	-0.0	0.1
NFYA	54	72	0.446473681108925	0.6367363263673632	chr1	211556065.0	211556179.0	antisense	1.0	-0.0	0.1
GLIS3	57	71	0.4420212540163614	0.31686831316868314	chr1	211556065.0	211556179.0	sense	1.0	-0.0	0.1
FOXP3	56	63	0.44191429491039635	0.5468453154684532	chr1	211556065.0	211556179.0	antisense	1.0	-0.0	0.1
HOXB3	55	65	0.43547392981678607	0.8507149285071492	chr1	211556065.0	211556179.0	sense	1.0	-0.0	0.1
HOXC13	50	61	0.4290906022925765	0.5178482151784821	chr1	211556065.0	211556179.0	antisense	1.0	-0.0	0.1
REL	54	64	0.4260046653328438	0.694030596940306	chr1	211556065.0	211556179.0	sense	1.0	-0.0	0.1
MZF1	60	66	0.4256404797807294	0.46905309469053097	chr1	211556065.0	211556179.0	antisense	1.0	-0.0	0.1
TBX1	61	69	0.42316034100007477	0.4353564643535646	chr1	211556065.0	211556179.0	antisense	1.0	-0.0	0.1
NFIC::TLX1	52	66	0.41727090411848927	0.43595640435956406	chr1	211556065.0	211556179.0	antisense	1.0	-0.0	0.1
SOX10	66	72	0.4170366971639822	0.5058494150584941	chr1	211556065.0	211556179.0	sense	1.0	-0.0	0.1
POU1F1	56	70	0.4168780187429776	0.6735326467353264	chr1	211556065.0	211556179.0	antisense	1.0	-0.0	0.1
NKX3-2	51	60	0.4072197571693554	0.6318368163183682	chr1	211556065.0	211556179.0	antisense	1.0	-0.0	0.1
Pitx1	55	63	0.40518682435054976	0.7141285871412859	chr1	211556065.0	211556179.0	antisense	1.0	-0.0	0.1
NFKB1	54	67	0.4044323984509214	0.2930706929307069	chr1	211556065.0	211556179.0	antisense	1.0	-0.0	0.1
ZNF354C	59	65	0.4027149705476523	0.47205279472052797	chr1	211556065.0	211556179.0	sense	1.0	-0.0	0.1
NFATC1	50	60	0.39813261824843943	0.7525247475252475	chr1	211556065.0	211556179.0	sense	1.0	-0.0	0.1
MEIS3	52	60	0.39532571812921674	0.7856214378562144	chr1	211556065.0	211556179.0	sense	1.0	-0.0	0.1
OLIG2	56	66	0.395070672332961	0.6336366363363664	chr1	211556065.0	211556179.0	sense	1.0	-0.0	0.1
Atf1	52	60	0.39473446760941394	0.6214378562143785	chr1	211556065.0	211556179.0	sense	1.0	-0.0	0.1
Nr2e3	64	71	0.39412194998856964	0.40255974402559747	chr1	211556065.0	211556179.0	sense	1.0	-0.0	0.1
ETV2	56	67	0.3927289517276082	0.5327467253274673	chr1	211556065.0	211556179.0	antisense	1.0	-0.0	0.1
TBX15	51	59	0.38896621267140286	0.4306569343065693	chr1	211556065.0	211556179.0	sense	1.0	-0.0	0.1
Bcl6	56	70	0.3887549216493706	0.8005199480051994	chr1	211556065.0	211556179.0	antisense	1.0	-0.0	0.1
TBX20	59	70	0.3880617756847418	0.5563443655634437	chr1	211556065.0	211556179.0	antisense	1.0	-0.0	0.1
MIXL1	55	65	0.3880602640554308	0.8478152184781522	chr1	211556065.0	211556179.0	sense	1.0	-0.0	0.1
FOXH1	54	65	0.3861995240818473	0.5314468553144686	chr1	211556065.0	211556179.0	antisense	1.0	-0.0	0.1
POU2F1	50	62	0.3836915622156866	0.7392260773922608	chr1	211556065.0	211556179.0	antisense	1.0	-0.0	0.1
Atf3	57	65	0.38087005080685843	0.6232376762323768	chr1	211556065.0	211556179.0	sense	1.0	-0.0	0.1
Myog	55	66	0.3783853756580819	0.6233376662333766	chr1	211556065.0	211556179.0	antisense	1.0	-0.0	0.1
Tcf12	59	70	0.378353895076006	0.6212378762123788	chr1	211556065.0	211556179.0	antisense	1.0	-0.0	0.1
SPIB	59	66	0.3777971327993492	0.5636436356364364	chr1	211556065.0	211556179.0	antisense	1.0	-0.0	0.1
SPI1	50	64	0.37526820582223247	0.37796220377962203	chr1	211556065.0	211556179.0	antisense	1.0	-0.0	0.1
Esrrg	55	65	0.3742304221668268	0.6666333366663334	chr1	211556065.0	211556179.0	sense	1.0	-0.0	0.1
Nr5a2	57	72	0.37419474755301196	0.8317168283171683	chr1	211556065.0	211556179.0	sense	1.0	-0.0	0.1
Nkx3-1	51	60	0.3719976945567709	0.6248375162483751	chr1	211556065.0	211556179.0	antisense	1.0	-0.0	0.1
CREB1	53	61	0.36813292526585367	0.7494250574942506	chr1	211556065.0	211556179.0	antisense	1.0	-0.0	0.1
GSX1	51	61	0.35955010582952174	0.9094090590940906	chr1	211556065.0	211556179.0	antisense	1.0	-0.0	0.1
HOXA2	55	65	0.3553586680362617	0.8949105089491051	chr1	211556065.0	211556179.0	sense	1.0	-0.0	0.1
Stat4	52	66	0.35044613674131136	0.7423257674232576	chr1	211556065.0	211556179.0	sense	1.0	-0.0	0.1
PPARG	52	72	0.3475787040093913	0.6813318668133187	chr1	211556065.0	211556179.0	sense	1.0	-0.0	0.1
HSF1	54	67	0.34530305701887526	0.49525047495250474	chr1	211556065.0	211556179.0	sense	1.0	-0.0	0.1
POU2F2	56	69	0.3433267680079694	0.6125387461253875	chr1	211556065.0	211556179.0	sense	1.0	-0.0	0.1
NR2C2	56	71	0.34227362673315176	0.6083391660833917	chr1	211556065.0	211556179.0	sense	1.0	-0.0	0.1
NFATC3	50	60	0.3418245007446241	0.7614238576142386	chr1	211556065.0	211556179.0	sense	1.0	-0.0	0.1
NFYB	50	65	0.33400006770280255	0.7755224477552245	chr1	211556065.0	211556179.0	antisense	1.0	-0.0	0.1
HNF4G	53	68	0.3305686741178119	0.847015298470153	chr1	211556065.0	211556179.0	antisense	1.0	-0.0	0.1
HOXD12	50	61	0.3278914393744648	0.6380361963803619	chr1	211556065.0	211556179.0	antisense	1.0	-0.0	0.1
TEF	51	63	0.3273526757514426	0.6399360063993601	chr1	211556065.0	211556179.0	antisense	1.0	-0.0	0.1
Tcf21	57	71	0.3255466418976565	0.6075392460753924	chr1	211556065.0	211556179.0	sense	1.0	-0.0	0.1
RFX4	56	72	0.32465560343004674	0.8269173082691731	chr1	211556065.0	211556179.0	antisense	1.0	-0.0	0.1
Foxj3	51	68	0.3209235804049966	0.6978302169783022	chr1	211556065.0	211556179.0	antisense	1.0	-0.0	0.1
Hmx1	52	69	0.31756362646655745	0.8685131486851315	chr1	211556065.0	211556179.0	antisense	1.0	-0.0	0.1
STAT1::STAT2	55	70	0.31506809780581607	0.551044895510449	chr1	211556065.0	211556179.0	sense	1.0	-0.0	0.1
SOX9	50	59	0.3149819074664414	0.8614138586141386	chr1	211556065.0	211556179.0	sense	1.0	-0.0	0.1
Dlx3	55	63	0.3140527998526546	0.8439156084391561	chr1	211556065.0	211556179.0	sense	1.0	-0.0	0.1
MEIS1	57	64	0.30697601773908895	0.9231076892310769	chr1	211556065.0	211556179.0	antisense	1.0	-0.0	0.1
HSF2	54	67	0.30677089030926297	0.6541345865413458	chr1	211556065.0	211556179.0	sense	1.0	-0.0	0.1
RREB1	50	70	0.30662065038192915	0.34066593340665935	chr1	211556065.0	211556179.0	antisense	1.0	-0.0	0.1
ATF7	50	64	0.305889003574095	0.702929707029297	chr1	211556065.0	211556179.0	antisense	1.0	-0.0	0.1
EBF1	58	72	0.30392687660734635	0.7177282271772822	chr1	211556065.0	211556179.0	antisense	1.0	-0.0	0.1
RXRA::VDR	57	72	0.3031282407976187	0.551944805519448	chr1	211556065.0	211556179.0	sense	1.0	-0.0	0.1
Gfi1	53	63	0.30289724695396564	0.8632136786321368	chr1	211556065.0	211556179.0	antisense	1.0	-0.0	0.1
Dlx4	55	63	0.3025337022575246	0.8388161183881612	chr1	211556065.0	211556179.0	sense	1.0	-0.0	0.1
NR4A2	57	65	0.29928143174485045	0.7952204779522047	chr1	211556065.0	211556179.0	antisense	1.0	-0.0	0.1
SCRT1	55	70	0.29839927272748396	0.6884311568843116	chr1	211556065.0	211556179.0	sense	1.0	-0.0	0.1
Spz1	56	67	0.2970727317097077	0.7938206179382061	chr1	211556065.0	211556179.0	antisense	1.0	-0.0	0.1
FOS::JUN	51	58	0.28870973522505705	0.865013498650135	chr1	211556065.0	211556179.0	antisense	1.0	-0.0	0.1
RELA	55	65	0.28397947972811827	0.5857414258574143	chr1	211556065.0	211556179.0	sense	1.0	-0.0	0.1
POU5F1B	51	60	0.2823063714497578	0.7626237376262374	chr1	211556065.0	211556179.0	antisense	1.0	-0.0	0.1
HLTF	56	66	0.2817089134983373	0.9173082691730827	chr1	211556065.0	211556179.0	sense	1.0	-0.0	0.1
Bhlha15	57	65	0.2807631993242445	0.7047295270472953	chr1	211556065.0	211556179.0	sense	1.0	-0.0	0.1
MYBL2	55	70	0.2757726530580154	0.8665133486651335	chr1	211556065.0	211556179.0	antisense	1.0	-0.0	0.1
OTX1	55	63	0.2757487998353216	0.8231176882311769	chr1	211556065.0	211556179.0	antisense	1.0	-0.0	0.1
NKX6-2	50	58	0.27574150704771033	0.8192180781921807	chr1	211556065.0	211556179.0	antisense	1.0	-0.0	0.1
FOSL2	53	64	0.2744691604329214	0.8061193880611939	chr1	211556065.0	211556179.0	antisense	1.0	-0.0	0.1
RHOXF1	55	63	0.2714163086478905	0.8876112388761124	chr1	211556065.0	211556179.0	antisense	1.0	-0.0	0.1
Twist2	56	66	0.27028577511175605	0.8744125587441256	chr1	211556065.0	211556179.0	antisense	1.0	-0.0	0.1
ESR1	54	71	0.27008557239719316	0.6084391560843916	chr1	211556065.0	211556179.0	antisense	1.0	-0.0	0.1
EMX1	56	66	0.26077811489809866	0.934006599340066	chr1	211556065.0	211556179.0	antisense	1.0	-0.0	0.1
POU3F1	51	63	0.26071721228415423	0.8429157084291571	chr1	211556065.0	211556179.0	antisense	1.0	-0.0	0.1
Nobox	50	58	0.25822525516089395	0.7279272072792721	chr1	211556065.0	211556179.0	sense	1.0	-0.0	0.1
DLX6	55	63	0.25712990471044117	0.8116188381161884	chr1	211556065.0	211556179.0	sense	1.0	-0.0	0.1
JUN(var.2)	53	67	0.25490175463253867	0.9155084491550844	chr1	211556065.0	211556179.0	antisense	1.0	-0.0	0.1
EN2	62	72	0.2544182756520311	0.9522047795220479	chr1	211556065.0	211556179.0	sense	1.0	-0.0	0.1
Nkx2-5	51	58	0.2531502844310771	0.7584241575842415	chr1	211556065.0	211556179.0	sense	1.0	-0.0	0.1
Hmx3	52	69	0.24953157974654358	0.8789121087891211	chr1	211556065.0	211556179.0	antisense	1.0	-0.0	0.1
HMBOX1	55	65	0.24863449017968503	0.948905109489051	chr1	211556065.0	211556179.0	sense	1.0	-0.0	0.1
Crem	51	61	0.24795525884183472	0.8845115488451155	chr1	211556065.0	211556179.0	sense	1.0	-0.0	0.1
FOXD2	58	65	0.24787917176030103	0.6753324667533247	chr1	211556065.0	211556179.0	antisense	1.0	-0.0	0.1
FOXA1	54	69	0.24724032518141853	0.7787221277872213	chr1	211556065.0	211556179.0	sense	1.0	-0.0	0.1
Rarg(var.2)	55	72	0.24470802399946542	0.48285171482851713	chr1	211556065.0	211556179.0	sense	1.0	-0.0	0.1
MEIS2	57	65	0.24358515526021005	0.9068093190680931	chr1	211556065.0	211556179.0	antisense	1.0	-0.0	0.1
HOXC11	50	61	0.24292323303078625	0.813918608139186	chr1	211556065.0	211556179.0	antisense	1.0	-0.0	0.1
Prrx2	50	58	0.24066018666368882	0.9108089191080891	chr1	211556065.0	211556179.0	antisense	1.0	-0.0	0.1
FOSL1	57	68	0.2401239209774711	0.8162183781621838	chr1	211556065.0	211556179.0	sense	1.0	-0.0	0.1
HOXC12	50	61	0.2384547539334016	0.7768223177682232	chr1	211556065.0	211556179.0	antisense	1.0	-0.0	0.1
E2F3	54	72	0.2373089138283397	0.5045495450454954	chr1	211556065.0	211556179.0	sense	1.0	-0.0	0.1
Hmx2	52	69	0.23705468280383749	0.8477152284771523	chr1	211556065.0	211556179.0	antisense	1.0	-0.0	0.1
Stat6	57	72	0.23626701550990742	0.8761123887611239	chr1	211556065.0	211556179.0	sense	1.0	-0.0	0.1
TBP	57	72	0.2334802184207096	0.9022097790220978	chr1	211556065.0	211556179.0	antisense	1.0	-0.0	0.1
FOXD1	55	63	0.232154978161707	0.7182281771822818	chr1	211556065.0	211556179.0	antisense	1.0	-0.0	0.1
Znf423	57	72	0.2301995760593932	0.5654434556544345	chr1	211556065.0	211556179.0	sense	1.0	-0.0	0.1
PBX1	60	72	0.2298181887347303	0.7657234276572342	chr1	211556065.0	211556179.0	antisense	1.0	-0.0	0.1
TP63	54	72	0.22925570851438595	0.5449455054494551	chr1	211556065.0	211556179.0	antisense	1.0	-0.0	0.1
ALX3	55	65	0.22783280750603502	0.9068093190680931	chr1	211556065.0	211556179.0	sense	1.0	-0.0	0.1
Gfi1b	51	62	0.2277935996239457	0.7816218378162184	chr1	211556065.0	211556179.0	antisense	1.0	-0.0	0.1
RAX2	50	58	0.22611355663033444	0.915008499150085	chr1	211556065.0	211556179.0	antisense	1.0	-0.0	0.1
OTX2	55	63	0.22486279242007579	0.8635136486351365	chr1	211556065.0	211556179.0	antisense	1.0	-0.0	0.1
ESX1	50	60	0.21941480606047303	0.926007399260074	chr1	211556065.0	211556179.0	antisense	1.0	-0.0	0.1
Sox3	50	60	0.21773228665388833	0.5806419358064193	chr1	211556065.0	211556179.0	sense	1.0	-0.0	0.1
SHOX	50	58	0.21315610354429626	0.8977102289771023	chr1	211556065.0	211556179.0	sense	1.0	-0.0	0.1
HOXB2	55	65	0.21267325277851523	0.9476052394760524	chr1	211556065.0	211556179.0	sense	1.0	-0.0	0.1
BATF3	50	64	0.20997826155978438	0.6140385961403859	chr1	211556065.0	211556179.0	sense	1.0	-0.0	0.1
UNCX	50	58	0.20934970536653258	0.8934106589341065	chr1	211556065.0	211556179.0	antisense	1.0	-0.0	0.1
GATA2	58	72	0.20806293413556354	0.8295170482951705	chr1	211556065.0	211556179.0	sense	1.0	-0.0	0.1
SCRT2	55	68	0.20558625086608698	0.7764223577642235	chr1	211556065.0	211556179.0	sense	1.0	-0.0	0.1
PAX4	56	64	0.2053320433692865	0.823017698230177	chr1	211556065.0	211556179.0	antisense	1.0	-0.0	0.1
NFAT5	57	67	0.20481143890387993	0.8234176582341766	chr1	211556065.0	211556179.0	sense	1.0	-0.0	0.1
EVX1	54	64	0.20425067165409386	0.9875012498750125	chr1	211556065.0	211556179.0	sense	1.0	-0.0	0.1
DUXA	50	63	0.202030152056178	0.8866113388661134	chr1	211556065.0	211556179.0	antisense	1.0	-0.0	0.1
Foxk1	51	68	0.20147304428147542	0.754024597540246	chr1	211556065.0	211556179.0	antisense	1.0	-0.0	0.1
ZBTB18	55	68	0.19896950661439702	0.8965103489651035	chr1	211556065.0	211556179.0	antisense	1.0	-0.0	0.1
Hoxa11	55	67	0.1938253287707551	0.9532046795320468	chr1	211556065.0	211556179.0	antisense	1.0	-0.0	0.1
MEOX2	54	64	0.19285392041909688	0.9828017198280172	chr1	211556065.0	211556179.0	sense	1.0	-0.0	0.1
Hoxd9	55	65	0.192268206409482	0.8396160383961604	chr1	211556065.0	211556179.0	sense	1.0	-0.0	0.1
Pou5f1::Sox2	53	68	0.1911367836902284	0.869013098690131	chr1	211556065.0	211556179.0	antisense	1.0	-0.0	0.1
BARX1	50	58	0.1899579787987721	0.8832116788321168	chr1	211556065.0	211556179.0	antisense	1.0	-0.0	0.1
Crx	53	64	0.18593268350224218	0.7801219878012199	chr1	211556065.0	211556179.0	sense	1.0	-0.0	0.1
MSC	60	70	0.1854105866126875	0.935006499350065	chr1	211556065.0	211556179.0	sense	1.0	-0.0	0.1
Arid5a	51	65	0.18527962568064194	0.9276072392760724	chr1	211556065.0	211556179.0	antisense	1.0	-0.0	0.1
TFAP4	59	69	0.18492992877755104	0.9194080591940806	chr1	211556065.0	211556179.0	antisense	1.0	-0.0	0.1
HOXD11	50	60	0.18416951765580641	0.8231176882311769	chr1	211556065.0	211556179.0	antisense	1.0	-0.0	0.1
JUND(var.2)	51	66	0.18405814190945466	0.931006899310069	chr1	211556065.0	211556179.0	antisense	1.0	-0.0	0.1
GATA5	56	64	0.18246918528736172	0.9301069893010699	chr1	211556065.0	211556179.0	antisense	1.0	-0.0	0.1
MSX1	55	63	0.18177736108583217	0.9657034296570343	chr1	211556065.0	211556179.0	sense	1.0	-0.0	0.1
Ar	54	71	0.1816261004047758	0.831916808319168	chr1	211556065.0	211556179.0	antisense	1.0	-0.0	0.1
PRRX1	50	58	0.17979646967264118	0.859014098590141	chr1	211556065.0	211556179.0	antisense	1.0	-0.0	0.1
MYF6	60	70	0.17862456140064992	0.8648135186481352	chr1	211556065.0	211556179.0	antisense	1.0	-0.0	0.1
JDP2(var.2)	57	69	0.17744500539566008	0.8882111788821118	chr1	211556065.0	211556179.0	antisense	1.0	-0.0	0.1
SRY	50	59	0.17718101459414512	0.8795120487951205	chr1	211556065.0	211556179.0	antisense	1.0	-0.0	0.1
TEAD3	63	71	0.17554159009774012	0.821017898210179	chr1	211556065.0	211556179.0	sense	1.0	-0.0	0.1
Sox17	56	65	0.1747426688916821	0.9162083791620838	chr1	211556065.0	211556179.0	sense	1.0	-0.0	0.1
JUN	52	65	0.1730999109478079	0.9241075892410759	chr1	211556065.0	211556179.0	antisense	1.0	-0.0	0.1
MAFG::NFE2L1	64	70	0.16791173104067647	0.9729027097290271	chr1	211556065.0	211556179.0	sense	1.0	-0.0	0.1
Gata4	56	67	0.16642784344424602	0.7886211378862114	chr1	211556065.0	211556179.0	sense	1.0	-0.0	0.1
DUX4	51	62	0.16586909077183606	0.7330266973302669	chr1	211556065.0	211556179.0	antisense	1.0	-0.0	0.1
FOXC2	54	66	0.16470660911914337	0.7675232476752325	chr1	211556065.0	211556179.0	sense	1.0	-0.0	0.1
JUNB	56	67	0.16332115900035563	0.9574042595740426	chr1	211556065.0	211556179.0	sense	1.0	-0.0	0.1
LBX1	64	72	0.1600852246877237	0.8457154284571543	chr1	211556065.0	211556179.0	antisense	1.0	-0.0	0.1
ONECUT1	51	65	0.15834260458949748	0.7627237276272373	chr1	211556065.0	211556179.0	antisense	1.0	-0.0	0.1
TFCP2	61	71	0.15822058347553616	0.9867013298670133	chr1	211556065.0	211556179.0	antisense	1.0	-0.0	0.1
NFATC2	57	64	0.15766843284250637	0.8431156884311569	chr1	211556065.0	211556179.0	sense	1.0	-0.0	0.1
JUND	57	68	0.15312517775445725	0.9402059794020597	chr1	211556065.0	211556179.0	sense	1.0	-0.0	0.1
ONECUT2	51	65	0.1510386643686627	0.8062193780621938	chr1	211556065.0	211556179.0	antisense	1.0	-0.0	0.1
HOXC10	50	60	0.1501470597475313	0.912008799120088	chr1	211556065.0	211556179.0	antisense	1.0	-0.0	0.1
VENTX	51	60	0.14038118612363315	0.9297070292970703	chr1	211556065.0	211556179.0	antisense	1.0	-0.0	0.1
ESRRB	55	66	0.13964983651952528	0.9175082491750824	chr1	211556065.0	211556179.0	sense	1.0	-0.0	0.1
TGIF2	58	70	0.13903496424596243	0.9154084591540846	chr1	211556065.0	211556179.0	antisense	1.0	-0.0	0.1
POU3F3	57	70	0.1382253233485967	0.8816118388161184	chr1	211556065.0	211556179.0	antisense	1.0	-0.0	0.1
Nr2f6(var.2)	57	72	0.13609181168366288	0.6281371862813718	chr1	211556065.0	211556179.0	sense	1.0	-0.0	0.1
Vdr	56	72	0.1359782232277636	0.8105189481051894	chr1	211556065.0	211556179.0	sense	1.0	-0.0	0.1
Sox2	50	58	0.13491153752124094	0.702029797020298	chr1	211556065.0	211556179.0	sense	1.0	-0.0	0.1
Creb5	51	63	0.13391008544534796	0.9305069493050695	chr1	211556065.0	211556179.0	sense	1.0	-0.0	0.1
FOS	57	68	0.12777147595210703	0.9527047295270473	chr1	211556065.0	211556179.0	sense	1.0	-0.0	0.1
FOXL1	50	57	0.12721850039197177	0.7227277272272773	chr1	211556065.0	211556179.0	antisense	1.0	-0.0	0.1
BATF::JUN	55	66	0.1263919023974862	0.936006399360064	chr1	211556065.0	211556179.0	sense	1.0	-0.0	0.1
Hoxd8	52	69	0.12472783640341574	0.9085091490850915	chr1	211556065.0	211556179.0	sense	1.0	-0.0	0.1
CUX1	58	68	0.12073794197363016	0.9377062293770623	chr1	211556065.0	211556179.0	sense	1.0	-0.0	0.1
Nr2f6	54	68	0.1194251652525247	0.8663133686631337	chr1	211556065.0	211556179.0	antisense	1.0	-0.0	0.1
HOXA10	57	68	0.11937221536866909	0.9425057494250575	chr1	211556065.0	211556179.0	antisense	1.0	-0.0	0.1
Foxd3	59	71	0.11903591063114116	0.7457254274572542	chr1	211556065.0	211556179.0	sense	1.0	-0.0	0.1
POU3F2	57	69	0.11736389024498871	0.8555144485551445	chr1	211556065.0	211556179.0	antisense	1.0	-0.0	0.1
RORA	58	68	0.1141319250964495	0.9826017398260174	chr1	211556065.0	211556179.0	antisense	1.0	-0.0	0.1
VAX2	55	63	0.1139276768473781	0.9715028497150285	chr1	211556065.0	211556179.0	antisense	1.0	-0.0	0.1
CUX2	58	68	0.11309807727168332	0.9566043395660434	chr1	211556065.0	211556179.0	sense	1.0	-0.0	0.1
FOXP1	53	68	0.11207694628875826	0.785021497850215	chr1	211556065.0	211556179.0	antisense	1.0	-0.0	0.1
Rarb(var.2)	55	72	0.11194914030865022	0.7298270172982702	chr1	211556065.0	211556179.0	sense	1.0	-0.0	0.1
E2F2	51	67	0.10972346161109969	0.6825317468253175	chr1	211556065.0	211556179.0	sense	1.0	-0.0	0.1
Hoxb5	53	69	0.10944581396325652	0.9881011898810119	chr1	211556065.0	211556179.0	antisense	1.0	-0.0	0.1
TAL1::TCF3	58	70	0.10898399305087236	0.986001399860014	chr1	211556065.0	211556179.0	sense	1.0	-0.0	0.1
BSX	55	63	0.10829282190152476	0.946905309469053	chr1	211556065.0	211556179.0	sense	1.0	-0.0	0.1
VAX1	55	63	0.10758457659174078	0.9728027197280272	chr1	211556065.0	211556179.0	antisense	1.0	-0.0	0.1
Dux	57	65	0.10736538635984827	0.8416158384161584	chr1	211556065.0	211556179.0	sense	1.0	-0.0	0.1
STAT1	52	63	0.10690835605097214	0.9552044795520448	chr1	211556065.0	211556179.0	sense	1.0	-0.0	0.1
Stat5a::Stat5b	59	70	0.10639309223563802	0.9635036496350365	chr1	211556065.0	211556179.0	sense	1.0	-0.0	0.1
LMX1B	50	58	0.1059299976817203	0.908009199080092	chr1	211556065.0	211556179.0	antisense	1.0	-0.0	0.1
POU4F3	55	71	0.10385383882210067	0.9266073392660734	chr1	211556065.0	211556179.0	sense	1.0	-0.0	0.1
RFX5	53	69	0.10362606087125556	0.8839116088391161	chr1	211556065.0	211556179.0	sense	1.0	-0.0	0.1
BHLHE23	55	67	0.10135724465500728	0.9305069493050695	chr1	211556065.0	211556179.0	antisense	1.0	-0.0	0.1
NR3C2	54	71	0.09664641127980801	0.9001099890010998	chr1	211556065.0	211556179.0	antisense	1.0	-0.0	0.1
LHX9	57	65	0.09624217995480479	0.9764023597640236	chr1	211556065.0	211556179.0	antisense	1.0	-0.0	0.1
RARA(var.2)	55	72	0.09304153757124384	0.761023897610239	chr1	211556065.0	211556179.0	sense	1.0	-0.0	0.1
FOXG1	55	63	0.09233223839579215	0.7159284071592841	chr1	211556065.0	211556179.0	antisense	1.0	-0.0	0.1
FOXO6	56	63	0.09152313460030428	0.803919608039196	chr1	211556065.0	211556179.0	antisense	1.0	-0.0	0.1
NFE2	52	63	0.08952688042007398	0.947005299470053	chr1	211556065.0	211556179.0	antisense	1.0	-0.0	0.1
Foxa2	56	68	0.08902128321239992	0.9199080091990801	chr1	211556065.0	211556179.0	sense	1.0	-0.0	0.1
PHOX2A	51	62	0.08161227897904627	0.8741125887411259	chr1	211556065.0	211556179.0	antisense	1.0	-0.0	0.1
FOXI1	56	63	0.08116275968236508	0.8229177082291771	chr1	211556065.0	211556179.0	antisense	1.0	-0.0	0.1
SMAD3	61	71	0.08058981818742672	0.9611038896110389	chr1	211556065.0	211556179.0	antisense	1.0	-0.0	0.1
RXRG	57	71	0.07719892124183451	0.8047195280471953	chr1	211556065.0	211556179.0	sense	1.0	-0.0	0.1
Hoxd3	54	70	0.0767795836469484	0.991000899910009	chr1	211556065.0	211556179.0	antisense	1.0	-0.0	0.1
GBX2	54	64	0.07660987069901158	0.9577042295770423	chr1	211556065.0	211556179.0	sense	1.0	-0.0	0.1
Dlx2	55	63	0.07597704472143807	0.9461053894610539	chr1	211556065.0	211556179.0	sense	1.0	-0.0	0.1
STAT3	61	72	0.07547627660434826	0.9803019698030196	chr1	211556065.0	211556179.0	sense	1.0	-0.0	0.1
RFX2	53	69	0.07452042519936727	0.9265073492650735	chr1	211556065.0	211556179.0	antisense	1.0	-0.0	0.1
GRHL1	57	69	0.07440726609461398	0.9933006699330067	chr1	211556065.0	211556179.0	antisense	1.0	-0.0	0.1
RFX3	53	69	0.0742405442175829	0.9762023797620238	chr1	211556065.0	211556179.0	antisense	1.0	-0.0	0.1
Dlx1	56	66	0.07139183583498812	0.9895010498950105	chr1	211556065.0	211556179.0	antisense	1.0	-0.0	0.1
RXRB	57	71	0.07098640880667775	0.7988201179882012	chr1	211556065.0	211556179.0	sense	1.0	-0.0	0.1
TGIF1	58	70	0.07002780496266287	0.881011898810119	chr1	211556065.0	211556179.0	antisense	1.0	-0.0	0.1
Sox5	65	72	0.06949787201873113	0.8947105289471053	chr1	211556065.0	211556179.0	antisense	1.0	-0.0	0.1
FOXC1	54	65	0.06619247280912269	0.8988101189881011	chr1	211556065.0	211556179.0	sense	1.0	-0.0	0.1
PKNOX2	59	71	0.06435536029375505	0.8767123287671232	chr1	211556065.0	211556179.0	antisense	1.0	-0.0	0.1
Esrra	57	68	0.06194707107879648	0.9835016498350165	chr1	211556065.0	211556179.0	antisense	1.0	-0.0	0.1
Foxj2	55	63	0.05870303480719454	0.8434156584341566	chr1	211556065.0	211556179.0	antisense	1.0	-0.0	0.1
Myb	57	67	0.05830191172808553	0.9749025097490251	chr1	211556065.0	211556179.0	sense	1.0	-0.0	0.1
ONECUT3	51	65	0.05738664055152333	0.7849215078492151	chr1	211556065.0	211556179.0	antisense	1.0	-0.0	0.1
Nr2e1	63	72	0.05649880911160178	0.9836016398360165	chr1	211556065.0	211556179.0	sense	1.0	-0.0	0.1
FOXO4	56	63	0.05562413239879603	0.8640135986401359	chr1	211556065.0	211556179.0	antisense	1.0	-0.0	0.1
Foxo1	55	66	0.05132732697631967	0.943005699430057	chr1	211556065.0	211556179.0	sense	1.0	-0.0	0.1
DMRT3	54	65	0.048525472694404374	0.9968003199680032	chr1	211556065.0	211556179.0	sense	1.0	-0.0	0.1
FOXP2	54	65	0.04642645074980362	0.8435156484351565	chr1	211556065.0	211556179.0	antisense	1.0	-0.0	0.1
Rarb	56	72	0.04459601331807284	0.7341265873412659	chr1	211556065.0	211556179.0	sense	1.0	-0.0	0.1
TCF7L2	55	69	0.04222510774879111	0.9758024197580242	chr1	211556065.0	211556179.0	antisense	1.0	-0.0	0.1
NEUROG2	56	66	0.041480467825482065	0.9895010498950105	chr1	211556065.0	211556179.0	antisense	1.0	-0.0	0.1
POU4F1	55	69	0.04110722164794085	0.9568043195680432	chr1	211556065.0	211556179.0	sense	1.0	-0.0	0.1
PKNOX1	59	71	0.04077315959694076	0.9212078792120788	chr1	211556065.0	211556179.0	antisense	1.0	-0.0	0.1
Rxra	57	71	0.038308247070677225	0.8538146185381462	chr1	211556065.0	211556179.0	sense	1.0	-0.0	0.1
OLIG1	56	66	0.035999771979677235	0.973002699730027	chr1	211556065.0	211556179.0	antisense	1.0	-0.0	0.1
JDP2	63	72	0.03371167941366864	0.9717028297170283	chr1	211556065.0	211556179.0	antisense	1.0	-0.0	0.1
VSX1	50	58	0.029512280490473754	0.9945005499450055	chr1	211556065.0	211556179.0	antisense	1.0	-0.0	0.1
LIN54	58	67	0.029140839564292156	0.9192080791920808	chr1	211556065.0	211556179.0	antisense	1.0	-0.0	0.1
MEOX1	54	64	0.025688908255328456	0.9999000099990001	chr1	211556065.0	211556179.0	antisense	1.0	-0.0	0.1
POU3F4	53	62	0.025518277375121225	0.8913108689131087	chr1	211556065.0	211556179.0	antisense	1.0	-0.0	0.1
NFIL3	56	67	0.02117367636901154	0.9644035596440356	chr1	211556065.0	211556179.0	antisense	1.0	-0.0	0.1
Lhx8	55	63	0.020492249302325717	0.9967003299670033	chr1	211556065.0	211556179.0	antisense	1.0	-0.0	0.1
MNX1	50	60	0.019823362764159143	0.9957004299570043	chr1	211556065.0	211556179.0	antisense	1.0	-0.0	0.1
PDX1	50	58	0.0121961977863647	0.9559044095590441	chr1	211556065.0	211556179.0	antisense	1.0	-0.0	0.1
MAFG	50	71	0.01194113595036258	0.9703029697030296	chr1	211556065.0	211556179.0	antisense	1.0	-0.0	0.1
CDX1	63	72	0.011035683128267483	0.9746025397460254	chr1	211556065.0	211556179.0	sense	1.0	-0.0	0.1
Phox2b	53	64	0.00904474929335761	0.9308069193080692	chr1	211556065.0	211556179.0	sense	1.0	-0.0	0.1
NKX6-1	50	58	0.008957294101243756	0.9735026497350265	chr1	211556065.0	211556179.0	antisense	1.0	-0.0	0.1
PAX7	52	62	0.008224802911954151	0.843015698430157	chr1	211556065.0	211556179.0	antisense	1.0	-0.0	0.1
MSX2	50	58	0.006804220568966035	0.9809019098090191	chr1	211556065.0	211556179.0	antisense	1.0	-0.0	0.1
NR3C1	54	71	0.006222511629229962	0.9585041495850415	chr1	211556065.0	211556179.0	antisense	1.0	-0.0	0.1
Arid3a	50	56	0.005868326444621915	0.8803119688031197	chr1	211556065.0	211556179.0	sense	1.0	-0.0	0.1
ZNF143	56	72	0.00542251114032046	0.917008299170083	chr1	211556065.0	211556179.0	antisense	1.0	-0.0	0.1
FOXB1	57	68	6.796636273679761e-05	0.9619038096190381	chr1	211556065.0	211556179.0	antisense	1.0	-0.0	0.1
LHX2	50	60	-0.0	0.9993000699930007	chr1	211556065.0	211556179.0	sense	1.0	-0.0	0.1
Sox11	52	67	-0.0	0.8111188881111889	chr1	211556065.0	211556179.0	sense	1.0	-0.0	0.1
HOXD13	51	61	-0.0	0.9896010398960104	chr1	211556065.0	211556179.0	sense	1.0	-0.0	0.1
Lhx3	55	68	-0.0	0.9351064893510649	chr1	211556065.0	211556179.0	sense	1.0	-0.0	0.1
HOXB13	51	61	-0.0	0.9818018198180182	chr1	211556065.0	211556179.0	sense	1.0	-0.0	0.1
EMX2	50	60	-0.0	0.9983001699830018	chr1	211556065.0	211556179.0	sense	1.0	-0.0	0.1
Sox6	59	69	-0.0	0.9802019798020198	chr1	211556065.0	211556179.0	sense	1.0	-0.0	0.1
GBX1	50	60	-0.0	0.994000599940006	chr1	211556065.0	211556179.0	sense	1.0	-0.0	0.1
POU4F2	56	72	-0.0	0.8608139186081392	chr1	211556065.0	211556179.0	sense	1.0	-0.0	0.1
HESX1	50	60	-0.0	0.9842015798420158	chr1	211556065.0	211556179.0	antisense	1.0	-0.0	0.1
MEF2C	54	69	-0.0	0.988001199880012	chr1	211556065.0	211556179.0	sense	1.0	-0.0	0.1
Sox1	52	67	-0.0	0.9462053794620537	chr1	211556065.0	211556179.0	sense	1.0	-0.0	0.1
FOXO3	54	62	-0.0	0.9949005099490051	chr1	211556065.0	211556179.0	sense	1.0	-0.0	0.1
MEF2A	50	62	-0.0	0.9481051894810519	chr1	211556065.0	211556179.0	sense	1.0	-0.0	0.1
Foxq1	56	67	-0.0	0.9858014198580142	chr1	211556065.0	211556179.0	sense	1.0	-0.0	0.1
LHX6	50	60	-0.0	0.9998000199980002	chr1	211556065.0	211556179.0	sense	1.0	-0.0	0.1
ISX	51	59	-0.0	0.9974002599740026	chr1	211556065.0	211556179.0	sense	1.0	-0.0	0.1
HOXA13	51	61	-0.0	0.9859014098590141	chr1	211556065.0	211556179.0	sense	1.0	-0.0	0.1
MEF2B	54	66	-0.0	0.9168083191680831	chr1	211556065.0	211556179.0	sense	1.0	-0.0	0.1
MEF2D	54	66	-0.0	0.9358064193580642	chr1	211556065.0	211556179.0	sense	1.0	-0.0	0.1
CDX2	51	62	-0.0	0.9855014498550145	chr1	211556065.0	211556179.0	sense	1.0	-0.0	0.1
PAX3	55	65	-0.0	0.9774022597740226	chr1	211556065.0	211556179.0	sense	1.0	-0.0	0.1
POU6F1	56	66	-0.0	0.9999000099990001	chr1	211556065.0	211556179.0	sense	1.0	-0.0	0.1
VSX2	51	59	-0.0	0.9993000699930007	chr1	211556065.0	211556179.0	sense	1.0	-0.0	0.1
mix-a	55	66	-0.0	0.9838016198380162	chr1	211556065.0	211556179.0	sense	1.0	-0.0	0.1
Shox2	51	59	-0.0	0.999000099990001	chr1	211556065.0	211556179.0	sense	1.0	-0.0	0.1
RAX	50	60	-0.0	0.9852014798520148	chr1	211556065.0	211556179.0	sense	1.0	-0.0	0.1
IRF1	51	72	-0.0	0.7510248975102489	chr1	211556065.0	211556179.0	antisense	1.0	-0.0	0.1
PROP1	58	69	-0.0	0.9682031796820318	chr1	211556065.0	211556179.0	sense	1.0	-0.0	0.1
Msx3	51	59	-0.0	0.9953004699530047	chr1	211556065.0	211556179.0	sense	1.0	-0.0	0.1
GATA3	52	60	-0.0	0.9931006899310069	chr1	211556065.0	211556179.0	sense	1.0	-0.0	0.1
Gata1	50	61	-0.0	0.9843015698430156	chr1	211556065.0	211556179.0	antisense	1.0	-0.0	0.1
Arid3b	54	65	-0.0	0.9919008099190081	chr1	211556065.0	211556179.0	sense	1.0	-0.0	0.1
NOTO	50	60	-0.0	0.9941005899410059	chr1	211556065.0	211556179.0	sense	1.0	-0.0	0.1
Lhx4	57	65	0.0	1.0	chr1	211556065.0	211556179.0	sense	1.0	-0.0	0.1
Hoxa9	51	62	-0.0	0.9919008099190081	chr1	211556065.0	211556179.0	sense	1.0	-0.0	0.1
LMX1A	57	65	0.0	1.0	chr1	211556065.0	211556179.0	sense	1.0	-0.0	0.1
EN1	51	59	-0.0	0.9999000099990001	chr1	211556065.0	211556179.0	sense	1.0	-0.0	0.1
Mecom	56	70	-0.0006010390325932897	0.9821017898210179	chr1	211556065.0	211556179.0	antisense	1.0	-0.0	0.1
Hnf4a	56	72	-0.01148773873424066	0.9582041795820418	chr1	211556065.0	211556179.0	antisense	1.0	-0.0	0.1
RORA(var.2)	50	64	-0.021355195786447016	0.9832016798320168	chr1	211556065.0	211556179.0	sense	1.0	-0.0	0.1
HNF1A	56	71	-0.03394171135321295	0.9788021197880212	chr1	211556065.0	211556179.0	antisense	1.0	-0.0	0.1
Alx1	54	71	-0.03837915825240398	0.9771022897710229	chr1	211556065.0	211556179.0	sense	1.0	-0.0	0.1
LEF1	56	71	-0.04180688658265285	0.9748025197480252	chr1	211556065.0	211556179.0	sense	1.0	-0.0	0.1
Hoxc9	58	71	-0.05669058920456312	0.9987001299870013	chr1	211556065.0	211556179.0	antisense	1.0	-0.0	0.1
EWSR1-FLI1	54	72	-0.057633406964644814	0.5797420257974203	chr1	211556065.0	211556179.0	sense	1.0	-0.0	0.1
SOX21	51	66	-0.06260423049678789	0.9344065593440656	chr1	211556065.0	211556179.0	antisense	1.0	-0.0	0.1
HNF1B	57	70	-0.06469916628346081	0.9936006399360064	chr1	211556065.0	211556179.0	antisense	1.0	-0.0	0.1
BCL6B	55	72	-0.07718168057186375	0.8717128287171283	chr1	211556065.0	211556179.0	antisense	1.0	-0.0	0.1
Tcf7	56	68	-0.07973183352034141	0.998000199980002	chr1	211556065.0	211556179.0	sense	1.0	-0.0	0.1
Arx	53	70	-0.08825325463146574	0.9908009199080092	chr1	211556065.0	211556179.0	sense	1.0	-0.0	0.1
Alx4	54	71	-0.09313009494788445	0.9903009699030098	chr1	211556065.0	211556179.0	sense	1.0	-0.0	0.1
SOX8	50	66	-0.0944287593196999	0.9206079392060794	chr1	211556065.0	211556179.0	antisense	1.0	-0.0	0.1
SOX4	51	67	-0.10756669692225601	0.946905309469053	chr1	211556065.0	211556179.0	antisense	1.0	-0.0	0.1
SRF	55	71	-0.10895609605948876	0.9916008399160084	chr1	211556065.0	211556179.0	antisense	1.0	-0.0	0.1
NR1H2::RXRA	53	70	-0.11160399268675207	0.9878012198780122	chr1	211556065.0	211556179.0	sense	1.0	-0.0	0.1
RARA	52	70	-0.12580043444819003	0.948905109489051	chr1	211556065.0	211556179.0	sense	1.0	-0.0	0.1
Rarg	56	72	-0.14181930654329758	0.994000599940006	chr1	211556065.0	211556179.0	sense	1.0	-0.0	0.1
ZNF410	55	72	-0.18281531548325824	0.9918008199180082	chr1	211556065.0	211556179.0	sense	1.0	-0.0	0.1
